5000 2.2
10000 1.2
15000 2.6
20000 4.1
25000 6.7
30000 4.9
35000 3.5
40000 3.6
45000 2.8
50000 1.6
55000 0.4
60000 10.2
65000 23.0
70000 140.0
75000 85.4
80000 251.6
85000 337.1
90000 395.9
95000 366.3
100000 385.6
105000 437.0
110000 386.4
115000 305.6
120000 248.3
125000 68.0
130000 280.2
135000 135.0
140000 174.9
145000 431.1
150000 480.4
155000 393.8
160000 576.3
165000 690.2
170000 420.9
175000 586.2
180000 566.8
185000 650.9
190000 626.9
195000 677.2
200000 553.7
205000 663.6
210000 764.1
215000 674.1
220000 679.8
225000 750.9
230000 561.8
235000 709.1
240000 536.3
245000 731.4
250000 521.0
255000 715.8
260000 657.3
265000 708.6
270000 614.6
275000 807.4
280000 687.1
285000 809.4
290000 738.1
295000 566.9
300000 765.4
305000 698.6
310000 742.0
315000 725.7
320000 685.8
325000 47.2
330000 88.2
335000 589.8
340000 551.8
345000 655.7
350000 527.4
355000 604.6
360000 718.8
365000 675.9
370000 698.2
375000 721.6
380000 604.2
385000 745.6
390000 688.5
395000 699.2
400000 815.8
405000 730.5
410000 692.4
415000 763.1
420000 648.0
425000 671.9
430000 748.6
435000 697.6
440000 729.8
445000 741.1
450000 716.0
455000 719.2
460000 838.6
465000 717.4
470000 722.5
475000 595.4
480000 762.6
485000 546.1
490000 734.2
495000 613.3
500000 805.7
505000 842.2
510000 902.4
515000 851.4
520000 901.6
525000 895.0
530000 767.2
535000 908.4
540000 909.0
545000 660.0
550000 832.0
555000 898.5
560000 876.2
565000 903.4
570000 908.3
575000 900.5
580000 920.5
585000 909.4
590000 794.1
595000 877.6
600000 845.2
605000 925.6
610000 927.0
615000 892.0
620000 915.2
625000 942.2
630000 834.0
635000 921.0
640000 899.8
645000 174.3
650000 444.4
655000 415.4
660000 679.3
665000 798.5
670000 626.5
675000 877.5
680000 799.9
685000 888.4
690000 885.1
695000 896.3
700000 907.9
705000 776.0
710000 895.1
715000 813.3
720000 910.9
725000 878.3
730000 897.7
735000 741.6
740000 831.1
745000 882.3
750000 918.3
755000 914.1
760000 820.2
765000 835.2
770000 928.1
775000 917.2
780000 916.4
785000 890.8
790000 921.4
795000 905.1
800000 899.6
805000 918.5
810000 900.9
815000 910.1
820000 913.1
825000 743.9
830000 925.5
835000 912.5
840000 741.3
845000 519.0
850000 914.6
855000 903.6
860000 918.1
865000 922.3
870000 920.5
875000 932.1
880000 911.5
885000 883.4
890000 938.5
895000 915.5
900000 925.6
905000 912.0
910000 905.8
915000 920.4
920000 915.4
925000 919.2
930000 914.1
935000 889.9
940000 929.8
945000 915.7
950000 915.5
955000 906.8
960000 828.9
965000 208.5
970000 169.2
975000 344.5
980000 623.7
985000 737.8
990000 365.1
995000 844.8
1000000 839.5
1005000 879.7
1010000 835.4
1015000 855.4
1020000 878.7
1025000 878.3
1030000 885.9
1035000 713.3
1040000 828.5
1045000 717.7
1050000 906.3
1055000 912.3
1060000 929.5
1065000 599.5
1070000 689.5
1075000 919.4
1080000 689.1
1085000 822.6
1090000 923.9
1095000 929.5
1100000 648.4
1105000 835.9
1110000 920.4
1115000 921.9
1120000 923.7
1125000 691.3
1130000 912.9
1135000 891.8
1140000 919.8
1145000 923.9
1150000 918.2
1155000 933.2
1160000 884.8
1165000 836.4
1170000 917.3
1175000 756.5
1180000 924.2
1185000 913.6
1190000 757.6
1195000 742.6
1200000 915.5
1205000 942.9
1210000 915.3
1215000 818.6
1220000 918.5
1225000 678.8
1230000 882.5
1235000 937.6
1240000 927.1
1245000 942.0
1250000 938.2
1255000 917.2
1260000 934.2
1265000 824.6
1270000 933.9
1275000 928.6
1280000 936.8
1285000 4.0
1290000 199.3
1295000 61.9
1300000 341.0
1305000 825.7
1310000 789.2
1315000 806.5
1320000 818.6
1325000 790.2
1330000 872.5
1335000 895.4
1340000 890.3
1345000 761.7
1350000 916.2
1355000 812.6
1360000 915.1
1365000 889.0
1370000 913.4
1375000 718.4
1380000 902.6
1385000 912.1
1390000 931.3
1395000 663.1
1400000 738.4
1405000 926.7
1410000 917.5
1415000 922.0
1420000 921.2
1425000 747.8
1430000 917.6
1435000 923.0
1440000 931.1
1445000 935.9
1450000 926.1
1455000 907.9
1460000 924.0
1465000 928.9
1470000 927.3
1475000 926.1
1480000 923.8
1485000 925.5
1490000 935.7
1495000 848.1
1500000 873.3
1505000 923.5
1510000 945.9
1515000 931.9
1520000 927.4
1525000 926.0
1530000 936.9
1535000 947.2
1540000 927.6
1545000 935.8
1550000 923.3
1555000 917.7
1560000 926.3
1565000 933.5
1570000 940.5
1575000 938.2
1580000 852.8
1585000 926.3
1590000 825.2
1595000 886.0
1600000 868.9
1605000 20.1
1610000 56.5
1615000 8.8
1620000 42.9
1625000 231.7
1630000 588.1
1635000 424.9
1640000 447.0
1645000 359.4
1650000 357.1
1655000 521.4
1660000 812.9
1665000 910.5
1670000 907.1
1675000 919.2
1680000 911.0
1685000 894.3
1690000 834.4
1695000 705.4
1700000 914.6
1705000 932.8
1710000 907.1
1715000 922.4
1720000 820.2
1725000 907.0
1730000 796.1
1735000 926.9
1740000 847.9
1745000 912.8
1750000 920.6
1755000 945.4
1760000 808.5
1765000 909.5
1770000 917.9
1775000 928.3
1780000 936.1
1785000 922.2
1790000 925.4
1795000 917.1
1800000 940.1
1805000 923.1
1810000 935.6
1815000 917.3
1820000 842.0
1825000 918.5
1830000 928.1
1835000 931.2
1840000 887.9
1845000 933.8
1850000 922.7
1855000 938.9
1860000 934.4
1865000 937.5
1870000 926.4
1875000 936.8
1880000 940.1
1885000 943.3
1890000 937.5
1895000 939.7
1900000 410.0
1905000 916.9
1910000 931.1
1915000 908.6
1920000 945.9
1925000 896.7
1930000 921.8
1935000 910.1
1940000 928.7
1945000 899.5
1950000 826.8
1955000 922.4
1960000 943.8
1965000 824.9
1970000 838.9
1975000 921.7
1980000 931.2
1985000 938.2
1990000 946.3
1995000 925.3
2000000 947.0
