5000 0.7
10000 1.6
15000 4.0
20000 5.4
25000 5.3
30000 1.5
35000 4.6
40000 4.0
45000 6.0
50000 24.4
55000 667.2
60000 457.5
65000 741.5
70000 803.2
75000 773.6
80000 727.1
85000 843.7
90000 709.1
95000 836.0
100000 879.6
105000 783.0
110000 837.8
115000 877.9
120000 878.2
125000 780.5
130000 925.5
135000 918.3
140000 834.9
145000 902.1
150000 893.7
155000 902.8
160000 891.7
165000 929.5
170000 921.1
175000 819.2
180000 936.4
185000 736.5
190000 929.4
195000 923.1
200000 906.6
205000 923.1
210000 933.2
215000 922.7
220000 837.1
225000 929.6
230000 916.5
235000 922.2
240000 933.8
245000 824.6
250000 931.1
255000 936.6
260000 910.8
265000 918.6
270000 928.5
275000 928.2
280000 920.0
285000 930.6
290000 922.8
295000 926.1
300000 920.0
305000 929.4
310000 936.9
315000 924.4
320000 931.0
325000 658.6
330000 782.2
335000 699.8
340000 933.7
345000 921.9
350000 922.8
355000 937.9
360000 944.0
365000 938.6
370000 942.8
375000 928.9
380000 948.6
385000 956.5
390000 933.4
395000 940.9
400000 940.2
405000 939.9
410000 949.0
415000 925.8
420000 942.5
425000 936.3
430000 935.7
435000 947.9
440000 944.6
445000 956.2
450000 918.8
455000 953.9
460000 936.1
465000 935.6
470000 939.5
475000 842.6
480000 946.9
485000 957.5
490000 952.5
495000 943.4
500000 952.9
505000 948.4
510000 853.5
515000 849.9
520000 955.1
525000 948.3
530000 953.6
535000 952.9
540000 929.9
545000 905.4
550000 881.4
555000 953.7
560000 957.9
565000 834.8
570000 953.3
575000 945.5
580000 847.2
585000 959.1
590000 948.4
595000 950.0
600000 897.5
605000 958.3
610000 948.5
615000 944.3
620000 958.2
625000 952.8
630000 843.4
635000 948.7
640000 951.5
645000 260.0
650000 820.6
655000 893.4
660000 822.8
665000 816.1
670000 914.8
675000 927.1
680000 866.0
685000 936.7
690000 945.4
695000 941.8
700000 952.4
705000 941.3
710000 948.0
715000 959.1
720000 946.6
725000 934.0
730000 951.5
735000 845.0
740000 956.8
745000 948.6
750000 943.6
755000 842.7
760000 947.9
765000 855.3
770000 955.1
775000 934.3
780000 948.0
785000 947.8
790000 954.8
795000 946.5
800000 943.2
805000 867.6
810000 942.5
815000 947.0
820000 949.6
825000 945.6
830000 947.3
835000 959.2
840000 944.1
845000 853.5
850000 946.5
855000 949.3
860000 950.7
865000 949.7
870000 942.7
875000 950.6
880000 951.1
885000 943.4
890000 948.7
895000 960.5
900000 961.2
905000 948.1
910000 960.7
915000 949.5
920000 954.0
925000 952.4
930000 954.5
935000 952.4
940000 956.0
945000 952.7
950000 960.2
955000 953.4
960000 950.0
965000 580.0
970000 815.7
975000 859.3
980000 886.8
985000 925.6
990000 898.4
995000 909.7
1000000 931.1
1005000 919.1
1010000 933.2
1015000 923.9
1020000 914.3
1025000 952.1
1030000 853.3
1035000 939.7
1040000 935.5
1045000 890.1
1050000 933.7
1055000 933.5
1060000 896.4
1065000 930.0
1070000 947.0
1075000 944.7
1080000 942.7
1085000 950.2
1090000 928.5
1095000 940.7
1100000 940.1
1105000 955.2
1110000 933.8
1115000 919.9
1120000 948.5
1125000 944.0
1130000 969.8
1135000 945.1
1140000 948.4
1145000 953.8
1150000 933.6
1155000 953.2
1160000 954.5
1165000 966.9
1170000 945.6
1175000 950.6
1180000 956.0
1185000 958.5
1190000 952.0
1195000 867.9
1200000 952.1
1205000 955.4
1210000 952.0
1215000 957.0
1220000 957.8
1225000 957.2
1230000 958.6
1235000 859.6
1240000 957.7
1245000 949.6
1250000 951.4
1255000 953.3
1260000 947.5
1265000 960.1
1270000 961.6
1275000 951.3
1280000 956.9
1285000 148.3
1290000 713.8
1295000 157.9
1300000 915.2
1305000 856.7
1310000 935.2
1315000 932.5
1320000 916.3
1325000 747.9
1330000 849.1
1335000 950.7
1340000 935.4
1345000 955.2
1350000 948.7
1355000 859.9
1360000 947.3
1365000 947.6
1370000 958.4
1375000 955.4
1380000 956.5
1385000 939.9
1390000 952.0
1395000 948.9
1400000 952.4
1405000 954.4
1410000 942.7
1415000 936.1
1420000 854.3
1425000 953.2
1430000 952.3
1435000 934.8
1440000 848.3
1445000 949.5
1450000 958.6
1455000 955.0
1460000 951.5
1465000 952.5
1470000 936.6
1475000 964.3
1480000 957.5
1485000 960.4
1490000 949.1
1495000 948.4
1500000 961.1
1505000 964.2
1510000 955.2
1515000 960.3
1520000 958.4
1525000 949.8
1530000 950.3
1535000 858.3
1540000 957.0
1545000 951.8
1550000 952.0
1555000 948.2
1560000 860.9
1565000 948.7
1570000 861.6
1575000 959.1
1580000 955.8
1585000 959.8
1590000 946.9
1595000 956.8
1600000 960.4
1605000 538.6
1610000 644.8
1615000 821.7
1620000 874.8
1625000 832.0
1630000 842.6
1635000 893.9
1640000 899.5
1645000 953.7
1650000 953.3
1655000 946.0
1660000 941.8
1665000 920.4
1670000 934.2
1675000 946.7
1680000 956.4
1685000 940.5
1690000 938.2
1695000 942.7
1700000 918.2
1705000 927.7
1710000 961.5
1715000 928.1
1720000 931.3
1725000 950.5
1730000 954.9
1735000 960.7
1740000 961.2
1745000 955.6
1750000 956.5
1755000 947.6
1760000 946.3
1765000 953.7
1770000 944.3
1775000 956.9
1780000 859.8
1785000 947.7
1790000 862.9
1795000 954.2
1800000 958.0
1805000 956.4
1810000 959.2
1815000 953.0
1820000 885.4
1825000 949.6
1830000 956.7
1835000 956.7
1840000 952.9
1845000 961.6
1850000 953.7
1855000 962.2
1860000 954.0
1865000 951.6
1870000 951.9
1875000 944.8
1880000 950.6
1885000 858.9
1890000 965.2
1895000 954.2
1900000 961.6
1905000 955.9
1910000 952.1
1915000 953.5
1920000 949.0
1925000 966.5
1930000 945.6
1935000 953.3
1940000 957.8
1945000 955.9
1950000 967.1
1955000 957.9
1960000 966.6
1965000 960.3
1970000 953.7
1975000 950.0
1980000 959.1
1985000 959.7
1990000 959.4
1995000 953.4
2000000 953.8
