5000 0.9
10000 1.2
15000 3.4
20000 2.9
25000 1.4
30000 0.2
35000 0.5
40000 5.9
45000 386.5
50000 409.8
55000 888.2
60000 653.2
65000 655.7
70000 894.0
75000 812.7
80000 808.4
85000 846.3
90000 835.3
95000 892.6
100000 848.5
105000 894.6
110000 911.5
115000 855.8
120000 892.0
125000 890.6
130000 904.4
135000 907.5
140000 901.4
145000 934.4
150000 930.3
155000 845.0
160000 917.4
165000 931.7
170000 939.1
175000 927.3
180000 928.1
185000 761.3
190000 824.5
195000 850.2
200000 854.9
205000 822.2
210000 878.8
215000 931.0
220000 921.1
225000 918.1
230000 935.0
235000 349.0
240000 834.8
245000 839.9
250000 845.6
255000 832.8
260000 915.6
265000 883.4
270000 896.8
275000 915.3
280000 936.6
285000 944.2
290000 941.5
295000 932.0
300000 935.1
305000 926.9
310000 942.1
315000 945.2
320000 943.7
325000 889.3
330000 853.9
335000 921.5
340000 906.4
345000 921.1
350000 923.2
355000 916.9
360000 939.8
365000 931.7
370000 951.0
375000 934.2
380000 936.3
385000 940.3
390000 938.5
395000 953.1
400000 934.7
405000 955.9
410000 952.4
415000 951.1
420000 948.6
425000 941.1
430000 930.9
435000 948.7
440000 883.2
445000 946.1
450000 941.9
455000 939.3
460000 855.1
465000 943.3
470000 949.5
475000 957.3
480000 946.9
485000 860.0
490000 943.8
495000 937.6
500000 961.4
505000 940.7
510000 944.5
515000 949.9
520000 941.9
525000 933.5
530000 909.5
535000 942.3
540000 937.5
545000 949.2
550000 956.8
555000 956.4
560000 949.1
565000 861.1
570000 938.9
575000 955.9
580000 948.8
585000 949.9
590000 947.7
595000 954.1
600000 945.6
605000 955.2
610000 952.3
615000 948.4
620000 947.7
625000 949.7
630000 899.8
635000 954.3
640000 942.3
645000 747.3
650000 745.2
655000 870.7
660000 889.8
665000 927.1
670000 909.1
675000 924.9
680000 929.3
685000 932.9
690000 947.0
695000 928.8
700000 924.6
705000 945.5
710000 853.1
715000 949.3
720000 954.1
725000 942.3
730000 896.5
735000 803.2
740000 936.0
745000 946.3
750000 948.5
755000 951.6
760000 945.3
765000 932.7
770000 952.2
775000 859.7
780000 950.0
785000 949.8
790000 936.9
795000 951.6
800000 949.8
805000 938.9
810000 948.3
815000 856.0
820000 945.5
825000 955.2
830000 954.7
835000 950.4
840000 950.4
845000 953.1
850000 953.7
855000 951.4
860000 944.5
865000 956.4
870000 949.6
875000 950.8
880000 949.8
885000 944.2
890000 952.4
895000 952.9
900000 948.0
905000 953.0
910000 951.6
915000 954.6
920000 953.2
925000 950.3
930000 951.3
935000 939.2
940000 951.2
945000 946.2
950000 961.4
955000 956.1
960000 952.3
965000 554.1
970000 879.0
975000 887.8
980000 920.0
985000 926.3
990000 936.4
995000 927.9
1000000 850.7
1005000 962.8
1010000 938.6
1015000 938.4
1020000 949.6
1025000 958.4
1030000 945.3
1035000 950.2
1040000 953.1
1045000 946.3
1050000 943.6
1055000 939.7
1060000 842.0
1065000 958.7
1070000 941.0
1075000 958.1
1080000 943.3
1085000 947.6
1090000 951.0
1095000 954.1
1100000 946.1
1105000 763.7
1110000 948.8
1115000 952.9
1120000 954.0
1125000 944.8
1130000 950.3
1135000 951.7
1140000 939.8
1145000 945.8
1150000 945.4
1155000 950.3
1160000 856.2
1165000 957.5
1170000 947.6
1175000 948.4
1180000 949.1
1185000 955.2
1190000 945.6
1195000 932.9
1200000 950.9
1205000 946.6
1210000 946.6
1215000 950.2
1220000 953.2
1225000 945.1
1230000 941.8
1235000 946.1
1240000 946.7
1245000 955.5
1250000 858.6
1255000 952.4
1260000 937.4
1265000 949.4
1270000 947.6
1275000 960.3
1280000 958.6
1285000 553.3
1290000 627.3
1295000 925.6
1300000 908.4
1305000 797.9
1310000 918.4
1315000 860.1
1320000 931.3
1325000 952.7
1330000 939.6
1335000 951.2
1340000 944.2
1345000 936.7
1350000 950.3
1355000 948.5
1360000 860.4
1365000 959.3
1370000 942.5
1375000 940.3
1380000 946.1
1385000 944.8
1390000 934.5
1395000 958.2
1400000 949.3
1405000 925.4
1410000 937.5
1415000 842.7
1420000 942.4
1425000 949.3
1430000 951.7
1435000 946.6
1440000 938.1
1445000 945.0
1450000 944.4
1455000 943.1
1460000 942.2
1465000 959.0
1470000 953.1
1475000 859.9
1480000 953.2
1485000 955.1
1490000 937.6
1495000 950.7
1500000 862.8
1505000 940.8
1510000 943.9
1515000 949.3
1520000 952.9
1525000 949.1
1530000 918.7
1535000 934.2
1540000 944.5
1545000 950.1
1550000 927.5
1555000 961.6
1560000 945.7
1565000 957.0
1570000 958.1
1575000 953.8
1580000 952.0
1585000 956.9
1590000 954.0
1595000 955.0
1600000 948.3
1605000 430.3
1610000 873.9
1615000 901.4
1620000 819.5
1625000 591.4
1630000 918.6
1635000 941.0
1640000 928.1
1645000 930.8
1650000 950.9
1655000 925.3
1660000 909.6
1665000 949.8
1670000 951.1
1675000 946.2
1680000 858.8
1685000 954.5
1690000 953.1
1695000 946.1
1700000 946.4
1705000 939.3
1710000 959.4
1715000 855.7
1720000 958.8
1725000 950.8
1730000 950.5
1735000 952.4
1740000 951.7
1745000 941.5
1750000 856.9
1755000 950.5
1760000 944.9
1765000 957.7
1770000 929.7
1775000 957.0
1780000 951.6
1785000 958.6
1790000 860.0
1795000 949.2
1800000 855.6
1805000 959.6
1810000 957.7
1815000 953.5
1820000 952.9
1825000 957.9
1830000 952.1
1835000 950.1
1840000 955.3
1845000 960.2
1850000 958.9
1855000 959.7
1860000 862.7
1865000 866.7
1870000 958.9
1875000 955.6
1880000 948.9
1885000 954.4
1890000 947.1
1895000 955.1
1900000 963.7
1905000 954.4
1910000 952.6
1915000 948.5
1920000 942.8
1925000 951.7
1930000 953.2
1935000 952.3
1940000 763.4
1945000 955.6
1950000 955.2
1955000 949.6
1960000 945.6
1965000 949.6
1970000 957.9
1975000 957.3
1980000 955.0
1985000 954.9
1990000 953.0
1995000 969.4
2000000 949.7
