5000 0.9
10000 3.5
15000 1.4
20000 3.2
25000 5.6
30000 138.8
35000 860.5
40000 825.1
45000 775.0
50000 782.5
55000 519.4
60000 721.9
65000 724.8
70000 828.1
75000 723.1
80000 829.2
85000 635.6
90000 919.6
95000 881.5
100000 834.6
105000 811.0
110000 795.8
115000 592.0
120000 733.2
125000 870.5
130000 830.7
135000 738.1
140000 742.6
145000 937.8
150000 928.6
155000 903.1
160000 681.5
165000 926.1
170000 926.3
175000 889.6
180000 933.4
185000 919.8
190000 812.8
195000 917.6
200000 809.3
205000 835.3
210000 932.3
215000 830.2
220000 910.5
225000 922.4
230000 914.4
235000 872.8
240000 944.0
245000 823.2
250000 903.6
255000 925.1
260000 926.0
265000 925.9
270000 947.2
275000 934.0
280000 940.0
285000 919.1
290000 902.6
295000 854.7
300000 942.0
305000 946.7
310000 951.5
315000 916.1
320000 929.3
325000 538.6
330000 607.8
335000 902.9
340000 929.2
345000 850.7
350000 912.4
355000 895.9
360000 874.6
365000 917.6
370000 928.9
375000 946.1
380000 942.7
385000 932.9
390000 933.3
395000 831.5
400000 944.3
405000 935.1
410000 838.8
415000 852.6
420000 935.6
425000 949.2
430000 933.1
435000 941.9
440000 938.1
445000 943.3
450000 946.3
455000 936.5
460000 951.0
465000 936.2
470000 950.1
475000 927.6
480000 952.5
485000 949.6
490000 948.8
495000 944.3
500000 936.4
505000 943.5
510000 943.2
515000 839.3
520000 931.2
525000 938.2
530000 913.2
535000 836.8
540000 852.6
545000 951.9
550000 946.3
555000 860.6
560000 957.1
565000 944.4
570000 954.0
575000 923.7
580000 949.1
585000 943.0
590000 949.6
595000 953.9
600000 860.1
605000 942.6
610000 949.7
615000 950.6
620000 905.1
625000 944.6
630000 947.4
635000 951.3
640000 949.8
645000 400.9
650000 840.2
655000 814.1
660000 890.0
665000 938.4
670000 930.4
675000 926.7
680000 944.3
685000 807.8
690000 930.5
695000 921.8
700000 927.8
705000 940.2
710000 947.9
715000 945.1
720000 955.0
725000 955.9
730000 951.0
735000 952.1
740000 943.3
745000 852.4
750000 856.0
755000 947.2
760000 951.4
765000 945.7
770000 937.2
775000 950.6
780000 961.7
785000 952.8
790000 940.3
795000 954.0
800000 958.9
805000 948.7
810000 957.0
815000 956.9
820000 941.7
825000 933.4
830000 863.3
835000 953.8
840000 946.1
845000 855.4
850000 943.7
855000 950.4
860000 853.4
865000 950.4
870000 950.5
875000 942.5
880000 952.5
885000 940.8
890000 927.3
895000 943.1
900000 927.5
905000 953.3
910000 943.1
915000 954.7
920000 850.7
925000 955.2
930000 938.6
935000 951.6
940000 964.7
945000 946.0
950000 859.4
955000 952.0
960000 946.2
965000 277.6
970000 812.7
975000 942.2
980000 788.3
985000 914.9
990000 895.7
995000 923.4
1000000 786.1
1005000 927.4
1010000 898.6
1015000 943.9
1020000 911.7
1025000 923.4
1030000 946.8
1035000 843.0
1040000 917.4
1045000 939.6
1050000 919.9
1055000 948.4
1060000 917.0
1065000 953.5
1070000 946.1
1075000 950.0
1080000 935.3
1085000 944.8
1090000 956.4
1095000 951.8
1100000 949.2
1105000 952.0
1110000 956.2
1115000 855.7
1120000 949.6
1125000 951.7
1130000 857.6
1135000 949.5
1140000 951.5
1145000 963.0
1150000 860.9
1155000 960.1
1160000 956.4
1165000 955.0
1170000 947.1
1175000 955.8
1180000 962.3
1185000 943.0
1190000 919.4
1195000 947.1
1200000 952.5
1205000 954.6
1210000 968.2
1215000 955.6
1220000 959.4
1225000 951.8
1230000 956.5
1235000 935.9
1240000 956.1
1245000 953.3
1250000 956.0
1255000 944.7
1260000 944.2
1265000 956.4
1270000 950.0
1275000 956.6
1280000 954.8
1285000 134.3
1290000 634.8
1295000 814.7
1300000 845.6
1305000 947.3
1310000 799.6
1315000 955.9
1320000 932.4
1325000 940.6
1330000 953.9
1335000 952.7
1340000 951.4
1345000 938.8
1350000 850.9
1355000 953.3
1360000 943.1
1365000 938.2
1370000 951.0
1375000 808.3
1380000 905.7
1385000 920.7
1390000 930.3
1395000 871.6
1400000 847.1
1405000 926.3
1410000 939.7
1415000 924.2
1420000 932.9
1425000 950.5
1430000 934.3
1435000 947.5
1440000 943.7
1445000 941.5
1450000 949.2
1455000 947.6
1460000 951.4
1465000 852.0
1470000 952.4
1475000 932.9
1480000 951.8
1485000 947.0
1490000 943.5
1495000 946.1
1500000 959.6
1505000 937.7
1510000 948.2
1515000 946.9
1520000 957.1
1525000 959.2
1530000 948.6
1535000 953.8
1540000 944.8
1545000 953.8
1550000 959.2
1555000 953.6
1560000 956.9
1565000 953.7
1570000 953.3
1575000 942.8
1580000 951.9
1585000 956.5
1590000 947.2
1595000 950.8
1600000 954.2
1605000 184.7
1610000 859.2
1615000 708.5
1620000 831.2
1625000 851.4
1630000 945.4
1635000 923.3
1640000 843.8
1645000 949.8
1650000 930.1
1655000 914.1
1660000 895.5
1665000 949.0
1670000 945.9
1675000 931.1
1680000 930.3
1685000 944.7
1690000 940.2
1695000 954.9
1700000 956.7
1705000 950.1
1710000 946.8
1715000 951.2
1720000 852.7
1725000 868.5
1730000 956.0
1735000 956.3
1740000 865.2
1745000 929.4
1750000 950.4
1755000 962.5
1760000 954.5
1765000 959.2
1770000 961.1
1775000 958.6
1780000 943.1
1785000 955.2
1790000 956.9
1795000 856.6
1800000 957.4
1805000 955.7
1810000 952.8
1815000 953.7
1820000 957.7
1825000 954.4
1830000 853.7
1835000 945.7
1840000 766.8
1845000 952.1
1850000 952.1
1855000 961.1
1860000 960.3
1865000 955.9
1870000 946.7
1875000 943.2
1880000 954.4
1885000 959.7
1890000 953.6
1895000 949.6
1900000 957.3
1905000 949.1
1910000 955.4
1915000 950.2
1920000 949.2
1925000 854.8
1930000 953.3
1935000 962.9
1940000 959.3
1945000 955.7
1950000 950.1
1955000 955.0
1960000 949.5
1965000 960.8
1970000 947.6
1975000 953.9
1980000 947.7
1985000 967.6
1990000 958.3
1995000 951.8
2000000 954.3
