5000 0.0
10000 2.8
15000 1.4
20000 5.7
25000 6.0
30000 3.6
35000 4.7
40000 1.6
45000 0.3
50000 1.4
55000 5.5
60000 40.1
65000 88.7
70000 51.5
75000 150.6
80000 119.5
85000 341.0
90000 366.4
95000 430.9
100000 643.8
105000 689.4
110000 553.3
115000 887.9
120000 799.7
125000 828.4
130000 920.3
135000 613.9
140000 97.6
145000 899.9
150000 914.1
155000 906.0
160000 895.8
165000 914.3
170000 920.3
175000 923.0
180000 892.7
185000 908.5
190000 914.9
195000 907.3
200000 899.4
205000 915.3
210000 733.5
215000 797.5
220000 816.5
225000 211.3
230000 917.1
235000 916.9
240000 913.5
245000 900.0
250000 906.5
255000 804.6
260000 908.2
265000 920.9
270000 906.5
275000 936.0
280000 902.7
285000 914.6
290000 912.5
295000 922.1
300000 849.6
305000 903.5
310000 926.9
315000 911.3
320000 888.4
325000 38.1
330000 697.2
335000 804.3
340000 907.6
345000 914.0
350000 927.9
355000 937.7
360000 910.5
365000 936.8
370000 839.5
375000 742.2
380000 904.9
385000 835.8
390000 937.1
395000 842.4
400000 944.2
405000 925.7
410000 933.8
415000 920.9
420000 942.2
425000 914.4
430000 942.7
435000 925.8
440000 917.2
445000 944.1
450000 931.9
455000 935.2
460000 841.6
465000 948.4
470000 953.1
475000 924.6
480000 942.4
485000 937.5
490000 937.1
495000 941.4
500000 928.9
505000 942.9
510000 758.7
515000 947.4
520000 939.0
525000 943.4
530000 949.7
535000 759.6
540000 931.6
545000 853.9
550000 852.0
555000 953.4
560000 938.1
565000 944.7
570000 847.6
575000 922.7
580000 945.2
585000 942.3
590000 935.1
595000 943.9
600000 939.3
605000 943.0
610000 951.6
615000 948.9
620000 954.1
625000 947.6
630000 954.7
635000 947.6
640000 949.7
645000 391.4
650000 865.6
655000 912.0
660000 917.6
665000 942.2
670000 936.7
675000 919.6
680000 953.8
685000 936.1
690000 925.1
695000 945.1
700000 938.6
705000 855.5
710000 953.0
715000 912.6
720000 942.1
725000 952.3
730000 939.5
735000 858.4
740000 943.2
745000 846.7
750000 953.0
755000 949.2
760000 949.1
765000 955.4
770000 958.9
775000 949.6
780000 952.0
785000 861.4
790000 897.2
795000 911.5
800000 955.6
805000 954.3
810000 948.9
815000 922.1
820000 953.9
825000 962.9
830000 959.2
835000 955.0
840000 947.5
845000 947.3
850000 950.2
855000 944.0
860000 955.4
865000 947.8
870000 951.5
875000 942.9
880000 951.5
885000 946.1
890000 947.3
895000 950.3
900000 950.6
905000 960.2
910000 957.4
915000 952.0
920000 960.6
925000 949.3
930000 953.0
935000 959.5
940000 955.7
945000 956.9
950000 948.9
955000 951.3
960000 956.2
965000 526.1
970000 887.3
975000 761.8
980000 772.6
985000 919.8
990000 917.2
995000 938.0
1000000 938.2
1005000 930.0
1010000 922.7
1015000 926.0
1020000 821.0
1025000 929.5
1030000 931.9
1035000 854.0
1040000 926.8
1045000 952.1
1050000 952.8
1055000 952.6
1060000 961.4
1065000 955.6
1070000 938.5
1075000 945.7
1080000 946.9
1085000 850.9
1090000 953.2
1095000 953.2
1100000 936.9
1105000 953.5
1110000 944.2
1115000 956.4
1120000 960.2
1125000 950.3
1130000 952.6
1135000 950.8
1140000 950.1
1145000 943.5
1150000 956.2
1155000 953.2
1160000 951.5
1165000 860.8
1170000 948.9
1175000 855.0
1180000 949.6
1185000 951.2
1190000 953.5
1195000 867.2
1200000 955.2
1205000 947.2
1210000 959.8
1215000 951.9
1220000 956.3
1225000 955.6
1230000 956.5
1235000 855.2
1240000 955.6
1245000 947.3
1250000 953.2
1255000 949.4
1260000 952.5
1265000 862.4
1270000 961.8
1275000 958.6
1280000 954.2
1285000 451.3
1290000 701.0
1295000 789.7
1300000 738.6
1305000 890.0
1310000 928.5
1315000 922.5
1320000 842.6
1325000 954.8
1330000 829.2
1335000 950.1
1340000 944.1
1345000 948.4
1350000 922.5
1355000 941.5
1360000 903.7
1365000 851.2
1370000 931.1
1375000 935.0
1380000 940.6
1385000 942.0
1390000 936.1
1395000 945.5
1400000 958.0
1405000 951.8
1410000 946.4
1415000 852.5
1420000 958.0
1425000 859.9
1430000 955.2
1435000 952.2
1440000 945.5
1445000 952.3
1450000 853.6
1455000 956.2
1460000 961.8
1465000 952.9
1470000 961.2
1475000 946.6
1480000 947.2
1485000 952.2
1490000 954.8
1495000 948.3
1500000 934.2
1505000 951.3
1510000 956.4
1515000 956.3
1520000 952.0
1525000 961.0
1530000 949.4
1535000 952.6
1540000 951.4
1545000 950.7
1550000 954.9
1555000 947.2
1560000 951.5
1565000 944.1
1570000 950.8
1575000 938.4
1580000 961.0
1585000 945.3
1590000 954.9
1595000 954.6
1600000 859.7
1605000 314.0
1610000 566.6
1615000 790.8
1620000 817.7
1625000 771.8
1630000 637.2
1635000 806.4
1640000 953.7
1645000 922.3
1650000 943.5
1655000 857.9
1660000 939.0
1665000 940.7
1670000 948.7
1675000 851.3
1680000 848.6
1685000 945.0
1690000 945.1
1695000 949.1
1700000 946.2
1705000 953.7
1710000 960.0
1715000 950.3
1720000 857.8
1725000 953.3
1730000 864.2
1735000 946.8
1740000 855.0
1745000 947.9
1750000 947.1
1755000 855.6
1760000 858.7
1765000 955.2
1770000 910.1
1775000 949.4
1780000 936.7
1785000 957.0
1790000 955.0
1795000 956.2
1800000 952.5
1805000 912.1
1810000 951.1
1815000 949.0
1820000 952.9
1825000 786.8
1830000 958.3
1835000 948.3
1840000 956.4
1845000 857.9
1850000 956.0
1855000 962.4
1860000 951.7
1865000 949.8
1870000 863.2
1875000 948.1
1880000 951.3
1885000 954.7
1890000 936.2
1895000 958.7
1900000 869.1
1905000 953.7
1910000 964.8
1915000 958.4
1920000 956.2
1925000 961.3
1930000 945.4
1935000 961.1
1940000 952.5
1945000 949.2
1950000 943.0
1955000 951.8
1960000 954.0
1965000 955.5
1970000 954.1
1975000 956.2
1980000 957.4
1985000 953.0
1990000 953.0
1995000 962.3
2000000 956.9
