5000 2.2
10000 1.6
15000 1.7
20000 1.4
25000 4.1
30000 17.4
35000 14.2
40000 3.1
45000 276.7
50000 614.1
55000 358.7
60000 589.8
65000 713.5
70000 623.1
75000 716.8
80000 693.2
85000 818.2
90000 372.2
95000 735.3
100000 795.3
105000 849.9
110000 570.0
115000 890.3
120000 820.6
125000 832.9
130000 930.4
135000 929.3
140000 918.8
145000 916.5
150000 935.1
155000 908.5
160000 907.7
165000 908.1
170000 891.4
175000 838.2
180000 822.7
185000 883.3
190000 935.5
195000 932.7
200000 934.1
205000 912.9
210000 942.6
215000 935.3
220000 929.9
225000 920.3
230000 843.6
235000 938.1
240000 932.6
245000 841.6
250000 839.8
255000 944.9
260000 949.2
265000 948.8
270000 932.4
275000 948.5
280000 935.2
285000 914.6
290000 839.8
295000 924.6
300000 944.1
305000 949.3
310000 946.7
315000 950.5
320000 927.5
325000 902.4
330000 934.0
335000 947.4
340000 924.9
345000 843.0
350000 945.4
355000 944.3
360000 955.1
365000 913.2
370000 943.2
375000 940.3
380000 940.0
385000 937.0
390000 947.4
395000 936.5
400000 931.8
405000 822.8
410000 942.1
415000 956.8
420000 850.5
425000 942.3
430000 945.6
435000 943.9
440000 936.4
445000 698.0
450000 955.2
455000 949.7
460000 957.7
465000 899.6
470000 944.4
475000 922.9
480000 945.3
485000 873.6
490000 942.4
495000 907.3
500000 943.6
505000 955.7
510000 945.4
515000 952.1
520000 925.4
525000 938.0
530000 858.5
535000 951.9
540000 949.7
545000 954.9
550000 942.6
555000 948.3
560000 952.0
565000 931.7
570000 950.8
575000 953.0
580000 962.3
585000 946.3
590000 852.9
595000 949.5
600000 954.9
605000 946.7
610000 961.3
615000 944.1
620000 947.2
625000 946.9
630000 943.5
635000 945.4
640000 939.0
645000 933.9
650000 951.5
655000 948.8
660000 950.5
665000 859.5
670000 947.0
675000 945.0
680000 950.5
685000 943.1
690000 957.9
695000 950.8
700000 955.1
705000 945.0
710000 947.4
715000 951.6
720000 957.0
725000 939.3
730000 949.1
735000 952.2
740000 913.9
745000 861.8
750000 943.4
755000 925.0
760000 851.4
765000 952.6
770000 947.0
775000 945.6
780000 961.0
785000 950.2
790000 951.3
795000 956.0
800000 953.6
805000 886.8
810000 948.1
815000 960.2
820000 953.3
825000 940.6
830000 950.9
835000 954.4
840000 958.0
845000 907.8
850000 919.9
855000 937.2
860000 951.9
865000 949.2
870000 952.5
875000 961.6
880000 952.7
885000 902.3
890000 946.4
895000 959.7
900000 959.7
905000 928.0
910000 955.3
915000 956.1
920000 952.8
925000 956.2
930000 954.4
935000 946.4
940000 952.6
945000 940.2
950000 954.0
955000 957.7
960000 861.4
965000 848.8
970000 907.7
975000 914.2
980000 958.9
985000 946.9
990000 949.5
995000 953.7
1000000 961.0
1005000 948.4
1010000 962.3
1015000 947.6
1020000 955.1
1025000 949.1
1030000 955.0
1035000 958.0
1040000 956.5
1045000 945.7
1050000 945.4
1055000 957.8
1060000 963.4
1065000 951.3
1070000 956.2
1075000 926.0
1080000 953.3
1085000 949.8
1090000 953.7
1095000 960.5
1100000 948.5
1105000 948.6
1110000 939.2
1115000 950.3
1120000 951.4
1125000 944.2
1130000 942.7
1135000 861.4
1140000 10.2
1145000 939.9
1150000 952.1
1155000 955.4
1160000 958.2
1165000 946.1
1170000 949.3
1175000 849.4
1180000 842.2
1185000 943.4
1190000 943.2
1195000 845.8
1200000 947.8
1205000 790.3
1210000 958.5
1215000 861.1
1220000 943.3
1225000 941.4
1230000 938.3
1235000 958.9
1240000 944.3
1245000 943.0
1250000 850.3
1255000 952.4
1260000 947.2
1265000 942.4
1270000 951.8
1275000 935.1
1280000 947.0
1285000 885.8
1290000 948.3
1295000 959.6
1300000 854.0
1305000 944.8
1310000 857.5
1315000 942.7
1320000 841.3
1325000 850.9
1330000 949.8
1335000 949.0
1340000 944.1
1345000 825.7
1350000 940.7
1355000 954.1
1360000 931.0
1365000 957.3
1370000 953.0
1375000 952.6
1380000 956.9
1385000 949.2
1390000 949.9
1395000 952.7
1400000 834.3
1405000 941.7
1410000 952.0
1415000 952.7
1420000 960.2
1425000 946.2
1430000 953.6
1435000 938.0
1440000 928.4
1445000 914.0
1450000 954.4
1455000 945.9
1460000 956.5
1465000 950.2
1470000 946.0
1475000 955.5
1480000 957.8
1485000 856.9
1490000 953.0
1495000 950.3
1500000 958.2
1505000 938.8
1510000 943.0
1515000 931.9
1520000 958.8
1525000 947.9
1530000 859.0
1535000 955.3
1540000 947.6
1545000 942.2
1550000 926.6
1555000 947.7
1560000 957.1
1565000 963.2
1570000 944.5
1575000 950.2
1580000 937.6
1585000 942.9
1590000 857.8
1595000 953.6
1600000 956.9
1605000 946.1
1610000 954.5
1615000 966.4
1620000 949.6
1625000 924.4
1630000 958.6
1635000 954.5
1640000 957.0
1645000 860.2
1650000 850.3
1655000 948.7
1660000 871.0
1665000 950.2
1670000 951.1
1675000 940.3
1680000 952.4
1685000 755.7
1690000 863.5
1695000 958.1
1700000 855.8
1705000 953.5
1710000 959.1
1715000 958.7
1720000 765.0
1725000 948.2
1730000 957.5
1735000 940.7
1740000 858.5
1745000 945.0
1750000 951.7
1755000 946.7
1760000 861.5
1765000 953.0
1770000 954.3
1775000 943.7
1780000 948.9
1785000 902.3
1790000 941.4
1795000 946.2
1800000 915.1
1805000 927.6
1810000 949.9
1815000 955.8
1820000 864.2
1825000 865.3
1830000 957.0
1835000 957.0
1840000 957.3
1845000 866.8
1850000 927.7
1855000 954.7
1860000 951.9
1865000 924.3
1870000 958.8
1875000 858.1
1880000 946.5
1885000 944.9
1890000 943.6
1895000 962.4
1900000 955.9
1905000 937.6
1910000 951.6
1915000 948.3
1920000 957.5
1925000 891.1
1930000 955.6
1935000 934.0
1940000 2.7
1945000 945.9
1950000 859.4
1955000 961.3
1960000 952.4
1965000 853.7
1970000 848.7
1975000 960.1
1980000 943.4
1985000 933.4
1990000 949.8
1995000 953.1
2000000 926.4
