5000 0.7
10000 2.6
15000 7.1
20000 1.0
25000 4.2
30000 3.3
35000 5.1
40000 0.8
45000 185.3
50000 556.8
55000 274.6
60000 856.6
65000 761.9
70000 718.9
75000 372.0
80000 696.0
85000 720.8
90000 856.5
95000 908.0
100000 730.4
105000 886.7
110000 938.7
115000 922.2
120000 894.3
125000 804.4
130000 932.0
135000 880.4
140000 919.0
145000 937.9
150000 915.2
155000 907.5
160000 834.0
165000 914.7
170000 908.1
175000 918.2
180000 934.3
185000 936.5
190000 886.3
195000 904.8
200000 932.4
205000 951.2
210000 927.4
215000 926.9
220000 910.5
225000 943.2
230000 929.0
235000 856.1
240000 924.0
245000 717.7
250000 928.4
255000 806.5
260000 825.9
265000 940.0
270000 949.2
275000 933.9
280000 874.1
285000 918.2
290000 914.5
295000 898.5
300000 950.0
305000 943.2
310000 940.5
315000 942.9
320000 936.4
325000 941.0
330000 953.1
335000 952.6
340000 945.6
345000 896.5
350000 921.7
355000 917.8
360000 943.7
365000 907.1
370000 891.2
375000 943.1
380000 938.8
385000 929.8
390000 937.0
395000 940.4
400000 957.6
405000 870.9
410000 907.7
415000 902.4
420000 949.3
425000 931.6
430000 941.7
435000 948.2
440000 955.4
445000 948.5
450000 949.8
455000 956.0
460000 950.2
465000 941.9
470000 936.7
475000 934.0
480000 946.2
485000 805.9
490000 928.4
495000 952.1
500000 935.3
505000 916.0
510000 757.3
515000 844.4
520000 887.9
525000 939.1
530000 946.4
535000 950.1
540000 937.1
545000 957.2
550000 949.9
555000 955.8
560000 955.1
565000 948.3
570000 956.1
575000 941.5
580000 848.7
585000 956.1
590000 939.4
595000 958.7
600000 909.0
605000 949.7
610000 954.5
615000 952.4
620000 963.6
625000 951.3
630000 853.5
635000 960.1
640000 951.7
645000 948.6
650000 959.7
655000 940.0
660000 958.1
665000 853.7
670000 942.3
675000 956.1
680000 945.0
685000 950.8
690000 941.3
695000 959.3
700000 952.5
705000 935.7
710000 943.6
715000 961.6
720000 952.3
725000 952.3
730000 952.7
735000 837.4
740000 954.1
745000 935.3
750000 947.6
755000 852.8
760000 945.0
765000 746.0
770000 922.1
775000 940.2
780000 942.5
785000 947.6
790000 957.4
795000 953.0
800000 952.4
805000 967.3
810000 948.6
815000 955.2
820000 855.5
825000 946.7
830000 920.8
835000 963.4
840000 953.8
845000 849.2
850000 946.8
855000 952.7
860000 949.4
865000 949.6
870000 947.5
875000 957.0
880000 954.6
885000 957.7
890000 941.7
895000 960.0
900000 960.7
905000 939.5
910000 963.5
915000 937.8
920000 956.1
925000 956.1
930000 950.9
935000 953.9
940000 955.1
945000 949.5
950000 960.0
955000 957.8
960000 952.2
965000 956.7
970000 956.7
975000 963.7
980000 954.4
985000 942.9
990000 954.9
995000 954.3
1000000 948.5
1005000 947.9
1010000 957.2
1015000 960.1
1020000 953.1
1025000 956.5
1030000 859.9
1035000 954.5
1040000 954.8
1045000 950.8
1050000 961.7
1055000 954.8
1060000 963.5
1065000 934.3
1070000 954.9
1075000 961.5
1080000 859.3
1085000 951.2
1090000 860.4
1095000 954.6
1100000 863.0
1105000 953.2
1110000 948.1
1115000 955.2
1120000 950.4
1125000 950.5
1130000 972.0
1135000 855.9
1140000 947.6
1145000 924.1
1150000 940.8
1155000 959.1
1160000 967.7
1165000 954.2
1170000 946.8
1175000 933.3
1180000 949.3
1185000 861.1
1190000 954.0
1195000 780.0
1200000 954.5
1205000 949.2
1210000 938.2
1215000 955.8
1220000 950.1
1225000 949.7
1230000 959.3
1235000 861.9
1240000 951.1
1245000 921.7
1250000 943.4
1255000 950.8
1260000 956.0
1265000 955.6
1270000 962.4
1275000 952.5
1280000 958.1
1285000 927.7
1290000 949.3
1295000 954.3
1300000 950.0
1305000 950.3
1310000 961.9
1315000 953.8
1320000 934.7
1325000 673.1
1330000 949.9
1335000 957.0
1340000 958.1
1345000 949.4
1350000 943.2
1355000 937.9
1360000 955.6
1365000 948.3
1370000 960.1
1375000 963.1
1380000 954.4
1385000 898.1
1390000 939.4
1395000 946.2
1400000 958.8
1405000 954.4
1410000 949.5
1415000 951.7
1420000 955.1
1425000 952.0
1430000 954.1
1435000 956.0
1440000 850.1
1445000 956.0
1450000 954.1
1455000 951.3
1460000 948.7
1465000 935.7
1470000 950.9
1475000 965.1
1480000 955.8
1485000 953.2
1490000 947.5
1495000 953.1
1500000 944.6
1505000 947.4
1510000 956.2
1515000 959.2
1520000 959.8
1525000 932.6
1530000 949.1
1535000 840.8
1540000 945.4
1545000 949.7
1550000 955.2
1555000 951.9
1560000 853.7
1565000 945.5
1570000 853.7
1575000 874.8
1580000 937.0
1585000 884.6
1590000 860.7
1595000 958.5
1600000 962.2
1605000 906.0
1610000 943.3
1615000 908.9
1620000 950.4
1625000 855.5
1630000 950.3
1635000 950.5
1640000 953.1
1645000 929.6
1650000 947.6
1655000 952.4
1660000 928.8
1665000 958.1
1670000 929.6
1675000 944.5
1680000 953.0
1685000 932.8
1690000 956.4
1695000 971.2
1700000 948.8
1705000 939.5
1710000 964.1
1715000 961.0
1720000 940.7
1725000 949.5
1730000 953.8
1735000 954.9
1740000 963.6
1745000 939.5
1750000 958.5
1755000 948.7
1760000 953.7
1765000 953.2
1770000 949.6
1775000 957.5
1780000 942.4
1785000 916.1
1790000 947.2
1795000 952.3
1800000 954.5
1805000 958.0
1810000 865.3
1815000 948.0
1820000 860.0
1825000 947.7
1830000 949.6
1835000 902.9
1840000 926.1
1845000 915.8
1850000 952.5
1855000 961.6
1860000 955.9
1865000 945.1
1870000 949.1
1875000 956.6
1880000 957.2
1885000 841.5
1890000 953.3
1895000 951.3
1900000 962.2
1905000 954.4
1910000 853.6
1915000 947.6
1920000 943.0
1925000 960.2
1930000 946.4
1935000 950.2
1940000 955.9
1945000 943.1
1950000 957.4
1955000 957.2
1960000 966.2
1965000 910.6
1970000 946.9
1975000 952.2
1980000 954.9
1985000 938.3
1990000 961.1
1995000 952.4
2000000 953.1
