5000 0.9
10000 1.2
15000 3.1
20000 3.1
25000 1.6
30000 18.1
35000 9.8
40000 2.1
45000 290.7
50000 271.4
55000 169.8
60000 178.4
65000 501.6
70000 518.2
75000 710.5
80000 849.9
85000 891.1
90000 541.1
95000 727.5
100000 776.9
105000 798.8
110000 895.0
115000 613.0
120000 898.8
125000 915.1
130000 914.7
135000 900.3
140000 699.0
145000 914.7
150000 855.6
155000 909.3
160000 892.0
165000 915.4
170000 946.9
175000 875.0
180000 920.6
185000 934.9
190000 814.4
195000 903.7
200000 930.5
205000 844.9
210000 925.4
215000 913.5
220000 846.5
225000 929.9
230000 945.3
235000 936.2
240000 926.9
245000 832.0
250000 929.2
255000 935.0
260000 914.5
265000 929.4
270000 919.7
275000 942.2
280000 911.9
285000 957.7
290000 939.4
295000 939.2
300000 938.0
305000 942.6
310000 919.0
315000 948.7
320000 952.7
325000 941.1
330000 940.8
335000 942.3
340000 918.4
345000 946.7
350000 949.4
355000 932.0
360000 947.8
365000 945.8
370000 913.2
375000 938.2
380000 927.8
385000 944.5
390000 934.3
395000 937.1
400000 921.6
405000 876.2
410000 944.3
415000 948.7
420000 951.9
425000 952.6
430000 945.0
435000 943.1
440000 899.7
445000 946.0
450000 948.1
455000 950.6
460000 843.8
465000 944.7
470000 941.0
475000 959.8
480000 950.0
485000 948.6
490000 940.1
495000 943.7
500000 957.5
505000 952.1
510000 937.3
515000 949.1
520000 931.0
525000 944.6
530000 950.7
535000 941.8
540000 939.0
545000 952.4
550000 955.0
555000 951.5
560000 953.9
565000 952.4
570000 956.8
575000 959.0
580000 955.4
585000 948.4
590000 950.9
595000 952.9
600000 951.5
605000 959.0
610000 953.2
615000 950.0
620000 941.2
625000 943.0
630000 949.0
635000 952.9
640000 953.3
645000 929.1
650000 941.9
655000 952.2
660000 950.3
665000 944.1
670000 959.4
675000 945.9
680000 954.3
685000 950.2
690000 957.4
695000 953.7
700000 947.4
705000 933.1
710000 943.5
715000 957.1
720000 960.2
725000 952.1
730000 916.6
735000 823.7
740000 950.7
745000 949.1
750000 960.3
755000 954.7
760000 953.8
765000 950.5
770000 963.6
775000 871.5
780000 939.1
785000 953.7
790000 943.7
795000 948.2
800000 957.3
805000 945.7
810000 884.4
815000 863.5
820000 953.0
825000 961.0
830000 954.1
835000 955.9
840000 953.8
845000 899.3
850000 956.4
855000 933.5
860000 943.9
865000 958.2
870000 956.8
875000 942.4
880000 959.1
885000 944.9
890000 953.1
895000 961.0
900000 955.7
905000 919.0
910000 952.6
915000 952.7
920000 955.7
925000 949.1
930000 944.7
935000 943.4
940000 957.5
945000 946.7
950000 951.3
955000 960.8
960000 951.4
965000 947.1
970000 957.0
975000 954.0
980000 946.7
985000 926.4
990000 949.0
995000 955.1
1000000 862.2
1005000 966.1
1010000 947.7
1015000 940.6
1020000 956.3
1025000 946.9
1030000 958.1
1035000 952.6
1040000 966.0
1045000 946.8
1050000 953.0
1055000 948.3
1060000 954.6
1065000 959.4
1070000 953.9
1075000 958.8
1080000 959.6
1085000 957.7
1090000 954.1
1095000 954.2
1100000 948.1
1105000 861.1
1110000 957.5
1115000 953.3
1120000 947.3
1125000 951.7
1130000 940.0
1135000 953.4
1140000 939.7
1145000 948.2
1150000 954.3
1155000 952.0
1160000 841.0
1165000 937.8
1170000 951.6
1175000 940.8
1180000 946.1
1185000 932.9
1190000 936.8
1195000 953.8
1200000 947.8
1205000 911.8
1210000 940.3
1215000 956.1
1220000 946.8
1225000 943.5
1230000 941.0
1235000 950.8
1240000 956.2
1245000 951.2
1250000 866.7
1255000 963.3
1260000 939.0
1265000 947.8
1270000 960.5
1275000 950.4
1280000 961.5
1285000 854.6
1290000 951.5
1295000 958.4
1300000 953.8
1305000 954.7
1310000 950.4
1315000 961.6
1320000 949.6
1325000 956.5
1330000 951.4
1335000 953.7
1340000 943.0
1345000 953.8
1350000 952.6
1355000 955.2
1360000 850.8
1365000 954.0
1370000 940.3
1375000 948.5
1380000 947.2
1385000 855.0
1390000 951.2
1395000 960.1
1400000 857.1
1405000 942.4
1410000 949.8
1415000 842.3
1420000 949.4
1425000 944.9
1430000 950.3
1435000 942.5
1440000 954.1
1445000 958.7
1450000 950.8
1455000 947.5
1460000 951.5
1465000 941.9
1470000 953.0
1475000 868.0
1480000 956.6
1485000 748.7
1490000 945.7
1495000 849.5
1500000 761.9
1505000 954.4
1510000 950.8
1515000 950.7
1520000 953.1
1525000 938.2
1530000 950.6
1535000 942.7
1540000 949.8
1545000 954.9
1550000 813.1
1555000 951.6
1560000 944.6
1565000 948.2
1570000 955.3
1575000 954.7
1580000 863.9
1585000 957.1
1590000 953.6
1595000 953.7
1600000 948.4
1605000 942.2
1610000 960.5
1615000 957.2
1620000 954.3
1625000 958.3
1630000 953.8
1635000 957.2
1640000 935.5
1645000 950.3
1650000 962.3
1655000 944.1
1660000 941.5
1665000 940.7
1670000 945.4
1675000 943.9
1680000 946.0
1685000 951.1
1690000 946.7
1695000 956.7
1700000 948.2
1705000 937.6
1710000 959.5
1715000 851.7
1720000 957.8
1725000 953.0
1730000 959.3
1735000 937.0
1740000 953.8
1745000 941.2
1750000 856.5
1755000 954.1
1760000 953.9
1765000 954.1
1770000 933.3
1775000 951.6
1780000 946.1
1785000 947.9
1790000 925.3
1795000 946.5
1800000 860.9
1805000 940.4
1810000 949.9
1815000 946.6
1820000 857.2
1825000 939.2
1830000 946.3
1835000 951.9
1840000 956.4
1845000 954.8
1850000 963.5
1855000 958.5
1860000 860.5
1865000 958.3
1870000 948.5
1875000 953.6
1880000 952.9
1885000 962.6
1890000 950.2
1895000 959.1
1900000 961.3
1905000 947.6
1910000 953.0
1915000 962.5
1920000 951.6
1925000 922.8
1930000 952.8
1935000 957.3
1940000 762.1
1945000 947.9
1950000 958.3
1955000 954.7
1960000 939.3
1965000 950.2
1970000 959.0
1975000 956.3
1980000 938.3
1985000 938.1
1990000 961.7
1995000 968.1
2000000 953.0
