5000 0.9
10000 4.1
15000 2.5
20000 2.7
25000 88.3
30000 2.4
35000 390.2
40000 79.5
45000 708.1
50000 647.4
55000 272.8
60000 117.4
65000 658.6
70000 733.9
75000 776.7
80000 757.1
85000 890.0
90000 822.6
95000 870.5
100000 738.4
105000 872.3
110000 842.0
115000 889.4
120000 715.1
125000 901.1
130000 869.2
135000 733.7
140000 900.9
145000 893.1
150000 876.7
155000 924.0
160000 901.7
165000 935.5
170000 936.9
175000 932.9
180000 936.2
185000 824.6
190000 919.4
195000 922.3
200000 912.4
205000 909.8
210000 913.6
215000 905.9
220000 860.5
225000 933.9
230000 932.8
235000 896.1
240000 934.0
245000 900.2
250000 932.2
255000 918.0
260000 875.9
265000 940.3
270000 875.0
275000 905.1
280000 873.6
285000 937.7
290000 938.7
295000 821.5
300000 912.6
305000 920.1
310000 946.6
315000 919.8
320000 947.7
325000 942.0
330000 940.8
335000 918.1
340000 931.7
345000 847.0
350000 939.0
355000 906.1
360000 872.7
365000 950.0
370000 890.6
375000 926.2
380000 924.6
385000 933.9
390000 953.5
395000 834.1
400000 947.9
405000 942.3
410000 939.9
415000 855.9
420000 947.0
425000 938.8
430000 939.6
435000 946.2
440000 938.0
445000 849.4
450000 922.4
455000 870.5
460000 957.4
465000 904.5
470000 951.4
475000 941.4
480000 955.2
485000 916.6
490000 936.2
495000 952.9
500000 938.4
505000 954.0
510000 950.4
515000 856.0
520000 914.3
525000 934.2
530000 922.1
535000 929.8
540000 752.3
545000 874.9
550000 954.1
555000 940.6
560000 955.1
565000 938.1
570000 873.3
575000 925.9
580000 943.1
585000 811.2
590000 953.6
595000 907.9
600000 862.0
605000 941.5
610000 955.6
615000 951.6
620000 949.2
625000 939.8
630000 951.6
635000 953.9
640000 959.5
645000 948.8
650000 955.1
655000 953.3
660000 945.7
665000 943.4
670000 953.4
675000 953.4
680000 956.8
685000 931.8
690000 951.7
695000 955.3
700000 954.1
705000 949.6
710000 950.1
715000 951.9
720000 953.9
725000 939.7
730000 957.4
735000 959.8
740000 946.6
745000 847.3
750000 861.2
755000 955.9
760000 949.1
765000 946.7
770000 950.8
775000 961.8
780000 962.5
785000 957.9
790000 926.8
795000 951.1
800000 960.0
805000 954.6
810000 965.4
815000 959.9
820000 954.0
825000 936.3
830000 953.6
835000 960.9
840000 893.5
845000 846.3
850000 939.6
855000 933.1
860000 855.0
865000 891.9
870000 913.0
875000 955.0
880000 955.0
885000 950.4
890000 947.5
895000 954.8
900000 949.9
905000 947.1
910000 909.2
915000 942.8
920000 945.2
925000 943.6
930000 944.6
935000 953.7
940000 965.5
945000 948.1
950000 862.8
955000 956.9
960000 953.9
965000 949.4
970000 952.1
975000 960.0
980000 959.7
985000 950.4
990000 947.9
995000 949.4
1000000 953.3
1005000 935.1
1010000 954.5
1015000 955.1
1020000 957.3
1025000 937.9
1030000 945.5
1035000 857.8
1040000 951.0
1045000 898.3
1050000 946.8
1055000 950.9
1060000 951.6
1065000 953.2
1070000 945.1
1075000 951.4
1080000 955.8
1085000 934.1
1090000 936.6
1095000 928.6
1100000 947.0
1105000 940.8
1110000 958.0
1115000 857.7
1120000 948.3
1125000 953.3
1130000 854.5
1135000 956.6
1140000 953.4
1145000 959.5
1150000 859.0
1155000 858.1
1160000 951.1
1165000 836.3
1170000 942.8
1175000 959.0
1180000 961.1
1185000 944.8
1190000 859.0
1195000 952.3
1200000 951.2
1205000 946.2
1210000 973.3
1215000 956.8
1220000 953.7
1225000 945.7
1230000 953.7
1235000 902.3
1240000 898.4
1245000 945.1
1250000 954.4
1255000 960.9
1260000 951.7
1265000 959.9
1270000 852.2
1275000 947.4
1280000 952.9
1285000 944.7
1290000 943.3
1295000 912.4
1300000 946.2
1305000 951.8
1310000 935.9
1315000 959.9
1320000 951.3
1325000 894.4
1330000 867.0
1335000 950.8
1340000 946.7
1345000 942.5
1350000 944.2
1355000 955.5
1360000 949.9
1365000 907.3
1370000 955.2
1375000 768.0
1380000 956.8
1385000 943.0
1390000 942.2
1395000 957.1
1400000 857.5
1405000 909.5
1410000 946.1
1415000 951.4
1420000 944.2
1425000 954.4
1430000 945.6
1435000 954.5
1440000 955.2
1445000 924.7
1450000 947.7
1455000 946.5
1460000 943.3
1465000 849.3
1470000 927.6
1475000 936.5
1480000 962.4
1485000 935.2
1490000 947.2
1495000 948.0
1500000 955.5
1505000 945.9
1510000 949.1
1515000 935.2
1520000 935.1
1525000 947.5
1530000 958.9
1535000 955.4
1540000 937.2
1545000 949.7
1550000 950.4
1555000 955.8
1560000 955.2
1565000 954.3
1570000 956.0
1575000 934.3
1580000 956.3
1585000 954.2
1590000 958.1
1595000 955.6
1600000 898.7
1605000 852.4
1610000 939.9
1615000 855.6
1620000 861.2
1625000 871.1
1630000 958.0
1635000 943.7
1640000 825.6
1645000 955.1
1650000 947.6
1655000 951.9
1660000 949.0
1665000 924.9
1670000 952.5
1675000 942.7
1680000 963.9
1685000 951.4
1690000 954.6
1695000 947.4
1700000 953.0
1705000 858.2
1710000 956.1
1715000 958.4
1720000 863.2
1725000 858.8
1730000 955.2
1735000 961.3
1740000 855.5
1745000 950.6
1750000 954.0
1755000 971.3
1760000 956.8
1765000 960.6
1770000 945.1
1775000 945.4
1780000 948.7
1785000 950.5
1790000 951.8
1795000 854.5
1800000 946.9
1805000 949.9
1810000 959.6
1815000 951.4
1820000 958.7
1825000 945.8
1830000 858.6
1835000 943.6
1840000 748.9
1845000 942.2
1850000 963.4
1855000 946.9
1860000 954.7
1865000 958.5
1870000 949.1
1875000 947.6
1880000 956.9
1885000 960.2
1890000 949.5
1895000 951.9
1900000 953.3
1905000 948.5
1910000 952.7
1915000 958.8
1920000 954.1
1925000 727.1
1930000 953.0
1935000 966.3
1940000 954.5
1945000 886.5
1950000 954.9
1955000 574.1
1960000 938.5
1965000 953.6
1970000 950.4
1975000 931.2
1980000 947.6
1985000 929.7
1990000 947.0
1995000 951.1
2000000 949.5
