5000 0.0
10000 2.9
15000 1.4
20000 3.6
25000 15.9
30000 118.4
35000 190.2
40000 166.7
45000 297.3
50000 456.8
55000 671.5
60000 468.3
65000 862.4
70000 576.4
75000 895.9
80000 879.8
85000 815.2
90000 790.6
95000 416.4
100000 634.9
105000 801.0
110000 817.9
115000 872.2
120000 912.5
125000 757.7
130000 925.6
135000 768.0
140000 882.9
145000 928.0
150000 921.9
155000 883.9
160000 892.2
165000 931.6
170000 926.3
175000 818.4
180000 921.1
185000 905.7
190000 934.7
195000 924.0
200000 906.3
205000 940.0
210000 942.7
215000 915.4
220000 921.8
225000 944.3
230000 912.5
235000 936.6
240000 923.9
245000 888.2
250000 943.0
255000 840.9
260000 921.6
265000 897.1
270000 936.8
275000 932.4
280000 932.1
285000 910.1
290000 851.9
295000 945.2
300000 937.4
305000 941.5
310000 933.7
315000 939.2
320000 923.6
325000 825.5
330000 938.9
335000 940.7
340000 943.9
345000 946.1
350000 952.2
355000 941.6
360000 940.8
365000 930.9
370000 850.6
375000 857.9
380000 935.9
385000 856.4
390000 951.1
395000 943.7
400000 952.7
405000 924.9
410000 936.2
415000 933.1
420000 955.3
425000 852.9
430000 945.1
435000 931.4
440000 941.8
445000 952.9
450000 941.2
455000 940.3
460000 854.7
465000 945.4
470000 942.2
475000 937.1
480000 941.8
485000 945.6
490000 885.3
495000 948.7
500000 940.0
505000 937.6
510000 765.2
515000 947.6
520000 934.5
525000 944.4
530000 948.2
535000 820.0
540000 945.2
545000 848.2
550000 857.3
555000 956.4
560000 937.1
565000 940.6
570000 851.7
575000 852.3
580000 949.6
585000 949.1
590000 950.0
595000 947.4
600000 943.3
605000 941.1
610000 900.7
615000 950.0
620000 911.5
625000 949.0
630000 954.5
635000 945.4
640000 951.0
645000 932.6
650000 952.9
655000 954.6
660000 944.3
665000 928.8
670000 953.8
675000 938.7
680000 954.7
685000 947.2
690000 936.5
695000 939.1
700000 944.6
705000 850.9
710000 957.0
715000 898.2
720000 943.7
725000 951.9
730000 946.6
735000 860.8
740000 945.7
745000 844.3
750000 950.1
755000 947.9
760000 946.1
765000 949.2
770000 958.7
775000 949.5
780000 953.6
785000 844.2
790000 942.2
795000 949.4
800000 952.5
805000 943.7
810000 955.0
815000 956.8
820000 957.5
825000 960.1
830000 960.4
835000 942.7
840000 947.1
845000 929.6
850000 948.4
855000 947.5
860000 954.0
865000 941.6
870000 950.3
875000 953.5
880000 953.4
885000 936.1
890000 947.9
895000 946.4
900000 948.9
905000 876.2
910000 949.3
915000 947.4
920000 954.3
925000 915.3
930000 951.8
935000 950.6
940000 953.0
945000 955.3
950000 945.4
955000 944.2
960000 956.9
965000 930.8
970000 946.5
975000 947.3
980000 916.2
985000 943.8
990000 961.2
995000 949.4
1000000 955.0
1005000 929.8
1010000 950.5
1015000 943.0
1020000 843.6
1025000 931.0
1030000 948.7
1035000 917.5
1040000 950.8
1045000 952.0
1050000 955.6
1055000 949.6
1060000 965.7
1065000 949.0
1070000 941.4
1075000 945.8
1080000 957.7
1085000 840.8
1090000 954.8
1095000 953.7
1100000 922.6
1105000 949.4
1110000 942.7
1115000 843.4
1120000 906.3
1125000 691.0
1130000 933.5
1135000 945.5
1140000 943.4
1145000 936.8
1150000 953.8
1155000 948.0
1160000 942.3
1165000 840.6
1170000 956.1
1175000 941.2
1180000 936.1
1185000 925.8
1190000 946.2
1195000 948.9
1200000 919.1
1205000 942.8
1210000 941.8
1215000 943.7
1220000 950.4
1225000 934.6
1230000 944.5
1235000 757.6
1240000 953.9
1245000 932.6
1250000 932.5
1255000 928.0
1260000 949.7
1265000 856.2
1270000 953.2
1275000 876.1
1280000 769.5
1285000 951.6
1290000 942.8
1295000 945.9
1300000 864.9
1305000 944.4
1310000 951.1
1315000 949.0
1320000 944.9
1325000 947.0
1330000 941.9
1335000 951.1
1340000 947.7
1345000 873.5
1350000 937.7
1355000 937.5
1360000 945.3
1365000 840.2
1370000 939.4
1375000 946.0
1380000 952.9
1385000 931.4
1390000 943.2
1395000 951.2
1400000 957.9
1405000 899.7
1410000 944.3
1415000 929.9
1420000 956.9
1425000 851.7
1430000 946.4
1435000 952.9
1440000 954.2
1445000 927.9
1450000 854.2
1455000 927.9
1460000 951.9
1465000 935.4
1470000 960.2
1475000 952.3
1480000 953.7
1485000 924.0
1490000 950.3
1495000 835.5
1500000 862.1
1505000 834.2
1510000 952.6
1515000 955.4
1520000 945.8
1525000 938.8
1530000 927.2
1535000 951.4
1540000 949.1
1545000 856.9
1550000 938.3
1555000 944.0
1560000 941.2
1565000 929.1
1570000 953.7
1575000 943.8
1580000 959.1
1585000 933.4
1590000 959.0
1595000 957.5
1600000 853.8
1605000 947.9
1610000 949.4
1615000 948.1
1620000 847.7
1625000 940.0
1630000 918.6
1635000 949.8
1640000 951.7
1645000 947.9
1650000 944.3
1655000 861.2
1660000 939.5
1665000 926.8
1670000 943.1
1675000 922.0
1680000 944.7
1685000 943.6
1690000 950.0
1695000 954.2
1700000 950.0
1705000 934.4
1710000 940.0
1715000 957.7
1720000 938.2
1725000 937.7
1730000 943.0
1735000 947.3
1740000 945.1
1745000 945.8
1750000 948.3
1755000 950.2
1760000 951.7
1765000 884.3
1770000 935.0
1775000 953.2
1780000 945.3
1785000 947.7
1790000 958.2
1795000 956.4
1800000 959.8
1805000 911.0
1810000 932.6
1815000 953.3
1820000 940.1
1825000 831.1
1830000 943.0
1835000 947.6
1840000 947.5
1845000 818.1
1850000 955.1
1855000 966.2
1860000 757.2
1865000 945.7
1870000 863.4
1875000 947.8
1880000 947.0
1885000 951.3
1890000 949.5
1895000 959.7
1900000 868.9
1905000 945.7
1910000 964.9
1915000 958.3
1920000 956.4
1925000 953.1
1930000 933.7
1935000 960.3
1940000 949.7
1945000 944.7
1950000 948.9
1955000 950.0
1960000 942.8
1965000 931.0
1970000 958.5
1975000 958.7
1980000 922.9
1985000 942.2
1990000 942.4
1995000 955.7
2000000 949.7
