5000 199.8
10000 261.5
15000 88.9
20000 11.8
25000 89.4
30000 12.0
35000 220.5
40000 143.4
45000 33.3
50000 154.6
55000 10.5
60000 208.7
65000 74.7
70000 128.4
75000 16.7
80000 54.3
85000 40.3
90000 118.0
95000 119.7
100000 55.7
105000 152.7
110000 109.2
115000 228.5
120000 313.2
125000 412.8
130000 240.4
135000 303.3
140000 43.8
145000 127.0
150000 329.9
155000 210.8
160000 20.3
165000 139.4
170000 212.1
175000 472.0
180000 208.8
185000 357.9
190000 269.8
195000 116.4
200000 84.7
205000 109.2
210000 349.9
215000 245.7
220000 208.7
225000 238.3
230000 198.7
235000 22.5
240000 197.1
245000 66.1
250000 236.6
255000 275.0
260000 284.6
265000 153.7
270000 400.0
275000 252.4
280000 420.8
285000 188.6
290000 229.5
295000 395.3
300000 177.7
305000 350.5
310000 293.4
315000 343.3
320000 372.9
325000 289.9
330000 329.0
335000 155.4
340000 116.7
345000 389.1
350000 183.2
355000 305.1
360000 406.5
365000 297.9
370000 272.1
375000 337.8
380000 535.6
385000 271.1
390000 375.8
395000 407.9
400000 311.2
405000 336.8
410000 232.6
415000 416.3
420000 247.5
425000 471.6
430000 149.7
435000 118.2
440000 558.7
445000 60.8
450000 258.3
455000 79.3
460000 144.3
465000 211.3
470000 507.9
475000 87.5
480000 190.3
485000 382.1
490000 466.4
495000 397.4
500000 210.6
505000 84.6
510000 193.3
515000 210.7
520000 154.9
525000 213.0
530000 353.1
535000 357.2
540000 109.2
545000 267.1
550000 61.7
555000 12.5
560000 128.9
565000 460.9
570000 468.4
575000 471.1
580000 274.4
585000 510.8
590000 309.6
595000 185.7
600000 649.2
605000 346.3
610000 260.2
615000 205.9
620000 479.7
625000 303.2
630000 153.2
635000 272.5
640000 349.9
645000 266.2
650000 543.4
655000 343.1
660000 456.4
665000 67.7
670000 381.6
675000 449.2
680000 453.0
685000 202.6
690000 408.5
695000 191.4
700000 108.1
705000 428.2
710000 459.1
715000 481.3
720000 370.4
725000 305.4
730000 107.9
735000 112.8
740000 266.3
745000 395.2
750000 208.8
755000 544.5
760000 200.8
765000 569.6
770000 470.1
775000 183.7
780000 77.7
785000 323.7
790000 541.7
795000 298.7
800000 114.7
805000 160.0
810000 207.7
815000 213.0
820000 367.4
825000 100.3
830000 395.1
835000 310.5
840000 540.3
845000 376.7
850000 330.0
855000 335.9
860000 72.7
865000 262.9
870000 233.6
875000 113.2
880000 239.2
885000 250.0
890000 354.3
895000 110.8
900000 144.0
905000 456.0
910000 254.8
915000 250.9
920000 271.5
925000 436.8
930000 298.0
935000 107.0
940000 288.5
945000 269.7
950000 159.2
955000 461.3
960000 248.2
965000 404.3
970000 109.3
975000 229.8
980000 422.2
985000 462.4
990000 258.2
995000 164.8
1000000 404.3
1005000 94.3
1010000 218.2
1015000 436.4
1020000 622.1
1025000 354.7
1030000 215.3
1035000 183.2
1040000 349.1
1045000 288.3
1050000 455.1
1055000 254.8
1060000 361.9
1065000 134.4
1070000 201.1
1075000 453.0
1080000 342.2
1085000 196.6
1090000 350.0
1095000 513.0
1100000 466.2
1105000 481.3
1110000 253.4
1115000 188.0
1120000 372.2
1125000 261.6
1130000 240.8
1135000 378.0
1140000 274.7
1145000 162.1
1150000 169.6
1155000 197.9
1160000 383.6
1165000 379.6
1170000 207.7
1175000 305.2
1180000 275.5
1185000 118.7
1190000 63.7
1195000 370.3
1200000 398.4
1205000 519.0
1210000 387.7
1215000 483.8
1220000 301.7
1225000 305.7
1230000 363.7
1235000 450.2
1240000 280.4
1245000 343.2
1250000 466.2
1255000 246.3
1260000 217.0
1265000 286.4
1270000 187.8
1275000 340.3
1280000 545.8
1285000 167.5
1290000 193.1
1295000 237.5
1300000 468.5
1305000 550.8
1310000 274.9
1315000 220.8
1320000 344.8
1325000 204.7
1330000 367.5
1335000 277.3
1340000 297.5
1345000 258.3
1350000 491.8
1355000 284.9
1360000 185.4
1365000 296.6
1370000 329.2
1375000 296.8
1380000 491.2
1385000 296.2
1390000 588.0
1395000 196.3
1400000 286.2
1405000 248.2
1410000 176.1
1415000 531.8
1420000 369.2
1425000 667.4
1430000 243.6
1435000 342.7
1440000 284.2
1445000 168.9
1450000 262.2
1455000 105.2
1460000 372.0
1465000 215.3
1470000 546.7
1475000 200.3
1480000 364.6
1485000 204.7
1490000 206.8
1495000 327.7
1500000 352.5
1505000 124.4
1510000 281.1
1515000 147.8
1520000 358.2
1525000 439.9
1530000 179.0
1535000 293.7
1540000 293.9
1545000 392.5
1550000 230.8
1555000 248.7
1560000 113.9
1565000 570.2
1570000 165.0
1575000 105.9
1580000 9.7
1585000 222.1
1590000 109.5
1595000 241.5
1600000 354.4
1605000 253.0
1610000 229.7
1615000 349.3
1620000 251.4
1625000 293.1
1630000 287.7
1635000 111.5
1640000 355.3
1645000 359.3
1650000 456.6
1655000 281.1
1660000 341.7
1665000 386.6
1670000 426.0
1675000 517.3
1680000 674.4
1685000 167.9
1690000 200.7
1695000 379.5
1700000 258.2
1705000 335.5
1710000 540.3
1715000 134.8
1720000 401.2
1725000 332.7
1730000 424.4
1735000 428.8
1740000 444.1
1745000 256.5
1750000 317.5
1755000 177.8
1760000 187.1
1765000 480.9
1770000 515.6
1775000 193.2
1780000 428.9
1785000 373.4
1790000 250.5
1795000 350.2
1800000 474.8
1805000 490.2
1810000 457.8
1815000 299.0
1820000 431.4
1825000 399.6
1830000 102.4
1835000 301.0
1840000 538.5
1845000 512.0
1850000 273.7
1855000 155.6
1860000 520.1
1865000 120.8
1870000 362.0
1875000 268.0
1880000 474.9
1885000 602.0
1890000 203.9
1895000 281.4
1900000 430.4
1905000 284.6
1910000 328.8
1915000 300.9
1920000 197.7
1925000 349.4
1930000 431.6
1935000 401.8
1940000 227.5
1945000 219.9
1950000 462.5
1955000 183.9
1960000 210.2
1965000 234.3
1970000 136.6
1975000 549.1
1980000 361.7
1985000 531.1
1990000 418.4
1995000 115.0
2000000 35.9
