5000 234.6
10000 120.7
15000 310.7
20000 83.9
25000 58.0
30000 151.2
35000 34.3
40000 203.5
45000 197.4
50000 161.4
55000 111.3
60000 189.6
65000 217.6
70000 133.8
75000 210.0
80000 159.0
85000 103.2
90000 128.3
95000 128.2
100000 336.5
105000 278.8
110000 310.2
115000 283.7
120000 87.2
125000 232.3
130000 219.8
135000 117.5
140000 94.7
145000 293.6
150000 95.8
155000 139.1
160000 253.6
165000 116.5
170000 343.9
175000 124.1
180000 213.2
185000 244.1
190000 121.7
195000 211.2
200000 203.1
205000 195.1
210000 148.4
215000 212.0
220000 274.7
225000 318.3
230000 277.8
235000 14.0
240000 346.4
245000 291.9
250000 205.2
255000 410.9
260000 205.5
265000 148.7
270000 503.6
275000 163.9
280000 256.3
285000 245.9
290000 561.0
295000 249.1
300000 292.4
305000 360.6
310000 191.6
315000 246.6
320000 288.8
325000 268.2
330000 94.2
335000 498.8
340000 270.5
345000 472.9
350000 253.4
355000 394.1
360000 308.9
365000 213.5
370000 444.3
375000 397.8
380000 305.8
385000 369.1
390000 290.4
395000 170.0
400000 186.7
405000 79.8
410000 188.8
415000 165.3
420000 223.3
425000 130.7
430000 208.0
435000 391.7
440000 349.7
445000 319.2
450000 259.6
455000 395.7
460000 243.7
465000 561.2
470000 459.2
475000 338.0
480000 293.6
485000 362.2
490000 189.1
495000 356.7
500000 242.6
505000 113.4
510000 393.9
515000 264.6
520000 262.7
525000 409.0
530000 303.9
535000 385.9
540000 366.8
545000 373.7
550000 319.4
555000 108.0
560000 592.4
565000 314.7
570000 369.9
575000 439.4
580000 145.8
585000 236.6
590000 219.8
595000 381.6
600000 197.4
605000 367.3
610000 397.9
615000 367.7
620000 373.0
625000 391.7
630000 400.7
635000 27.2
640000 324.8
645000 439.0
650000 379.2
655000 242.0
660000 575.0
665000 390.4
670000 242.5
675000 106.3
680000 623.2
685000 322.1
690000 640.2
695000 85.4
700000 347.6
705000 183.9
710000 344.5
715000 123.3
720000 181.7
725000 296.1
730000 14.0
735000 252.0
740000 354.3
745000 341.8
750000 107.2
755000 512.9
760000 373.6
765000 314.9
770000 369.1
775000 194.9
780000 494.2
785000 191.0
790000 265.0
795000 313.6
800000 211.7
805000 527.9
810000 537.7
815000 298.6
820000 275.7
825000 395.8
830000 79.6
835000 458.8
840000 255.6
845000 170.1
850000 469.4
855000 281.2
860000 202.9
865000 307.1
870000 233.0
875000 307.6
880000 128.9
885000 111.1
890000 370.7
895000 460.9
900000 119.6
905000 277.3
910000 376.5
915000 362.7
920000 323.9
925000 194.3
930000 143.5
935000 166.7
940000 319.2
945000 378.7
950000 334.1
955000 417.2
960000 231.8
965000 272.4
970000 157.0
975000 340.5
980000 119.2
985000 304.9
990000 292.7
995000 209.9
1000000 117.5
1005000 108.9
1010000 536.8
1015000 492.2
1020000 112.1
1025000 263.4
1030000 204.1
1035000 298.5
1040000 199.1
1045000 206.4
1050000 108.3
1055000 415.0
1060000 400.1
1065000 335.6
1070000 422.8
1075000 298.3
1080000 140.1
1085000 396.0
1090000 357.2
1095000 193.6
1100000 216.1
1105000 264.2
1110000 237.2
1115000 398.7
1120000 475.1
1125000 486.9
1130000 237.4
1135000 218.6
1140000 107.8
1145000 127.6
1150000 324.3
1155000 14.7
1160000 310.4
1165000 287.6
1170000 321.7
1175000 184.4
1180000 96.1
1185000 352.1
1190000 381.1
1195000 300.4
1200000 424.4
1205000 328.7
1210000 108.0
1215000 316.2
1220000 277.6
1225000 336.2
1230000 465.8
1235000 207.2
1240000 365.0
1245000 188.5
1250000 110.3
1255000 86.4
1260000 388.7
1265000 476.9
1270000 274.4
1275000 342.7
1280000 387.5
1285000 384.5
1290000 160.5
1295000 239.5
1300000 461.0
1305000 477.8
1310000 239.7
1315000 693.0
1320000 147.8
1325000 341.6
1330000 346.8
1335000 531.3
1340000 458.0
1345000 361.0
1350000 679.8
1355000 171.2
1360000 421.2
1365000 278.2
1370000 373.1
1375000 174.3
1380000 387.9
1385000 472.1
1390000 109.6
1395000 256.5
1400000 366.2
1405000 611.8
1410000 343.9
1415000 405.7
1420000 623.8
1425000 329.8
1430000 610.7
1435000 296.2
1440000 378.9
1445000 428.6
1450000 362.6
1455000 441.9
1460000 339.5
1465000 407.8
1470000 298.2
1475000 260.3
1480000 306.1
1485000 379.6
1490000 295.2
1495000 232.6
1500000 392.6
1505000 203.2
1510000 344.9
1515000 179.1
1520000 328.1
1525000 248.0
1530000 158.9
1535000 597.2
1540000 200.6
1545000 508.9
1550000 170.4
1555000 359.3
1560000 516.3
1565000 207.7
1570000 300.2
1575000 288.3
1580000 459.9
1585000 377.4
1590000 152.9
1595000 183.0
1600000 627.0
1605000 392.4
1610000 203.2
1615000 440.9
1620000 257.6
1625000 517.5
1630000 415.8
1635000 359.5
1640000 199.8
1645000 436.1
1650000 424.4
1655000 241.0
1660000 269.8
1665000 276.5
1670000 254.3
1675000 583.1
1680000 322.1
1685000 56.3
1690000 130.4
1695000 231.3
1700000 168.8
1705000 335.2
1710000 378.2
1715000 310.1
1720000 403.2
1725000 325.6
1730000 438.5
1735000 175.2
1740000 180.4
1745000 575.4
1750000 452.4
1755000 135.2
1760000 161.5
1765000 515.6
1770000 389.3
1775000 164.0
1780000 14.0
1785000 283.1
1790000 72.7
1795000 430.1
1800000 205.6
1805000 558.4
1810000 470.4
1815000 398.6
1820000 481.5
1825000 354.6
1830000 293.8
1835000 107.6
1840000 519.5
1845000 179.3
1850000 492.9
1855000 314.1
1860000 388.0
1865000 174.7
1870000 431.1
1875000 283.8
1880000 280.1
1885000 194.7
1890000 14.0
1895000 415.9
1900000 550.2
1905000 460.4
1910000 207.2
1915000 100.3
1920000 317.2
1925000 356.5
1930000 309.4
1935000 297.4
1940000 440.1
1945000 317.9
1950000 370.7
1955000 376.2
1960000 298.5
1965000 409.3
1970000 359.5
1975000 339.0
1980000 255.0
1985000 301.8
1990000 195.5
1995000 420.6
2000000 319.3
