5000 74.9
10000 102.5
15000 194.6
20000 29.6
25000 240.1
30000 109.5
35000 181.1
40000 216.8
45000 241.4
50000 205.1
55000 164.4
60000 134.3
65000 176.1
70000 120.8
75000 289.9
80000 13.6
85000 192.3
90000 105.4
95000 249.5
100000 206.5
105000 241.3
110000 154.5
115000 291.5
120000 28.1
125000 487.0
130000 110.6
135000 209.3
140000 580.2
145000 258.4
150000 72.0
155000 184.0
160000 51.7
165000 172.4
170000 162.4
175000 275.9
180000 348.2
185000 275.0
190000 111.3
195000 391.0
200000 310.9
205000 188.2
210000 158.4
215000 221.1
220000 264.7
225000 398.0
230000 256.2
235000 361.5
240000 202.2
245000 19.8
250000 122.9
255000 200.2
260000 197.7
265000 473.9
270000 215.3
275000 272.5
280000 108.3
285000 419.0
290000 287.7
295000 343.5
300000 208.3
305000 521.5
310000 135.0
315000 200.2
320000 581.1
325000 270.5
330000 430.9
335000 197.6
340000 351.0
345000 349.7
350000 355.2
355000 412.9
360000 246.7
365000 241.7
370000 142.3
375000 313.3
380000 349.1
385000 115.4
390000 324.5
395000 356.0
400000 47.2
405000 487.8
410000 155.3
415000 592.3
420000 521.7
425000 283.2
430000 331.4
435000 209.4
440000 154.5
445000 286.8
450000 194.2
455000 185.1
460000 483.3
465000 86.8
470000 400.6
475000 302.4
480000 63.5
485000 252.7
490000 364.1
495000 196.7
500000 10.6
505000 169.4
510000 259.7
515000 612.0
520000 284.9
525000 205.3
530000 302.3
535000 357.9
540000 339.8
545000 167.5
550000 440.6
555000 291.5
560000 449.9
565000 297.0
570000 99.1
575000 375.0
580000 114.6
585000 344.1
590000 116.3
595000 204.3
600000 306.8
605000 582.7
610000 235.7
615000 325.2
620000 114.8
625000 229.5
630000 305.8
635000 350.8
640000 199.2
645000 204.0
650000 310.7
655000 111.1
660000 273.4
665000 330.9
670000 206.9
675000 304.9
680000 597.1
685000 285.1
690000 386.3
695000 421.8
700000 263.2
705000 467.3
710000 83.3
715000 395.3
720000 552.5
725000 557.9
730000 203.6
735000 211.6
740000 413.2
745000 379.3
750000 290.0
755000 371.3
760000 275.8
765000 270.0
770000 237.9
775000 576.8
780000 181.4
785000 215.1
790000 394.9
795000 261.6
800000 231.7
805000 297.8
810000 277.5
815000 347.6
820000 207.4
825000 200.4
830000 309.7
835000 395.9
840000 723.2
845000 235.2
850000 179.3
855000 299.0
860000 384.5
865000 432.5
870000 222.6
875000 109.4
880000 459.2
885000 415.0
890000 9.9
895000 463.7
900000 403.2
905000 526.2
910000 417.1
915000 363.5
920000 371.5
925000 390.9
930000 291.1
935000 154.5
940000 449.9
945000 189.8
950000 85.8
955000 232.3
960000 319.1
965000 421.0
970000 147.9
975000 407.4
980000 456.3
985000 141.0
990000 428.8
995000 94.9
1000000 379.4
1005000 281.5
1010000 311.8
1015000 486.7
1020000 390.7
1025000 529.8
1030000 333.7
1035000 434.5
1040000 497.0
1045000 215.5
1050000 23.8
1055000 349.0
1060000 149.4
1065000 208.8
1070000 633.4
1075000 112.8
1080000 448.0
1085000 528.5
1090000 203.6
1095000 304.5
1100000 264.0
1105000 280.4
1110000 281.3
1115000 158.8
1120000 279.7
1125000 234.6
1130000 390.3
1135000 529.4
1140000 114.3
1145000 202.0
1150000 272.4
1155000 362.8
1160000 399.5
1165000 413.6
1170000 376.3
1175000 362.5
1180000 433.0
1185000 262.4
1190000 123.9
1195000 711.5
1200000 219.6
1205000 378.7
1210000 269.8
1215000 388.6
1220000 193.6
1225000 282.1
1230000 189.6
1235000 241.9
1240000 745.1
1245000 303.2
1250000 424.0
1255000 376.7
1260000 329.0
1265000 239.8
1270000 326.3
1275000 343.9
1280000 436.7
1285000 122.7
1290000 94.4
1295000 150.1
1300000 325.1
1305000 485.3
1310000 194.0
1315000 287.7
1320000 252.9
1325000 329.6
1330000 372.9
1335000 488.8
1340000 437.7
1345000 299.0
1350000 512.4
1355000 207.9
1360000 194.6
1365000 158.5
1370000 126.7
1375000 115.1
1380000 147.6
1385000 421.0
1390000 332.0
1395000 618.0
1400000 392.1
1405000 487.0
1410000 186.7
1415000 342.1
1420000 213.2
1425000 467.3
1430000 200.2
1435000 288.4
1440000 420.1
1445000 533.5
1450000 275.4
1455000 471.1
1460000 401.5
1465000 389.3
1470000 632.3
1475000 83.7
1480000 400.6
1485000 508.6
1490000 324.8
1495000 243.9
1500000 441.4
1505000 468.3
1510000 234.6
1515000 361.4
1520000 679.0
1525000 313.7
1530000 402.7
1535000 359.4
1540000 198.5
1545000 293.0
1550000 182.9
1555000 120.8
1560000 477.1
1565000 342.7
1570000 442.1
1575000 214.3
1580000 469.4
1585000 258.5
1590000 391.5
1595000 357.7
1600000 338.5
1605000 67.2
1610000 96.0
1615000 425.9
1620000 322.2
1625000 77.2
1630000 445.5
1635000 268.2
1640000 570.9
1645000 287.8
1650000 486.6
1655000 284.5
1660000 262.0
1665000 212.1
1670000 265.6
1675000 194.5
1680000 196.4
1685000 358.1
1690000 323.1
1695000 380.8
1700000 213.8
1705000 287.1
1710000 128.9
1715000 264.3
1720000 498.3
1725000 273.5
1730000 268.0
1735000 591.8
1740000 450.1
1745000 419.0
1750000 592.4
1755000 279.1
1760000 236.4
1765000 311.7
1770000 336.1
1775000 366.8
1780000 364.5
1785000 563.7
1790000 248.2
1795000 107.2
1800000 431.6
1805000 201.4
1810000 277.0
1815000 432.7
1820000 11.2
1825000 149.4
1830000 498.4
1835000 137.9
1840000 294.5
1845000 227.8
1850000 216.5
1855000 283.2
1860000 82.5
1865000 162.7
1870000 368.0
1875000 320.7
1880000 286.9
1885000 383.4
1890000 437.8
1895000 316.2
1900000 357.8
1905000 336.4
1910000 486.7
1915000 371.0
1920000 419.5
1925000 334.5
1930000 188.6
1935000 245.4
1940000 402.7
1945000 357.7
1950000 339.3
1955000 416.7
1960000 384.7
1965000 207.8
1970000 321.6
1975000 317.8
1980000 330.9
1985000 382.2
1990000 91.9
1995000 257.9
2000000 309.0
