5000 87.3
10000 213.7
15000 218.9
20000 280.0
25000 448.6
30000 251.6
35000 318.6
40000 127.1
45000 150.9
50000 375.1
55000 174.7
60000 236.3
65000 278.4
70000 302.6
75000 93.9
80000 207.2
85000 302.3
90000 118.7
95000 136.0
100000 201.3
105000 99.0
110000 205.4
115000 215.6
120000 78.6
125000 305.0
130000 165.6
135000 256.0
140000 257.1
145000 220.1
150000 170.0
155000 333.5
160000 216.5
165000 256.7
170000 488.8
175000 326.5
180000 402.0
185000 320.3
190000 254.4
195000 440.3
200000 88.3
205000 216.9
210000 338.7
215000 57.1
220000 194.7
225000 239.0
230000 212.7
235000 299.2
240000 140.6
245000 125.8
250000 89.6
255000 293.3
260000 371.8
265000 279.9
270000 280.6
275000 366.9
280000 138.1
285000 337.6
290000 231.6
295000 185.1
300000 277.0
305000 366.2
310000 359.3
315000 410.1
320000 176.7
325000 108.6
330000 330.6
335000 470.8
340000 521.1
345000 281.8
350000 105.6
355000 240.4
360000 377.5
365000 427.6
370000 113.4
375000 221.4
380000 331.1
385000 258.5
390000 82.3
395000 191.7
400000 103.1
405000 304.8
410000 198.2
415000 465.4
420000 283.6
425000 529.2
430000 473.9
435000 307.9
440000 374.5
445000 148.4
450000 126.4
455000 394.3
460000 124.2
465000 283.8
470000 59.2
475000 363.9
480000 212.0
485000 463.4
490000 264.8
495000 392.7
500000 323.5
505000 337.0
510000 389.5
515000 381.4
520000 385.8
525000 214.3
530000 401.6
535000 299.7
540000 324.3
545000 574.5
550000 289.3
555000 279.1
560000 255.0
565000 271.8
570000 320.3
575000 394.1
580000 428.5
585000 252.6
590000 380.0
595000 350.9
600000 310.5
605000 408.9
610000 354.3
615000 9.5
620000 304.9
625000 164.1
630000 111.0
635000 287.3
640000 373.2
645000 201.2
650000 257.5
655000 198.1
660000 202.0
665000 183.3
670000 552.3
675000 159.0
680000 120.6
685000 109.7
690000 366.6
695000 277.4
700000 463.0
705000 471.8
710000 109.7
715000 205.3
720000 238.3
725000 406.7
730000 338.1
735000 271.6
740000 300.4
745000 293.6
750000 108.6
755000 439.9
760000 454.1
765000 376.3
770000 364.8
775000 274.1
780000 483.5
785000 527.8
790000 110.2
795000 236.3
800000 296.5
805000 299.8
810000 381.2
815000 301.5
820000 310.7
825000 335.8
830000 622.5
835000 174.9
840000 85.2
845000 282.6
850000 180.4
855000 372.3
860000 348.2
865000 224.4
870000 101.1
875000 423.3
880000 350.4
885000 15.0
890000 216.0
895000 106.9
900000 378.6
905000 339.4
910000 437.8
915000 138.8
920000 205.3
925000 320.6
930000 257.2
935000 335.8
940000 200.2
945000 356.7
950000 283.0
955000 111.9
960000 357.4
965000 506.1
970000 203.9
975000 274.2
980000 410.5
985000 258.1
990000 156.6
995000 395.2
1000000 379.2
1005000 125.2
1010000 457.2
1015000 178.8
1020000 173.0
1025000 473.3
1030000 379.3
1035000 110.9
1040000 444.3
1045000 368.9
1050000 93.9
1055000 428.3
1060000 121.6
1065000 378.0
1070000 80.9
1075000 305.5
1080000 378.1
1085000 156.1
1090000 191.6
1095000 149.4
1100000 237.0
1105000 623.2
1110000 388.2
1115000 400.6
1120000 449.3
1125000 303.3
1130000 512.2
1135000 204.9
1140000 386.5
1145000 174.1
1150000 412.5
1155000 492.6
1160000 240.4
1165000 334.1
1170000 356.6
1175000 408.0
1180000 343.6
1185000 235.4
1190000 303.3
1195000 378.4
1200000 301.5
1205000 172.5
1210000 381.4
1215000 370.8
1220000 281.1
1225000 370.9
1230000 336.6
1235000 339.7
1240000 236.3
1245000 360.6
1250000 242.9
1255000 275.7
1260000 492.3
1265000 526.0
1270000 343.0
1275000 488.8
1280000 439.9
1285000 329.3
1290000 215.9
1295000 348.4
1300000 418.5
1305000 181.2
1310000 277.7
1315000 311.3
1320000 179.9
1325000 64.5
1330000 198.7
1335000 231.5
1340000 468.8
1345000 549.0
1350000 579.4
1355000 290.8
1360000 272.4
1365000 518.2
1370000 298.3
1375000 110.7
1380000 368.8
1385000 137.4
1390000 282.2
1395000 294.1
1400000 361.2
1405000 262.1
1410000 175.9
1415000 227.3
1420000 270.8
1425000 310.3
1430000 325.5
1435000 386.1
1440000 313.0
1445000 58.5
1450000 449.6
1455000 114.8
1460000 390.1
1465000 256.4
1470000 230.5
1475000 251.4
1480000 129.5
1485000 539.4
1490000 239.0
1495000 425.3
1500000 316.1
1505000 191.0
1510000 203.1
1515000 208.4
1520000 176.8
1525000 435.4
1530000 422.9
1535000 457.4
1540000 572.4
1545000 195.2
1550000 38.2
1555000 486.9
1560000 236.2
1565000 463.8
1570000 396.7
1575000 419.3
1580000 126.8
1585000 326.4
1590000 209.3
1595000 304.0
1600000 281.4
1605000 271.6
1610000 394.3
1615000 593.9
1620000 208.2
1625000 260.2
1630000 244.6
1635000 447.5
1640000 340.9
1645000 501.6
1650000 162.9
1655000 221.3
1660000 454.8
1665000 279.5
1670000 485.0
1675000 343.9
1680000 306.8
1685000 302.9
1690000 450.5
1695000 86.1
1700000 206.6
1705000 441.6
1710000 353.7
1715000 254.0
1720000 285.1
1725000 277.3
1730000 186.4
1735000 395.5
1740000 214.3
1745000 383.8
1750000 173.4
1755000 205.9
1760000 108.8
1765000 178.7
1770000 225.9
1775000 149.6
1780000 279.0
1785000 149.9
1790000 320.6
1795000 256.5
1800000 261.2
1805000 117.5
1810000 208.7
1815000 364.3
1820000 20.6
1825000 210.9
1830000 227.6
1835000 370.7
1840000 412.4
1845000 462.4
1850000 277.5
1855000 322.7
1860000 289.6
1865000 308.6
1870000 338.0
1875000 207.0
1880000 461.8
1885000 475.0
1890000 366.8
1895000 543.8
1900000 120.3
1905000 80.0
1910000 168.5
1915000 421.7
1920000 402.2
1925000 134.5
1930000 332.1
1935000 508.1
1940000 486.1
1945000 156.5
1950000 491.1
1955000 480.3
1960000 346.1
1965000 314.4
1970000 195.1
1975000 373.8
1980000 667.0
1985000 220.3
1990000 353.0
1995000 198.4
2000000 400.8
