5000 180.6
10000 281.9
15000 221.7
20000 162.1
25000 19.3
30000 258.0
35000 44.2
40000 16.1
45000 62.3
50000 123.8
55000 112.4
60000 274.0
65000 229.0
70000 208.7
75000 78.2
80000 74.5
85000 40.5
90000 78.8
95000 19.0
100000 249.8
105000 32.1
110000 110.8
115000 168.0
120000 108.7
125000 304.8
130000 21.1
135000 100.7
140000 275.6
145000 252.7
150000 126.9
155000 109.0
160000 330.1
165000 139.2
170000 142.1
175000 185.1
180000 111.6
185000 233.1
190000 214.8
195000 174.4
200000 290.5
205000 258.4
210000 208.2
215000 468.7
220000 108.3
225000 179.2
230000 15.2
235000 299.8
240000 275.8
245000 277.5
250000 272.4
255000 438.3
260000 140.7
265000 116.6
270000 294.4
275000 191.3
280000 110.1
285000 387.6
290000 189.7
295000 220.2
300000 250.9
305000 343.5
310000 333.4
315000 208.1
320000 152.0
325000 180.4
330000 360.3
335000 368.6
340000 225.9
345000 199.0
350000 309.6
355000 281.2
360000 468.8
365000 349.2
370000 326.5
375000 126.0
380000 395.8
385000 87.5
390000 183.1
395000 42.9
400000 434.4
405000 202.6
410000 121.2
415000 383.6
420000 211.6
425000 297.2
430000 221.1
435000 296.5
440000 173.8
445000 346.8
450000 473.8
455000 381.7
460000 438.2
465000 205.2
470000 219.6
475000 289.4
480000 20.9
485000 409.3
490000 431.2
495000 302.5
500000 318.5
505000 515.7
510000 82.2
515000 308.0
520000 264.0
525000 145.4
530000 295.5
535000 250.4
540000 434.3
545000 257.9
550000 365.6
555000 194.0
560000 197.5
565000 139.1
570000 407.2
575000 303.0
580000 141.4
585000 370.3
590000 338.9
595000 240.5
600000 247.2
605000 112.5
610000 218.4
615000 210.5
620000 293.5
625000 121.0
630000 140.7
635000 472.8
640000 102.5
645000 274.0
650000 299.1
655000 292.0
660000 306.6
665000 481.1
670000 109.3
675000 115.8
680000 12.3
685000 526.5
690000 302.2
695000 159.7
700000 323.8
705000 293.7
710000 226.6
715000 429.7
720000 197.2
725000 309.1
730000 381.5
735000 279.1
740000 386.6
745000 113.5
750000 121.9
755000 358.5
760000 387.9
765000 259.5
770000 334.3
775000 383.6
780000 369.2
785000 210.7
790000 297.2
795000 393.8
800000 426.2
805000 310.0
810000 176.4
815000 528.6
820000 176.8
825000 100.5
830000 669.4
835000 309.5
840000 472.8
845000 503.7
850000 486.4
855000 84.0
860000 299.3
865000 610.2
870000 248.0
875000 517.7
880000 106.5
885000 341.5
890000 229.4
895000 320.8
900000 311.2
905000 263.7
910000 313.2
915000 273.6
920000 248.7
925000 194.4
930000 303.8
935000 377.0
940000 467.2
945000 487.6
950000 273.2
955000 314.3
960000 344.8
965000 304.1
970000 166.2
975000 163.1
980000 255.0
985000 291.5
990000 225.1
995000 594.0
1000000 392.4
1005000 122.2
1010000 426.4
1015000 118.8
1020000 410.0
1025000 363.2
1030000 426.8
1035000 196.0
1040000 424.0
1045000 505.5
1050000 438.9
1055000 298.4
1060000 491.1
1065000 161.0
1070000 547.4
1075000 520.9
1080000 263.3
1085000 351.8
1090000 716.3
1095000 200.9
1100000 294.6
1105000 482.7
1110000 406.0
1115000 270.9
1120000 450.5
1125000 553.3
1130000 436.9
1135000 385.6
1140000 181.1
1145000 278.8
1150000 338.6
1155000 280.2
1160000 108.1
1165000 459.4
1170000 419.9
1175000 425.1
1180000 181.2
1185000 358.9
1190000 472.3
1195000 496.2
1200000 139.7
1205000 141.0
1210000 205.6
1215000 549.0
1220000 446.0
1225000 390.1
1230000 379.5
1235000 173.6
1240000 264.9
1245000 268.5
1250000 523.3
1255000 462.8
1260000 494.8
1265000 589.6
1270000 381.5
1275000 298.8
1280000 471.6
1285000 257.2
1290000 275.2
1295000 389.8
1300000 205.5
1305000 141.7
1310000 399.4
1315000 208.6
1320000 367.1
1325000 563.5
1330000 353.1
1335000 363.9
1340000 108.9
1345000 384.8
1350000 303.8
1355000 276.5
1360000 208.2
1365000 119.2
1370000 278.2
1375000 200.0
1380000 118.7
1385000 489.8
1390000 396.8
1395000 106.4
1400000 254.4
1405000 230.1
1410000 401.8
1415000 279.9
1420000 367.6
1425000 458.0
1430000 277.3
1435000 16.2
1440000 111.3
1445000 299.8
1450000 293.2
1455000 162.0
1460000 310.6
1465000 176.4
1470000 387.2
1475000 359.4
1480000 153.6
1485000 450.5
1490000 41.0
1495000 148.7
1500000 251.0
1505000 236.9
1510000 200.3
1515000 498.7
1520000 436.3
1525000 430.0
1530000 322.9
1535000 240.6
1540000 201.3
1545000 292.2
1550000 229.9
1555000 268.3
1560000 397.9
1565000 269.9
1570000 91.9
1575000 528.1
1580000 450.1
1585000 290.6
1590000 480.3
1595000 337.7
1600000 265.1
1605000 146.6
1610000 327.6
1615000 235.7
1620000 469.2
1625000 366.7
1630000 175.7
1635000 407.7
1640000 350.4
1645000 235.1
1650000 276.2
1655000 572.4
1660000 124.3
1665000 294.5
1670000 361.4
1675000 251.2
1680000 332.4
1685000 193.3
1690000 361.0
1695000 358.3
1700000 252.2
1705000 281.8
1710000 333.3
1715000 478.6
1720000 251.1
1725000 398.9
1730000 285.8
1735000 457.9
1740000 236.4
1745000 291.5
1750000 483.5
1755000 378.4
1760000 450.1
1765000 256.0
1770000 144.6
1775000 388.4
1780000 296.5
1785000 648.3
1790000 153.9
1795000 399.0
1800000 542.5
1805000 323.6
1810000 479.5
1815000 304.0
1820000 439.8
1825000 271.8
1830000 409.0
1835000 513.2
1840000 457.4
1845000 258.9
1850000 160.5
1855000 512.1
1860000 359.4
1865000 171.9
1870000 255.0
1875000 202.7
1880000 275.8
1885000 191.1
1890000 256.7
1895000 298.7
1900000 309.1
1905000 443.6
1910000 249.0
1915000 475.6
1920000 403.9
1925000 304.6
1930000 261.1
1935000 227.8
1940000 615.1
1945000 245.2
1950000 413.4
1955000 109.9
1960000 542.3
1965000 284.9
1970000 388.8
1975000 209.8
1980000 367.9
1985000 357.1
1990000 456.3
1995000 470.9
2000000 246.1
