5000 0.0
10000 0.0
15000 0.6
20000 0.0
25000 3.7
30000 0.0
35000 0.0
40000 0.0
45000 0.0
50000 199.7
55000 6.8
60000 0.0
65000 5.2
70000 0.5
75000 10.3
80000 9.2
85000 0.0
90000 14.8
95000 21.2
100000 21.6
105000 18.2
110000 44.3
115000 44.2
120000 45.3
125000 186.1
130000 546.3
135000 632.8
140000 382.3
145000 642.6
150000 451.0
155000 719.5
160000 360.8
165000 803.2
170000 437.9
175000 833.3
180000 623.1
185000 691.0
190000 569.2
195000 826.6
200000 701.3
205000 649.9
210000 721.9
215000 760.5
220000 803.7
225000 595.1
230000 679.4
235000 684.9
240000 437.6
245000 769.7
250000 711.4
255000 827.1
260000 725.7
265000 832.9
270000 661.4
275000 872.7
280000 860.4
285000 789.3
290000 851.0
295000 766.4
300000 837.4
305000 852.5
310000 792.0
315000 877.8
320000 882.3
325000 621.2
330000 812.9
335000 754.9
340000 663.0
345000 772.2
350000 893.9
355000 671.4
360000 843.4
365000 789.3
370000 879.2
375000 880.5
380000 820.4
385000 764.5
390000 826.2
395000 861.4
400000 766.9
405000 841.7
410000 750.8
415000 796.2
420000 880.6
425000 677.7
430000 731.0
435000 862.5
440000 706.9
445000 746.1
450000 741.6
455000 776.7
460000 875.2
465000 783.1
470000 657.8
475000 751.0
480000 857.2
485000 826.4
490000 624.8
495000 779.5
500000 759.9
505000 861.1
510000 416.4
515000 670.6
520000 748.9
525000 686.5
530000 789.9
535000 775.4
540000 531.8
545000 739.1
550000 788.3
555000 637.0
560000 842.1
565000 834.5
570000 874.5
575000 843.9
580000 750.3
585000 755.8
590000 792.8
595000 809.3
600000 800.4
605000 833.7
610000 857.0
615000 837.0
620000 824.2
625000 812.4
630000 856.9
635000 859.6
640000 819.4
645000 558.9
650000 848.5
655000 672.1
660000 833.6
665000 762.6
670000 602.8
675000 705.8
680000 874.8
685000 832.5
690000 800.9
695000 693.8
700000 857.2
705000 755.4
710000 760.8
715000 643.8
720000 879.1
725000 808.7
730000 860.5
735000 808.9
740000 868.6
745000 864.5
750000 879.5
755000 916.7
760000 780.9
765000 844.5
770000 873.5
775000 849.8
780000 822.1
785000 869.5
790000 838.9
795000 882.6
800000 790.4
805000 688.9
810000 791.1
815000 834.4
820000 741.2
825000 841.9
830000 851.3
835000 810.7
840000 834.7
845000 845.2
850000 825.3
855000 882.5
860000 766.7
865000 811.8
870000 888.9
875000 822.2
880000 676.4
885000 883.5
890000 833.2
895000 855.0
900000 796.9
905000 843.4
910000 834.1
915000 831.9
920000 837.0
925000 851.1
930000 823.2
935000 799.4
940000 894.5
945000 818.3
950000 858.3
955000 813.1
960000 864.3
965000 679.3
970000 804.7
975000 792.8
980000 763.6
985000 788.6
990000 809.2
995000 868.9
1000000 809.4
1005000 839.8
1010000 798.6
1015000 802.7
1020000 775.0
1025000 829.7
1030000 881.6
1035000 826.7
1040000 752.6
1045000 841.8
1050000 868.0
1055000 806.8
1060000 817.4
1065000 838.9
1070000 813.5
1075000 894.9
1080000 843.0
1085000 876.5
1090000 853.6
1095000 823.7
1100000 866.0
1105000 793.6
1110000 796.1
1115000 863.2
1120000 800.7
1125000 726.9
1130000 847.7
1135000 895.4
1140000 870.6
1145000 839.7
1150000 812.7
1155000 782.1
1160000 873.9
1165000 807.4
1170000 858.7
1175000 826.0
1180000 805.0
1185000 859.4
1190000 872.5
1195000 875.3
1200000 843.9
1205000 867.1
1210000 835.4
1215000 789.5
1220000 847.6
1225000 782.8
1230000 894.1
1235000 857.4
1240000 799.7
1245000 831.8
1250000 884.2
1255000 801.0
1260000 842.2
1265000 803.9
1270000 815.4
1275000 854.0
1280000 724.0
1285000 713.9
1290000 811.1
1295000 857.0
1300000 861.7
1305000 749.5
1310000 753.4
1315000 841.7
1320000 819.0
1325000 858.1
1330000 842.9
1335000 868.9
1340000 857.5
1345000 837.2
1350000 867.4
1355000 796.4
1360000 831.2
1365000 850.1
1370000 777.7
1375000 857.0
1380000 854.6
1385000 851.2
1390000 840.7
1395000 745.5
1400000 834.0
1405000 810.6
1410000 851.8
1415000 820.3
1420000 832.1
1425000 864.9
1430000 804.9
1435000 885.7
1440000 847.2
1445000 362.9
1450000 784.2
1455000 680.8
1460000 814.8
1465000 833.3
1470000 831.7
1475000 879.4
1480000 833.1
1485000 844.7
1490000 801.7
1495000 848.2
1500000 836.0
1505000 819.1
1510000 878.6
1515000 873.1
1520000 838.5
1525000 853.4
1530000 828.7
1535000 843.1
1540000 818.2
1545000 850.9
1550000 808.3
1555000 844.2
1560000 812.4
1565000 821.9
1570000 839.3
1575000 872.9
1580000 857.8
1585000 848.7
1590000 816.7
1595000 876.3
1600000 830.8
1605000 753.8
1610000 739.1
1615000 726.7
1620000 795.9
1625000 896.2
1630000 838.0
1635000 866.9
1640000 745.9
1645000 818.9
1650000 804.1
1655000 869.0
1660000 842.2
1665000 854.8
1670000 841.1
1675000 865.6
1680000 860.0
1685000 848.3
1690000 837.4
1695000 824.5
1700000 802.6
1705000 762.4
1710000 842.4
1715000 865.0
1720000 842.0
1725000 833.5
1730000 886.1
1735000 854.4
1740000 849.2
1745000 848.9
1750000 806.1
1755000 785.1
1760000 774.2
1765000 632.0
1770000 775.9
1775000 841.7
1780000 874.3
1785000 851.5
1790000 857.9
1795000 867.8
1800000 895.2
1805000 803.4
1810000 844.9
1815000 815.2
1820000 836.7
1825000 863.9
1830000 846.5
1835000 844.1
1840000 844.1
1845000 820.0
1850000 825.2
1855000 824.4
1860000 773.1
1865000 802.0
1870000 879.1
1875000 808.3
1880000 836.8
1885000 867.8
1890000 851.9
1895000 808.2
1900000 833.3
1905000 788.8
1910000 896.1
1915000 861.3
1920000 835.5
1925000 853.7
1930000 853.6
1935000 869.0
1940000 825.8
1945000 835.7
1950000 856.0
1955000 896.6
1960000 801.4
1965000 816.8
1970000 851.6
1975000 817.9
1980000 763.7
1985000 847.4
1990000 841.0
1995000 810.6
2000000 862.0
