5000 0.0
10000 0.0
15000 0.0
20000 0.0
25000 0.0
30000 0.0
35000 0.0
40000 1.0
45000 4.0
50000 0.0
55000 100.0
60000 0.7
65000 0.0
70000 99.7
75000 101.1
80000 0.3
85000 0.0
90000 100.0
95000 100.0
100000 0.0
105000 100.0
110000 0.2
115000 0.0
120000 199.0
125000 0.0
130000 0.0
135000 96.6
140000 0.0
145000 100.0
150000 0.0
155000 98.3
160000 0.0
165000 100.0
170000 100.0
175000 0.0
180000 100.0
185000 0.0
190000 0.0
195000 0.0
200000 0.0
205000 100.0
210000 0.0
215000 0.0
220000 100.0
225000 300.0
230000 0.0
235000 200.0
240000 0.0
245000 0.0
250000 398.3
255000 100.0
260000 0.0
265000 0.0
270000 0.0
275000 0.0
280000 100.0
285000 100.0
290000 100.0
295000 0.0
300000 200.0
305000 198.2
310000 0.0
315000 0.0
320000 98.6
325000 100.0
330000 0.0
335000 0.0
340000 0.0
345000 98.6
350000 0.0
355000 0.0
360000 100.0
365000 98.8
370000 0.0
375000 100.0
380000 100.0
385000 0.0
390000 0.0
395000 100.0
400000 100.0
405000 0.0
410000 100.0
415000 0.0
420000 97.2
425000 98.6
430000 0.0
435000 100.0
440000 100.0
445000 0.0
450000 0.0
455000 100.0
460000 97.1
465000 0.0
470000 0.0
475000 100.0
480000 100.0
485000 0.0
490000 0.0
495000 0.0
500000 100.0
505000 198.0
510000 200.0
515000 200.0
520000 0.0
525000 200.0
530000 0.0
535000 100.0
540000 0.0
545000 0.0
550000 0.0
555000 100.0
560000 98.2
565000 0.0
570000 0.0
575000 0.0
580000 0.0
585000 100.0
590000 100.0
595000 0.0
600000 0.0
605000 0.0
610000 0.0
615000 0.0
620000 0.0
625000 98.6
630000 100.0
635000 100.0
640000 200.0
645000 97.5
650000 199.9
655000 0.0
660000 0.0
665000 100.0
670000 100.0
675000 100.0
680000 200.0
685000 97.1
690000 0.0
695000 300.0
700000 198.9
705000 0.0
710000 98.8
715000 0.0
720000 197.9
725000 100.0
730000 100.0
735000 99.6
740000 200.0
745000 97.3
750000 0.0
755000 198.4
760000 0.0
765000 0.0
770000 0.0
775000 98.0
780000 0.0
785000 0.0
790000 0.0
795000 97.9
800000 0.0
805000 0.0
810000 0.0
815000 0.0
820000 100.0
825000 99.7
830000 99.7
835000 0.0
840000 0.0
845000 100.0
850000 100.0
855000 99.0
860000 0.0
865000 100.0
870000 0.0
875000 0.0
880000 98.2
885000 0.0
890000 100.0
895000 100.0
900000 100.0
905000 200.0
910000 0.0
915000 100.0
920000 0.0
925000 0.0
930000 200.0
935000 0.0
940000 0.0
945000 0.0
950000 200.0
955000 0.0
960000 0.0
965000 0.0
970000 0.0
975000 0.0
980000 0.0
985000 100.0
990000 0.0
995000 0.0
1000000 100.0
1005000 200.0
1010000 0.0
1015000 99.2
1020000 99.4
1025000 0.0
1030000 97.2
1035000 200.0
1040000 100.0
1045000 297.0
1050000 0.0
1055000 98.9
1060000 196.3
1065000 297.8
1070000 100.0
1075000 98.6
1080000 0.0
1085000 0.0
1090000 100.0
1095000 0.0
1100000 0.0
1105000 198.4
1110000 0.0
1115000 0.0
1120000 100.0
1125000 0.0
1130000 0.0
1135000 0.0
1140000 0.0
1145000 0.0
1150000 0.0
1155000 100.0
1160000 0.0
1165000 100.0
1170000 0.0
1175000 99.5
1180000 100.0
1185000 0.0
1190000 0.0
1195000 99.9
1200000 100.0
1205000 98.2
1210000 100.0
1215000 0.0
1220000 95.2
1225000 0.0
1230000 0.0
1235000 0.0
1240000 0.0
1245000 0.0
1250000 0.0
1255000 0.0
1260000 100.0
1265000 100.0
1270000 0.0
1275000 198.2
1280000 0.0
1285000 100.0
1290000 0.0
1295000 0.0
1300000 97.6
1305000 96.4
1310000 0.0
1315000 0.0
1320000 0.0
1325000 94.6
1330000 0.0
1335000 0.0
1340000 0.0
1345000 0.0
1350000 100.0
1355000 0.0
1360000 100.0
1365000 100.0
1370000 198.2
1375000 0.0
1380000 100.0
1385000 200.0
1390000 0.0
1395000 0.0
1400000 198.1
1405000 200.0
1410000 100.0
1415000 199.5
1420000 100.0
1425000 0.0
1430000 198.1
1435000 100.0
1440000 399.2
1445000 0.0
1450000 0.0
1455000 99.2
1460000 0.0
1465000 96.8
1470000 0.0
1475000 99.5
1480000 0.0
1485000 99.7
1490000 98.6
1495000 100.0
1500000 0.0
1505000 0.0
1510000 295.9
1515000 199.2
1520000 0.0
1525000 100.0
1530000 0.0
1535000 0.0
1540000 297.9
1545000 0.0
1550000 199.4
1555000 0.0
1560000 199.6
1565000 0.0
1570000 0.0
1575000 0.0
1580000 98.5
1585000 0.0
1590000 0.0
1595000 100.0
1600000 0.0
1605000 0.0
1610000 0.0
1615000 5.7
1620000 0.0
1625000 0.0
1630000 126.9
1635000 364.8
1640000 591.9
1645000 511.6
1650000 708.4
1655000 897.2
1660000 846.7
1665000 838.6
1670000 769.3
1675000 884.0
1680000 819.1
1685000 878.3
1690000 882.6
1695000 865.1
1700000 858.9
1705000 827.7
1710000 897.3
1715000 829.2
1720000 843.9
1725000 840.8
1730000 875.6
1735000 854.9
1740000 839.9
1745000 799.5
1750000 851.8
1755000 833.5
1760000 817.0
1765000 731.5
1770000 857.8
1775000 825.8
1780000 860.7
1785000 856.3
1790000 815.9
1795000 822.7
1800000 834.5
1805000 840.9
1810000 859.3
1815000 839.8
1820000 881.6
1825000 844.7
1830000 842.7
1835000 854.2
1840000 833.6
1845000 831.9
1850000 897.2
1855000 835.6
1860000 881.4
1865000 827.2
1870000 801.7
1875000 812.3
1880000 859.6
1885000 816.6
1890000 872.2
1895000 815.3
1900000 829.0
1905000 860.9
1910000 821.3
1915000 883.9
1920000 890.4
1925000 901.3
1930000 845.4
1935000 777.9
1940000 825.7
1945000 795.7
1950000 849.3
1955000 827.5
1960000 847.4
1965000 855.3
1970000 788.4
1975000 867.4
1980000 853.6
1985000 834.1
1990000 847.9
1995000 796.2
2000000 820.4
