5000 1.7
10000 0.0
15000 0.0
20000 27.1
25000 0.0
30000 100.0
35000 0.0
40000 0.0
45000 200.0
50000 100.0
55000 0.0
60000 5.0
65000 107.2
70000 100.0
75000 100.0
80000 100.0
85000 197.5
90000 0.0
95000 100.0
100000 200.0
105000 0.0
110000 98.8
115000 100.0
120000 100.0
125000 0.0
130000 0.0
135000 0.0
140000 100.0
145000 100.0
150000 0.0
155000 100.0
160000 100.0
165000 0.0
170000 97.5
175000 100.0
180000 0.0
185000 0.0
190000 97.9
195000 0.0
200000 0.0
205000 100.0
210000 0.0
215000 0.0
220000 0.0
225000 0.0
230000 200.0
235000 100.0
240000 100.0
245000 100.0
250000 0.0
255000 0.0
260000 99.5
265000 0.0
270000 100.0
275000 0.0
280000 0.0
285000 0.0
290000 100.0
295000 0.0
300000 100.0
305000 100.0
310000 100.0
315000 0.0
320000 0.0
325000 0.0
330000 100.0
335000 200.0
340000 397.5
345000 0.0
350000 0.0
355000 0.0
360000 0.0
365000 0.0
370000 0.0
375000 100.0
380000 0.0
385000 100.0
390000 0.0
395000 100.0
400000 0.0
405000 100.0
410000 100.0
415000 99.7
420000 100.0
425000 0.0
430000 200.0
435000 298.7
440000 0.0
445000 100.0
450000 0.0
455000 0.0
460000 100.0
465000 0.0
470000 0.0
475000 0.0
480000 100.0
485000 296.6
490000 0.0
495000 0.0
500000 100.0
505000 100.0
510000 100.0
515000 0.0
520000 0.0
525000 199.2
530000 0.0
535000 0.0
540000 0.0
545000 0.0
550000 0.0
555000 0.0
560000 0.0
565000 0.0
570000 0.0
575000 200.0
580000 100.0
585000 100.0
590000 0.0
595000 0.0
600000 0.0
605000 0.0
610000 97.5
615000 99.4
620000 0.0
625000 99.6
630000 0.0
635000 0.0
640000 0.0
645000 0.0
650000 97.8
655000 0.0
660000 100.0
665000 0.0
670000 100.0
675000 0.0
680000 100.0
685000 0.0
690000 100.0
695000 100.0
700000 0.0
705000 99.2
710000 100.0
715000 99.1
720000 0.0
725000 100.0
730000 0.0
735000 100.0
740000 100.0
745000 0.0
750000 100.0
755000 0.0
760000 100.0
765000 0.0
770000 0.0
775000 0.0
780000 197.7
785000 0.0
790000 0.0
795000 98.3
800000 0.0
805000 0.0
810000 100.0
815000 0.0
820000 0.0
825000 199.0
830000 0.0
835000 296.6
840000 100.0
845000 0.0
850000 100.0
855000 100.0
860000 99.8
865000 0.0
870000 98.7
875000 0.0
880000 0.0
885000 97.2
890000 198.7
895000 0.0
900000 0.0
905000 0.0
910000 0.0
915000 99.6
920000 0.0
925000 200.0
930000 0.0
935000 0.0
940000 99.2
945000 0.0
950000 100.0
955000 199.8
960000 200.0
965000 100.0
970000 0.0
975000 95.1
980000 100.0
985000 100.0
990000 100.0
995000 100.0
1000000 0.0
1005000 0.0
1010000 100.0
1015000 0.0
1020000 100.0
1025000 0.0
1030000 0.0
1035000 98.1
1040000 100.0
1045000 100.0
1050000 100.0
1055000 99.3
1060000 0.0
1065000 0.0
1070000 99.1
1075000 100.0
1080000 200.0
1085000 0.0
1090000 99.4
1095000 199.5
1100000 196.2
1105000 0.0
1110000 100.0
1115000 0.0
1120000 0.0
1125000 100.0
1130000 196.3
1135000 0.0
1140000 99.3
1145000 100.0
1150000 0.0
1155000 0.0
1160000 0.0
1165000 100.0
1170000 100.0
1175000 100.0
1180000 0.0
1185000 0.0
1190000 0.0
1195000 200.0
1200000 99.7
1205000 100.0
1210000 0.0
1215000 98.4
1220000 100.0
1225000 100.0
1230000 0.0
1235000 11.3
1240000 0.0
1245000 100.0
1250000 0.0
1255000 100.0
1260000 300.0
1265000 100.0
1270000 200.0
1275000 102.8
1280000 0.0
1285000 0.0
1290000 197.8
1295000 0.0
1300000 0.0
1305000 100.0
1310000 0.0
1315000 0.0
1320000 0.0
1325000 0.0
1330000 0.0
1335000 0.0
1340000 100.0
1345000 0.0
1350000 0.0
1355000 0.0
1360000 0.0
1365000 98.0
1370000 100.0
1375000 0.0
1380000 0.0
1385000 0.0
1390000 0.0
1395000 100.0
1400000 200.0
1405000 99.1
1410000 100.0
1415000 0.0
1420000 0.0
1425000 100.0
1430000 0.0
1435000 100.0
1440000 0.0
1445000 100.0
1450000 100.0
1455000 0.0
1460000 100.0
1465000 100.0
1470000 0.0
1475000 100.0
1480000 0.0
1485000 300.0
1490000 100.0
1495000 100.0
1500000 0.0
1505000 0.0
1510000 0.0
1515000 0.0
1520000 0.0
1525000 100.0
1530000 0.0
1535000 0.0
1540000 0.0
1545000 198.0
1550000 196.7
1555000 199.5
1560000 193.5
1565000 0.0
1570000 0.0
1575000 200.0
1580000 200.0
1585000 100.0
1590000 100.0
1595000 0.0
1600000 0.0
1605000 0.0
1610000 100.0
1615000 99.3
1620000 0.0
1625000 0.0
1630000 100.0
1635000 0.0
1640000 100.0
1645000 0.0
1650000 100.0
1655000 0.0
1660000 98.5
1665000 0.0
1670000 0.0
1675000 198.0
1680000 0.0
1685000 100.0
1690000 0.0
1695000 0.0
1700000 0.0
1705000 0.0
1710000 0.0
1715000 199.5
1720000 0.0
1725000 198.4
1730000 0.0
1735000 0.0
1740000 0.0
1745000 200.0
1750000 0.0
1755000 0.0
1760000 0.0
1765000 100.0
1770000 0.0
1775000 0.0
1780000 0.0
1785000 100.0
1790000 99.4
1795000 0.0
1800000 0.0
1805000 0.0
1810000 100.0
1815000 0.0
1820000 100.0
1825000 0.0
1830000 100.0
1835000 100.0
1840000 0.0
1845000 0.0
1850000 100.0
1855000 199.8
1860000 100.0
1865000 0.0
1870000 100.0
1875000 194.0
1880000 0.0
1885000 0.0
1890000 0.0
1895000 0.0
1900000 0.0
1905000 0.0
1910000 98.8
1915000 100.0
1920000 0.0
1925000 100.0
1930000 0.0
1935000 96.8
1940000 0.0
1945000 198.0
1950000 0.0
1955000 98.3
1960000 98.8
1965000 100.0
1970000 0.0
1975000 98.2
1980000 100.0
1985000 100.0
1990000 100.0
1995000 199.9
2000000 0.0
