5000 0.0
10000 0.0
15000 3.2
20000 11.9
25000 0.0
30000 0.0
35000 0.0
40000 6.7
45000 0.0
50000 0.0
55000 198.1
60000 0.0
65000 0.0
70000 0.0
75000 100.0
80000 100.0
85000 0.0
90000 100.0
95000 0.0
100000 0.0
105000 98.2
110000 0.0
115000 0.0
120000 0.0
125000 198.9
130000 100.0
135000 100.0
140000 0.0
145000 100.0
150000 0.0
155000 100.0
160000 100.0
165000 199.6
170000 16.2
175000 106.9
180000 514.9
185000 548.6
190000 433.8
195000 574.1
200000 580.0
205000 820.6
210000 660.5
215000 857.0
220000 867.3
225000 869.8
230000 786.0
235000 808.3
240000 807.0
245000 785.3
250000 832.6
255000 850.0
260000 749.1
265000 843.1
270000 825.3
275000 822.9
280000 840.9
285000 895.7
290000 827.6
295000 821.2
300000 823.8
305000 796.7
310000 847.3
315000 808.2
320000 836.2
325000 574.7
330000 830.1
335000 789.1
340000 738.7
345000 809.8
350000 806.9
355000 812.0
360000 789.2
365000 789.6
370000 778.0
375000 820.2
380000 821.7
385000 828.4
390000 829.9
395000 872.7
400000 814.0
405000 842.4
410000 879.7
415000 801.1
420000 863.2
425000 851.4
430000 831.1
435000 817.7
440000 852.7
445000 809.2
450000 849.1
455000 884.3
460000 822.5
465000 839.9
470000 823.7
475000 857.0
480000 783.1
485000 431.1
490000 903.1
495000 616.3
500000 918.6
505000 876.6
510000 759.4
515000 702.2
520000 751.8
525000 857.7
530000 633.0
535000 827.2
540000 808.3
545000 852.3
550000 840.7
555000 901.0
560000 845.7
565000 844.3
570000 862.0
575000 806.1
580000 829.5
585000 816.9
590000 858.5
595000 817.5
600000 849.2
605000 823.2
610000 879.5
615000 857.6
620000 826.1
625000 850.0
630000 852.6
635000 781.6
640000 844.9
645000 697.7
650000 796.7
655000 788.2
660000 795.4
665000 771.6
670000 569.4
675000 850.5
680000 798.4
685000 848.0
690000 874.6
695000 855.7
700000 814.8
705000 834.4
710000 795.1
715000 832.1
720000 891.5
725000 825.0
730000 833.5
735000 866.6
740000 878.3
745000 751.5
750000 860.7
755000 858.6
760000 828.4
765000 856.8
770000 796.3
775000 895.0
780000 863.5
785000 839.1
790000 849.8
795000 873.3
800000 835.4
805000 635.9
810000 895.9
815000 795.3
820000 842.1
825000 831.4
830000 857.1
835000 895.6
840000 796.9
845000 792.4
850000 858.8
855000 748.6
860000 820.0
865000 825.3
870000 892.8
875000 836.9
880000 810.2
885000 868.4
890000 811.0
895000 878.6
900000 838.7
905000 823.0
910000 794.2
915000 852.9
920000 849.5
925000 867.1
930000 808.3
935000 831.5
940000 826.3
945000 845.9
950000 821.0
955000 813.8
960000 794.8
965000 594.3
970000 853.5
975000 871.8
980000 501.8
985000 826.9
990000 896.7
995000 705.4
1000000 753.2
1005000 795.8
1010000 871.1
1015000 841.7
1020000 819.9
1025000 814.6
1030000 837.6
1035000 883.4
1040000 860.0
1045000 803.1
1050000 868.2
1055000 831.9
1060000 843.5
1065000 842.0
1070000 823.0
1075000 707.9
1080000 674.8
1085000 816.6
1090000 743.8
1095000 841.9
1100000 814.4
1105000 857.9
1110000 853.5
1115000 801.5
1120000 869.3
1125000 795.0
1130000 775.7
1135000 866.3
1140000 839.8
1145000 880.5
1150000 831.4
1155000 876.8
1160000 849.6
1165000 915.0
1170000 747.5
1175000 896.2
1180000 827.3
1185000 822.2
1190000 784.4
1195000 849.7
1200000 671.3
1205000 513.0
1210000 595.1
1215000 685.1
1220000 752.6
1225000 646.9
1230000 837.8
1235000 858.4
1240000 826.0
1245000 815.9
1250000 852.3
1255000 875.3
1260000 844.5
1265000 765.1
1270000 861.7
1275000 852.8
1280000 903.0
1285000 721.0
1290000 833.1
1295000 820.1
1300000 817.1
1305000 823.2
1310000 869.8
1315000 833.5
1320000 885.6
1325000 866.2
1330000 853.8
1335000 799.8
1340000 818.6
1345000 867.3
1350000 873.0
1355000 761.5
1360000 897.3
1365000 895.1
1370000 869.7
1375000 878.1
1380000 909.5
1385000 868.3
1390000 807.0
1395000 812.2
1400000 780.7
1405000 797.3
1410000 850.7
1415000 853.0
1420000 816.3
1425000 842.6
1430000 853.2
1435000 841.3
1440000 778.1
1445000 540.0
1450000 691.2
1455000 821.2
1460000 826.3
1465000 830.0
1470000 766.7
1475000 787.3
1480000 875.3
1485000 878.5
1490000 807.7
1495000 840.7
1500000 825.0
1505000 835.4
1510000 856.4
1515000 866.1
1520000 832.9
1525000 797.0
1530000 874.1
1535000 859.9
1540000 821.7
1545000 809.2
1550000 796.6
1555000 880.7
1560000 851.5
1565000 873.1
1570000 833.5
1575000 837.6
1580000 809.3
1585000 814.2
1590000 843.7
1595000 854.7
1600000 821.1
1605000 764.7
1610000 499.8
1615000 726.7
1620000 739.3
1625000 849.4
1630000 850.3
1635000 851.3
1640000 822.3
1645000 900.0
1650000 819.7
1655000 855.2
1660000 833.6
1665000 780.4
1670000 804.8
1675000 860.8
1680000 844.4
1685000 806.3
1690000 826.8
1695000 835.3
1700000 820.0
1705000 856.4
1710000 889.3
1715000 838.6
1720000 825.0
1725000 830.3
1730000 835.0
1735000 806.4
1740000 835.1
1745000 869.8
1750000 810.8
1755000 849.2
1760000 869.8
1765000 703.5
1770000 861.4
1775000 777.0
1780000 889.5
1785000 860.2
1790000 789.0
1795000 818.6
1800000 871.9
1805000 830.6
1810000 900.0
1815000 806.8
1820000 849.2
1825000 775.1
1830000 844.2
1835000 870.8
1840000 862.9
1845000 874.9
1850000 834.9
1855000 850.7
1860000 844.6
1865000 877.3
1870000 871.0
1875000 863.4
1880000 821.8
1885000 858.9
1890000 860.4
1895000 868.7
1900000 866.2
1905000 824.8
1910000 851.2
1915000 839.7
1920000 837.9
1925000 832.2
1930000 890.9
1935000 862.8
1940000 834.4
1945000 881.9
1950000 832.8
1955000 815.7
1960000 868.7
1965000 817.1
1970000 842.5
1975000 807.8
1980000 887.8
1985000 881.3
1990000 891.0
1995000 855.6
2000000 891.2
