5000 0.0
10000 2.3
15000 3.6
20000 0.0
25000 9.5
30000 0.0
35000 16.9
40000 1.0
45000 0.0
50000 621.0
55000 543.6
60000 609.0
65000 728.0
70000 529.2
75000 687.2
80000 845.6
85000 882.5
90000 733.5
95000 783.2
100000 752.2
105000 787.1
110000 770.2
115000 869.0
120000 674.6
125000 786.4
130000 760.9
135000 837.5
140000 759.5
145000 836.1
150000 443.1
155000 669.4
160000 834.6
165000 668.2
170000 789.3
175000 678.9
180000 562.0
185000 882.5
190000 774.4
195000 735.3
200000 872.9
205000 814.9
210000 758.1
215000 669.2
220000 811.6
225000 775.0
230000 877.6
235000 845.1
240000 848.9
245000 797.9
250000 824.4
255000 839.6
260000 868.8
265000 865.0
270000 906.9
275000 858.8
280000 828.8
285000 809.1
290000 761.4
295000 812.5
300000 841.1
305000 839.0
310000 875.8
315000 874.9
320000 775.2
325000 724.9
330000 757.9
335000 601.1
340000 649.5
345000 698.2
350000 792.4
355000 846.6
360000 810.3
365000 796.2
370000 796.5
375000 802.0
380000 885.2
385000 868.1
390000 840.2
395000 883.8
400000 846.0
405000 819.3
410000 758.7
415000 800.7
420000 833.2
425000 837.7
430000 817.6
435000 823.1
440000 845.8
445000 815.4
450000 786.0
455000 877.0
460000 849.9
465000 771.6
470000 826.9
475000 850.5
480000 857.6
485000 588.6
490000 761.7
495000 670.0
500000 921.6
505000 860.4
510000 854.9
515000 779.2
520000 668.5
525000 847.3
530000 874.4
535000 783.0
540000 904.8
545000 823.0
550000 812.2
555000 753.7
560000 817.1
565000 742.2
570000 802.7
575000 880.2
580000 852.4
585000 854.1
590000 836.0
595000 828.1
600000 853.3
605000 817.6
610000 835.9
615000 834.6
620000 855.0
625000 831.6
630000 851.0
635000 810.0
640000 837.8
645000 670.4
650000 798.6
655000 678.9
660000 862.9
665000 855.2
670000 850.8
675000 849.7
680000 861.6
685000 848.7
690000 887.9
695000 922.5
700000 790.2
705000 864.2
710000 822.3
715000 834.0
720000 857.3
725000 873.6
730000 847.9
735000 845.0
740000 856.5
745000 871.0
750000 856.5
755000 791.6
760000 819.4
765000 849.4
770000 831.9
775000 830.9
780000 805.4
785000 867.9
790000 868.3
795000 863.1
800000 896.0
805000 843.5
810000 836.3
815000 764.7
820000 664.9
825000 612.9
830000 737.5
835000 714.9
840000 772.1
845000 848.6
850000 813.2
855000 446.4
860000 846.1
865000 864.9
870000 894.7
875000 853.3
880000 581.4
885000 761.8
890000 863.9
895000 800.9
900000 833.9
905000 834.7
910000 852.9
915000 842.8
920000 858.3
925000 830.7
930000 883.2
935000 825.3
940000 857.8
945000 859.4
950000 869.6
955000 848.9
960000 814.8
965000 786.8
970000 473.8
975000 772.8
980000 797.0
985000 757.5
990000 841.8
995000 868.9
1000000 694.9
1005000 759.6
1010000 762.5
1015000 854.9
1020000 815.2
1025000 857.0
1030000 837.8
1035000 787.8
1040000 794.7
1045000 800.5
1050000 845.6
1055000 817.2
1060000 845.1
1065000 848.0
1070000 883.4
1075000 814.0
1080000 783.7
1085000 864.5
1090000 837.9
1095000 762.6
1100000 863.0
1105000 829.7
1110000 790.5
1115000 800.2
1120000 892.5
1125000 396.0
1130000 839.0
1135000 775.3
1140000 849.3
1145000 820.5
1150000 845.7
1155000 843.6
1160000 804.4
1165000 791.3
1170000 776.7
1175000 851.4
1180000 783.0
1185000 754.9
1190000 767.7
1195000 844.7
1200000 875.8
1205000 803.1
1210000 831.9
1215000 826.2
1220000 790.4
1225000 825.7
1230000 837.0
1235000 904.3
1240000 874.0
1245000 817.6
1250000 800.5
1255000 842.0
1260000 826.2
1265000 821.1
1270000 803.1
1275000 855.9
1280000 871.5
1285000 595.6
1290000 771.9
1295000 891.4
1300000 830.0
1305000 801.5
1310000 847.2
1315000 832.0
1320000 797.8
1325000 864.0
1330000 704.5
1335000 863.1
1340000 865.1
1345000 831.9
1350000 610.2
1355000 758.8
1360000 828.3
1365000 854.0
1370000 843.1
1375000 843.3
1380000 842.0
1385000 797.5
1390000 818.5
1395000 863.8
1400000 808.5
1405000 839.9
1410000 827.4
1415000 825.5
1420000 862.9
1425000 832.2
1430000 821.8
1435000 838.6
1440000 870.5
1445000 696.7
1450000 837.5
1455000 816.5
1460000 875.7
1465000 875.9
1470000 866.1
1475000 881.6
1480000 850.5
1485000 822.0
1490000 858.7
1495000 812.9
1500000 838.6
1505000 851.1
1510000 841.5
1515000 836.1
1520000 911.3
1525000 834.2
1530000 880.7
1535000 838.1
1540000 804.4
1545000 876.8
1550000 863.9
1555000 861.4
1560000 861.7
1565000 845.5
1570000 829.9
1575000 861.0
1580000 878.0
1585000 804.6
1590000 776.3
1595000 808.3
1600000 848.8
1605000 851.8
1610000 734.7
1615000 825.6
1620000 779.4
1625000 673.2
1630000 864.6
1635000 888.7
1640000 855.1
1645000 817.6
1650000 854.2
1655000 835.2
1660000 797.3
1665000 843.6
1670000 879.7
1675000 820.9
1680000 821.6
1685000 888.5
1690000 694.5
1695000 794.4
1700000 832.4
1705000 870.0
1710000 848.0
1715000 863.3
1720000 850.5
1725000 865.8
1730000 849.0
1735000 801.3
1740000 831.1
1745000 848.6
1750000 886.3
1755000 882.4
1760000 841.7
1765000 856.5
1770000 760.2
1775000 883.2
1780000 848.1
1785000 821.7
1790000 820.8
1795000 800.6
1800000 820.5
1805000 885.5
1810000 859.7
1815000 850.8
1820000 815.4
1825000 845.2
1830000 827.8
1835000 817.1
1840000 809.6
1845000 823.0
1850000 782.5
1855000 876.9
1860000 852.1
1865000 831.7
1870000 842.5
1875000 810.5
1880000 854.0
1885000 912.7
1890000 849.1
1895000 860.1
1900000 807.5
1905000 828.9
1910000 813.6
1915000 899.5
1920000 842.8
1925000 867.6
1930000 839.9
1935000 851.9
1940000 864.1
1945000 857.5
1950000 824.5
1955000 822.1
1960000 878.6
1965000 768.5
1970000 879.8
1975000 800.8
1980000 851.3
1985000 820.9
1990000 823.7
1995000 877.0
2000000 855.5
