5000 35.4
10000 0.6
15000 76.5
20000 23.5
25000 119.7
30000 145.1
35000 110.3
40000 174.1
45000 150.6
50000 175.2
55000 174.9
60000 200.5
65000 389.6
70000 336.6
75000 433.1
80000 256.8
85000 447.4
90000 558.6
95000 408.3
100000 635.1
105000 575.9
110000 438.1
115000 696.3
120000 634.3
125000 636.6
130000 733.0
135000 721.8
140000 478.9
145000 628.1
150000 711.2
155000 795.8
160000 806.9
165000 500.7
170000 797.0
175000 799.5
180000 825.3
185000 750.3
190000 814.2
195000 835.0
200000 838.4
205000 698.2
210000 721.0
215000 839.9
220000 824.6
225000 757.3
230000 729.9
235000 770.0
240000 862.8
245000 840.9
250000 865.1
255000 873.4
260000 877.6
265000 656.7
270000 866.9
275000 874.7
280000 873.4
285000 827.0
290000 871.1
295000 882.1
300000 873.7
305000 783.9
310000 847.0
315000 887.5
320000 884.8
325000 843.7
330000 855.2
335000 880.1
340000 887.3
345000 849.7
350000 882.5
355000 883.3
360000 892.3
365000 828.5
370000 852.1
375000 864.2
380000 887.1
385000 829.5
390000 888.9
395000 861.7
400000 888.7
405000 791.6
410000 874.3
415000 875.6
420000 897.4
425000 820.0
430000 840.6
435000 805.4
440000 886.7
445000 851.0
450000 860.0
455000 878.7
460000 846.7
465000 777.2
470000 837.8
475000 349.0
480000 856.8
485000 856.5
490000 870.1
495000 894.9
500000 898.2
505000 831.4
510000 886.1
515000 897.3
520000 893.8
525000 869.5
530000 892.4
535000 889.0
540000 893.5
545000 758.8
550000 869.8
555000 852.4
560000 885.3
565000 641.0
570000 887.8
575000 896.6
580000 894.5
585000 885.7
590000 826.0
595000 900.0
600000 905.8
605000 881.6
610000 878.9
615000 898.0
620000 894.9
625000 696.9
630000 887.9
635000 894.0
640000 894.0
645000 782.6
650000 815.6
655000 892.3
660000 891.3
665000 821.9
670000 887.8
675000 898.6
680000 898.9
685000 834.3
690000 892.4
695000 887.5
700000 881.1
705000 866.9
710000 880.2
715000 897.3
720000 900.7
725000 855.7
730000 887.3
735000 886.9
740000 895.9
745000 569.1
750000 873.9
755000 898.2
760000 899.7
765000 880.0
770000 808.3
775000 888.7
780000 899.9
785000 826.0
790000 874.2
795000 848.9
800000 899.9
805000 864.8
810000 885.8
815000 894.8
820000 900.4
825000 887.8
830000 859.9
835000 898.5
840000 897.9
845000 866.4
850000 895.6
855000 895.8
860000 907.3
865000 846.4
870000 893.5
875000 901.5
880000 897.0
885000 788.6
890000 892.1
895000 886.5
900000 893.2
905000 809.5
910000 805.7
915000 894.1
920000 899.2
925000 834.3
930000 885.8
935000 886.6
940000 900.1
945000 855.5
950000 859.5
955000 892.2
960000 903.5
965000 832.6
970000 900.5
975000 903.2
980000 905.5
985000 862.3
990000 890.5
995000 875.4
1000000 895.2
1005000 794.3
1010000 887.1
1015000 892.5
1020000 898.3
1025000 860.0
1030000 844.1
1035000 906.0
1040000 906.1
1045000 742.6
1050000 886.8
1055000 898.9
1060000 904.8
1065000 849.1
1070000 903.8
1075000 904.9
1080000 909.6
1085000 807.3
1090000 898.1
1095000 903.7
1100000 906.4
1105000 859.6
1110000 894.9
1115000 902.2
1120000 903.9
1125000 819.1
1130000 903.3
1135000 907.6
1140000 909.4
1145000 735.8
1150000 893.8
1155000 896.9
1160000 911.2
1165000 853.9
1170000 899.5
1175000 896.3
1180000 909.7
1185000 652.1
1190000 882.8
1195000 902.8
1200000 904.5
1205000 850.7
1210000 896.0
1215000 896.2
1220000 911.6
1225000 690.5
1230000 892.4
1235000 902.7
1240000 906.0
1245000 492.1
1250000 886.5
1255000 899.0
1260000 907.0
1265000 851.6
1270000 898.3
1275000 900.6
1280000 907.8
1285000 867.4
1290000 902.6
1295000 658.4
1300000 848.5
1305000 809.9
1310000 856.5
1315000 903.9
1320000 906.7
1325000 769.7
1330000 899.5
1335000 909.1
1340000 905.3
1345000 774.5
1350000 904.5
1355000 906.0
1360000 886.2
1365000 671.9
1370000 905.4
1375000 903.6
1380000 903.4
1385000 793.1
1390000 897.8
1395000 908.4
1400000 909.3
1405000 769.0
1410000 833.0
1415000 906.5
1420000 907.7
1425000 747.6
1430000 902.0
1435000 901.3
1440000 902.1
1445000 856.2
1450000 896.9
1455000 901.1
1460000 907.9
1465000 862.1
1470000 820.0
1475000 903.8
1480000 906.9
1485000 812.2
1490000 903.6
1495000 906.7
1500000 905.1
1505000 702.0
1510000 893.9
1515000 904.6
1520000 905.9
1525000 801.5
1530000 895.0
1535000 896.6
1540000 911.9
1545000 718.6
1550000 903.4
1555000 906.3
1560000 909.6
1565000 751.2
1570000 703.6
1575000 891.9
1580000 889.0
1585000 760.2
1590000 907.4
1595000 893.7
1600000 892.8
1605000 699.7
1610000 888.0
1615000 908.0
1620000 909.7
1625000 633.0
1630000 902.9
1635000 908.1
1640000 907.6
1645000 782.4
1650000 901.8
1655000 843.3
1660000 910.6
1665000 767.6
1670000 880.7
1675000 833.5
1680000 910.0
1685000 859.4
1690000 905.8
1695000 907.2
1700000 905.7
1705000 808.8
1710000 904.3
1715000 898.4
1720000 910.5
1725000 835.2
1730000 900.6
1735000 907.4
1740000 908.7
1745000 764.7
1750000 823.7
1755000 907.4
1760000 909.9
1765000 819.5
1770000 872.9
1775000 891.0
1780000 843.0
1785000 717.4
1790000 872.3
1795000 911.9
1800000 906.7
1805000 866.7
1810000 884.0
1815000 906.3
1820000 909.5
1825000 806.8
1830000 901.6
1835000 907.1
1840000 909.9
1845000 816.8
1850000 896.5
1855000 908.0
1860000 903.3
1865000 868.8
1870000 902.2
1875000 905.2
1880000 906.0
1885000 849.7
1890000 893.7
1895000 904.7
1900000 910.9
1905000 794.4
1910000 889.3
1915000 901.4
1920000 843.8
1925000 747.7
1930000 858.7
1935000 909.6
1940000 911.9
1945000 819.4
1950000 836.4
1955000 906.1
1960000 900.8
1965000 786.9
1970000 902.7
1975000 907.8
1980000 907.8
1985000 386.4
1990000 899.0
1995000 909.1
2000000 821.1
