5000 16.0
10000 2.0
15000 122.6
20000 147.1
25000 202.1
30000 98.1
35000 84.3
40000 148.1
45000 177.2
50000 51.5
55000 45.6
60000 60.7
65000 220.2
70000 225.3
75000 187.0
80000 338.2
85000 415.0
90000 523.5
95000 470.8
100000 302.0
105000 455.1
110000 716.9
115000 731.9
120000 745.9
125000 591.3
130000 769.4
135000 794.7
140000 805.5
145000 800.2
150000 816.5
155000 826.6
160000 840.7
165000 809.2
170000 846.4
175000 857.0
180000 800.4
185000 855.2
190000 866.5
195000 868.8
200000 877.6
205000 836.4
210000 879.0
215000 883.6
220000 890.5
225000 706.0
230000 886.0
235000 852.4
240000 892.0
245000 773.5
250000 891.9
255000 897.3
260000 888.5
265000 831.0
270000 891.8
275000 887.3
280000 892.2
285000 892.6
290000 887.0
295000 856.3
300000 891.9
305000 893.1
310000 895.4
315000 895.0
320000 890.2
325000 829.5
330000 889.2
335000 894.4
340000 895.2
345000 868.7
350000 886.8
355000 895.1
360000 899.6
365000 881.5
370000 897.7
375000 902.3
380000 896.8
385000 891.2
390000 890.7
395000 893.4
400000 900.4
405000 792.1
410000 897.3
415000 898.5
420000 902.0
425000 869.5
430000 894.2
435000 900.3
440000 889.1
445000 882.1
450000 898.8
455000 897.6
460000 903.8
465000 849.0
470000 898.6
475000 900.2
480000 904.3
485000 886.9
490000 895.0
495000 903.8
500000 907.2
505000 858.5
510000 895.2
515000 899.2
520000 904.4
525000 871.8
530000 871.8
535000 899.4
540000 902.5
545000 726.6
550000 894.7
555000 905.2
560000 905.7
565000 883.3
570000 902.4
575000 908.8
580000 910.1
585000 841.4
590000 896.3
595000 833.7
600000 907.3
605000 859.5
610000 895.3
615000 833.0
620000 884.4
625000 897.2
630000 905.1
635000 905.9
640000 908.0
645000 708.0
650000 900.9
655000 907.9
660000 904.1
665000 879.3
670000 907.0
675000 906.8
680000 906.8
685000 893.9
690000 902.9
695000 905.0
700000 905.6
705000 879.6
710000 905.1
715000 909.5
720000 910.2
725000 891.6
730000 894.3
735000 907.1
740000 905.9
745000 897.8
750000 890.0
755000 907.2
760000 899.5
765000 898.9
770000 900.4
775000 901.1
780000 909.2
785000 893.3
790000 902.5
795000 907.7
800000 912.1
805000 895.6
810000 909.3
815000 909.5
820000 907.0
825000 756.0
830000 906.9
835000 908.9
840000 899.5
845000 900.7
850000 908.0
855000 907.7
860000 912.2
865000 898.5
870000 910.8
875000 907.2
880000 904.4
885000 899.1
890000 906.4
895000 906.6
900000 910.1
905000 713.5
910000 902.1
915000 906.0
920000 911.3
925000 878.9
930000 894.2
935000 910.0
940000 913.9
945000 893.9
950000 906.4
955000 910.0
960000 911.7
965000 902.3
970000 905.6
975000 909.2
980000 898.7
985000 882.2
990000 900.3
995000 907.8
1000000 908.9
1005000 859.1
1010000 906.9
1015000 908.0
1020000 914.2
1025000 889.2
1030000 911.0
1035000 909.8
1040000 913.1
1045000 718.0
1050000 906.0
1055000 911.4
1060000 912.6
1065000 892.4
1070000 911.5
1075000 913.2
1080000 915.3
1085000 603.1
1090000 906.1
1095000 913.2
1100000 916.1
1105000 793.3
1110000 910.8
1115000 911.8
1120000 917.4
1125000 803.0
1130000 912.7
1135000 917.5
1140000 916.8
1145000 813.8
1150000 906.2
1155000 914.1
1160000 912.0
1165000 822.5
1170000 909.2
1175000 915.2
1180000 917.3
1185000 897.1
1190000 909.7
1195000 911.6
1200000 916.3
1205000 897.7
1210000 907.7
1215000 913.4
1220000 914.8
1225000 893.3
1230000 910.6
1235000 914.3
1240000 914.2
1245000 804.7
1250000 912.8
1255000 911.9
1260000 869.4
1265000 818.4
1270000 885.5
1275000 913.0
1280000 915.6
1285000 550.2
1290000 909.9
1295000 911.1
1300000 912.5
1305000 897.3
1310000 909.2
1315000 915.6
1320000 908.1
1325000 755.3
1330000 904.8
1335000 912.9
1340000 916.8
1345000 905.5
1350000 916.1
1355000 914.1
1360000 914.7
1365000 856.1
1370000 910.1
1375000 913.2
1380000 914.6
1385000 893.4
1390000 914.9
1395000 912.9
1400000 910.0
1405000 845.5
1410000 913.1
1415000 906.2
1420000 914.5
1425000 898.9
1430000 909.3
1435000 914.6
1440000 915.7
1445000 888.3
1450000 911.5
1455000 916.1
1460000 913.1
1465000 832.3
1470000 913.8
1475000 909.4
1480000 904.5
1485000 814.1
1490000 913.4
1495000 914.0
1500000 918.5
1505000 869.9
1510000 907.1
1515000 913.5
1520000 917.1
1525000 697.2
1530000 912.1
1535000 914.7
1540000 915.9
1545000 874.0
1550000 910.7
1555000 918.6
1560000 918.6
1565000 893.4
1570000 912.8
1575000 917.3
1580000 915.2
1585000 865.4
1590000 914.3
1595000 908.5
1600000 910.2
1605000 616.8
1610000 914.1
1615000 916.5
1620000 915.6
1625000 726.6
1630000 908.2
1635000 914.3
1640000 918.1
1645000 863.4
1650000 899.6
1655000 918.0
1660000 914.4
1665000 875.6
1670000 911.3
1675000 916.5
1680000 914.2
1685000 651.1
1690000 911.6
1695000 914.7
1700000 914.8
1705000 822.2
1710000 890.4
1715000 916.2
1720000 917.5
1725000 898.3
1730000 913.3
1735000 913.5
1740000 916.5
1745000 899.2
1750000 910.8
1755000 63.1
1760000 913.1
1765000 820.2
1770000 886.4
1775000 911.3
1780000 916.3
1785000 786.9
1790000 914.7
1795000 912.8
1800000 910.8
1805000 889.2
1810000 912.0
1815000 917.2
1820000 915.6
1825000 908.0
1830000 915.6
1835000 920.3
1840000 916.4
1845000 903.7
1850000 907.3
1855000 916.4
1860000 916.7
1865000 903.2
1870000 897.4
1875000 917.3
1880000 914.4
1885000 811.0
1890000 903.2
1895000 910.3
1900000 917.0
1905000 891.9
1910000 915.1
1915000 913.8
1920000 917.1
1925000 680.3
1930000 910.3
1935000 915.5
1940000 916.0
1945000 900.5
1950000 900.1
1955000 907.6
1960000 917.8
1965000 828.1
1970000 914.1
1975000 905.2
1980000 914.2
1985000 840.8
1990000 911.5
1995000 911.7
2000000 919.0
