5000 24.4
10000 0.3
15000 101.3
20000 120.8
25000 155.8
30000 175.4
35000 154.9
40000 158.8
45000 133.6
50000 220.5
55000 207.0
60000 197.1
65000 167.9
70000 309.6
75000 392.5
80000 456.4
85000 575.1
90000 572.6
95000 615.4
100000 544.2
105000 610.5
110000 663.4
115000 574.7
120000 622.6
125000 659.1
130000 678.3
135000 725.6
140000 685.6
145000 692.9
150000 751.3
155000 717.7
160000 755.7
165000 730.6
170000 745.9
175000 733.6
180000 691.7
185000 758.9
190000 744.0
195000 703.7
200000 742.8
205000 707.7
210000 765.1
215000 761.5
220000 735.2
225000 497.5
230000 682.6
235000 763.6
240000 798.1
245000 553.3
250000 717.1
255000 78.8
260000 30.7
265000 735.3
270000 813.7
275000 796.9
280000 800.9
285000 755.9
290000 726.1
295000 795.4
300000 141.7
305000 744.6
310000 785.9
315000 829.2
320000 853.4
325000 777.4
330000 810.3
335000 817.8
340000 831.0
345000 734.2
350000 737.9
355000 757.5
360000 811.7
365000 707.3
370000 807.9
375000 735.7
380000 830.7
385000 535.5
390000 826.7
395000 849.4
400000 839.6
405000 781.0
410000 811.4
415000 753.2
420000 736.2
425000 670.8
430000 800.7
435000 829.7
440000 841.0
445000 572.5
450000 863.1
455000 826.0
460000 857.8
465000 813.4
470000 847.5
475000 859.0
480000 847.0
485000 798.9
490000 817.8
495000 862.9
500000 878.4
505000 861.6
510000 873.0
515000 894.4
520000 873.0
525000 834.0
530000 864.3
535000 869.1
540000 885.3
545000 861.8
550000 866.8
555000 867.4
560000 869.5
565000 845.2
570000 865.3
575000 891.9
580000 894.1
585000 865.1
590000 890.5
595000 895.3
600000 894.8
605000 867.4
610000 880.1
615000 890.5
620000 892.4
625000 850.0
630000 901.9
635000 891.1
640000 893.8
645000 879.6
650000 892.4
655000 892.3
660000 890.8
665000 867.3
670000 889.9
675000 892.0
680000 897.0
685000 879.0
690000 890.7
695000 888.9
700000 894.6
705000 861.9
710000 893.4
715000 896.5
720000 894.3
725000 835.7
730000 846.2
735000 894.5
740000 901.3
745000 820.7
750000 894.9
755000 897.0
760000 901.0
765000 874.2
770000 845.5
775000 895.9
780000 898.0
785000 870.4
790000 894.6
795000 815.8
800000 894.2
805000 891.4
810000 897.4
815000 899.0
820000 896.7
825000 819.9
830000 875.2
835000 899.2
840000 896.6
845000 880.8
850000 893.2
855000 899.9
860000 898.8
865000 858.6
870000 900.3
875000 899.8
880000 891.9
885000 797.3
890000 889.7
895000 870.8
900000 898.5
905000 868.5
910000 880.7
915000 901.6
920000 897.6
925000 867.8
930000 902.7
935000 904.8
940000 881.0
945000 886.5
950000 900.9
955000 905.0
960000 904.6
965000 893.6
970000 896.4
975000 899.2
980000 901.5
985000 829.3
990000 899.2
995000 820.8
1000000 897.1
1005000 819.5
1010000 869.5
1015000 907.6
1020000 908.6
1025000 808.3
1030000 888.6
1035000 907.3
1040000 904.8
1045000 817.1
1050000 891.6
1055000 904.0
1060000 905.9
1065000 880.7
1070000 886.6
1075000 907.0
1080000 903.7
1085000 564.5
1090000 902.6
1095000 840.9
1100000 906.8
1105000 779.1
1110000 895.7
1115000 902.2
1120000 904.9
1125000 691.1
1130000 905.2
1135000 901.6
1140000 902.9
1145000 821.5
1150000 902.5
1155000 902.0
1160000 905.8
1165000 823.2
1170000 877.5
1175000 905.8
1180000 909.4
1185000 868.2
1190000 900.0
1195000 899.5
1200000 822.1
1205000 854.9
1210000 904.2
1215000 905.5
1220000 903.8
1225000 612.1
1230000 886.0
1235000 902.2
1240000 906.0
1245000 826.4
1250000 904.2
1255000 904.8
1260000 908.9
1265000 871.0
1270000 905.0
1275000 906.2
1280000 837.2
1285000 511.9
1290000 899.2
1295000 904.8
1300000 908.3
1305000 890.4
1310000 903.4
1315000 907.5
1320000 906.8
1325000 817.6
1330000 900.4
1335000 908.5
1340000 908.3
1345000 841.2
1350000 900.4
1355000 903.8
1360000 909.0
1365000 886.1
1370000 883.0
1375000 908.0
1380000 909.3
1385000 829.2
1390000 908.8
1395000 909.0
1400000 896.8
1405000 594.7
1410000 899.6
1415000 906.4
1420000 909.1
1425000 738.9
1430000 901.9
1435000 909.4
1440000 883.7
1445000 700.0
1450000 828.5
1455000 910.7
1460000 908.0
1465000 553.6
1470000 897.6
1475000 910.0
1480000 909.3
1485000 691.3
1490000 903.8
1495000 903.1
1500000 909.7
1505000 766.3
1510000 903.2
1515000 911.4
1520000 912.2
1525000 789.1
1530000 905.8
1535000 911.7
1540000 911.7
1545000 495.4
1550000 898.9
1555000 902.0
1560000 910.1
1565000 886.2
1570000 910.0
1575000 911.5
1580000 909.5
1585000 861.6
1590000 903.7
1595000 910.3
1600000 913.5
1605000 838.5
1610000 908.2
1615000 907.3
1620000 908.3
1625000 819.8
1630000 689.3
1635000 905.9
1640000 913.6
1645000 859.8
1650000 903.2
1655000 870.7
1660000 911.0
1665000 882.0
1670000 912.6
1675000 908.6
1680000 911.4
1685000 844.2
1690000 911.1
1695000 911.1
1700000 908.8
1705000 901.1
1710000 895.5
1715000 904.3
1720000 912.5
1725000 836.0
1730000 874.9
1735000 913.2
1740000 912.7
1745000 864.6
1750000 908.4
1755000 910.9
1760000 912.7
1765000 865.6
1770000 908.9
1775000 911.0
1780000 905.7
1785000 835.4
1790000 904.5
1795000 913.4
1800000 910.9
1805000 869.0
1810000 910.3
1815000 912.4
1820000 911.4
1825000 897.8
1830000 911.3
1835000 905.2
1840000 912.6
1845000 742.3
1850000 908.0
1855000 906.1
1860000 906.0
1865000 877.0
1870000 912.8
1875000 911.7
1880000 913.1
1885000 888.1
1890000 908.5
1895000 898.3
1900000 913.7
1905000 897.2
1910000 904.7
1915000 907.5
1920000 910.5
1925000 883.8
1930000 908.9
1935000 912.5
1940000 914.8
1945000 893.7
1950000 908.4
1955000 913.5
1960000 912.3
1965000 807.7
1970000 907.8
1975000 13.6
1980000 911.4
1985000 715.7
1990000 903.8
1995000 907.2
2000000 906.0
