5000 8.8
10000 0.6
15000 106.6
20000 102.1
25000 121.9
30000 107.3
35000 87.8
40000 45.0
45000 46.5
50000 57.6
55000 38.8
60000 57.7
65000 33.0
70000 52.5
75000 33.6
80000 87.7
85000 263.7
90000 247.6
95000 389.8
100000 340.1
105000 275.6
110000 481.1
115000 541.0
120000 473.9
125000 674.4
130000 654.7
135000 757.6
140000 781.2
145000 769.1
150000 779.4
155000 818.4
160000 626.7
165000 822.5
170000 862.7
175000 854.4
180000 868.0
185000 833.2
190000 867.5
195000 870.3
200000 872.9
205000 823.4
210000 866.7
215000 837.5
220000 884.7
225000 874.3
230000 871.3
235000 885.3
240000 868.9
245000 874.8
250000 873.1
255000 886.1
260000 891.1
265000 817.7
270000 887.6
275000 889.1
280000 894.8
285000 871.3
290000 891.7
295000 885.1
300000 896.0
305000 845.3
310000 896.0
315000 889.3
320000 888.0
325000 859.9
330000 890.3
335000 890.9
340000 892.7
345000 860.9
350000 887.1
355000 892.7
360000 896.0
365000 890.0
370000 895.6
375000 889.7
380000 900.9
385000 875.4
390000 771.0
395000 892.2
400000 885.7
405000 877.9
410000 891.1
415000 896.9
420000 898.2
425000 889.3
430000 899.7
435000 905.2
440000 870.5
445000 892.8
450000 894.7
455000 902.1
460000 900.8
465000 863.7
470000 895.2
475000 901.3
480000 902.3
485000 892.4
490000 892.9
495000 900.9
500000 898.2
505000 898.8
510000 900.9
515000 900.0
520000 900.5
525000 887.1
530000 897.7
535000 902.6
540000 900.4
545000 893.3
550000 896.4
555000 901.8
560000 906.1
565000 883.7
570000 899.8
575000 903.3
580000 905.9
585000 895.3
590000 902.2
595000 892.6
600000 907.1
605000 824.4
610000 901.9
615000 902.6
620000 899.8
625000 834.3
630000 900.4
635000 895.3
640000 905.6
645000 882.8
650000 905.7
655000 908.9
660000 906.9
665000 827.9
670000 909.2
675000 902.3
680000 906.6
685000 891.2
690000 901.2
695000 908.2
700000 904.5
705000 894.3
710000 906.2
715000 905.6
720000 909.2
725000 880.5
730000 905.1
735000 905.2
740000 903.7
745000 893.2
750000 903.7
755000 910.0
760000 910.3
765000 889.5
770000 903.7
775000 906.0
780000 909.9
785000 898.7
790000 894.8
795000 908.0
800000 907.6
805000 891.3
810000 906.1
815000 905.7
820000 907.2
825000 893.7
830000 903.8
835000 904.6
840000 911.1
845000 885.6
850000 903.2
855000 908.3
860000 908.3
865000 893.1
870000 840.6
875000 907.8
880000 906.8
885000 886.6
890000 900.4
895000 909.0
900000 908.5
905000 896.4
910000 907.5
915000 907.8
920000 875.9
925000 879.5
930000 897.9
935000 909.1
940000 908.6
945000 893.3
950000 896.7
955000 908.2
960000 758.6
965000 890.6
970000 897.5
975000 902.5
980000 911.8
985000 901.3
990000 902.9
995000 905.0
1000000 908.3
1005000 900.3
1010000 877.3
1015000 905.8
1020000 911.2
1025000 895.4
1030000 860.0
1035000 909.9
1040000 911.2
1045000 896.8
1050000 905.8
1055000 908.9
1060000 912.5
1065000 901.2
1070000 912.2
1075000 901.8
1080000 913.1
1085000 902.5
1090000 882.7
1095000 913.0
1100000 914.2
1105000 861.7
1110000 911.6
1115000 909.6
1120000 916.1
1125000 901.3
1130000 906.7
1135000 913.2
1140000 897.9
1145000 886.7
1150000 909.6
1155000 828.8
1160000 910.6
1165000 887.3
1170000 909.8
1175000 913.6
1180000 914.7
1185000 896.2
1190000 913.5
1195000 918.2
1200000 918.4
1205000 872.4
1210000 907.7
1215000 913.1
1220000 918.4
1225000 901.9
1230000 913.9
1235000 914.6
1240000 915.5
1245000 818.9
1250000 913.1
1255000 916.8
1260000 916.4
1265000 900.1
1270000 914.1
1275000 918.5
1280000 914.8
1285000 887.7
1290000 722.7
1295000 912.1
1300000 918.8
1305000 899.8
1310000 914.7
1315000 917.8
1320000 915.9
1325000 880.6
1330000 891.5
1335000 918.3
1340000 916.6
1345000 895.6
1350000 912.7
1355000 913.3
1360000 915.0
1365000 637.0
1370000 908.4
1375000 915.7
1380000 841.3
1385000 892.4
1390000 907.6
1395000 913.6
1400000 919.3
1405000 877.1
1410000 911.5
1415000 919.2
1420000 920.3
1425000 748.7
1430000 904.1
1435000 916.1
1440000 918.2
1445000 883.6
1450000 917.5
1455000 915.4
1460000 916.7
1465000 871.5
1470000 909.2
1475000 897.0
1480000 674.8
1485000 844.1
1490000 916.3
1495000 917.4
1500000 917.8
1505000 896.7
1510000 912.5
1515000 908.1
1520000 919.7
1525000 590.8
1530000 913.6
1535000 917.5
1540000 918.4
1545000 906.4
1550000 917.0
1555000 826.3
1560000 921.3
1565000 571.1
1570000 914.2
1575000 915.7
1580000 921.0
1585000 810.2
1590000 916.0
1595000 906.1
1600000 919.9
1605000 838.2
1610000 873.3
1615000 731.9
1620000 4.3
1625000 904.4
1630000 908.5
1635000 903.7
1640000 915.8
1645000 886.1
1650000 908.2
1655000 918.8
1660000 915.5
1665000 876.6
1670000 914.8
1675000 918.2
1680000 918.0
1685000 849.1
1690000 914.7
1695000 917.5
1700000 919.0
1705000 896.8
1710000 908.7
1715000 919.6
1720000 920.5
1725000 906.4
1730000 913.7
1735000 917.9
1740000 917.0
1745000 895.8
1750000 912.5
1755000 918.9
1760000 919.6
1765000 898.5
1770000 911.2
1775000 920.6
1780000 917.6
1785000 888.4
1790000 914.0
1795000 914.4
1800000 761.0
1805000 903.7
1810000 908.5
1815000 895.3
1820000 916.5
1825000 903.6
1830000 918.5
1835000 918.4
1840000 920.0
1845000 894.7
1850000 914.5
1855000 915.9
1860000 917.3
1865000 668.5
1870000 916.5
1875000 914.4
1880000 921.3
1885000 812.4
1890000 917.2
1895000 916.0
1900000 915.5
1905000 905.4
1910000 911.6
1915000 918.3
1920000 917.2
1925000 892.2
1930000 911.7
1935000 917.4
1940000 920.6
1945000 909.2
1950000 912.9
1955000 899.5
1960000 918.7
1965000 896.2
1970000 904.0
1975000 915.4
1980000 918.2
1985000 904.3
1990000 904.2
1995000 919.6
2000000 918.5
