5000 3.3
10000 0.8
15000 92.8
20000 200.9
25000 177.4
30000 200.6
35000 198.2
40000 176.9
45000 253.9
50000 242.0
55000 186.8
60000 155.4
65000 233.1
70000 293.1
75000 186.4
80000 298.5
85000 412.1
90000 422.2
95000 439.8
100000 453.9
105000 505.3
110000 440.3
115000 511.8
120000 568.7
125000 585.9
130000 578.2
135000 695.7
140000 552.0
145000 655.7
150000 579.4
155000 733.3
160000 762.5
165000 730.1
170000 767.5
175000 780.5
180000 855.3
185000 798.4
190000 858.1
195000 843.6
200000 865.0
205000 839.5
210000 848.9
215000 860.4
220000 846.4
225000 725.2
230000 853.3
235000 887.6
240000 846.6
245000 798.4
250000 882.0
255000 892.9
260000 883.0
265000 838.5
270000 882.0
275000 878.2
280000 882.8
285000 862.1
290000 884.1
295000 892.2
300000 890.1
305000 823.5
310000 882.8
315000 890.7
320000 886.7
325000 854.4
330000 866.0
335000 877.2
340000 891.9
345000 881.5
350000 889.9
355000 895.9
360000 894.9
365000 882.8
370000 888.9
375000 888.3
380000 166.3
385000 875.1
390000 898.1
395000 886.1
400000 897.0
405000 629.1
410000 584.0
415000 901.9
420000 902.0
425000 882.0
430000 902.1
435000 897.7
440000 898.5
445000 877.3
450000 899.1
455000 902.2
460000 901.1
465000 872.3
470000 891.4
475000 903.2
480000 900.4
485000 863.0
490000 899.9
495000 900.9
500000 899.6
505000 895.8
510000 897.5
515000 900.6
520000 903.7
525000 884.4
530000 898.5
535000 902.2
540000 904.4
545000 892.9
550000 896.4
555000 904.9
560000 906.6
565000 866.7
570000 899.0
575000 906.3
580000 900.4
585000 888.2
590000 898.6
595000 902.2
600000 904.3
605000 881.7
610000 897.0
615000 900.6
620000 904.4
625000 889.2
630000 904.1
635000 903.3
640000 900.2
645000 867.0
650000 901.5
655000 904.8
660000 905.8
665000 859.2
670000 902.2
675000 904.1
680000 904.5
685000 834.0
690000 903.9
695000 902.5
700000 904.5
705000 887.8
710000 903.8
715000 904.4
720000 906.1
725000 902.1
730000 903.7
735000 906.3
740000 906.5
745000 896.5
750000 902.5
755000 902.0
760000 898.4
765000 869.0
770000 891.8
775000 904.0
780000 904.9
785000 866.4
790000 907.3
795000 904.8
800000 904.5
805000 881.8
810000 905.4
815000 899.6
820000 906.3
825000 882.9
830000 899.0
835000 906.8
840000 903.9
845000 903.8
850000 903.8
855000 907.3
860000 908.1
865000 880.3
870000 904.0
875000 900.4
880000 904.1
885000 878.3
890000 900.5
895000 909.2
900000 904.5
905000 890.2
910000 904.6
915000 902.3
920000 905.0
925000 894.0
930000 906.1
935000 910.2
940000 906.5
945000 820.8
950000 905.5
955000 902.9
960000 908.7
965000 894.3
970000 906.6
975000 906.3
980000 911.5
985000 649.8
990000 898.0
995000 904.9
1000000 906.4
1005000 895.5
1010000 908.0
1015000 907.1
1020000 909.4
1025000 844.4
1030000 901.9
1035000 906.9
1040000 909.7
1045000 892.4
1050000 904.1
1055000 907.1
1060000 892.0
1065000 901.3
1070000 898.3
1075000 908.2
1080000 910.1
1085000 873.9
1090000 909.9
1095000 910.0
1100000 911.2
1105000 834.5
1110000 909.3
1115000 910.7
1120000 908.4
1125000 811.3
1130000 906.3
1135000 907.0
1140000 907.3
1145000 864.5
1150000 905.2
1155000 904.4
1160000 911.9
1165000 742.6
1170000 894.5
1175000 906.6
1180000 912.4
1185000 864.5
1190000 860.4
1195000 910.9
1200000 911.8
1205000 633.1
1210000 900.3
1215000 898.6
1220000 910.4
1225000 808.3
1230000 906.0
1235000 911.2
1240000 910.7
1245000 877.6
1250000 907.8
1255000 908.4
1260000 903.7
1265000 872.3
1270000 906.7
1275000 912.3
1280000 911.3
1285000 853.9
1290000 902.8
1295000 910.0
1300000 911.6
1305000 878.8
1310000 905.4
1315000 909.5
1320000 720.3
1325000 847.0
1330000 911.2
1335000 910.0
1340000 909.8
1345000 825.1
1350000 822.6
1355000 912.3
1360000 914.3
1365000 546.9
1370000 907.8
1375000 911.4
1380000 910.5
1385000 782.4
1390000 912.0
1395000 910.1
1400000 905.7
1405000 821.8
1410000 906.2
1415000 908.4
1420000 912.4
1425000 685.1
1430000 906.1
1435000 910.2
1440000 909.8
1445000 687.9
1450000 911.3
1455000 905.8
1460000 907.0
1465000 328.9
1470000 910.8
1475000 910.1
1480000 910.7
1485000 888.7
1490000 909.0
1495000 911.8
1500000 909.7
1505000 888.0
1510000 907.3
1515000 911.4
1520000 912.8
1525000 862.9
1530000 909.9
1535000 910.7
1540000 914.4
1545000 870.0
1550000 688.9
1555000 906.4
1560000 914.2
1565000 787.4
1570000 907.4
1575000 868.8
1580000 914.6
1585000 889.8
1590000 907.8
1595000 911.7
1600000 914.5
1605000 800.0
1610000 908.1
1615000 907.4
1620000 914.3
1625000 903.7
1630000 911.8
1635000 914.9
1640000 917.1
1645000 890.2
1650000 910.6
1655000 911.5
1660000 899.2
1665000 849.6
1670000 911.1
1675000 913.7
1680000 912.9
1685000 849.0
1690000 905.2
1695000 909.6
1700000 915.1
1705000 732.9
1710000 908.4
1715000 909.8
1720000 858.9
1725000 901.0
1730000 907.3
1735000 911.4
1740000 909.2
1745000 877.5
1750000 912.2
1755000 910.7
1760000 913.1
1765000 889.9
1770000 912.6
1775000 912.7
1780000 910.7
1785000 899.2
1790000 910.1
1795000 910.7
1800000 911.7
1805000 900.1
1810000 913.8
1815000 910.6
1820000 914.5
1825000 847.4
1830000 913.6
1835000 912.4
1840000 909.3
1845000 761.8
1850000 904.7
1855000 909.6
1860000 915.3
1865000 904.0
1870000 898.4
1875000 913.5
1880000 914.6
1885000 897.5
1890000 911.0
1895000 908.9
1900000 912.3
1905000 901.7
1910000 913.3
1915000 916.0
1920000 915.3
1925000 900.0
1930000 915.2
1935000 914.6
1940000 915.7
1945000 894.9
1950000 908.3
1955000 910.8
1960000 915.9
1965000 889.7
1970000 911.9
1975000 912.0
1980000 915.7
1985000 896.8
1990000 913.3
1995000 914.3
2000000 916.3
