5000 251.2
10000 226.8
15000 230.2
20000 359.3
25000 104.8
30000 214.9
35000 193.4
40000 196.2
45000 112.4
50000 226.7
55000 97.7
60000 14.5
65000 192.6
70000 377.4
75000 377.7
80000 307.7
85000 15.7
90000 193.1
95000 66.7
100000 670.6
105000 53.0
110000 111.8
115000 354.3
120000 266.8
125000 145.9
130000 203.7
135000 484.9
140000 83.2
145000 319.5
150000 103.9
155000 425.2
160000 305.0
165000 92.6
170000 303.9
175000 241.2
180000 554.3
185000 201.1
190000 157.9
195000 267.2
200000 326.5
205000 109.2
210000 344.7
215000 156.1
220000 272.4
225000 198.8
230000 276.4
235000 366.8
240000 484.5
245000 678.7
250000 316.2
255000 455.7
260000 409.4
265000 551.2
270000 392.9
275000 518.5
280000 239.7
285000 540.3
290000 153.8
295000 362.7
300000 398.7
305000 449.2
310000 204.2
315000 111.4
320000 313.8
325000 438.4
330000 255.7
335000 208.8
340000 340.8
345000 413.2
350000 373.7
355000 512.2
360000 446.3
365000 565.0
370000 183.1
375000 393.8
380000 340.5
385000 254.4
390000 352.8
395000 413.2
400000 173.0
405000 495.2
410000 552.9
415000 651.7
420000 364.2
425000 615.2
430000 514.6
435000 539.3
440000 504.7
445000 358.2
450000 367.8
455000 489.9
460000 341.6
465000 487.7
470000 438.8
475000 155.1
480000 454.5
485000 397.3
490000 314.7
495000 615.2
500000 465.3
505000 656.4
510000 252.3
515000 202.5
520000 388.7
525000 350.7
530000 13.3
535000 656.4
540000 435.4
545000 295.4
550000 658.3
555000 551.1
560000 204.0
565000 424.9
570000 261.2
575000 457.2
580000 379.4
585000 647.7
590000 244.9
595000 240.6
600000 450.3
605000 221.1
610000 771.5
615000 690.2
620000 425.5
625000 327.1
630000 737.2
635000 557.8
640000 355.0
645000 567.4
650000 420.3
655000 455.0
660000 301.3
665000 381.0
670000 159.5
675000 654.2
680000 259.4
685000 699.3
690000 445.2
695000 340.4
700000 381.4
705000 505.2
710000 471.4
715000 725.8
720000 379.4
725000 254.7
730000 291.1
735000 464.4
740000 389.2
745000 543.0
750000 525.0
755000 429.6
760000 564.4
765000 302.0
770000 229.7
775000 558.1
780000 553.2
785000 411.8
790000 279.1
795000 223.4
800000 424.7
805000 479.4
810000 509.8
815000 217.3
820000 582.0
825000 425.3
830000 618.4
835000 605.6
840000 245.0
845000 552.7
850000 585.4
855000 208.6
860000 252.9
865000 120.7
870000 496.0
875000 277.1
880000 580.3
885000 156.3
890000 253.9
895000 397.8
900000 712.7
905000 445.6
910000 322.8
915000 379.3
920000 466.1
925000 64.3
930000 604.7
935000 617.8
940000 314.1
945000 251.1
950000 183.9
955000 273.8
960000 590.7
965000 333.9
970000 435.7
975000 590.2
980000 415.4
985000 447.9
990000 383.0
995000 298.4
1000000 559.2
1005000 203.5
1010000 486.1
1015000 429.1
1020000 428.6
1025000 445.4
1030000 435.0
1035000 316.8
1040000 509.3
1045000 516.4
1050000 304.6
1055000 279.8
1060000 652.1
1065000 600.4
1070000 462.6
1075000 301.7
1080000 299.7
1085000 251.2
1090000 489.6
1095000 516.0
1100000 315.4
1105000 80.1
1110000 311.9
1115000 428.8
1120000 397.9
1125000 344.6
1130000 591.8
1135000 598.7
1140000 349.2
1145000 327.1
1150000 580.8
1155000 445.2
1160000 514.8
1165000 196.7
1170000 454.9
1175000 449.0
1180000 473.5
1185000 110.7
1190000 322.6
1195000 490.7
1200000 818.5
1205000 377.3
1210000 383.5
1215000 431.1
1220000 238.9
1225000 386.8
1230000 197.5
1235000 577.5
1240000 588.2
1245000 218.2
1250000 451.7
1255000 248.8
1260000 416.9
1265000 463.7
1270000 439.5
1275000 303.8
1280000 578.6
1285000 500.3
1290000 272.2
1295000 283.1
1300000 606.4
1305000 248.4
1310000 486.8
1315000 441.4
1320000 565.2
1325000 233.5
1330000 372.4
1335000 459.3
1340000 629.4
1345000 536.7
1350000 290.3
1355000 466.4
1360000 743.4
1365000 323.0
1370000 185.9
1375000 785.3
1380000 427.6
1385000 254.5
1390000 246.1
1395000 338.7
1400000 265.6
1405000 534.8
1410000 268.4
1415000 639.3
1420000 826.4
1425000 552.9
1430000 523.7
1435000 621.6
1440000 444.0
1445000 227.8
1450000 253.2
1455000 493.0
1460000 335.8
1465000 352.1
1470000 358.8
1475000 394.6
1480000 369.2
1485000 280.3
1490000 471.9
1495000 408.1
1500000 274.6
1505000 479.3
1510000 517.4
1515000 265.0
1520000 604.8
1525000 447.9
1530000 622.0
1535000 639.1
1540000 495.1
1545000 288.6
1550000 378.6
1555000 443.3
1560000 300.8
1565000 549.6
1570000 446.0
1575000 525.7
1580000 323.7
1585000 278.1
1590000 419.6
1595000 330.4
1600000 152.7
1605000 361.2
1610000 397.6
1615000 518.0
1620000 452.5
1625000 404.7
1630000 645.2
1635000 498.1
1640000 453.9
1645000 421.0
1650000 165.1
1655000 508.7
1660000 277.8
1665000 302.6
1670000 535.4
1675000 667.9
1680000 168.1
1685000 115.8
1690000 566.3
1695000 428.0
1700000 283.5
1705000 492.1
1710000 453.3
1715000 228.5
1720000 145.7
1725000 436.1
1730000 257.8
1735000 357.1
1740000 78.2
1745000 387.3
1750000 407.7
1755000 205.6
1760000 391.7
1765000 352.9
1770000 718.2
1775000 361.2
1780000 379.7
1785000 455.0
1790000 263.5
1795000 585.9
1800000 190.8
1805000 214.4
1810000 467.1
1815000 441.5
1820000 404.4
1825000 365.5
1830000 428.7
1835000 479.9
1840000 242.0
1845000 27.3
1850000 562.6
1855000 302.8
1860000 357.6
1865000 368.6
1870000 219.1
1875000 382.1
1880000 533.9
1885000 361.4
1890000 338.4
1895000 399.1
1900000 432.3
1905000 409.0
1910000 599.3
1915000 320.2
1920000 406.6
1925000 622.8
1930000 371.2
1935000 361.7
1940000 207.7
1945000 438.3
1950000 258.0
1955000 268.3
1960000 571.0
1965000 456.3
1970000 347.0
1975000 188.1
1980000 461.0
1985000 519.7
1990000 357.2
1995000 556.2
2000000 569.2
