5000 47.5
10000 217.9
15000 160.2
20000 18.2
25000 365.6
30000 270.4
35000 33.0
40000 102.9
45000 187.2
50000 12.0
55000 99.7
60000 143.4
65000 101.5
70000 207.5
75000 471.6
80000 324.4
85000 204.5
90000 201.9
95000 178.4
100000 220.2
105000 209.9
110000 287.4
115000 265.8
120000 297.0
125000 415.2
130000 80.3
135000 181.3
140000 267.2
145000 252.4
150000 279.0
155000 114.9
160000 292.8
165000 86.5
170000 480.5
175000 180.0
180000 161.0
185000 201.4
190000 215.6
195000 561.9
200000 452.9
205000 204.9
210000 616.3
215000 451.2
220000 518.4
225000 306.3
230000 294.0
235000 363.8
240000 379.0
245000 439.5
250000 452.8
255000 264.4
260000 515.0
265000 318.7
270000 262.3
275000 340.9
280000 555.1
285000 526.8
290000 358.0
295000 614.3
300000 526.6
305000 345.7
310000 387.9
315000 374.8
320000 454.2
325000 288.2
330000 405.4
335000 539.8
340000 356.5
345000 345.6
350000 455.4
355000 608.2
360000 412.6
365000 464.0
370000 327.6
375000 343.1
380000 383.1
385000 273.3
390000 457.7
395000 371.1
400000 256.1
405000 471.2
410000 326.8
415000 418.6
420000 574.4
425000 455.9
430000 326.6
435000 337.8
440000 175.3
445000 458.6
450000 444.8
455000 605.1
460000 302.8
465000 282.2
470000 244.0
475000 456.9
480000 604.1
485000 472.2
490000 359.0
495000 108.1
500000 406.1
505000 301.8
510000 606.5
515000 476.7
520000 516.3
525000 244.9
530000 460.0
535000 615.9
540000 358.1
545000 428.7
550000 217.9
555000 473.5
560000 261.2
565000 310.2
570000 306.0
575000 679.3
580000 397.2
585000 168.3
590000 527.5
595000 559.4
600000 368.8
605000 695.4
610000 378.2
615000 641.9
620000 289.1
625000 453.3
630000 145.1
635000 487.1
640000 273.0
645000 276.8
650000 624.8
655000 350.5
660000 479.5
665000 480.8
670000 493.7
675000 483.9
680000 421.3
685000 456.5
690000 713.0
695000 516.6
700000 404.9
705000 516.7
710000 505.6
715000 765.5
720000 335.6
725000 344.3
730000 261.7
735000 465.2
740000 383.8
745000 362.1
750000 474.3
755000 360.7
760000 308.4
765000 492.0
770000 355.8
775000 637.5
780000 557.1
785000 418.9
790000 268.7
795000 438.0
800000 288.7
805000 235.1
810000 226.8
815000 390.9
820000 273.1
825000 451.8
830000 470.3
835000 465.9
840000 364.4
845000 356.9
850000 487.6
855000 393.7
860000 501.8
865000 434.5
870000 591.0
875000 423.6
880000 493.4
885000 368.1
890000 573.3
895000 356.6
900000 489.7
905000 204.0
910000 554.2
915000 363.9
920000 255.1
925000 636.2
930000 530.0
935000 662.5
940000 500.5
945000 546.9
950000 357.4
955000 349.4
960000 509.0
965000 381.5
970000 575.2
975000 520.5
980000 470.3
985000 468.1
990000 501.5
995000 200.0
1000000 581.8
1005000 186.5
1010000 390.9
1015000 654.7
1020000 645.0
1025000 280.5
1030000 414.2
1035000 367.5
1040000 460.3
1045000 608.5
1050000 386.9
1055000 516.7
1060000 297.2
1065000 378.4
1070000 414.7
1075000 557.0
1080000 615.8
1085000 593.0
1090000 473.7
1095000 426.7
1100000 672.1
1105000 276.4
1110000 398.7
1115000 605.3
1120000 653.0
1125000 265.1
1130000 517.2
1135000 519.0
1140000 496.3
1145000 261.4
1150000 669.9
1155000 467.7
1160000 360.8
1165000 371.4
1170000 475.4
1175000 720.1
1180000 182.5
1185000 443.2
1190000 412.8
1195000 350.8
1200000 343.6
1205000 305.9
1210000 403.8
1215000 584.7
1220000 607.6
1225000 351.5
1230000 316.3
1235000 275.5
1240000 335.3
1245000 383.1
1250000 422.4
1255000 305.2
1260000 689.8
1265000 255.8
1270000 222.1
1275000 335.8
1280000 346.2
1285000 427.5
1290000 528.1
1295000 339.6
1300000 677.3
1305000 520.5
1310000 339.3
1315000 425.4
1320000 559.1
1325000 522.6
1330000 518.9
1335000 332.4
1340000 488.4
1345000 362.4
1350000 563.5
1355000 285.8
1360000 653.7
1365000 325.4
1370000 486.5
1375000 650.5
1380000 771.8
1385000 343.3
1390000 9.2
1395000 492.5
1400000 501.3
1405000 182.2
1410000 437.7
1415000 260.5
1420000 329.7
1425000 111.1
1430000 479.9
1435000 445.3
1440000 292.5
1445000 344.8
1450000 352.9
1455000 414.8
1460000 341.2
1465000 355.5
1470000 276.6
1475000 204.3
1480000 405.2
1485000 313.2
1490000 367.4
1495000 275.0
1500000 394.8
1505000 242.7
1510000 694.6
1515000 719.1
1520000 227.4
1525000 327.2
1530000 296.6
1535000 591.8
1540000 440.5
1545000 453.3
1550000 394.7
1555000 454.0
1560000 695.7
1565000 306.4
1570000 237.3
1575000 212.1
1580000 456.5
1585000 249.3
1590000 338.4
1595000 214.8
1600000 270.9
1605000 484.4
1610000 739.7
1615000 475.9
1620000 626.8
1625000 444.3
1630000 377.6
1635000 555.8
1640000 283.5
1645000 385.4
1650000 329.2
1655000 339.4
1660000 476.4
1665000 523.2
1670000 586.2
1675000 788.9
1680000 317.1
1685000 276.9
1690000 493.1
1695000 643.5
1700000 419.2
1705000 347.9
1710000 324.9
1715000 261.2
1720000 250.8
1725000 428.4
1730000 546.6
1735000 337.3
1740000 211.3
1745000 169.2
1750000 679.7
1755000 354.4
1760000 451.8
1765000 377.5
1770000 468.1
1775000 499.6
1780000 591.0
1785000 484.6
1790000 631.6
1795000 535.3
1800000 558.1
1805000 349.2
1810000 354.2
1815000 389.0
1820000 592.1
1825000 612.7
1830000 353.2
1835000 512.2
1840000 466.7
1845000 321.9
1850000 271.9
1855000 391.7
1860000 465.0
1865000 274.3
1870000 474.4
1875000 476.1
1880000 308.7
1885000 563.1
1890000 345.4
1895000 343.0
1900000 285.6
1905000 460.5
1910000 495.4
1915000 502.2
1920000 377.5
1925000 434.1
1930000 484.4
1935000 604.3
1940000 281.5
1945000 602.2
1950000 374.6
1955000 406.7
1960000 141.9
1965000 340.3
1970000 523.0
1975000 605.2
1980000 852.1
1985000 435.8
1990000 182.6
1995000 444.0
2000000 551.7
