5000 80.5
10000 276.0
15000 167.0
20000 199.2
25000 266.5
30000 99.0
35000 181.3
40000 79.2
45000 165.8
50000 235.6
55000 112.4
60000 199.8
65000 369.2
70000 112.9
75000 389.9
80000 108.3
85000 197.4
90000 256.0
95000 202.1
100000 312.1
105000 462.2
110000 182.4
115000 205.8
120000 311.4
125000 154.1
130000 376.2
135000 112.2
140000 298.7
145000 464.2
150000 108.7
155000 118.7
160000 342.7
165000 400.1
170000 289.3
175000 336.1
180000 218.3
185000 370.0
190000 318.9
195000 443.3
200000 298.4
205000 381.8
210000 184.1
215000 268.3
220000 201.9
225000 436.1
230000 259.1
235000 178.2
240000 378.8
245000 214.2
250000 490.5
255000 235.8
260000 209.1
265000 247.1
270000 363.5
275000 626.2
280000 548.2
285000 401.1
290000 362.8
295000 251.0
300000 385.7
305000 451.0
310000 298.8
315000 260.8
320000 82.0
325000 244.1
330000 290.0
335000 204.7
340000 424.4
345000 246.6
350000 687.1
355000 366.3
360000 410.7
365000 269.8
370000 425.4
375000 251.4
380000 187.0
385000 264.1
390000 515.8
395000 522.4
400000 209.0
405000 337.9
410000 377.8
415000 489.3
420000 592.1
425000 264.7
430000 266.3
435000 443.9
440000 300.4
445000 549.9
450000 284.0
455000 474.5
460000 352.6
465000 282.6
470000 208.7
475000 211.9
480000 401.0
485000 382.2
490000 485.4
495000 659.5
500000 287.3
505000 268.5
510000 260.3
515000 565.1
520000 496.4
525000 469.2
530000 621.1
535000 352.5
540000 243.2
545000 403.7
550000 400.4
555000 309.4
560000 387.9
565000 536.3
570000 545.8
575000 374.6
580000 646.0
585000 416.3
590000 398.7
595000 272.6
600000 584.9
605000 512.9
610000 395.1
615000 421.2
620000 442.5
625000 456.1
630000 596.2
635000 725.4
640000 607.5
645000 294.7
650000 270.3
655000 451.9
660000 373.9
665000 320.1
670000 305.1
675000 256.5
680000 285.5
685000 508.2
690000 245.6
695000 471.7
700000 491.8
705000 676.7
710000 299.6
715000 425.4
720000 604.1
725000 382.6
730000 405.3
735000 262.4
740000 248.7
745000 206.8
750000 431.4
755000 475.2
760000 381.7
765000 246.7
770000 311.5
775000 432.0
780000 617.1
785000 606.5
790000 345.2
795000 529.3
800000 317.1
805000 258.3
810000 481.7
815000 360.7
820000 525.8
825000 625.1
830000 547.6
835000 414.0
840000 429.5
845000 405.0
850000 345.7
855000 618.7
860000 434.2
865000 407.4
870000 264.8
875000 431.8
880000 464.6
885000 612.6
890000 341.4
895000 331.7
900000 292.4
905000 286.3
910000 399.0
915000 702.1
920000 355.8
925000 368.0
930000 252.3
935000 440.8
940000 603.8
945000 384.7
950000 524.6
955000 256.2
960000 280.9
965000 511.1
970000 355.9
975000 337.7
980000 547.2
985000 340.1
990000 567.2
995000 361.0
1000000 10.6
1005000 401.2
1010000 341.6
1015000 557.9
1020000 280.8
1025000 441.5
1030000 689.1
1035000 442.4
1040000 420.4
1045000 300.6
1050000 312.1
1055000 401.5
1060000 484.2
1065000 523.2
1070000 403.2
1075000 562.2
1080000 366.4
1085000 494.4
1090000 213.0
1095000 522.8
1100000 682.8
1105000 388.6
1110000 347.9
1115000 663.4
1120000 530.9
1125000 318.2
1130000 561.8
1135000 313.8
1140000 324.7
1145000 437.3
1150000 413.3
1155000 154.4
1160000 463.7
1165000 293.4
1170000 648.2
1175000 288.4
1180000 536.2
1185000 229.0
1190000 381.4
1195000 461.3
1200000 494.2
1205000 578.2
1210000 293.3
1215000 331.3
1220000 310.3
1225000 404.5
1230000 256.6
1235000 269.4
1240000 236.8
1245000 125.3
1250000 272.9
1255000 530.7
1260000 437.2
1265000 340.7
1270000 213.9
1275000 438.5
1280000 284.6
1285000 424.8
1290000 412.5
1295000 491.7
1300000 661.9
1305000 304.1
1310000 327.7
1315000 450.8
1320000 367.8
1325000 464.3
1330000 386.3
1335000 526.0
1340000 365.0
1345000 506.8
1350000 289.5
1355000 520.5
1360000 754.7
1365000 553.1
1370000 429.9
1375000 168.0
1380000 594.1
1385000 504.3
1390000 348.2
1395000 465.7
1400000 736.9
1405000 662.3
1410000 392.2
1415000 380.9
1420000 516.0
1425000 353.6
1430000 562.6
1435000 635.1
1440000 736.0
1445000 542.2
1450000 543.6
1455000 297.1
1460000 312.3
1465000 314.8
1470000 365.2
1475000 296.5
1480000 525.0
1485000 426.7
1490000 509.3
1495000 304.4
1500000 464.3
1505000 301.4
1510000 367.3
1515000 514.2
1520000 546.3
1525000 230.2
1530000 637.1
1535000 284.9
1540000 685.1
1545000 720.8
1550000 265.8
1555000 545.6
1560000 268.4
1565000 459.5
1570000 158.6
1575000 425.0
1580000 558.5
1585000 475.8
1590000 361.9
1595000 508.8
1600000 294.2
1605000 526.9
1610000 370.9
1615000 445.4
1620000 241.5
1625000 300.9
1630000 518.3
1635000 365.3
1640000 150.6
1645000 168.8
1650000 381.8
1655000 624.9
1660000 366.9
1665000 503.2
1670000 604.3
1675000 632.9
1680000 567.6
1685000 176.4
1690000 419.2
1695000 472.0
1700000 78.6
1705000 539.7
1710000 387.0
1715000 489.9
1720000 547.7
1725000 367.7
1730000 616.4
1735000 381.8
1740000 322.7
1745000 159.2
1750000 443.9
1755000 291.7
1760000 621.4
1765000 753.6
1770000 514.0
1775000 417.6
1780000 99.7
1785000 426.9
1790000 614.7
1795000 520.3
1800000 324.8
1805000 443.7
1810000 645.1
1815000 638.4
1820000 421.7
1825000 290.8
1830000 613.2
1835000 476.9
1840000 513.1
1845000 117.9
1850000 466.5
1855000 418.9
1860000 452.2
1865000 104.2
1870000 363.5
1875000 430.1
1880000 339.0
1885000 324.5
1890000 394.8
1895000 385.7
1900000 211.1
1905000 629.5
1910000 395.8
1915000 336.5
1920000 465.2
1925000 349.9
1930000 713.0
1935000 151.6
1940000 575.4
1945000 623.2
1950000 574.3
1955000 538.2
1960000 486.6
1965000 258.1
1970000 234.8
1975000 404.2
1980000 340.1
1985000 271.9
1990000 226.2
1995000 433.0
2000000 409.3
