5000 180.6
10000 114.3
15000 80.5
20000 82.0
25000 253.8
30000 203.2
35000 149.9
40000 341.3
45000 522.0
50000 257.9
55000 298.0
60000 294.9
65000 152.0
70000 464.8
75000 19.4
80000 387.2
85000 265.1
90000 303.2
95000 563.3
100000 480.4
105000 15.8
110000 403.1
115000 381.8
120000 205.8
125000 397.9
130000 449.5
135000 548.8
140000 211.2
145000 191.0
150000 358.5
155000 299.8
160000 292.0
165000 404.4
170000 472.4
175000 196.3
180000 433.1
185000 159.5
190000 251.7
195000 454.5
200000 349.9
205000 53.7
210000 316.5
215000 402.0
220000 225.7
225000 334.1
230000 244.9
235000 540.5
240000 260.2
245000 417.9
250000 273.2
255000 302.5
260000 223.9
265000 494.8
270000 484.9
275000 680.8
280000 302.2
285000 559.4
290000 391.7
295000 576.6
300000 377.9
305000 407.6
310000 512.4
315000 552.0
320000 265.2
325000 309.9
330000 449.1
335000 505.3
340000 475.7
345000 543.5
350000 489.0
355000 548.9
360000 479.5
365000 617.6
370000 683.2
375000 300.0
380000 508.7
385000 368.1
390000 413.6
395000 436.4
400000 227.4
405000 465.6
410000 446.4
415000 404.3
420000 655.8
425000 151.5
430000 428.1
435000 469.4
440000 375.2
445000 365.2
450000 723.5
455000 618.0
460000 293.4
465000 508.5
470000 460.8
475000 319.9
480000 458.2
485000 316.1
490000 335.6
495000 278.0
500000 244.1
505000 587.0
510000 201.4
515000 430.1
520000 458.6
525000 546.0
530000 403.7
535000 524.8
540000 453.6
545000 551.6
550000 522.2
555000 385.8
560000 405.1
565000 451.3
570000 335.5
575000 378.9
580000 468.9
585000 384.7
590000 358.5
595000 635.2
600000 506.9
605000 571.2
610000 305.3
615000 464.1
620000 365.8
625000 613.5
630000 420.4
635000 453.4
640000 404.9
645000 527.6
650000 193.0
655000 523.4
660000 183.0
665000 257.4
670000 749.6
675000 511.4
680000 491.7
685000 275.0
690000 157.7
695000 438.2
700000 544.3
705000 242.1
710000 678.2
715000 428.2
720000 316.4
725000 438.6
730000 533.6
735000 295.2
740000 597.7
745000 318.1
750000 323.8
755000 443.9
760000 586.4
765000 381.4
770000 342.9
775000 166.0
780000 367.1
785000 287.9
790000 229.8
795000 207.3
800000 420.4
805000 307.3
810000 320.2
815000 417.1
820000 263.9
825000 278.1
830000 476.3
835000 662.1
840000 521.3
845000 541.2
850000 830.4
855000 395.6
860000 302.7
865000 434.5
870000 661.8
875000 383.5
880000 598.8
885000 526.2
890000 240.9
895000 452.7
900000 305.4
905000 481.1
910000 578.8
915000 395.2
920000 436.4
925000 552.4
930000 433.7
935000 315.3
940000 313.2
945000 562.9
950000 362.1
955000 366.4
960000 517.1
965000 585.4
970000 511.6
975000 305.0
980000 463.7
985000 485.8
990000 708.5
995000 490.6
1000000 291.2
1005000 625.9
1010000 388.3
1015000 381.7
1020000 454.8
1025000 498.8
1030000 446.4
1035000 154.3
1040000 528.7
1045000 430.3
1050000 434.3
1055000 542.4
1060000 579.8
1065000 474.5
1070000 324.4
1075000 296.6
1080000 356.5
1085000 512.6
1090000 460.7
1095000 631.4
1100000 341.5
1105000 584.2
1110000 556.5
1115000 337.7
1120000 408.5
1125000 329.6
1130000 278.6
1135000 261.1
1140000 416.3
1145000 365.0
1150000 584.2
1155000 480.5
1160000 559.9
1165000 459.7
1170000 347.5
1175000 380.1
1180000 461.4
1185000 123.8
1190000 585.2
1195000 333.1
1200000 519.7
1205000 447.0
1210000 465.6
1215000 578.7
1220000 306.4
1225000 114.1
1230000 289.2
1235000 108.3
1240000 344.2
1245000 314.8
1250000 301.8
1255000 500.0
1260000 276.5
1265000 571.7
1270000 632.2
1275000 410.6
1280000 713.6
1285000 249.6
1290000 306.7
1295000 629.1
1300000 373.3
1305000 286.1
1310000 614.3
1315000 369.1
1320000 412.4
1325000 371.4
1330000 472.4
1335000 797.5
1340000 477.9
1345000 302.2
1350000 244.9
1355000 329.7
1360000 354.7
1365000 374.7
1370000 397.6
1375000 561.4
1380000 549.8
1385000 437.6
1390000 441.5
1395000 446.5
1400000 509.2
1405000 488.2
1410000 333.7
1415000 246.5
1420000 424.5
1425000 511.2
1430000 425.7
1435000 426.9
1440000 529.2
1445000 547.6
1450000 464.6
1455000 617.5
1460000 352.5
1465000 288.7
1470000 641.6
1475000 278.2
1480000 525.3
1485000 314.4
1490000 400.3
1495000 343.5
1500000 522.4
1505000 302.8
1510000 484.2
1515000 605.6
1520000 505.1
1525000 379.3
1530000 512.6
1535000 309.2
1540000 527.8
1545000 354.2
1550000 497.9
1555000 615.4
1560000 543.8
1565000 667.3
1570000 598.5
1575000 314.0
1580000 471.8
1585000 254.0
1590000 339.0
1595000 603.4
1600000 349.1
1605000 569.9
1610000 455.4
1615000 571.7
1620000 543.5
1625000 488.2
1630000 341.0
1635000 433.6
1640000 375.9
1645000 664.6
1650000 475.6
1655000 466.2
1660000 649.0
1665000 429.9
1670000 460.9
1675000 449.9
1680000 503.3
1685000 461.8
1690000 313.5
1695000 202.0
1700000 575.4
1705000 366.3
1710000 414.7
1715000 552.2
1720000 586.1
1725000 294.5
1730000 511.3
1735000 585.5
1740000 219.1
1745000 500.2
1750000 510.3
1755000 341.7
1760000 463.1
1765000 405.1
1770000 434.5
1775000 694.1
1780000 203.5
1785000 282.3
1790000 454.4
1795000 377.6
1800000 494.1
1805000 412.6
1810000 256.6
1815000 392.7
1820000 567.8
1825000 407.8
1830000 279.6
1835000 316.2
1840000 419.3
1845000 319.7
1850000 449.4
1855000 318.7
1860000 286.2
1865000 344.5
1870000 350.2
1875000 330.8
1880000 336.0
1885000 355.6
1890000 277.7
1895000 328.5
1900000 459.0
1905000 171.0
1910000 492.3
1915000 445.4
1920000 521.5
1925000 539.3
1930000 428.0
1935000 632.3
1940000 263.1
1945000 340.4
1950000 191.8
1955000 572.8
1960000 447.7
1965000 353.5
1970000 282.8
1975000 507.8
1980000 251.7
1985000 446.8
1990000 335.6
1995000 173.7
2000000 476.8
