5000 178.9
10000 292.9
15000 139.7
20000 167.9
25000 198.9
30000 202.7
35000 128.9
40000 222.9
45000 21.8
50000 132.7
55000 100.7
60000 429.8
65000 9.0
70000 119.5
75000 187.1
80000 116.2
85000 285.5
90000 179.5
95000 173.4
100000 225.1
105000 173.2
110000 202.1
115000 431.4
120000 294.3
125000 287.9
130000 448.5
135000 176.7
140000 286.5
145000 178.9
150000 253.4
155000 165.0
160000 186.5
165000 253.9
170000 179.0
175000 432.9
180000 249.5
185000 166.0
190000 199.3
195000 436.0
200000 282.6
205000 220.6
210000 421.1
215000 262.4
220000 190.3
225000 296.3
230000 352.1
235000 380.8
240000 166.6
245000 303.6
250000 604.8
255000 182.2
260000 440.9
265000 265.8
270000 344.3
275000 327.6
280000 506.4
285000 382.2
290000 493.7
295000 442.2
300000 397.9
305000 527.5
310000 146.4
315000 559.2
320000 400.9
325000 514.5
330000 300.8
335000 384.8
340000 261.0
345000 184.7
350000 400.1
355000 389.4
360000 358.9
365000 253.7
370000 281.9
375000 548.5
380000 433.2
385000 352.7
390000 595.4
395000 383.8
400000 503.8
405000 375.9
410000 559.9
415000 456.0
420000 547.7
425000 345.0
430000 587.5
435000 216.4
440000 433.4
445000 449.9
450000 530.3
455000 395.2
460000 506.5
465000 622.8
470000 530.3
475000 263.9
480000 524.3
485000 206.3
490000 443.6
495000 585.8
500000 526.3
505000 479.2
510000 728.8
515000 389.1
520000 440.2
525000 423.4
530000 451.8
535000 459.6
540000 494.4
545000 255.4
550000 420.3
555000 361.6
560000 250.2
565000 207.1
570000 567.4
575000 201.4
580000 341.1
585000 469.9
590000 161.8
595000 497.9
600000 600.8
605000 258.5
610000 535.6
615000 375.9
620000 258.7
625000 426.5
630000 239.4
635000 520.0
640000 354.5
645000 247.1
650000 270.2
655000 646.7
660000 242.7
665000 564.2
670000 374.4
675000 644.3
680000 373.7
685000 319.6
690000 521.5
695000 254.7
700000 543.3
705000 551.8
710000 500.4
715000 573.1
720000 443.9
725000 227.5
730000 591.9
735000 487.8
740000 550.5
745000 451.7
750000 153.3
755000 618.9
760000 743.6
765000 476.4
770000 198.0
775000 568.8
780000 410.3
785000 263.1
790000 224.1
795000 441.5
800000 331.7
805000 371.0
810000 445.8
815000 341.2
820000 238.1
825000 452.9
830000 422.7
835000 476.9
840000 530.1
845000 237.1
850000 319.7
855000 107.4
860000 561.5
865000 319.2
870000 460.2
875000 366.9
880000 249.1
885000 503.0
890000 713.6
895000 536.2
900000 489.0
905000 437.1
910000 783.5
915000 598.1
920000 451.9
925000 377.9
930000 262.0
935000 330.8
940000 563.7
945000 411.2
950000 517.1
955000 400.8
960000 321.1
965000 230.7
970000 534.2
975000 600.5
980000 475.0
985000 313.2
990000 247.9
995000 495.8
1000000 655.5
1005000 531.5
1010000 520.7
1015000 419.4
1020000 456.2
1025000 459.3
1030000 402.6
1035000 306.0
1040000 504.0
1045000 490.4
1050000 236.9
1055000 359.5
1060000 608.9
1065000 368.3
1070000 466.6
1075000 392.4
1080000 480.5
1085000 518.8
1090000 189.8
1095000 493.7
1100000 494.8
1105000 440.9
1110000 97.1
1115000 690.6
1120000 390.8
1125000 472.7
1130000 437.3
1135000 619.4
1140000 588.5
1145000 280.0
1150000 480.0
1155000 304.3
1160000 544.9
1165000 358.0
1170000 500.4
1175000 420.0
1180000 568.6
1185000 348.0
1190000 398.7
1195000 347.5
1200000 584.3
1205000 345.0
1210000 315.3
1215000 664.4
1220000 216.8
1225000 317.7
1230000 355.7
1235000 477.5
1240000 397.9
1245000 210.4
1250000 318.7
1255000 155.5
1260000 371.0
1265000 407.7
1270000 592.1
1275000 153.9
1280000 524.7
1285000 446.9
1290000 394.9
1295000 484.8
1300000 362.5
1305000 407.4
1310000 377.9
1315000 558.3
1320000 512.2
1325000 199.2
1330000 299.2
1335000 200.6
1340000 212.3
1345000 249.8
1350000 378.6
1355000 164.4
1360000 285.0
1365000 336.8
1370000 374.2
1375000 705.4
1380000 497.5
1385000 477.6
1390000 448.2
1395000 527.8
1400000 648.8
1405000 424.0
1410000 159.2
1415000 525.2
1420000 346.9
1425000 468.4
1430000 425.6
1435000 371.6
1440000 584.4
1445000 322.4
1450000 433.9
1455000 609.4
1460000 280.4
1465000 534.1
1470000 93.6
1475000 430.2
1480000 435.7
1485000 305.1
1490000 379.1
1495000 333.6
1500000 430.3
1505000 559.4
1510000 369.0
1515000 560.1
1520000 426.3
1525000 632.1
1530000 400.6
1535000 691.3
1540000 684.1
1545000 360.7
1550000 631.2
1555000 269.1
1560000 421.2
1565000 437.6
1570000 340.6
1575000 582.6
1580000 353.1
1585000 457.8
1590000 500.6
1595000 240.5
1600000 463.5
1605000 386.3
1610000 497.9
1615000 343.3
1620000 336.2
1625000 593.5
1630000 512.2
1635000 436.5
1640000 569.7
1645000 380.6
1650000 177.9
1655000 563.0
1660000 619.8
1665000 100.4
1670000 477.5
1675000 564.8
1680000 514.3
1685000 494.0
1690000 438.0
1695000 498.3
1700000 543.0
1705000 268.0
1710000 320.5
1715000 813.6
1720000 578.9
1725000 433.8
1730000 735.3
1735000 657.2
1740000 518.3
1745000 560.6
1750000 528.3
1755000 245.3
1760000 459.3
1765000 413.6
1770000 343.8
1775000 511.6
1780000 470.7
1785000 220.6
1790000 585.1
1795000 509.3
1800000 222.8
1805000 409.9
1810000 377.1
1815000 514.6
1820000 753.2
1825000 391.0
1830000 430.2
1835000 414.0
1840000 619.5
1845000 239.9
1850000 621.2
1855000 436.7
1860000 482.1
1865000 518.5
1870000 368.2
1875000 354.3
1880000 693.6
1885000 185.5
1890000 843.5
1895000 487.1
1900000 320.8
1905000 521.3
1910000 515.2
1915000 302.5
1920000 344.1
1925000 411.0
1930000 455.9
1935000 574.6
1940000 528.7
1945000 384.9
1950000 170.3
1955000 420.7
1960000 256.3
1965000 437.2
1970000 141.6
1975000 605.8
1980000 324.9
1985000 756.0
1990000 415.9
1995000 443.6
2000000 462.7
