5000 28.6
10000 23.3
15000 173.2
20000 160.7
25000 259.1
30000 421.2
35000 522.3
40000 737.2
45000 796.9
50000 874.7
55000 867.1
60000 850.5
65000 875.0
70000 889.4
75000 888.7
80000 903.7
85000 561.7
90000 899.1
95000 905.6
100000 916.9
105000 919.8
110000 907.2
115000 934.9
120000 917.8
125000 926.1
130000 937.4
135000 919.7
140000 932.8
145000 945.6
150000 947.0
155000 922.3
160000 926.2
165000 961.9
170000 926.5
175000 960.7
180000 962.4
185000 961.4
190000 950.3
195000 961.2
200000 963.9
205000 967.9
210000 962.7
215000 965.4
220000 957.5
225000 964.0
230000 955.0
235000 966.5
240000 864.7
245000 955.5
250000 963.7
255000 961.0
260000 967.5
265000 965.0
270000 958.4
275000 963.9
280000 970.3
285000 962.6
290000 965.0
295000 970.8
300000 964.3
305000 968.1
310000 971.5
315000 981.5
320000 957.1
325000 967.0
330000 961.0
335000 972.6
340000 975.2
345000 966.6
350000 970.4
355000 968.2
360000 975.6
365000 969.6
370000 966.4
375000 966.6
380000 963.8
385000 971.4
390000 970.1
395000 963.4
400000 971.7
405000 977.9
410000 967.9
415000 959.1
420000 970.6
425000 967.3
430000 972.4
435000 977.8
440000 970.0
445000 960.3
450000 972.8
455000 980.5
460000 979.1
465000 964.9
470000 959.8
475000 970.8
480000 969.1
485000 967.3
490000 962.6
495000 967.3
500000 968.8
505000 973.7
510000 974.8
515000 972.7
520000 975.7
525000 978.0
530000 977.2
535000 972.5
540000 978.0
545000 974.4
550000 975.0
555000 969.9
560000 968.3
565000 983.9
570000 965.7
575000 972.9
580000 976.7
585000 973.5
590000 965.3
595000 970.2
600000 977.4
605000 975.9
610000 973.1
615000 978.8
620000 972.4
625000 970.3
630000 971.2
635000 972.0
640000 977.5
645000 970.1
650000 972.6
655000 977.1
660000 975.4
665000 978.0
670000 972.6
675000 974.4
680000 978.8
685000 975.5
690000 975.8
695000 980.2
700000 967.3
705000 971.1
710000 972.0
715000 969.5
720000 979.8
725000 980.2
730000 976.3
735000 977.8
740000 978.5
745000 975.1
750000 971.9
755000 975.5
760000 975.6
765000 976.0
770000 983.9
775000 973.7
780000 976.0
785000 977.4
790000 982.1
795000 977.5
800000 973.6
805000 958.8
810000 974.0
815000 983.0
820000 976.0
825000 983.3
830000 977.8
835000 978.1
840000 973.7
845000 975.8
850000 972.2
855000 978.6
860000 960.1
865000 977.2
870000 972.4
875000 972.3
880000 976.4
885000 974.0
890000 970.8
895000 970.5
900000 971.8
905000 973.1
910000 977.6
915000 975.3
920000 969.9
925000 985.2
930000 965.7
935000 980.8
940000 975.4
945000 971.7
950000 973.0
955000 973.7
960000 972.6
965000 963.7
970000 976.2
975000 973.3
980000 974.2
985000 976.1
990000 976.2
995000 974.4
1000000 980.0
1005000 975.4
1010000 978.7
1015000 974.1
1020000 975.4
1025000 978.0
1030000 964.2
1035000 970.7
1040000 975.9
1045000 976.6
1050000 976.6
1055000 976.8
1060000 986.3
1065000 978.5
1070000 980.2
1075000 984.4
1080000 974.8
1085000 981.8
1090000 975.5
1095000 974.7
1100000 978.4
1105000 977.2
1110000 961.9
1115000 973.6
1120000 986.6
1125000 638.4
1130000 971.3
1135000 975.5
1140000 963.3
1145000 978.6
1150000 973.6
1155000 976.0
1160000 976.7
1165000 978.9
1170000 982.8
1175000 979.6
1180000 985.7
1185000 985.8
1190000 980.1
1195000 982.4
1200000 980.9
1205000 981.7
1210000 975.0
1215000 976.8
1220000 979.1
1225000 985.4
1230000 984.3
1235000 982.4
1240000 971.8
1245000 970.9
1250000 973.1
1255000 976.3
1260000 982.9
1265000 982.9
1270000 976.7
1275000 977.5
1280000 976.2
1285000 944.0
1290000 962.9
1295000 980.8
1300000 966.2
1305000 973.2
1310000 981.5
1315000 974.4
1320000 982.8
1325000 981.6
1330000 977.1
1335000 975.6
1340000 979.1
1345000 972.2
1350000 978.6
1355000 981.9
1360000 979.4
1365000 983.0
1370000 979.9
1375000 983.6
1380000 970.8
1385000 988.2
1390000 970.3
1395000 981.8
1400000 968.2
1405000 986.4
1410000 980.7
1415000 983.7
1420000 971.0
1425000 980.1
1430000 958.8
1435000 978.4
1440000 978.7
1445000 904.2
1450000 973.4
1455000 979.8
1460000 976.5
1465000 979.3
1470000 975.1
1475000 968.1
1480000 990.2
1485000 981.2
1490000 978.5
1495000 976.7
1500000 971.8
1505000 978.6
1510000 978.4
1515000 977.8
1520000 972.5
1525000 978.4
1530000 980.1
1535000 972.1
1540000 975.3
1545000 982.4
1550000 972.4
1555000 976.1
1560000 980.4
1565000 981.9
1570000 976.3
1575000 975.3
1580000 976.2
1585000 981.1
1590000 982.0
1595000 977.7
1600000 976.8
1605000 946.1
1610000 972.7
1615000 954.6
1620000 979.6
1625000 975.8
1630000 979.7
1635000 974.0
1640000 984.5
1645000 972.0
1650000 980.3
1655000 987.6
1660000 981.3
1665000 973.8
1670000 977.2
1675000 977.7
1680000 968.1
1685000 978.9
1690000 984.0
1695000 974.0
1700000 981.6
1705000 982.2
1710000 971.5
1715000 986.5
1720000 977.1
1725000 980.0
1730000 975.4
1735000 981.3
1740000 979.3
1745000 971.7
1750000 969.7
1755000 972.6
1760000 978.4
1765000 911.8
1770000 975.5
1775000 984.8
1780000 969.7
1785000 974.7
1790000 981.5
1795000 968.6
1800000 976.9
1805000 982.7
1810000 977.1
1815000 981.5
1820000 972.7
1825000 979.0
1830000 881.2
1835000 977.5
1840000 976.2
1845000 977.0
1850000 981.2
1855000 979.2
1860000 976.1
1865000 980.1
1870000 980.4
1875000 975.2
1880000 979.0
1885000 975.9
1890000 984.1
1895000 983.4
1900000 985.5
1905000 974.9
1910000 979.6
1915000 984.9
1920000 978.7
1925000 980.6
1930000 974.4
1935000 976.2
1940000 978.7
1945000 985.8
1950000 971.4
1955000 973.4
1960000 977.4
1965000 985.2
1970000 982.1
1975000 976.8
1980000 981.0
1985000 977.3
1990000 982.5
1995000 978.1
2000000 980.9
