5000 20.6
10000 24.6
15000 118.6
20000 290.9
25000 310.1
30000 375.0
35000 533.3
40000 693.5
45000 737.7
50000 899.0
55000 933.7
60000 932.4
65000 932.7
70000 954.2
75000 923.3
80000 937.7
85000 942.9
90000 948.0
95000 938.3
100000 957.5
105000 835.5
110000 954.6
115000 942.2
120000 909.2
125000 944.9
130000 949.9
135000 929.2
140000 957.6
145000 965.6
150000 949.5
155000 949.4
160000 946.2
165000 970.8
170000 968.8
175000 953.3
180000 963.0
185000 962.6
190000 957.2
195000 953.5
200000 962.0
205000 963.8
210000 964.7
215000 957.1
220000 963.6
225000 963.4
230000 953.4
235000 957.8
240000 970.7
245000 967.8
250000 957.8
255000 950.1
260000 954.5
265000 970.2
270000 949.2
275000 957.4
280000 957.1
285000 963.5
290000 950.7
295000 956.0
300000 953.6
305000 936.9
310000 860.9
315000 968.3
320000 966.1
325000 959.3
330000 967.4
335000 954.4
340000 967.1
345000 881.5
350000 978.8
355000 978.0
360000 971.0
365000 962.7
370000 971.6
375000 972.5
380000 975.0
385000 966.3
390000 976.3
395000 956.8
400000 970.3
405000 954.9
410000 964.0
415000 969.5
420000 965.3
425000 967.1
430000 969.1
435000 959.9
440000 965.8
445000 961.4
450000 960.2
455000 966.0
460000 964.4
465000 960.9
470000 969.7
475000 966.3
480000 964.7
485000 970.9
490000 970.7
495000 972.9
500000 980.9
505000 973.7
510000 971.0
515000 970.7
520000 979.1
525000 969.3
530000 967.4
535000 973.0
540000 979.3
545000 974.1
550000 974.3
555000 978.1
560000 965.5
565000 967.3
570000 975.1
575000 978.0
580000 969.8
585000 974.3
590000 972.5
595000 971.5
600000 963.1
605000 970.5
610000 975.0
615000 967.2
620000 971.4
625000 966.6
630000 967.8
635000 969.2
640000 972.5
645000 973.0
650000 970.7
655000 967.2
660000 973.8
665000 961.3
670000 974.6
675000 972.2
680000 979.1
685000 980.2
690000 967.5
695000 977.6
700000 978.7
705000 975.4
710000 980.7
715000 974.6
720000 976.1
725000 972.1
730000 970.0
735000 975.2
740000 971.9
745000 976.4
750000 974.0
755000 975.5
760000 965.0
765000 978.7
770000 976.9
775000 980.7
780000 971.8
785000 966.7
790000 980.7
795000 976.1
800000 884.1
805000 964.5
810000 978.7
815000 974.7
820000 968.6
825000 975.9
830000 971.0
835000 978.2
840000 971.0
845000 973.5
850000 977.3
855000 980.7
860000 977.7
865000 978.7
870000 980.7
875000 985.6
880000 978.9
885000 971.0
890000 978.8
895000 973.5
900000 975.5
905000 982.4
910000 976.9
915000 978.7
920000 978.9
925000 976.2
930000 978.1
935000 974.5
940000 980.7
945000 976.8
950000 970.6
955000 977.9
960000 975.2
965000 975.9
970000 972.2
975000 975.6
980000 967.4
985000 970.1
990000 979.5
995000 974.4
1000000 965.2
1005000 973.9
1010000 973.2
1015000 977.5
1020000 977.7
1025000 981.1
1030000 971.3
1035000 976.5
1040000 979.8
1045000 985.2
1050000 974.3
1055000 973.9
1060000 974.1
1065000 979.9
1070000 979.4
1075000 974.5
1080000 983.2
1085000 979.6
1090000 975.3
1095000 975.5
1100000 981.7
1105000 967.8
1110000 974.2
1115000 976.7
1120000 972.7
1125000 801.6
1130000 942.6
1135000 882.3
1140000 969.4
1145000 974.8
1150000 979.0
1155000 973.0
1160000 980.9
1165000 968.2
1170000 975.6
1175000 973.7
1180000 983.5
1185000 964.9
1190000 969.9
1195000 978.5
1200000 979.1
1205000 978.4
1210000 974.4
1215000 973.0
1220000 970.7
1225000 977.2
1230000 970.2
1235000 976.3
1240000 976.6
1245000 980.5
1250000 976.3
1255000 974.5
1260000 978.2
1265000 972.4
1270000 974.2
1275000 972.3
1280000 980.9
1285000 965.3
1290000 946.2
1295000 970.7
1300000 972.6
1305000 973.0
1310000 978.5
1315000 975.6
1320000 973.3
1325000 983.2
1330000 974.0
1335000 976.1
1340000 967.1
1345000 976.9
1350000 972.7
1355000 981.0
1360000 970.4
1365000 982.6
1370000 973.3
1375000 976.6
1380000 984.1
1385000 983.4
1390000 983.6
1395000 982.8
1400000 978.4
1405000 971.7
1410000 975.0
1415000 979.5
1420000 975.1
1425000 981.4
1430000 966.6
1435000 979.9
1440000 978.0
1445000 933.5
1450000 960.1
1455000 977.1
1460000 976.5
1465000 979.6
1470000 979.4
1475000 975.6
1480000 974.6
1485000 977.4
1490000 980.0
1495000 985.3
1500000 981.0
1505000 977.1
1510000 962.1
1515000 972.1
1520000 966.9
1525000 977.6
1530000 970.5
1535000 963.3
1540000 971.3
1545000 972.5
1550000 979.1
1555000 967.1
1560000 979.0
1565000 976.9
1570000 975.9
1575000 972.5
1580000 983.8
1585000 979.6
1590000 966.5
1595000 977.3
1600000 976.9
1605000 935.9
1610000 971.5
1615000 970.4
1620000 972.5
1625000 980.7
1630000 976.4
1635000 973.9
1640000 985.5
1645000 981.4
1650000 980.3
1655000 978.6
1660000 983.7
1665000 977.9
1670000 978.3
1675000 978.4
1680000 974.5
1685000 975.5
1690000 977.5
1695000 978.5
1700000 970.1
1705000 974.2
1710000 980.6
1715000 980.7
1720000 974.4
1725000 975.5
1730000 974.5
1735000 973.6
1740000 984.1
1745000 967.4
1750000 979.3
1755000 983.7
1760000 977.1
1765000 765.4
1770000 968.6
1775000 969.4
1780000 972.8
1785000 971.3
1790000 981.0
1795000 979.1
1800000 979.4
1805000 983.9
1810000 978.4
1815000 982.4
1820000 978.6
1825000 981.7
1830000 973.7
1835000 975.7
1840000 974.5
1845000 970.1
1850000 976.4
1855000 981.5
1860000 979.5
1865000 977.1
1870000 980.1
1875000 991.0
1880000 972.5
1885000 977.5
1890000 973.9
1895000 978.9
1900000 980.8
1905000 976.5
1910000 975.8
1915000 981.8
1920000 976.0
1925000 979.8
1930000 980.1
1935000 983.8
1940000 977.4
1945000 974.7
1950000 977.7
1955000 977.7
1960000 978.8
1965000 978.6
1970000 980.9
1975000 980.0
1980000 979.5
1985000 977.0
1990000 979.5
1995000 973.8
2000000 978.4
