5000 25.0
10000 28.3
15000 61.6
20000 228.4
25000 326.2
30000 415.3
35000 553.4
40000 872.2
45000 902.6
50000 928.8
55000 931.5
60000 953.8
65000 893.3
70000 852.1
75000 934.2
80000 954.4
85000 926.7
90000 946.0
95000 957.8
100000 942.6
105000 945.8
110000 940.1
115000 946.6
120000 959.5
125000 945.2
130000 918.2
135000 942.1
140000 925.1
145000 939.0
150000 399.4
155000 869.0
160000 952.8
165000 958.2
170000 963.0
175000 968.8
180000 966.9
185000 970.1
190000 968.5
195000 963.8
200000 975.7
205000 965.5
210000 959.6
215000 964.5
220000 959.9
225000 951.0
230000 969.0
235000 965.1
240000 949.2
245000 957.6
250000 966.7
255000 951.2
260000 958.5
265000 953.9
270000 959.0
275000 955.4
280000 965.0
285000 966.9
290000 964.4
295000 958.0
300000 961.5
305000 968.1
310000 971.5
315000 952.9
320000 963.0
325000 965.4
330000 963.8
335000 962.7
340000 974.1
345000 965.8
350000 965.8
355000 963.4
360000 971.6
365000 974.9
370000 959.6
375000 966.0
380000 967.1
385000 965.0
390000 969.7
395000 973.7
400000 970.0
405000 969.1
410000 963.7
415000 970.0
420000 971.4
425000 969.3
430000 977.5
435000 953.2
440000 969.6
445000 965.4
450000 969.1
455000 971.5
460000 971.6
465000 968.3
470000 966.7
475000 973.8
480000 964.7
485000 964.6
490000 965.2
495000 966.6
500000 958.4
505000 972.0
510000 964.9
515000 964.9
520000 974.3
525000 968.7
530000 964.6
535000 976.6
540000 965.9
545000 966.8
550000 969.5
555000 971.4
560000 973.1
565000 965.1
570000 968.8
575000 977.0
580000 968.4
585000 974.4
590000 972.3
595000 972.3
600000 883.5
605000 962.8
610000 975.1
615000 970.6
620000 972.1
625000 973.6
630000 972.7
635000 966.9
640000 976.0
645000 967.5
650000 965.5
655000 978.1
660000 976.0
665000 961.7
670000 974.8
675000 972.7
680000 982.5
685000 976.6
690000 975.8
695000 977.0
700000 966.5
705000 970.8
710000 973.4
715000 969.2
720000 979.4
725000 974.9
730000 976.4
735000 974.7
740000 974.3
745000 976.2
750000 970.9
755000 976.7
760000 977.6
765000 971.3
770000 978.1
775000 972.8
780000 976.2
785000 977.5
790000 971.1
795000 971.9
800000 974.2
805000 960.3
810000 968.5
815000 973.3
820000 970.9
825000 975.2
830000 976.3
835000 975.5
840000 980.3
845000 972.2
850000 981.2
855000 982.8
860000 971.6
865000 975.9
870000 970.7
875000 978.0
880000 965.4
885000 976.9
890000 978.4
895000 986.9
900000 971.6
905000 974.9
910000 966.6
915000 967.2
920000 976.6
925000 972.4
930000 980.9
935000 977.3
940000 976.5
945000 976.1
950000 981.6
955000 974.9
960000 961.7
965000 964.8
970000 975.3
975000 965.8
980000 976.1
985000 976.4
990000 980.6
995000 974.6
1000000 975.9
1005000 975.7
1010000 974.2
1015000 982.7
1020000 972.6
1025000 975.5
1030000 977.3
1035000 975.4
1040000 976.8
1045000 979.5
1050000 979.0
1055000 974.7
1060000 970.2
1065000 970.8
1070000 966.5
1075000 979.0
1080000 978.4
1085000 974.6
1090000 974.0
1095000 973.6
1100000 981.0
1105000 975.2
1110000 982.1
1115000 980.8
1120000 980.2
1125000 956.7
1130000 967.5
1135000 970.3
1140000 967.7
1145000 969.2
1150000 974.4
1155000 970.6
1160000 974.4
1165000 975.3
1170000 976.7
1175000 976.1
1180000 978.6
1185000 977.5
1190000 974.6
1195000 977.8
1200000 978.1
1205000 977.0
1210000 983.6
1215000 983.3
1220000 977.7
1225000 972.4
1230000 970.6
1235000 962.2
1240000 973.6
1245000 970.7
1250000 977.0
1255000 982.5
1260000 976.4
1265000 970.3
1270000 970.2
1275000 970.2
1280000 978.0
1285000 913.4
1290000 959.1
1295000 975.2
1300000 974.8
1305000 978.4
1310000 977.2
1315000 974.4
1320000 975.5
1325000 979.7
1330000 975.7
1335000 967.4
1340000 974.7
1345000 971.4
1350000 971.6
1355000 980.2
1360000 975.0
1365000 978.9
1370000 978.1
1375000 969.9
1380000 978.9
1385000 975.0
1390000 971.5
1395000 973.1
1400000 980.5
1405000 967.1
1410000 978.5
1415000 975.7
1420000 976.2
1425000 973.1
1430000 983.5
1435000 977.7
1440000 970.1
1445000 767.0
1450000 966.2
1455000 968.1
1460000 973.0
1465000 973.7
1470000 980.5
1475000 973.3
1480000 973.4
1485000 977.3
1490000 974.6
1495000 973.2
1500000 978.7
1505000 980.2
1510000 972.4
1515000 970.7
1520000 968.1
1525000 974.9
1530000 971.5
1535000 982.3
1540000 967.4
1545000 982.5
1550000 975.5
1555000 971.5
1560000 967.2
1565000 964.9
1570000 981.8
1575000 974.8
1580000 967.9
1585000 974.0
1590000 971.5
1595000 965.7
1600000 967.7
1605000 946.2
1610000 976.4
1615000 975.8
1620000 978.2
1625000 975.5
1630000 975.9
1635000 979.2
1640000 978.8
1645000 979.3
1650000 971.7
1655000 979.7
1660000 973.6
1665000 972.5
1670000 975.4
1675000 973.9
1680000 967.7
1685000 976.5
1690000 977.4
1695000 974.0
1700000 977.1
1705000 974.8
1710000 980.8
1715000 981.8
1720000 974.9
1725000 978.9
1730000 969.7
1735000 972.9
1740000 980.1
1745000 980.0
1750000 973.8
1755000 984.5
1760000 980.6
1765000 363.8
1770000 970.8
1775000 977.7
1780000 970.0
1785000 968.8
1790000 971.3
1795000 976.0
1800000 980.3
1805000 969.1
1810000 974.4
1815000 980.8
1820000 979.1
1825000 970.9
1830000 979.0
1835000 981.7
1840000 975.6
1845000 980.7
1850000 972.3
1855000 975.1
1860000 976.8
1865000 987.2
1870000 979.3
1875000 973.5
1880000 982.4
1885000 976.3
1890000 973.6
1895000 978.6
1900000 972.3
1905000 973.8
1910000 979.7
1915000 977.9
1920000 976.3
1925000 981.0
1930000 977.1
1935000 975.0
1940000 977.1
1945000 983.4
1950000 979.1
1955000 976.9
1960000 972.7
1965000 982.0
1970000 969.3
1975000 978.9
1980000 979.1
1985000 967.6
1990000 979.4
1995000 980.9
2000000 976.0
