5000 17.4
10000 19.2
15000 87.2
20000 329.0
25000 536.0
30000 353.3
35000 720.5
40000 845.9
45000 878.2
50000 895.3
55000 928.4
60000 881.5
65000 921.3
70000 924.1
75000 948.3
80000 942.9
85000 938.2
90000 946.3
95000 954.0
100000 944.2
105000 945.0
110000 946.8
115000 938.7
120000 949.5
125000 949.9
130000 908.3
135000 947.8
140000 944.2
145000 946.3
150000 832.2
155000 945.0
160000 951.9
165000 975.9
170000 965.8
175000 960.7
180000 956.5
185000 968.4
190000 957.1
195000 953.2
200000 965.9
205000 945.4
210000 956.2
215000 954.3
220000 958.6
225000 950.9
230000 962.6
235000 969.2
240000 955.6
245000 966.5
250000 963.6
255000 961.8
260000 972.3
265000 970.5
270000 956.3
275000 958.6
280000 969.2
285000 962.5
290000 923.9
295000 954.2
300000 966.8
305000 307.4
310000 968.2
315000 968.8
320000 959.7
325000 971.1
330000 968.6
335000 966.1
340000 971.3
345000 962.4
350000 960.9
355000 970.1
360000 968.1
365000 973.9
370000 967.5
375000 973.6
380000 963.9
385000 969.5
390000 971.7
395000 979.0
400000 973.4
405000 967.7
410000 970.0
415000 969.8
420000 979.1
425000 969.9
430000 971.2
435000 967.9
440000 977.4
445000 867.4
450000 962.0
455000 971.1
460000 970.6
465000 966.5
470000 966.8
475000 968.0
480000 967.8
485000 961.1
490000 963.1
495000 972.2
500000 973.4
505000 975.2
510000 977.6
515000 965.6
520000 976.1
525000 973.8
530000 981.3
535000 965.2
540000 967.1
545000 959.6
550000 970.4
555000 978.2
560000 973.4
565000 979.5
570000 974.0
575000 973.4
580000 974.6
585000 977.2
590000 968.8
595000 974.9
600000 973.1
605000 964.9
610000 971.5
615000 972.6
620000 973.5
625000 977.3
630000 977.1
635000 960.5
640000 967.5
645000 960.0
650000 973.0
655000 883.7
660000 970.9
665000 876.9
670000 976.4
675000 976.1
680000 970.4
685000 970.5
690000 981.2
695000 967.9
700000 973.1
705000 976.4
710000 976.2
715000 979.5
720000 976.5
725000 977.6
730000 973.0
735000 978.7
740000 972.7
745000 973.0
750000 968.2
755000 971.8
760000 964.5
765000 977.7
770000 974.4
775000 971.3
780000 959.2
785000 967.3
790000 967.5
795000 980.0
800000 971.7
805000 850.0
810000 965.0
815000 962.6
820000 973.0
825000 974.5
830000 972.0
835000 971.5
840000 969.6
845000 974.7
850000 977.3
855000 976.2
860000 965.2
865000 979.5
870000 972.3
875000 979.9
880000 979.7
885000 972.3
890000 978.4
895000 975.7
900000 977.4
905000 982.6
910000 977.0
915000 975.9
920000 972.2
925000 984.9
930000 974.1
935000 976.9
940000 974.6
945000 979.4
950000 973.2
955000 970.2
960000 971.1
965000 967.1
970000 969.3
975000 967.0
980000 975.8
985000 977.2
990000 970.9
995000 972.2
1000000 970.3
1005000 974.3
1010000 979.8
1015000 980.1
1020000 978.2
1025000 983.1
1030000 978.8
1035000 974.4
1040000 979.7
1045000 977.5
1050000 977.8
1055000 975.0
1060000 973.9
1065000 981.1
1070000 977.7
1075000 977.4
1080000 981.6
1085000 978.3
1090000 978.2
1095000 980.6
1100000 979.8
1105000 976.5
1110000 977.1
1115000 978.4
1120000 973.0
1125000 898.1
1130000 974.0
1135000 975.0
1140000 968.7
1145000 974.1
1150000 974.5
1155000 979.2
1160000 983.7
1165000 979.0
1170000 971.3
1175000 976.3
1180000 972.4
1185000 977.9
1190000 974.4
1195000 974.1
1200000 978.0
1205000 971.3
1210000 974.7
1215000 974.7
1220000 974.3
1225000 978.2
1230000 984.2
1235000 972.1
1240000 975.8
1245000 962.7
1250000 974.0
1255000 973.0
1260000 968.0
1265000 983.0
1270000 983.6
1275000 968.8
1280000 981.6
1285000 844.9
1290000 957.3
1295000 980.9
1300000 969.5
1305000 971.6
1310000 981.3
1315000 975.5
1320000 969.3
1325000 972.8
1330000 969.6
1335000 975.3
1340000 960.9
1345000 979.8
1350000 977.9
1355000 977.1
1360000 978.1
1365000 972.3
1370000 976.6
1375000 975.4
1380000 967.4
1385000 977.2
1390000 973.0
1395000 968.7
1400000 983.8
1405000 981.7
1410000 979.5
1415000 979.0
1420000 976.3
1425000 976.7
1430000 977.3
1435000 976.8
1440000 981.0
1445000 946.3
1450000 974.4
1455000 971.4
1460000 972.8
1465000 964.0
1470000 982.6
1475000 978.5
1480000 979.4
1485000 972.3
1490000 979.8
1495000 975.6
1500000 976.5
1505000 977.9
1510000 982.5
1515000 978.6
1520000 791.4
1525000 974.3
1530000 974.1
1535000 981.5
1540000 971.3
1545000 970.3
1550000 974.5
1555000 983.1
1560000 976.9
1565000 978.9
1570000 972.0
1575000 967.2
1580000 979.4
1585000 965.7
1590000 978.1
1595000 976.9
1600000 981.1
1605000 260.9
1610000 966.6
1615000 966.4
1620000 976.4
1625000 975.1
1630000 970.0
1635000 973.3
1640000 974.6
1645000 974.7
1650000 978.3
1655000 976.2
1660000 978.6
1665000 976.8
1670000 978.0
1675000 978.5
1680000 979.0
1685000 973.1
1690000 970.8
1695000 974.0
1700000 983.3
1705000 980.1
1710000 979.0
1715000 981.5
1720000 979.2
1725000 978.8
1730000 980.1
1735000 975.0
1740000 975.6
1745000 986.3
1750000 982.2
1755000 977.9
1760000 970.8
1765000 958.4
1770000 951.7
1775000 978.3
1780000 970.6
1785000 974.4
1790000 969.1
1795000 974.2
1800000 974.9
1805000 979.2
1810000 980.1
1815000 980.5
1820000 969.2
1825000 973.5
1830000 978.7
1835000 981.0
1840000 976.3
1845000 978.6
1850000 985.2
1855000 981.7
1860000 968.0
1865000 979.3
1870000 978.0
1875000 968.7
1880000 975.7
1885000 974.4
1890000 982.1
1895000 971.5
1900000 977.9
1905000 975.3
1910000 973.3
1915000 973.4
1920000 978.3
1925000 976.7
1930000 975.5
1935000 980.5
1940000 972.5
1945000 972.2
1950000 977.5
1955000 979.7
1960000 974.8
1965000 973.7
1970000 972.3
1975000 967.8
1980000 971.7
1985000 971.8
1990000 975.2
1995000 978.7
2000000 970.7
