5000 18.6
10000 26.9
15000 92.1
20000 277.2
25000 439.4
30000 566.4
35000 629.6
40000 639.5
45000 362.7
50000 742.5
55000 732.5
60000 838.0
65000 903.8
70000 954.2
75000 947.6
80000 944.1
85000 934.6
90000 929.2
95000 950.2
100000 948.0
105000 951.8
110000 847.1
115000 962.3
120000 940.9
125000 953.0
130000 945.9
135000 942.3
140000 962.2
145000 942.3
150000 958.5
155000 954.6
160000 955.1
165000 969.4
170000 969.3
175000 972.9
180000 963.6
185000 964.6
190000 964.5
195000 966.4
200000 962.8
205000 965.1
210000 964.4
215000 969.6
220000 973.1
225000 883.3
230000 966.6
235000 954.0
240000 963.6
245000 952.5
250000 952.8
255000 952.6
260000 967.8
265000 957.7
270000 880.5
275000 962.1
280000 959.5
285000 976.8
290000 968.3
295000 968.2
300000 974.1
305000 966.9
310000 975.4
315000 959.3
320000 960.7
325000 962.2
330000 968.0
335000 971.5
340000 972.1
345000 971.0
350000 971.6
355000 960.7
360000 971.5
365000 953.8
370000 970.7
375000 970.0
380000 959.3
385000 945.3
390000 981.5
395000 959.0
400000 975.8
405000 970.6
410000 969.2
415000 975.7
420000 962.9
425000 964.0
430000 968.3
435000 968.7
440000 976.1
445000 979.5
450000 974.9
455000 975.9
460000 968.7
465000 977.0
470000 964.6
475000 976.1
480000 964.0
485000 951.9
490000 967.9
495000 974.4
500000 966.8
505000 964.3
510000 977.8
515000 950.4
520000 981.7
525000 969.3
530000 974.3
535000 970.4
540000 975.3
545000 969.1
550000 973.7
555000 975.5
560000 978.4
565000 977.0
570000 971.5
575000 982.9
580000 975.4
585000 981.8
590000 975.7
595000 977.4
600000 978.7
605000 973.7
610000 970.2
615000 968.6
620000 973.9
625000 972.3
630000 973.3
635000 973.2
640000 977.1
645000 952.0
650000 981.5
655000 966.7
660000 975.3
665000 967.5
670000 978.2
675000 969.3
680000 978.0
685000 973.6
690000 971.7
695000 978.9
700000 970.0
705000 978.4
710000 976.2
715000 969.6
720000 976.1
725000 972.9
730000 974.8
735000 973.8
740000 980.5
745000 970.5
750000 973.1
755000 979.9
760000 973.5
765000 975.0
770000 979.1
775000 972.5
780000 974.5
785000 970.5
790000 979.8
795000 975.9
800000 971.5
805000 968.6
810000 973.6
815000 972.1
820000 973.9
825000 971.0
830000 970.9
835000 973.3
840000 983.7
845000 969.8
850000 971.9
855000 970.6
860000 976.4
865000 977.3
870000 977.3
875000 978.9
880000 978.9
885000 972.9
890000 976.3
895000 975.6
900000 981.5
905000 978.1
910000 981.1
915000 980.7
920000 975.7
925000 979.0
930000 979.3
935000 978.8
940000 976.5
945000 977.6
950000 981.3
955000 983.1
960000 977.3
965000 860.2
970000 972.9
975000 971.6
980000 981.4
985000 975.4
990000 976.5
995000 980.6
1000000 972.1
1005000 979.0
1010000 974.3
1015000 969.1
1020000 979.1
1025000 977.4
1030000 974.4
1035000 973.5
1040000 978.8
1045000 977.3
1050000 979.8
1055000 981.2
1060000 974.6
1065000 985.3
1070000 974.4
1075000 973.4
1080000 978.1
1085000 980.2
1090000 979.3
1095000 975.1
1100000 978.6
1105000 978.1
1110000 972.7
1115000 983.4
1120000 979.2
1125000 348.7
1130000 787.5
1135000 966.1
1140000 971.0
1145000 976.1
1150000 975.1
1155000 975.5
1160000 970.2
1165000 979.6
1170000 976.9
1175000 987.3
1180000 980.1
1185000 982.9
1190000 981.3
1195000 980.4
1200000 967.8
1205000 983.3
1210000 973.5
1215000 969.1
1220000 976.2
1225000 975.2
1230000 979.1
1235000 978.9
1240000 978.1
1245000 983.5
1250000 974.7
1255000 975.4
1260000 982.3
1265000 968.6
1270000 965.2
1275000 977.9
1280000 969.0
1285000 828.7
1290000 975.8
1295000 978.5
1300000 972.3
1305000 968.5
1310000 971.3
1315000 979.1
1320000 970.4
1325000 974.6
1330000 977.1
1335000 981.4
1340000 977.7
1345000 974.6
1350000 976.7
1355000 881.7
1360000 977.4
1365000 972.8
1370000 978.0
1375000 968.5
1380000 978.5
1385000 979.1
1390000 979.8
1395000 977.3
1400000 965.3
1405000 982.5
1410000 973.1
1415000 973.5
1420000 983.3
1425000 977.6
1430000 975.2
1435000 970.9
1440000 975.6
1445000 945.9
1450000 968.4
1455000 965.6
1460000 976.6
1465000 972.4
1470000 978.3
1475000 978.4
1480000 970.4
1485000 975.9
1490000 976.5
1495000 984.4
1500000 981.4
1505000 983.8
1510000 970.4
1515000 968.7
1520000 981.3
1525000 984.3
1530000 979.8
1535000 984.0
1540000 979.4
1545000 973.9
1550000 966.6
1555000 983.5
1560000 976.7
1565000 981.3
1570000 974.2
1575000 977.2
1580000 974.9
1585000 976.8
1590000 983.4
1595000 982.2
1600000 976.1
1605000 859.5
1610000 962.3
1615000 981.5
1620000 968.7
1625000 972.1
1630000 967.8
1635000 970.3
1640000 972.7
1645000 976.2
1650000 984.1
1655000 978.6
1660000 983.0
1665000 978.1
1670000 976.2
1675000 968.0
1680000 977.7
1685000 976.5
1690000 968.6
1695000 976.6
1700000 981.6
1705000 977.8
1710000 974.0
1715000 979.1
1720000 977.6
1725000 981.1
1730000 982.4
1735000 976.5
1740000 974.3
1745000 962.9
1750000 973.7
1755000 981.1
1760000 977.0
1765000 968.6
1770000 970.7
1775000 968.8
1780000 975.6
1785000 966.6
1790000 977.9
1795000 973.4
1800000 977.0
1805000 984.4
1810000 963.4
1815000 969.1
1820000 982.6
1825000 983.2
1830000 978.9
1835000 975.8
1840000 978.6
1845000 972.9
1850000 975.9
1855000 973.1
1860000 974.5
1865000 973.8
1870000 982.8
1875000 975.4
1880000 980.5
1885000 974.9
1890000 976.5
1895000 980.1
1900000 974.7
1905000 974.6
1910000 976.8
1915000 977.5
1920000 979.8
1925000 982.2
1930000 984.7
1935000 971.4
1940000 978.3
1945000 977.6
1950000 975.9
1955000 981.4
1960000 982.9
1965000 968.5
1970000 983.8
1975000 977.1
1980000 975.8
1985000 982.9
1990000 973.4
1995000 979.3
2000000 977.9
