5000 44.2
10000 60.8
15000 158.6
20000 56.1
25000 124.1
30000 60.3
35000 125.2
40000 78.7
45000 347.8
50000 56.5
55000 78.4
60000 140.7
65000 80.3
70000 59.3
75000 204.0
80000 14.0
85000 18.0
90000 38.8
95000 87.8
100000 109.6
105000 122.7
110000 192.9
115000 161.3
120000 136.5
125000 152.8
130000 183.4
135000 189.3
140000 157.7
145000 187.2
150000 177.5
155000 178.5
160000 254.2
165000 181.3
170000 641.6
175000 684.2
180000 828.8
185000 633.1
190000 539.3
195000 833.6
200000 795.1
205000 909.0
210000 681.1
215000 851.1
220000 746.4
225000 707.5
230000 875.1
235000 821.9
240000 769.7
245000 792.5
250000 814.9
255000 847.0
260000 719.7
265000 804.3
270000 912.2
275000 890.3
280000 704.0
285000 810.2
290000 820.2
295000 889.6
300000 794.8
305000 901.3
310000 791.9
315000 725.0
320000 850.9
325000 880.5
330000 901.6
335000 893.5
340000 924.9
345000 902.8
350000 937.8
355000 911.6
360000 909.3
365000 859.7
370000 918.4
375000 915.6
380000 952.9
385000 877.1
390000 936.6
395000 921.1
400000 889.8
405000 944.7
410000 862.3
415000 901.5
420000 918.0
425000 928.4
430000 881.2
435000 927.7
440000 940.9
445000 940.0
450000 872.0
455000 910.4
460000 874.9
465000 911.3
470000 905.6
475000 870.5
480000 903.1
485000 839.8
490000 882.2
495000 928.3
500000 860.2
505000 931.8
510000 861.5
515000 920.0
520000 826.0
525000 872.7
530000 915.5
535000 860.0
540000 935.6
545000 944.7
550000 843.3
555000 924.0
560000 916.4
565000 926.2
570000 880.3
575000 928.7
580000 927.5
585000 936.6
590000 927.9
595000 940.3
600000 920.5
605000 917.4
610000 914.2
615000 848.3
620000 933.8
625000 946.4
630000 918.8
635000 936.3
640000 953.5
645000 902.1
650000 881.1
655000 928.4
660000 708.2
665000 935.9
670000 944.1
675000 937.4
680000 939.5
685000 953.5
690000 948.2
695000 933.1
700000 920.3
705000 937.8
710000 921.0
715000 957.6
720000 932.0
725000 945.6
730000 944.8
735000 947.8
740000 952.1
745000 937.1
750000 869.5
755000 142.5
760000 486.0
765000 933.3
770000 901.7
775000 953.4
780000 910.0
785000 929.3
790000 929.8
795000 935.1
800000 916.2
805000 834.8
810000 863.6
815000 923.0
820000 944.9
825000 935.4
830000 924.4
835000 951.3
840000 925.0
845000 907.7
850000 957.5
855000 905.7
860000 937.2
865000 928.4
870000 950.8
875000 943.8
880000 926.5
885000 964.7
890000 943.8
895000 939.7
900000 955.2
905000 957.5
910000 948.5
915000 938.6
920000 886.4
925000 959.0
930000 922.9
935000 922.2
940000 851.1
945000 937.3
950000 931.4
955000 930.0
960000 950.3
965000 749.6
970000 919.2
975000 941.1
980000 923.8
985000 915.7
990000 937.9
995000 922.1
1000000 956.5
1005000 960.1
1010000 940.7
1015000 964.7
1020000 954.3
1025000 933.9
1030000 970.3
1035000 976.8
1040000 950.9
1045000 928.8
1050000 946.0
1055000 956.9
1060000 950.2
1065000 961.5
1070000 933.9
1075000 939.9
1080000 954.8
1085000 933.1
1090000 914.4
1095000 948.1
1100000 942.2
1105000 933.0
1110000 946.8
1115000 894.9
1120000 946.5
1125000 796.7
1130000 903.2
1135000 873.2
1140000 934.5
1145000 643.4
1150000 908.9
1155000 943.1
1160000 943.5
1165000 928.2
1170000 951.1
1175000 925.9
1180000 939.3
1185000 935.8
1190000 918.8
1195000 924.0
1200000 908.0
1205000 946.5
1210000 925.2
1215000 932.1
1220000 926.9
1225000 942.6
1230000 935.2
1235000 930.8
1240000 921.7
1245000 911.9
1250000 954.8
1255000 937.7
1260000 946.8
1265000 926.0
1270000 942.6
1275000 946.9
1280000 904.9
1285000 455.8
1290000 843.6
1295000 937.2
1300000 928.0
1305000 838.1
1310000 899.1
1315000 945.3
1320000 863.5
1325000 927.8
1330000 918.3
1335000 933.0
1340000 948.7
1345000 956.7
1350000 925.8
1355000 940.1
1360000 923.6
1365000 844.9
1370000 946.7
1375000 946.5
1380000 922.4
1385000 953.8
1390000 924.9
1395000 947.5
1400000 964.2
1405000 953.9
1410000 944.2
1415000 947.4
1420000 906.9
1425000 888.5
1430000 919.1
1435000 952.2
1440000 937.4
1445000 607.3
1450000 911.5
1455000 897.8
1460000 901.4
1465000 919.6
1470000 963.7
1475000 937.1
1480000 922.1
1485000 963.8
1490000 945.3
1495000 972.2
1500000 924.2
1505000 937.1
1510000 923.6
1515000 958.0
1520000 945.6
1525000 925.4
1530000 918.0
1535000 955.3
1540000 950.0
1545000 914.2
1550000 923.4
1555000 940.9
1560000 931.1
1565000 951.8
1570000 913.1
1575000 924.9
1580000 962.7
1585000 938.1
1590000 928.0
1595000 915.3
1600000 941.3
1605000 842.0
1610000 887.6
1615000 896.4
1620000 934.0
1625000 953.7
1630000 914.3
1635000 921.8
1640000 936.7
1645000 944.3
1650000 925.6
1655000 930.1
1660000 929.7
1665000 940.8
1670000 939.0
1675000 966.2
1680000 940.0
1685000 966.8
1690000 934.4
1695000 960.5
1700000 926.7
1705000 946.8
1710000 949.8
1715000 958.1
1720000 955.7
1725000 954.0
1730000 954.2
1735000 972.7
1740000 952.6
1745000 934.7
1750000 936.9
1755000 924.1
1760000 923.4
1765000 806.2
1770000 889.9
1775000 934.2
1780000 929.2
1785000 919.0
1790000 948.3
1795000 944.3
1800000 935.7
1805000 892.3
1810000 915.1
1815000 914.1
1820000 928.8
1825000 898.7
1830000 908.6
1835000 948.5
1840000 931.7
1845000 925.4
1850000 937.6
1855000 920.1
1860000 919.7
1865000 922.6
1870000 931.6
1875000 565.1
1880000 963.3
1885000 944.1
1890000 955.0
1895000 959.8
1900000 923.5
1905000 952.7
1910000 938.5
1915000 945.4
1920000 942.7
1925000 924.2
1930000 927.5
1935000 945.6
1940000 923.8
1945000 910.7
1950000 910.8
1955000 922.4
1960000 913.6
1965000 927.9
1970000 954.1
1975000 964.9
1980000 935.5
1985000 900.6
1990000 907.8
1995000 943.9
2000000 917.8
