5000 35.7
10000 16.7
15000 104.9
20000 32.4
25000 89.5
30000 177.6
35000 67.1
40000 143.9
45000 52.9
50000 7.1
55000 184.0
60000 37.7
65000 16.2
70000 113.3
75000 190.8
80000 30.5
85000 30.7
90000 11.6
95000 11.3
100000 11.8
105000 65.8
110000 99.3
115000 98.0
120000 77.0
125000 10.2
130000 38.1
135000 33.8
140000 54.9
145000 41.0
150000 69.4
155000 122.1
160000 105.0
165000 121.4
170000 212.8
175000 263.5
180000 203.8
185000 234.0
190000 455.2
195000 167.8
200000 666.8
205000 601.3
210000 578.3
215000 448.0
220000 799.6
225000 594.6
230000 780.7
235000 839.5
240000 780.2
245000 759.7
250000 763.8
255000 806.1
260000 739.1
265000 774.6
270000 871.4
275000 845.3
280000 799.2
285000 876.2
290000 771.2
295000 885.7
300000 742.4
305000 873.3
310000 776.8
315000 881.0
320000 906.8
325000 385.6
330000 936.9
335000 890.1
340000 885.3
345000 410.5
350000 913.5
355000 890.8
360000 907.1
365000 818.4
370000 828.0
375000 929.7
380000 929.8
385000 945.5
390000 940.4
395000 902.3
400000 947.9
405000 906.9
410000 955.6
415000 926.2
420000 927.9
425000 915.9
430000 924.2
435000 911.1
440000 921.5
445000 907.9
450000 887.4
455000 923.4
460000 830.9
465000 905.2
470000 891.8
475000 949.5
480000 942.2
485000 751.6
490000 922.3
495000 940.6
500000 943.2
505000 871.0
510000 735.1
515000 904.0
520000 904.4
525000 904.3
530000 874.4
535000 931.2
540000 934.4
545000 929.5
550000 914.9
555000 927.3
560000 952.2
565000 966.1
570000 939.6
575000 930.3
580000 942.6
585000 919.5
590000 968.1
595000 908.5
600000 890.2
605000 950.0
610000 959.5
615000 900.4
620000 939.9
625000 949.4
630000 941.8
635000 932.0
640000 915.6
645000 930.7
650000 906.4
655000 909.7
660000 951.6
665000 873.0
670000 933.8
675000 968.5
680000 946.5
685000 916.7
690000 936.6
695000 914.8
700000 915.2
705000 952.1
710000 936.2
715000 960.4
720000 910.9
725000 955.7
730000 930.6
735000 918.0
740000 947.8
745000 938.0
750000 958.6
755000 938.0
760000 924.9
765000 961.7
770000 905.3
775000 904.9
780000 948.8
785000 939.2
790000 952.1
795000 945.0
800000 953.2
805000 850.7
810000 918.7
815000 936.8
820000 944.8
825000 923.4
830000 930.1
835000 933.0
840000 926.8
845000 960.1
850000 958.0
855000 942.0
860000 951.5
865000 942.6
870000 953.2
875000 951.8
880000 938.1
885000 938.2
890000 964.7
895000 963.6
900000 920.3
905000 920.8
910000 919.3
915000 942.2
920000 931.3
925000 926.9
930000 921.0
935000 953.0
940000 947.4
945000 918.8
950000 931.0
955000 946.2
960000 955.9
965000 854.4
970000 942.3
975000 941.4
980000 962.6
985000 949.7
990000 934.2
995000 948.6
1000000 940.0
1005000 943.4
1010000 961.1
1015000 947.5
1020000 954.5
1025000 964.4
1030000 888.8
1035000 960.0
1040000 938.8
1045000 581.9
1050000 943.7
1055000 953.4
1060000 947.8
1065000 936.2
1070000 945.2
1075000 927.3
1080000 748.0
1085000 941.0
1090000 936.6
1095000 970.6
1100000 962.7
1105000 954.8
1110000 945.9
1115000 265.0
1120000 924.8
1125000 592.4
1130000 910.5
1135000 968.5
1140000 885.3
1145000 921.0
1150000 939.3
1155000 920.9
1160000 902.5
1165000 934.2
1170000 928.9
1175000 901.2
1180000 946.4
1185000 950.1
1190000 955.9
1195000 934.3
1200000 935.3
1205000 926.8
1210000 898.9
1215000 951.1
1220000 913.7
1225000 958.1
1230000 943.9
1235000 936.8
1240000 935.8
1245000 919.8
1250000 945.9
1255000 960.3
1260000 925.0
1265000 948.7
1270000 930.2
1275000 943.5
1280000 930.7
1285000 738.5
1290000 920.9
1295000 934.7
1300000 912.5
1305000 922.2
1310000 912.9
1315000 872.0
1320000 939.3
1325000 943.6
1330000 943.4
1335000 949.4
1340000 931.6
1345000 938.5
1350000 931.3
1355000 949.3
1360000 948.8
1365000 943.6
1370000 957.7
1375000 966.7
1380000 943.5
1385000 953.8
1390000 955.9
1395000 956.4
1400000 940.5
1405000 954.1
1410000 927.7
1415000 942.4
1420000 956.6
1425000 951.9
1430000 773.5
1435000 948.5
1440000 955.1
1445000 645.6
1450000 900.6
1455000 888.7
1460000 864.4
1465000 903.3
1470000 958.9
1475000 954.7
1480000 966.1
1485000 948.7
1490000 917.8
1495000 948.9
1500000 931.9
1505000 961.5
1510000 969.2
1515000 959.7
1520000 966.8
1525000 949.7
1530000 955.1
1535000 950.9
1540000 936.6
1545000 926.8
1550000 912.9
1555000 948.7
1560000 920.6
1565000 929.1
1570000 914.2
1575000 923.7
1580000 933.1
1585000 880.6
1590000 973.3
1595000 952.5
1600000 956.9
1605000 664.0
1610000 912.3
1615000 941.1
1620000 723.3
1625000 948.8
1630000 939.5
1635000 914.8
1640000 948.4
1645000 954.1
1650000 955.9
1655000 957.3
1660000 951.9
1665000 952.5
1670000 948.8
1675000 934.3
1680000 953.7
1685000 974.1
1690000 923.2
1695000 937.9
1700000 954.5
1705000 937.0
1710000 945.8
1715000 954.3
1720000 948.8
1725000 912.0
1730000 948.5
1735000 960.3
1740000 954.5
1745000 948.3
1750000 949.4
1755000 950.5
1760000 970.1
1765000 926.1
1770000 923.2
1775000 925.1
1780000 931.9
1785000 956.0
1790000 935.2
1795000 944.4
1800000 965.7
1805000 956.4
1810000 942.0
1815000 919.1
1820000 952.6
1825000 926.3
1830000 957.8
1835000 934.8
1840000 972.8
1845000 935.0
1850000 957.3
1855000 918.8
1860000 963.4
1865000 898.6
1870000 951.1
1875000 954.8
1880000 919.8
1885000 949.1
1890000 938.2
1895000 955.5
1900000 944.3
1905000 945.9
1910000 932.9
1915000 952.5
1920000 964.6
1925000 913.3
1930000 947.8
1935000 924.6
1940000 944.5
1945000 945.5
1950000 972.2
1955000 920.3
1960000 946.8
1965000 918.2
1970000 951.7
1975000 964.9
1980000 932.8
1985000 941.8
1990000 923.0
1995000 963.2
2000000 963.7
