5000 104.6
10000 172.1
15000 269.2
20000 176.1
25000 57.0
30000 95.3
35000 178.8
40000 116.8
45000 147.0
50000 117.0
55000 164.4
60000 266.1
65000 101.6
70000 126.1
75000 83.3
80000 192.5
85000 67.0
90000 58.2
95000 51.8
100000 25.3
105000 14.5
110000 34.4
115000 30.8
120000 50.9
125000 76.4
130000 100.6
135000 118.2
140000 135.9
145000 145.9
150000 248.5
155000 196.9
160000 227.3
165000 447.5
170000 639.1
175000 863.9
180000 685.9
185000 589.6
190000 859.8
195000 927.2
200000 882.5
205000 955.0
210000 816.1
215000 906.4
220000 931.0
225000 896.9
230000 806.6
235000 878.7
240000 869.3
245000 908.2
250000 938.9
255000 946.6
260000 881.8
265000 828.0
270000 863.9
275000 934.1
280000 894.8
285000 823.8
290000 925.9
295000 883.5
300000 920.7
305000 916.4
310000 905.2
315000 669.4
320000 921.5
325000 880.4
330000 938.9
335000 921.2
340000 956.1
345000 928.2
350000 900.1
355000 942.8
360000 941.1
365000 954.1
370000 918.2
375000 887.6
380000 919.2
385000 872.4
390000 932.3
395000 951.4
400000 938.7
405000 931.0
410000 931.0
415000 914.8
420000 912.3
425000 960.5
430000 888.7
435000 931.0
440000 900.9
445000 887.0
450000 901.4
455000 901.8
460000 921.3
465000 906.0
470000 915.3
475000 954.0
480000 934.4
485000 722.4
490000 886.9
495000 927.4
500000 944.6
505000 943.7
510000 916.3
515000 943.2
520000 945.8
525000 917.0
530000 970.6
535000 948.6
540000 965.3
545000 910.2
550000 919.6
555000 948.4
560000 927.1
565000 949.7
570000 931.8
575000 951.3
580000 928.3
585000 935.6
590000 955.2
595000 954.2
600000 932.7
605000 955.3
610000 935.5
615000 918.3
620000 952.7
625000 939.8
630000 905.1
635000 938.1
640000 954.2
645000 877.7
650000 883.4
655000 920.0
660000 954.2
665000 945.3
670000 927.5
675000 923.3
680000 899.9
685000 955.9
690000 934.2
695000 943.6
700000 917.8
705000 900.4
710000 951.7
715000 952.6
720000 923.4
725000 944.2
730000 950.1
735000 948.9
740000 937.4
745000 949.2
750000 942.5
755000 946.6
760000 928.7
765000 969.8
770000 942.6
775000 951.4
780000 924.6
785000 925.0
790000 917.3
795000 953.5
800000 945.0
805000 905.9
810000 881.2
815000 941.9
820000 943.3
825000 929.1
830000 946.0
835000 962.1
840000 954.3
845000 942.8
850000 948.8
855000 923.0
860000 953.3
865000 960.1
870000 930.9
875000 957.0
880000 934.2
885000 954.8
890000 926.8
895000 930.5
900000 926.1
905000 937.8
910000 949.5
915000 959.4
920000 955.1
925000 945.2
930000 959.0
935000 923.8
940000 944.0
945000 950.8
950000 926.8
955000 949.0
960000 940.3
965000 928.7
970000 939.7
975000 934.4
980000 956.9
985000 959.5
990000 962.5
995000 976.3
1000000 937.8
1005000 950.0
1010000 935.7
1015000 934.7
1020000 971.7
1025000 952.7
1030000 957.2
1035000 953.9
1040000 964.6
1045000 945.5
1050000 949.2
1055000 969.5
1060000 942.5
1065000 941.7
1070000 956.7
1075000 939.4
1080000 977.1
1085000 941.1
1090000 949.9
1095000 964.6
1100000 952.6
1105000 928.7
1110000 943.0
1115000 944.3
1120000 949.6
1125000 909.4
1130000 909.1
1135000 953.6
1140000 922.2
1145000 963.1
1150000 946.3
1155000 948.2
1160000 937.4
1165000 957.4
1170000 933.8
1175000 934.3
1180000 949.7
1185000 963.9
1190000 955.1
1195000 938.2
1200000 946.1
1205000 971.2
1210000 960.4
1215000 938.8
1220000 956.5
1225000 949.9
1230000 959.0
1235000 958.4
1240000 953.6
1245000 957.9
1250000 913.7
1255000 930.7
1260000 929.7
1265000 930.7
1270000 935.4
1275000 947.7
1280000 942.9
1285000 811.2
1290000 892.3
1295000 825.0
1300000 927.5
1305000 939.5
1310000 932.7
1315000 977.4
1320000 900.2
1325000 928.5
1330000 961.1
1335000 957.1
1340000 948.1
1345000 947.3
1350000 945.6
1355000 949.2
1360000 941.7
1365000 942.2
1370000 958.2
1375000 958.2
1380000 956.7
1385000 94.6
1390000 922.1
1395000 960.0
1400000 976.8
1405000 957.6
1410000 932.3
1415000 928.7
1420000 943.1
1425000 937.0
1430000 927.5
1435000 923.5
1440000 946.5
1445000 789.1
1450000 929.7
1455000 931.4
1460000 966.2
1465000 954.9
1470000 958.0
1475000 951.4
1480000 964.8
1485000 930.8
1490000 949.5
1495000 932.1
1500000 940.6
1505000 953.4
1510000 929.7
1515000 947.3
1520000 934.3
1525000 953.0
1530000 919.9
1535000 954.2
1540000 954.9
1545000 959.8
1550000 948.1
1555000 961.3
1560000 950.6
1565000 917.9
1570000 951.4
1575000 928.6
1580000 944.3
1585000 939.7
1590000 963.2
1595000 966.3
1600000 912.3
1605000 891.4
1610000 860.8
1615000 958.8
1620000 936.2
1625000 943.6
1630000 965.3
1635000 959.3
1640000 921.0
1645000 953.0
1650000 945.2
1655000 933.1
1660000 957.5
1665000 949.6
1670000 942.3
1675000 974.1
1680000 932.9
1685000 924.4
1690000 953.6
1695000 919.2
1700000 953.3
1705000 966.6
1710000 948.6
1715000 959.5
1720000 958.9
1725000 963.6
1730000 973.2
1735000 955.0
1740000 937.3
1745000 955.0
1750000 913.8
1755000 926.2
1760000 962.7
1765000 803.0
1770000 937.9
1775000 949.8
1780000 942.2
1785000 949.6
1790000 883.1
1795000 947.0
1800000 953.1
1805000 968.0
1810000 956.3
1815000 946.9
1820000 938.6
1825000 901.9
1830000 930.4
1835000 958.5
1840000 965.0
1845000 971.7
1850000 938.3
1855000 959.5
1860000 952.0
1865000 941.6
1870000 964.6
1875000 951.1
1880000 936.3
1885000 942.1
1890000 957.3
1895000 944.6
1900000 956.3
1905000 950.2
1910000 926.3
1915000 957.9
1920000 935.3
1925000 928.5
1930000 966.2
1935000 955.9
1940000 939.4
1945000 935.7
1950000 949.7
1955000 940.5
1960000 939.8
1965000 956.7
1970000 960.9
1975000 965.2
1980000 951.3
1985000 972.1
1990000 953.6
1995000 915.9
2000000 925.3
