5000 64.5
10000 10.4
15000 53.4
20000 109.0
25000 159.1
30000 173.5
35000 71.8
40000 84.8
45000 91.8
50000 213.1
55000 89.8
60000 346.4
65000 90.3
70000 46.1
75000 430.2
80000 8.4
85000 98.7
90000 307.6
95000 27.2
100000 8.0
105000 52.8
110000 13.1
115000 36.5
120000 101.5
125000 56.0
130000 88.6
135000 13.9
140000 100.5
145000 18.7
150000 30.9
155000 38.5
160000 35.3
165000 93.1
170000 196.0
175000 535.8
180000 653.8
185000 879.0
190000 945.5
195000 931.9
200000 972.9
205000 906.5
210000 939.2
215000 928.0
220000 914.5
225000 513.2
230000 932.0
235000 935.0
240000 903.5
245000 625.6
250000 923.9
255000 919.1
260000 902.0
265000 215.9
270000 905.6
275000 923.3
280000 833.9
285000 897.7
290000 898.8
295000 887.4
300000 932.0
305000 899.6
310000 830.9
315000 918.1
320000 922.8
325000 898.8
330000 870.7
335000 932.5
340000 928.8
345000 917.7
350000 949.6
355000 927.8
360000 837.0
365000 917.1
370000 917.8
375000 931.9
380000 943.5
385000 942.7
390000 838.8
395000 824.3
400000 844.5
405000 921.2
410000 899.0
415000 931.1
420000 929.3
425000 929.1
430000 885.6
435000 914.4
440000 951.7
445000 892.2
450000 842.5
455000 924.6
460000 913.4
465000 918.1
470000 954.5
475000 873.2
480000 909.6
485000 776.1
490000 879.5
495000 937.8
500000 909.6
505000 931.8
510000 936.4
515000 937.5
520000 947.0
525000 950.1
530000 954.0
535000 912.7
540000 949.9
545000 915.1
550000 917.1
555000 949.6
560000 919.1
565000 937.2
570000 953.0
575000 943.0
580000 943.2
585000 944.8
590000 945.0
595000 908.9
600000 921.5
605000 953.8
610000 904.0
615000 959.1
620000 933.0
625000 904.0
630000 925.0
635000 931.8
640000 942.7
645000 865.7
650000 932.3
655000 938.8
660000 889.2
665000 920.5
670000 940.6
675000 939.5
680000 938.5
685000 942.1
690000 941.5
695000 939.4
700000 940.5
705000 938.8
710000 932.7
715000 925.5
720000 931.8
725000 938.6
730000 945.7
735000 922.3
740000 951.7
745000 921.3
750000 931.5
755000 918.3
760000 953.6
765000 933.9
770000 953.2
775000 947.1
780000 937.3
785000 945.2
