5000 102.5
10000 55.0
15000 126.2
20000 120.3
25000 66.6
30000 61.1
35000 8.1
40000 140.3
45000 146.4
50000 161.2
55000 81.6
60000 117.7
65000 414.6
70000 349.9
75000 448.8
80000 249.4
85000 356.4
90000 520.9
95000 213.3
100000 294.6
105000 603.5
110000 309.3
115000 252.0
120000 365.5
125000 221.1
130000 310.4
135000 227.5
140000 235.2
145000 489.3
150000 349.2
155000 355.2
160000 242.0
165000 885.1
170000 856.3
175000 894.6
180000 899.0
185000 930.4
190000 930.7
195000 953.0
200000 947.5
205000 935.5
210000 953.7
215000 899.1
220000 915.2
225000 932.3
230000 864.1
235000 916.6
240000 922.0
245000 908.7
250000 931.0
255000 940.2
260000 917.1
265000 844.9
270000 934.0
275000 920.8
280000 922.1
285000 942.9
290000 927.6
295000 873.4
300000 928.0
305000 902.7
310000 920.4
315000 917.4
320000 919.1
325000 887.2
330000 940.0
335000 939.0
340000 947.0
345000 934.0
350000 904.7
355000 938.2
360000 854.6
365000 926.3
370000 924.7
375000 940.5
380000 885.3
385000 954.3
390000 943.5
395000 891.8
400000 847.7
405000 938.0
410000 877.1
415000 944.0
420000 946.7
425000 940.1
430000 876.7
435000 950.5
440000 918.7
445000 954.7
450000 861.5
455000 924.9
460000 950.6
465000 939.4
470000 921.2
475000 910.7
480000 800.4
485000 925.0
490000 900.1
495000 948.1
500000 938.9
505000 954.9
510000 922.2
515000 922.7
520000 958.0
525000 929.8
530000 952.3
535000 920.4
540000 970.0
545000 950.3
550000 930.0
555000 897.2
560000 954.1
565000 933.2
570000 918.5
575000 904.2
580000 950.8
585000 940.6
590000 937.8
595000 948.7
600000 947.4
605000 942.0
610000 927.4
615000 907.5
620000 926.9
625000 918.2
630000 948.8
635000 963.5
640000 949.0
645000 811.9
650000 927.0
655000 963.4
660000 908.4
665000 961.7
670000 926.8
675000 902.6
680000 936.7
685000 950.2
690000 931.0
695000 922.1
700000 936.8
705000 968.8
710000 979.0
715000 967.6
720000 954.0
725000 936.8
730000 951.7
735000 943.8
740000 926.0
745000 933.2
750000 941.0
755000 944.2
760000 946.2
765000 935.2
770000 940.8
775000 971.5
780000 917.6
785000 932.0
790000 957.1
795000 907.7
800000 968.3
805000 853.9
810000 886.7
815000 932.4
820000 897.8
825000 964.0
830000 961.3
835000 944.3
840000 957.9
845000 933.8
850000 916.3
855000 947.4
860000 929.1
865000 906.1
870000 933.1
875000 948.5
880000 940.1
885000 940.5
890000 956.4
895000 930.5
900000 943.5
905000 923.8
910000 926.9
915000 953.7
920000 958.7
925000 944.3
930000 960.0
935000 952.2
940000 940.3
945000 941.0
950000 952.4
955000 956.6
960000 935.5
965000 874.5
970000 940.4
975000 948.7
980000 947.3
985000 957.2
990000 947.8
995000 956.3
1000000 961.1
1005000 965.2
1010000 953.7
1015000 948.9
1020000 954.2
1025000 943.0
1030000 960.4
1035000 948.5
1040000 956.7
1045000 959.5
1050000 945.5
1055000 937.4
1060000 933.1
1065000 943.8
1070000 952.6
1075000 937.1
1080000 958.7
1085000 960.3
1090000 935.9
1095000 927.4
1100000 925.8
1105000 948.7
1110000 949.6
1115000 931.7
1120000 936.7
1125000 863.5
1130000 912.1
1135000 848.7
1140000 877.8
1145000 931.5
1150000 937.8
1155000 955.4
1160000 939.9
1165000 937.7
1170000 950.8
1175000 945.6
1180000 968.4
1185000 956.1
1190000 956.3
1195000 936.6
1200000 937.1
1205000 966.3
1210000 940.0
1215000 952.6
1220000 937.2
1225000 942.9
1230000 947.7
1235000 951.4
1240000 917.1
1245000 933.4
1250000 881.3
1255000 910.3
1260000 958.2
1265000 931.1
1270000 917.3
1275000 906.9
1280000 950.2
1285000 892.5
1290000 906.1
1295000 912.3
1300000 935.1
1305000 923.6
1310000 959.3
1315000 912.3
1320000 960.6
1325000 938.7
1330000 960.7
1335000 934.2
1340000 926.8
1345000 950.9
1350000 952.1
1355000 929.5
1360000 947.9
1365000 910.9
1370000 944.1
1375000 966.8
1380000 942.8
1385000 946.0
1390000 944.5
1395000 943.5
1400000 949.4
1405000 930.5
1410000 902.4
1415000 956.3
1420000 959.3
1425000 940.4
1430000 950.5
1435000 962.2
1440000 940.0
1445000 798.7
1450000 822.2
1455000 954.7
1460000 947.4
1465000 911.2
1470000 961.9
1475000 912.7
1480000 943.5
1485000 936.4
1490000 971.1
1495000 945.9
1500000 956.3
1505000 950.8
1510000 945.7
1515000 962.5
1520000 917.6
1525000 618.5
1530000 938.5
1535000 934.9
1540000 932.3
1545000 947.2
1550000 948.3
1555000 955.9
1560000 939.8
1565000 914.0
1570000 928.4
1575000 934.0
1580000 951.8
1585000 956.9
1590000 939.9
1595000 952.8
1600000 961.5
1605000 621.6
1610000 851.1
1615000 920.0
1620000 915.4
1625000 871.9
1630000 918.3
1635000 937.3
1640000 978.0
1645000 934.6
1650000 952.4
1655000 958.3
1660000 931.6
1665000 960.0
1670000 919.7
1675000 955.7
1680000 922.4
1685000 965.9
1690000 922.1
1695000 950.2
1700000 756.1
1705000 947.7
1710000 964.4
1715000 917.9
1720000 956.5
1725000 942.1
1730000 924.2
1735000 936.4
1740000 935.6
1745000 901.2
1750000 958.2
1755000 917.7
1760000 952.8
1765000 837.0
1770000 941.0
1775000 952.0
1780000 952.4
1785000 977.9
1790000 956.7
1795000 884.1
1800000 941.8
1805000 920.1
1810000 959.8
1815000 951.6
1820000 949.4
1825000 944.9
1830000 951.5
1835000 953.7
1840000 915.2
1845000 920.0
1850000 940.9
1855000 958.9
1860000 959.3
1865000 953.6
1870000 930.0
1875000 954.1
1880000 964.9
1885000 946.9
1890000 973.5
1895000 950.8
1900000 970.9
1905000 931.4
1910000 848.7
1915000 952.4
1920000 966.1
1925000 972.3
1930000 942.0
1935000 936.7
1940000 923.3
1945000 947.2
1950000 956.4
1955000 958.4
1960000 958.4
1965000 927.2
1970000 961.2
1975000 958.5
1980000 963.3
1985000 931.8
1990000 946.1
1995000 924.3
2000000 986.0
