5000 300.0
10000 400.0
15000 346.4
20000 1.0
25000 408.4
30000 299.1
35000 400.0
40000 293.5
45000 382.9
50000 299.3
55000 312.5
60000 394.3
65000 472.7
70000 474.3
75000 392.5
80000 491.1
85000 388.0
90000 391.5
95000 390.1
100000 196.1
105000 497.7
110000 392.4
115000 481.8
120000 484.5
125000 666.0
130000 579.2
135000 672.4
140000 689.6
145000 880.7
150000 665.3
155000 562.5
160000 781.4
165000 391.4
170000 678.9
175000 782.3
180000 686.9
185000 580.4
190000 671.1
195000 877.9
200000 865.6
205000 981.0
210000 575.5
215000 778.4
220000 774.9
225000 876.3
230000 679.1
235000 686.6
240000 882.3
245000 775.8
250000 641.1
255000 756.2
260000 880.0
265000 974.7
270000 777.1
275000 862.9
280000 788.5
285000 786.8
290000 776.9
295000 764.8
300000 754.7
305000 857.0
310000 956.0
315000 788.4
320000 868.2
325000 16.0
330000 190.1
335000 98.6
340000 669.7
345000 542.7
350000 633.8
355000 585.7
360000 932.4
365000 976.1
370000 969.6
375000 757.7
380000 678.8
385000 882.5
390000 589.6
395000 977.7
400000 962.4
405000 786.6
410000 991.9
415000 965.5
420000 882.8
425000 972.7
430000 981.6
435000 970.5
440000 783.3
445000 877.3
450000 977.7
455000 866.8
460000 889.6
465000 874.4
470000 976.1
475000 964.6
480000 965.8
485000 971.5
490000 874.6
495000 974.7
500000 981.0
505000 967.8
510000 975.6
515000 869.5
520000 906.5
525000 976.2
530000 881.4
535000 960.1
540000 972.5
545000 873.4
550000 981.2
555000 883.7
560000 976.2
565000 986.1
570000 982.9
575000 974.0
580000 979.2
585000 859.7
590000 979.9
595000 979.4
600000 879.2
605000 981.0
610000 981.1
615000 971.3
620000 981.0
625000 980.8
630000 974.5
635000 972.8
640000 978.6
645000 114.2
650000 182.5
655000 356.9
660000 648.9
665000 717.9
670000 964.9
675000 843.0
680000 884.9
685000 973.3
690000 962.2
695000 981.5
700000 974.5
705000 880.6
710000 965.2
715000 979.9
720000 971.6
725000 973.1
730000 978.6
735000 879.5
740000 977.5
745000 973.2
750000 978.8
755000 987.7
760000 877.1
765000 877.6
770000 976.5
775000 978.2
780000 972.1
785000 968.4
790000 970.7
795000 973.9
800000 980.4
805000 985.1
810000 970.3
815000 881.4
820000 988.0
825000 972.4
830000 982.4
835000 984.6
840000 982.4
845000 980.3
850000 887.3
855000 973.5
860000 978.3
865000 984.6
870000 983.0
875000 980.2
880000 977.9
885000 981.6
890000 977.0
895000 975.2
900000 983.2
905000 880.9
910000 972.5
915000 990.1
920000 989.0
925000 961.4
930000 984.3
935000 986.3
940000 975.8
945000 980.3
950000 973.1
955000 980.2
960000 980.1
965000 105.9
970000 257.8
975000 572.4
980000 758.8
985000 880.4
990000 870.6
995000 875.2
1000000 863.5
1005000 984.7
1010000 984.7
1015000 777.6
1020000 975.3
1025000 989.0
1030000 891.2
1035000 971.0
1040000 986.2
1045000 987.9
1050000 979.2
1055000 984.3
1060000 882.8
1065000 982.0
1070000 981.5
1075000 985.8
1080000 982.4
1085000 988.3
1090000 881.6
1095000 986.2
1100000 987.9
1105000 870.4
1110000 981.0
1115000 979.6
1120000 985.6
1125000 982.6
1130000 879.3
1135000 984.3
1140000 984.9
1145000 866.0
1150000 979.0
1155000 981.4
1160000 876.8
1165000 986.8
1170000 985.0
1175000 885.6
1180000 980.0
1185000 981.7
1190000 967.0
1195000 983.1
1200000 890.1
1205000 983.8
1210000 887.1
1215000 981.6
1220000 885.7
1225000 888.4
1230000 973.4
1235000 982.9
1240000 985.1
1245000 983.1
1250000 976.9
1255000 978.4
1260000 980.2
1265000 981.8
1270000 973.7
1275000 889.9
1280000 984.4
1285000 296.5
1290000 195.0
1295000 216.7
1300000 689.6
1305000 778.8
1310000 745.3
1315000 779.9
1320000 971.3
1325000 767.9
1330000 680.5
1335000 977.2
1340000 986.1
1345000 779.4
1350000 865.9
1355000 686.8
1360000 875.7
1365000 971.1
1370000 880.6
1375000 888.4
1380000 979.2
1385000 865.7
1390000 883.8
1395000 961.1
1400000 988.0
1405000 976.0
1410000 982.4
1415000 891.5
1420000 985.8
1425000 982.0
1430000 984.4
1435000 985.1
1440000 887.4
1445000 979.5
1450000 985.2
1455000 978.8
1460000 985.0
1465000 871.5
1470000 979.7
1475000 978.6
1480000 778.9
1485000 966.9
1490000 882.5
1495000 938.1
1500000 975.5
1505000 982.6
1510000 970.6
1515000 966.9
1520000 972.7
1525000 878.7
1530000 984.0
1535000 980.2
1540000 887.3
1545000 977.1
1550000 874.4
1555000 974.7
1560000 988.3
1565000 978.0
1570000 971.8
1575000 980.3
1580000 980.4
1585000 983.8
1590000 879.6
1595000 986.4
1600000 978.4
1605000 137.3
1610000 155.3
1615000 477.5
1620000 686.8
1625000 558.6
1630000 492.6
1635000 880.0
1640000 786.3
1645000 685.6
1650000 967.2
1655000 678.4
1660000 768.1
1665000 961.9
1670000 682.6
1675000 979.8
1680000 889.2
1685000 881.5
1690000 883.8
1695000 884.9
1700000 783.7
1705000 981.8
1710000 976.8
1715000 976.6
1720000 883.5
1725000 985.2
1730000 876.8
1735000 787.7
1740000 986.9
1745000 978.9
1750000 982.5
1755000 971.7
1760000 981.8
1765000 978.9
1770000 883.0
1775000 971.7
1780000 983.4
1785000 984.0
1790000 789.4
1795000 789.1
1800000 978.0
1805000 887.2
1810000 979.6
1815000 888.2
1820000 983.6
1825000 967.0
1830000 978.0
1835000 980.8
1840000 977.5
1845000 876.0
1850000 983.8
1855000 883.5
1860000 978.3
1865000 973.5
1870000 880.6
1875000 775.4
1880000 975.0
1885000 883.5
1890000 887.0
1895000 883.7
1900000 982.6
1905000 985.6
1910000 988.4
1915000 880.8
1920000 988.9
1925000 977.8
1930000 986.1
1935000 887.0
1940000 887.4
1945000 980.1
1950000 989.5
1955000 978.3
1960000 980.6
1965000 790.0
1970000 974.9
1975000 974.5
1980000 978.6
1985000 890.8
1990000 888.4
1995000 980.6
2000000 785.9
