5000 96.3
10000 0.0
15000 105.9
20000 294.0
25000 482.0
30000 294.1
35000 271.9
40000 554.2
45000 561.1
50000 392.4
55000 594.7
60000 488.0
65000 192.2
70000 861.3
75000 427.6
80000 671.9
85000 575.1
90000 666.4
95000 877.1
100000 656.9
105000 936.7
110000 479.6
115000 690.8
120000 380.7
125000 786.4
130000 785.0
135000 751.3
140000 612.4
145000 664.2
150000 967.5
155000 758.9
160000 762.4
165000 968.2
170000 577.5
175000 413.7
180000 576.1
185000 970.4
190000 754.8
195000 865.8
200000 947.5
205000 875.1
210000 864.1
215000 972.6
220000 873.0
225000 985.0
230000 662.9
235000 962.3
240000 860.4
245000 876.7
250000 874.3
255000 825.1
260000 962.5
265000 979.5
270000 870.8
275000 821.4
280000 975.9
285000 766.5
290000 966.1
295000 953.6
300000 772.8
305000 876.8
310000 965.0
315000 861.7
320000 781.6
325000 209.3
330000 459.7
335000 624.8
340000 590.8
345000 875.6
350000 770.9
355000 681.7
360000 978.2
365000 855.5
370000 880.4
375000 974.1
380000 972.0
385000 880.7
390000 783.6
395000 874.4
400000 875.3
405000 674.9
410000 783.0
415000 973.7
420000 788.3
425000 857.8
430000 979.0
435000 966.1
440000 784.6
445000 873.4
450000 777.5
455000 876.7
460000 974.6
465000 971.6
470000 978.3
475000 976.2
480000 982.9
485000 977.7
490000 886.7
495000 975.4
500000 884.9
505000 975.1
510000 974.5
515000 876.1
520000 961.4
525000 981.2
530000 979.0
535000 982.7
540000 980.9
545000 961.9
550000 975.1
555000 982.1
560000 981.5
565000 964.8
570000 978.5
575000 979.0
580000 977.3
585000 976.1
590000 980.7
595000 878.0
600000 976.4
605000 973.2
610000 884.0
615000 877.2
620000 978.7
625000 977.0
630000 873.7
635000 875.6
640000 980.1
645000 316.4
650000 228.6
655000 590.4
660000 735.5
665000 685.3
670000 878.7
675000 777.9
680000 976.7
685000 782.7
690000 886.5
695000 780.7
700000 882.2
705000 879.2
710000 980.0
715000 968.1
720000 979.4
725000 891.9
730000 981.8
735000 980.2
740000 884.0
745000 969.5
750000 880.8
755000 881.6
760000 980.2
765000 976.8
770000 966.4
775000 980.8
780000 981.2
785000 980.1
790000 986.4
795000 981.7
800000 983.2
805000 882.5
810000 980.9
815000 977.7
820000 978.9
825000 980.3
830000 972.7
835000 982.8
840000 976.2
845000 983.3
850000 980.4
855000 983.6
860000 983.1
865000 981.7
870000 977.1
875000 986.2
880000 973.7
885000 971.7
890000 883.6
895000 988.5
900000 972.9
905000 975.3
910000 781.6
915000 985.2
920000 974.8
925000 785.5
930000 982.5
935000 982.4
940000 982.5
945000 981.0
950000 983.5
955000 982.6
960000 972.0
965000 144.5
970000 199.7
975000 751.6
980000 762.4
985000 868.9
990000 680.1
995000 867.9
1000000 696.7
1005000 777.4
1010000 974.7
1015000 873.6
1020000 884.3
1025000 985.0
1030000 888.6
1035000 976.9
1040000 981.6
1045000 974.5
1050000 980.5
1055000 882.7
1060000 888.4
1065000 984.3
1070000 765.7
1075000 862.8
1080000 978.6
1085000 977.5
1090000 987.0
1095000 979.8
1100000 976.8
1105000 882.0
1110000 981.4
1115000 881.2
1120000 788.5
1125000 874.3
1130000 978.9
1135000 978.5
1140000 970.8
1145000 982.1
1150000 975.0
1155000 979.0
1160000 873.6
1165000 990.3
1170000 976.0
1175000 978.1
1180000 966.9
1185000 981.3
1190000 883.9
1195000 787.2
1200000 974.9
1205000 973.8
1210000 984.1
1215000 981.8
1220000 979.5
1225000 888.4
1230000 982.1
1235000 778.5
1240000 981.5
1245000 967.5
1250000 979.7
1255000 985.3
1260000 884.8
1265000 884.5
1270000 980.6
1275000 886.3
1280000 981.3
1285000 98.2
1290000 224.8
1295000 272.5
1300000 685.4
1305000 576.7
1310000 776.4
1315000 830.9
1320000 683.1
1325000 783.8
1330000 779.8
1335000 976.4
1340000 870.9
1345000 863.8
1350000 882.7
1355000 773.8
1360000 982.9
1365000 922.0
1370000 983.8
1375000 878.7
1380000 984.4
1385000 769.1
1390000 986.7
1395000 979.4
1400000 982.8
1405000 889.4
1410000 979.3
1415000 955.5
1420000 985.6
1425000 980.8
1430000 988.4
1435000 879.9
1440000 882.5
1445000 983.3
1450000 877.0
1455000 983.8
1460000 985.3
1465000 858.3
1470000 881.2
1475000 943.0
1480000 966.7
1485000 879.0
1490000 984.3
1495000 886.8
1500000 883.0
1505000 981.5
1510000 979.8
1515000 987.1
1520000 976.6
1525000 982.3
1530000 881.5
1535000 980.1
1540000 876.1
1545000 978.1
1550000 987.7
1555000 880.5
1560000 977.7
1565000 966.9
1570000 987.7
1575000 982.1
1580000 886.9
1585000 978.8
1590000 979.2
1595000 979.2
1600000 881.9
1605000 390.0
1610000 297.4
1615000 458.9
1620000 497.3
1625000 781.8
1630000 949.6
1635000 589.7
1640000 981.6
1645000 877.9
1650000 769.8
1655000 776.7
1660000 980.6
1665000 984.3
1670000 978.0
1675000 981.9
1680000 969.3
1685000 983.4
1690000 984.2
1695000 983.1
1700000 979.3
1705000 888.8
1710000 881.3
1715000 966.2
1720000 875.2
1725000 885.9
1730000 979.4
1735000 974.6
1740000 990.4
1745000 878.4
1750000 875.0
1755000 966.1
1760000 970.7
1765000 983.9
1770000 979.6
1775000 982.0
1780000 979.2
1785000 980.4
1790000 980.0
1795000 981.9
1800000 976.6
1805000 982.8
1810000 983.3
1815000 887.0
1820000 783.4
1825000 882.2
1830000 983.9
1835000 974.5
1840000 883.9
1845000 982.9
1850000 978.8
1855000 975.5
1860000 981.3
1865000 984.2
1870000 986.2
1875000 981.6
1880000 983.9
1885000 887.0
1890000 977.0
1895000 987.7
1900000 788.5
1905000 978.6
1910000 878.9
1915000 979.5
1920000 981.8
1925000 985.6
1930000 964.0
1935000 877.3
1940000 970.4
1945000 981.4
1950000 791.7
1955000 880.3
1960000 983.0
1965000 982.4
1970000 974.0
1975000 982.8
1980000 982.0
1985000 880.6
1990000 976.0
1995000 986.3
2000000 983.5
