5000 100.0
10000 100.0
15000 147.7
20000 289.8
25000 400.0
30000 287.1
35000 493.9
40000 368.4
45000 204.7
50000 287.5
55000 160.1
60000 275.3
65000 394.8
70000 683.5
75000 485.5
80000 580.8
85000 189.2
90000 872.7
95000 382.8
100000 588.4
105000 661.1
110000 675.4
115000 778.9
120000 674.8
125000 482.1
130000 575.5
135000 674.1
140000 484.3
145000 577.3
150000 865.3
155000 581.1
160000 958.5
165000 757.8
170000 808.3
175000 582.1
180000 802.1
185000 874.1
190000 654.9
195000 968.2
200000 690.2
205000 774.5
210000 967.1
215000 955.6
220000 781.3
225000 868.6
230000 774.8
235000 869.2
240000 859.2
245000 871.9
250000 951.2
255000 962.8
260000 866.2
265000 788.7
270000 963.3
275000 871.2
280000 886.3
285000 681.7
290000 868.7
295000 958.0
300000 776.2
305000 970.6
310000 871.5
315000 979.6
320000 969.4
325000 121.1
330000 458.0
335000 648.2
340000 727.0
345000 759.7
350000 981.4
355000 983.9
360000 880.3
365000 875.0
370000 746.8
375000 880.4
380000 963.0
385000 869.1
390000 971.9
395000 964.2
400000 971.5
405000 870.5
410000 973.4
415000 878.9
420000 928.0
425000 977.8
430000 982.9
435000 870.4
440000 979.4
445000 860.4
450000 962.3
455000 882.9
460000 971.8
465000 972.8
470000 970.1
475000 974.4
480000 883.2
485000 877.5
490000 956.7
495000 965.6
500000 979.4
505000 974.8
510000 973.1
515000 974.5
520000 986.0
525000 874.0
530000 974.3
535000 945.0
540000 965.6
545000 883.5
550000 968.4
555000 984.1
560000 962.8
565000 876.6
570000 974.4
575000 961.9
580000 984.6
585000 973.5
590000 984.2
595000 983.3
600000 970.7
605000 878.6
610000 984.7
615000 978.7
620000 975.7
625000 983.3
630000 876.1
635000 979.8
640000 971.5
645000 103.0
650000 251.0
655000 787.1
660000 392.8
665000 584.9
670000 981.6
675000 880.1
680000 879.3
685000 872.1
690000 886.1
695000 780.5
700000 773.6
705000 976.9
710000 979.9
715000 973.2
720000 832.0
725000 969.1
730000 983.2
735000 972.3
740000 971.4
745000 968.5
750000 974.3
755000 978.4
760000 973.6
765000 880.4
770000 987.3
775000 982.9
780000 878.7
785000 984.2
790000 971.2
795000 980.6
800000 992.0
805000 980.3
810000 883.6
815000 878.3
820000 983.0
825000 878.4
830000 977.7
835000 968.7
840000 981.8
845000 880.6
850000 885.3
855000 971.4
860000 977.8
865000 882.5
870000 984.1
875000 879.1
880000 974.9
885000 980.6
890000 975.8
895000 981.4
900000 984.2
905000 979.5
910000 875.9
915000 980.6
920000 966.7
925000 972.4
930000 981.6
935000 977.5
940000 969.3
945000 989.0
950000 971.0
955000 886.6
960000 975.4
965000 185.5
970000 472.8
975000 641.3
980000 575.2
985000 959.4
990000 978.0
995000 884.2
1000000 864.0
1005000 973.2
1010000 963.9
1015000 967.9
1020000 984.4
1025000 880.4
1030000 987.9
1035000 974.2
1040000 886.0
1045000 974.2
1050000 881.7
1055000 880.0
1060000 979.7
1065000 975.5
1070000 980.9
1075000 932.8
1080000 982.3
1085000 974.3
1090000 878.3
1095000 988.6
1100000 983.5
1105000 783.6
1110000 979.8
1115000 981.0
1120000 885.5
1125000 983.9
1130000 987.0
1135000 967.4
1140000 978.0
1145000 975.8
1150000 979.4
1155000 986.8
1160000 986.0
1165000 883.1
1170000 984.0
1175000 878.7
1180000 975.1
1185000 976.4
1190000 981.8
1195000 971.3
1200000 980.3
1205000 985.5
1210000 976.7
1215000 976.8
1220000 887.7
1225000 987.3
1230000 984.8
1235000 978.8
1240000 890.5
1245000 986.0
1250000 954.6
1255000 796.6
1260000 974.2
1265000 989.5
1270000 977.3
1275000 885.9
1280000 879.6
1285000 201.5
1290000 444.7
1295000 0.8
1300000 587.7
1305000 683.7
1310000 489.2
1315000 778.6
1320000 679.7
1325000 581.6
1330000 779.4
1335000 974.2
1340000 879.2
1345000 965.2
1350000 972.4
1355000 973.1
1360000 934.5
1365000 983.0
1370000 777.4
1375000 983.1
1380000 878.0
1385000 982.7
1390000 961.4
1395000 976.3
1400000 960.0
1405000 972.0
1410000 966.1
1415000 885.9
1420000 979.3
1425000 974.5
1430000 982.2
1435000 976.3
1440000 790.6
1445000 884.6
1450000 977.8
1455000 971.3
1460000 982.0
1465000 975.7
1470000 926.6
1475000 976.5
1480000 975.7
1485000 973.6
1490000 978.7
1495000 884.1
1500000 981.3
1505000 978.9
1510000 974.0
1515000 978.4
1520000 987.2
1525000 980.8
1530000 986.7
1535000 982.4
1540000 925.6
1545000 980.8
1550000 976.7
1555000 987.0
1560000 979.5
1565000 975.2
1570000 977.6
1575000 978.7
1580000 978.0
1585000 972.1
1590000 972.8
1595000 980.8
1600000 877.2
1605000 279.9
1610000 497.6
1615000 664.9
1620000 642.0
1625000 596.8
1630000 589.2
1635000 769.3
1640000 978.2
1645000 981.6
1650000 971.7
1655000 979.3
1660000 788.0
1665000 986.7
1670000 680.0
1675000 980.8
1680000 970.2
1685000 970.7
1690000 975.2
1695000 878.4
1700000 969.4
1705000 979.3
1710000 971.1
1715000 972.3
1720000 887.0
1725000 975.8
1730000 986.7
1735000 985.4
1740000 976.0
1745000 978.0
1750000 978.6
1755000 990.4
1760000 977.6
1765000 886.9
1770000 978.1
1775000 987.6
1780000 989.7
1785000 981.2
1790000 972.1
1795000 988.6
1800000 974.4
1805000 978.7
1810000 973.2
1815000 968.5
1820000 977.6
1825000 979.6
1830000 987.8
1835000 983.9
1840000 980.9
1845000 971.9
1850000 983.8
1855000 973.4
1860000 983.0
1865000 979.5
1870000 878.7
1875000 987.2
1880000 880.2
1885000 879.0
1890000 880.8
1895000 883.8
1900000 982.4
1905000 974.1
1910000 973.1
1915000 981.8
1920000 981.8
1925000 981.1
1930000 988.6
1935000 979.3
1940000 885.9
1945000 981.7
1950000 986.7
1955000 974.7
1960000 977.9
1965000 978.8
1970000 984.1
1975000 978.0
1980000 981.8
1985000 980.9
1990000 985.4
1995000 983.9
2000000 982.7
