5000 200.0
10000 200.0
15000 429.3
20000 100.0
25000 387.2
30000 98.8
35000 556.2
40000 301.9
45000 172.7
50000 392.7
55000 166.1
60000 196.2
65000 586.1
70000 503.7
75000 559.9
80000 380.6
85000 294.7
90000 346.1
95000 883.7
100000 545.9
105000 380.4
110000 488.4
115000 582.6
120000 845.9
125000 862.5
130000 681.1
135000 574.6
140000 670.3
145000 486.5
150000 678.3
155000 589.7
160000 584.2
165000 780.7
170000 566.3
175000 773.2
180000 486.0
185000 786.2
190000 475.3
195000 871.3
200000 672.0
205000 486.6
210000 855.1
215000 769.5
220000 680.2
225000 667.2
230000 812.9
235000 863.6
240000 774.7
245000 870.0
250000 766.4
255000 863.3
260000 752.7
265000 867.1
270000 871.4
275000 782.3
280000 971.8
285000 874.0
290000 876.9
295000 862.7
300000 882.5
305000 770.9
310000 769.2
315000 650.3
320000 972.3
325000 247.8
330000 235.5
335000 586.0
340000 581.5
345000 978.3
350000 769.8
355000 874.4
360000 781.3
365000 777.1
370000 877.3
375000 780.1
380000 972.5
385000 997.3
390000 961.3
395000 965.4
400000 983.9
405000 877.2
410000 977.4
415000 979.3
420000 968.5
425000 977.9
430000 981.3
435000 977.6
440000 879.1
445000 970.7
450000 966.9
455000 982.6
460000 876.5
465000 972.4
470000 876.7
475000 977.3
480000 982.0
485000 978.7
490000 979.8
495000 973.4
500000 985.2
505000 981.4
510000 987.8
515000 984.6
520000 981.1
525000 967.7
530000 976.0
535000 778.2
540000 977.6
545000 955.6
550000 979.0
555000 985.8
560000 977.9
565000 884.2
570000 974.3
575000 981.8
580000 874.2
585000 887.0
590000 983.4
595000 979.7
600000 978.1
605000 887.8
610000 980.1
615000 980.1
620000 976.3
625000 988.4
630000 984.7
635000 978.8
640000 978.5
645000 348.0
650000 202.0
655000 198.7
660000 761.3
665000 680.2
670000 865.1
675000 883.7
680000 962.3
685000 877.1
690000 969.3
695000 970.0
700000 981.6
705000 772.2
710000 966.4
715000 979.5
720000 971.8
725000 976.1
730000 778.8
735000 874.3
740000 979.8
745000 888.8
750000 983.3
755000 984.3
760000 869.8
765000 981.0
770000 974.1
775000 979.7
780000 978.8
785000 972.8
790000 978.5
795000 983.6
800000 986.5
805000 979.7
810000 878.1
815000 970.4
820000 979.0
825000 975.7
830000 973.6
835000 972.7
840000 971.0
845000 972.6
850000 984.3
855000 976.8
860000 876.0
865000 959.0
870000 976.9
875000 873.8
880000 982.8
885000 975.6
890000 986.8
895000 980.7
900000 981.2
905000 787.0
910000 975.6
915000 981.1
920000 980.6
925000 984.1
930000 974.4
935000 984.2
940000 987.7
945000 984.4
950000 975.6
955000 981.9
960000 982.9
965000 296.8
970000 231.2
975000 308.4
980000 959.6
985000 772.8
990000 979.2
995000 982.2
1000000 983.4
1005000 890.7
1010000 880.0
1015000 976.7
1020000 988.2
1025000 975.3
1030000 883.3
1035000 982.2
1040000 980.6
1045000 991.0
1050000 983.0
1055000 983.8
1060000 972.4
1065000 974.4
1070000 984.5
1075000 980.1
1080000 982.5
1085000 880.3
1090000 977.9
1095000 979.8
1100000 880.2
1105000 875.7
1110000 975.6
1115000 981.2
1120000 990.1
1125000 976.2
1130000 966.3
1135000 982.9
1140000 978.2
1145000 982.7
1150000 973.2
1155000 986.6
1160000 983.7
1165000 978.9
1170000 986.1
1175000 954.9
1180000 889.0
1185000 981.9
1190000 887.5
1195000 987.9
1200000 986.4
1205000 986.3
1210000 977.8
1215000 885.0
1220000 982.7
1225000 983.6
1230000 984.7
1235000 981.8
1240000 976.4
1245000 983.1
1250000 788.7
1255000 781.5
1260000 986.4
1265000 977.5
1270000 782.4
1275000 975.8
1280000 974.4
1285000 208.8
1290000 347.4
1295000 100.0
1300000 593.7
1305000 581.6
1310000 678.3
1315000 780.6
1320000 781.3
1325000 887.0
1330000 780.6
1335000 975.7
1340000 785.5
1345000 783.6
1350000 880.0
1355000 979.1
1360000 978.6
1365000 865.0
1370000 974.8
1375000 982.9
1380000 874.8
1385000 973.1
1390000 981.8
1395000 977.9
1400000 871.8
1405000 981.0
1410000 981.5
1415000 883.3
1420000 968.6
1425000 984.0
1430000 985.6
1435000 970.0
1440000 883.4
1445000 980.6
1450000 887.0
1455000 970.8
1460000 883.8
1465000 987.6
1470000 979.9
1475000 978.5
1480000 977.8
1485000 984.9
1490000 973.4
1495000 970.7
1500000 981.5
1505000 880.3
1510000 883.0
1515000 981.7
1520000 974.6
1525000 880.8
1530000 975.1
1535000 879.4
1540000 881.4
1545000 985.0
1550000 979.4
1555000 983.3
1560000 972.1
1565000 976.8
1570000 979.2
1575000 889.3
1580000 889.9
1585000 975.3
1590000 980.3
1595000 983.9
1600000 978.5
1605000 149.0
1610000 102.6
1615000 359.0
1620000 579.7
1625000 592.7
1630000 772.9
1635000 782.8
1640000 847.5
1645000 881.2
1650000 780.2
1655000 978.9
1660000 967.3
1665000 887.7
1670000 985.1
1675000 974.5
1680000 884.1
1685000 878.4
1690000 980.3
1695000 882.3
1700000 784.5
1705000 988.2
1710000 979.2
1715000 982.9
1720000 981.1
1725000 975.5
1730000 978.5
1735000 983.6
1740000 972.5
1745000 979.7
1750000 875.2
1755000 976.0
1760000 885.8
1765000 879.3
1770000 974.5
1775000 982.6
1780000 974.3
1785000 975.5
1790000 870.0
1795000 981.0
1800000 887.1
1805000 993.9
1810000 975.3
1815000 965.2
1820000 982.0
1825000 978.9
1830000 991.1
1835000 981.5
1840000 979.4
1845000 976.4
1850000 882.7
1855000 985.1
1860000 985.0
1865000 982.7
1870000 981.8
1875000 880.4
1880000 979.8
1885000 984.9
1890000 985.6
1895000 984.0
1900000 978.0
1905000 976.8
1910000 978.9
1915000 978.3
1920000 983.9
1925000 886.6
1930000 986.1
1935000 983.7
1940000 975.3
1945000 884.2
1950000 981.3
1955000 885.0
1960000 879.8
1965000 977.9
1970000 982.9
1975000 986.4
1980000 883.4
1985000 785.4
1990000 983.2
1995000 978.7
2000000 890.0
