5000 297.4
10000 300.0
15000 102.4
20000 198.6
25000 129.8
30000 254.3
35000 119.5
40000 392.0
45000 1.7
50000 392.3
55000 568.8
60000 517.1
65000 715.7
70000 549.3
75000 484.7
80000 297.5
85000 588.1
90000 281.2
95000 585.8
100000 584.2
105000 678.1
110000 576.5
115000 393.1
120000 874.6
125000 491.1
130000 295.3
135000 875.9
140000 589.1
145000 680.8
150000 332.3
155000 691.6
160000 863.1
165000 677.1
170000 562.7
175000 878.7
180000 659.9
185000 577.6
190000 865.6
195000 672.6
200000 864.6
205000 891.7
210000 853.7
215000 882.1
220000 680.6
225000 591.5
230000 865.9
235000 780.2
240000 860.4
245000 871.6
250000 780.5
255000 767.7
260000 864.2
265000 757.4
270000 684.4
275000 885.2
280000 778.2
285000 865.6
290000 875.3
295000 593.4
300000 978.9
305000 970.3
310000 747.5
315000 970.8
320000 684.9
325000 139.6
330000 594.0
335000 388.8
340000 880.3
345000 773.8
350000 869.6
355000 871.3
360000 978.3
365000 975.8
370000 878.3
375000 772.7
380000 774.6
385000 868.6
390000 879.6
395000 969.4
400000 974.9
405000 967.5
410000 876.3
415000 696.7
420000 977.8
425000 970.6
430000 979.8
435000 974.0
440000 879.8
445000 969.4
450000 879.9
455000 881.9
460000 984.4
465000 955.0
470000 980.9
475000 967.9
480000 974.9
485000 870.8
490000 972.6
495000 979.2
500000 976.8
505000 880.1
510000 974.9
515000 972.0
520000 978.5
525000 977.8
530000 977.9
535000 983.4
540000 980.1
545000 979.0
550000 854.7
555000 879.7
560000 985.5
565000 881.4
570000 873.6
575000 987.5
580000 981.5
585000 977.8
590000 887.6
595000 978.0
600000 788.9
605000 775.7
610000 972.1
615000 987.4
620000 875.7
625000 981.8
630000 988.3
635000 980.3
640000 974.0
645000 108.3
650000 270.5
655000 600.5
660000 879.5
665000 974.9
670000 880.5
675000 875.3
680000 876.4
685000 963.2
690000 878.0
695000 778.6
700000 890.9
705000 979.9
710000 875.3
715000 977.4
720000 878.0
725000 776.6
730000 878.3
735000 882.5
740000 981.0
745000 877.7
750000 992.4
755000 984.1
760000 986.7
765000 976.3
770000 881.6
775000 887.7
780000 876.2
785000 875.0
790000 875.1
795000 983.0
800000 980.4
805000 986.3
810000 884.6
815000 960.6
820000 976.7
825000 980.2
830000 980.6
835000 980.8
840000 977.1
845000 977.9
850000 977.4
855000 882.0
860000 981.6
865000 979.3
870000 975.6
875000 976.8
880000 964.2
885000 984.5
890000 985.4
895000 973.6
900000 983.0
905000 881.7
910000 983.1
915000 876.3
920000 980.2
925000 985.2
930000 872.1
935000 931.9
940000 985.1
945000 982.3
950000 881.1
955000 982.1
960000 981.8
965000 234.1
970000 304.5
975000 565.2
980000 587.3
985000 950.8
990000 673.5
995000 691.7
1000000 907.8
1005000 976.8
1010000 978.8
1015000 878.3
1020000 976.1
1025000 875.2
1030000 968.7
1035000 981.2
1040000 974.8
1045000 972.7
1050000 883.1
1055000 981.8
1060000 976.3
1065000 971.3
1070000 888.3
1075000 881.5
1080000 981.9
1085000 878.9
1090000 980.6
1095000 877.5
1100000 981.5
1105000 884.3
1110000 975.4
1115000 987.7
1120000 975.9
1125000 879.8
1130000 984.5
1135000 980.7
1140000 895.0
1145000 982.4
1150000 978.6
1155000 984.9
1160000 974.8
1165000 974.4
1170000 980.3
1175000 885.0
1180000 987.1
1185000 974.8
1190000 979.1
1195000 977.8
1200000 983.6
1205000 976.2
1210000 976.6
1215000 983.2
1220000 983.3
1225000 982.6
1230000 885.5
1235000 979.6
1240000 975.0
1245000 987.3
1250000 978.7
1255000 988.5
1260000 964.3
1265000 885.2
1270000 984.4
1275000 976.6
1280000 780.0
1285000 113.2
1290000 564.8
1295000 675.1
1300000 624.9
1305000 766.0
1310000 773.7
1315000 967.7
1320000 876.8
1325000 946.6
1330000 885.1
1335000 980.2
1340000 978.6
1345000 980.1
1350000 971.4
1355000 991.2
1360000 784.9
1365000 963.7
1370000 986.0
1375000 889.4
1380000 979.0
1385000 966.8
1390000 984.3
1395000 988.7
1400000 884.7
1405000 878.4
1410000 977.0
1415000 978.7
1420000 990.5
1425000 886.4
1430000 975.7
1435000 974.8
1440000 982.5
1445000 577.3
1450000 886.7
1455000 971.3
1460000 985.3
1465000 907.8
1470000 793.6
1475000 976.8
1480000 875.5
1485000 970.3
1490000 988.7
1495000 875.1
1500000 974.9
1505000 980.4
1510000 981.8
1515000 971.7
1520000 883.7
1525000 979.3
1530000 687.1
1535000 885.0
1540000 986.4
1545000 871.2
1550000 977.0
1555000 975.5
1560000 978.1
1565000 976.4
1570000 978.2
1575000 984.9
1580000 786.0
1585000 878.4
1590000 987.3
1595000 967.8
1600000 980.9
1605000 516.4
1610000 130.8
1615000 561.9
1620000 701.5
1625000 386.4
1630000 585.6
1635000 681.2
1640000 779.3
1645000 687.2
1650000 688.2
1655000 872.9
1660000 837.3
1665000 985.3
1670000 963.4
1675000 977.4
1680000 975.7
1685000 979.6
1690000 973.9
1695000 969.9
1700000 783.9
1705000 981.4
1710000 874.1
1715000 980.8
1720000 982.4
1725000 983.4
1730000 979.7
1735000 797.1
1740000 982.9
1745000 873.3
1750000 871.9
1755000 984.1
1760000 883.3
1765000 877.2
1770000 877.8
1775000 886.4
1780000 983.9
1785000 981.1
1790000 978.0
1795000 978.9
1800000 986.4
1805000 983.0
1810000 987.8
1815000 790.1
1820000 983.6
1825000 888.0
1830000 883.0
1835000 987.2
1840000 976.5
1845000 880.0
1850000 987.6
1855000 977.3
1860000 878.7
1865000 976.4
1870000 877.7
1875000 982.0
1880000 978.4
1885000 870.9
1890000 982.3
1895000 982.5
1900000 977.6
1905000 981.5
1910000 980.9
1915000 982.4
1920000 985.7
1925000 970.8
1930000 861.5
1935000 978.8
1940000 979.3
1945000 985.9
1950000 979.3
1955000 973.0
1960000 981.2
1965000 982.9
1970000 976.6
1975000 982.6
1980000 970.8
1985000 946.0
1990000 976.6
1995000 986.9
2000000 979.6
