5000 23.1
10000 22.8
15000 65.5
20000 142.6
25000 145.5
30000 174.7
35000 254.1
40000 308.7
45000 53.7
50000 453.5
55000 508.4
60000 496.7
65000 543.6
70000 502.4
75000 573.6
80000 591.5
85000 599.5
90000 614.9
95000 638.7
100000 652.5
105000 651.2
110000 656.1
115000 686.2
120000 692.0
125000 709.8
130000 647.4
135000 699.5
140000 738.6
145000 741.1
150000 736.5
155000 734.1
160000 733.7
165000 613.7
170000 728.7
175000 736.1
180000 756.5
185000 742.5
190000 732.9
195000 760.8
200000 754.1
205000 777.5
210000 760.7
215000 765.6
220000 768.6
225000 779.4
230000 778.5
235000 788.5
240000 783.2
245000 780.2
250000 794.2
255000 790.7
260000 790.3
265000 792.5
270000 789.8
275000 719.0
280000 796.3
285000 796.6
290000 801.6
295000 804.5
300000 789.9
305000 806.8
310000 800.5
315000 815.8
320000 798.6
325000 653.1
330000 748.3
335000 776.3
340000 796.6
345000 795.8
350000 816.4
355000 807.9
360000 821.6
365000 803.0
370000 804.2
375000 812.4
380000 803.7
385000 801.7
390000 814.5
395000 811.1
400000 807.9
405000 816.8
410000 807.0
415000 805.0
420000 810.0
425000 812.9
430000 817.6
435000 813.8
440000 809.7
445000 807.5
450000 806.9
455000 825.0
460000 819.3
465000 814.3
470000 823.5
475000 822.6
480000 814.3
485000 678.6
490000 746.3
495000 780.0
500000 817.4
505000 814.8
510000 819.0
515000 816.3
520000 823.7
525000 818.9
530000 822.4
535000 819.9
540000 816.8
545000 832.0
550000 822.6
555000 827.8
560000 814.8
565000 827.4
570000 814.7
575000 827.6
580000 827.5
585000 822.0
590000 823.0
595000 822.2
600000 822.1
605000 829.8
610000 827.1
615000 831.5
620000 826.3
625000 826.1
630000 837.2
635000 823.1
640000 833.9
645000 671.9
650000 760.9
655000 757.9
660000 797.3
665000 817.9
670000 805.3
675000 814.0
680000 828.5
685000 830.9
690000 832.7
695000 835.1
700000 826.5
705000 827.5
710000 827.1
715000 821.9
720000 830.7
725000 827.4
730000 814.9
735000 832.1
740000 835.6
745000 830.0
750000 825.7
755000 837.5
760000 837.5
765000 830.1
770000 836.7
775000 831.8
780000 835.7
785000 840.0
790000 837.5
795000 833.5
800000 834.4
805000 645.2
810000 765.4
815000 809.8
820000 808.8
825000 817.7
830000 819.4
835000 820.0
840000 824.4
845000 827.8
850000 824.1
855000 837.5
860000 825.3
865000 830.5
870000 816.9
875000 829.2
880000 832.8
885000 834.5
890000 821.1
895000 828.1
900000 828.0
905000 828.2
910000 827.4
915000 834.4
920000 827.6
925000 842.1
930000 828.8
935000 830.8
940000 832.5
945000 829.5
950000 831.5
955000 833.1
960000 832.5
965000 670.6
970000 740.2
975000 793.0
980000 803.8
985000 814.8
990000 821.1
995000 831.7
1000000 824.3
1005000 834.3
1010000 835.6
1015000 834.0
1020000 835.9
1025000 800.3
1030000 830.5
1035000 833.6
1040000 830.1
1045000 837.6
1050000 842.5
1055000 838.8
1060000 840.7
1065000 840.8
1070000 838.8
1075000 841.8
1080000 841.2
1085000 838.7
1090000 839.0
1095000 839.6
1100000 846.6
1105000 843.7
1110000 836.4
1115000 840.0
1120000 847.9
1125000 242.9
1130000 689.7
1135000 760.9
1140000 793.5
1145000 802.2
1150000 825.3
1155000 817.4
1160000 823.8
1165000 835.9
1170000 825.8
1175000 838.4
1180000 827.7
1185000 834.2
1190000 839.9
1195000 841.1
1200000 840.5
1205000 840.3
1210000 833.5
1215000 835.8
1220000 846.9
1225000 836.1
1230000 843.9
1235000 837.1
1240000 832.7
1245000 839.4
1250000 844.0
1255000 839.5
1260000 842.7
1265000 847.5
1270000 840.3
1275000 842.6
1280000 838.5
1285000 452.5
1290000 714.6
1295000 742.1
1300000 784.1
1305000 815.8
1310000 830.0
1315000 838.0
1320000 826.5
1325000 830.3
1330000 831.7
1335000 832.9
1340000 842.2
1345000 833.3
1350000 836.2
1355000 844.9
1360000 840.5
1365000 842.3
1370000 836.4
1375000 842.0
1380000 831.5
1385000 840.8
1390000 838.2
1395000 839.6
1400000 834.8
1405000 845.7
1410000 832.9
1415000 840.4
1420000 839.9
1425000 838.2
1430000 835.3
1435000 840.1
1440000 839.7
1445000 479.3
1450000 711.1
1455000 778.8
1460000 794.7
1465000 832.8
1470000 819.7
1475000 807.6
1480000 839.5
1485000 833.9
1490000 829.1
1495000 836.5
1500000 838.8
1505000 833.3
1510000 838.4
1515000 837.6
1520000 834.6
1525000 836.0
1530000 833.2
1535000 839.4
1540000 832.2
1545000 846.7
1550000 839.3
1555000 841.1
1560000 842.7
1565000 847.7
1570000 835.9
1575000 842.0
1580000 839.3
1585000 841.6
1590000 844.5
1595000 836.9
1600000 839.1
1605000 303.4
1610000 726.9
1615000 780.6
1620000 814.1
1625000 827.1
1630000 833.0
1635000 834.1
1640000 832.4
1645000 834.9
1650000 839.4
1655000 849.8
1660000 845.9
1665000 840.5
1670000 832.4
1675000 841.0
1680000 840.3
1685000 842.8
1690000 843.5
1695000 836.9
1700000 841.0
1705000 842.7
1710000 839.1
1715000 844.0
1720000 843.4
1725000 844.8
1730000 838.1
1735000 848.4
1740000 844.4
1745000 842.0
1750000 845.6
1755000 844.5
1760000 847.3
1765000 429.5
1770000 752.9
1775000 795.3
1780000 793.8
1785000 821.4
1790000 828.3
1795000 826.7
1800000 838.2
1805000 838.2
1810000 830.0
1815000 843.5
1820000 834.3
1825000 831.5
1830000 837.6
1835000 838.0
1840000 837.6
1845000 840.1
1850000 838.1
1855000 844.7
1860000 836.4
1865000 845.7
1870000 845.1
1875000 834.2
1880000 838.0
1885000 840.2
1890000 844.2
1895000 849.7
1900000 850.3
1905000 839.9
1910000 849.0
1915000 850.5
1920000 842.3
1925000 845.9
1930000 840.1
1935000 845.1
1940000 842.5
1945000 848.1
1950000 846.8
1955000 837.3
1960000 844.7
1965000 849.6
1970000 847.7
1975000 842.8
1980000 844.0
1985000 847.7
1990000 850.9
1995000 843.9
2000000 848.7
