5000 19.1
10000 23.2
15000 32.9
20000 122.8
25000 145.7
30000 210.8
35000 320.6
40000 403.4
45000 419.7
50000 466.2
55000 510.7
60000 499.0
65000 482.9
70000 551.1
75000 559.5
80000 571.5
85000 494.7
90000 593.6
95000 574.0
100000 621.3
105000 558.8
110000 617.3
115000 566.2
120000 565.5
125000 633.5
130000 635.2
135000 634.7
140000 654.5
145000 653.0
150000 666.6
155000 662.9
160000 672.5
165000 478.9
170000 607.0
175000 667.0
180000 693.3
185000 696.1
190000 698.4
195000 697.3
200000 700.4
205000 716.2
210000 707.9
215000 721.5
220000 718.0
225000 724.6
230000 710.0
235000 712.0
240000 723.8
245000 737.7
250000 714.5
255000 726.9
260000 719.6
265000 734.8
270000 726.3
275000 730.5
280000 722.5
285000 725.7
290000 724.1
295000 689.6
300000 728.7
305000 728.5
310000 731.3
315000 731.3
320000 737.6
325000 564.4
330000 686.5
335000 701.6
340000 737.5
345000 736.9
350000 735.5
355000 728.9
360000 730.6
365000 733.9
370000 728.9
375000 742.9
380000 748.8
385000 743.3
390000 676.7
395000 738.9
400000 744.3
405000 738.6
410000 742.5
415000 741.1
420000 747.0
425000 745.7
430000 751.9
435000 735.3
440000 762.5
445000 754.6
450000 753.7
455000 756.9
460000 676.3
465000 675.9
470000 752.5
475000 754.5
480000 755.5
485000 558.6
490000 689.3
495000 717.5
500000 718.5
505000 723.0
510000 743.4
515000 748.3
520000 752.3
525000 719.3
530000 738.4
535000 741.4
540000 756.6
545000 726.6
550000 757.2
555000 775.4
560000 758.4
565000 759.5
570000 755.9
575000 756.6
580000 762.9
585000 762.8
590000 761.8
595000 757.4
600000 755.5
605000 770.0
610000 764.7
615000 763.4
620000 754.8
625000 765.1
630000 768.1
635000 774.7
640000 767.8
645000 559.8
650000 695.8
655000 730.6
660000 750.0
665000 726.0
670000 744.0
675000 745.2
680000 756.5
685000 756.4
690000 757.5
695000 762.3
700000 760.8
705000 764.1
710000 777.3
715000 768.9
720000 776.6
725000 776.0
730000 766.3
735000 779.2
740000 776.2
745000 780.7
750000 784.9
755000 776.6
760000 768.4
765000 783.1
770000 783.3
775000 783.8
780000 784.3
785000 783.5
790000 789.3
795000 788.4
800000 792.1
805000 531.7
810000 717.7
815000 731.1
820000 751.9
825000 763.4
830000 765.7
835000 779.1
840000 785.2
845000 786.5
850000 790.7
855000 789.7
860000 786.1
865000 793.2
870000 783.6
875000 795.5
880000 791.9
885000 778.8
890000 800.2
895000 794.2
900000 788.5
905000 797.2
910000 791.5
915000 800.4
920000 794.8
925000 794.9
930000 792.4
935000 799.9
940000 799.6
945000 791.0
950000 793.6
955000 793.6
960000 794.6
965000 521.8
970000 649.1
975000 734.7
980000 761.2
985000 772.2
990000 781.1
995000 779.9
1000000 781.9
1005000 776.3
1010000 778.5
1015000 788.5
1020000 781.9
1025000 783.9
1030000 766.4
1035000 800.2
1040000 784.6
1045000 791.3
1050000 793.8
1055000 787.8
1060000 789.3
1065000 800.9
1070000 798.9
1075000 796.1
1080000 795.6
1085000 796.8
1090000 793.7
1095000 803.6
1100000 801.1
1105000 796.9
1110000 798.2
1115000 809.7
1120000 799.8
1125000 307.5
1130000 724.2
1135000 744.0
1140000 760.0
1145000 767.8
1150000 786.9
1155000 778.2
1160000 777.2
1165000 794.8
1170000 795.9
1175000 796.1
1180000 800.1
1185000 794.3
1190000 791.8
1195000 805.5
1200000 801.9
1205000 805.2
1210000 810.0
1215000 809.7
1220000 806.0
1225000 812.6
1230000 795.5
1235000 811.3
1240000 809.9
1245000 807.6
1250000 798.2
1255000 806.5
1260000 802.8
1265000 800.2
1270000 806.1
1275000 798.9
1280000 812.3
1285000 394.3
1290000 686.8
1295000 739.0
1300000 771.3
1305000 777.8
1310000 795.7
1315000 791.1
1320000 799.2
1325000 794.1
1330000 785.6
1335000 801.8
1340000 791.1
1345000 796.2
1350000 802.9
1355000 796.4
1360000 798.5
1365000 793.7
1370000 803.5
1375000 789.6
1380000 804.1
1385000 811.4
1390000 800.8
1395000 799.9
1400000 809.9
1405000 801.6
1410000 804.2
1415000 805.7
1420000 803.7
1425000 810.0
1430000 802.8
1435000 808.5
1440000 804.3
1445000 382.6
1450000 673.3
1455000 756.4
1460000 776.3
1465000 779.3
1470000 769.4
1475000 781.4
1480000 792.2
1485000 789.5
1490000 799.8
1495000 811.6
1500000 798.7
1505000 806.9
1510000 790.7
1515000 797.3
1520000 805.2
1525000 803.7
1530000 806.8
1535000 803.5
1540000 807.5
1545000 801.4
1550000 806.1
1555000 797.7
1560000 810.5
1565000 806.7
1570000 801.6
1575000 804.8
1580000 814.0
1585000 810.4
1590000 805.3
1595000 802.7
1600000 807.3
1605000 389.9
1610000 695.2
1615000 761.8
1620000 771.2
1625000 773.5
1630000 699.9
1635000 793.8
1640000 795.5
1645000 785.6
1650000 797.9
1655000 799.0
1660000 808.4
1665000 802.5
1670000 803.2
1675000 803.8
1680000 796.2
1685000 800.7
1690000 806.3
1695000 805.6
1700000 808.6
1705000 810.6
1710000 805.3
1715000 813.8
1720000 812.5
1725000 816.6
1730000 801.3
1735000 806.5
1740000 815.9
1745000 806.1
1750000 810.7
1755000 811.8
1760000 813.4
1765000 357.1
1770000 657.3
1775000 739.0
1780000 786.7
1785000 779.5
1790000 777.9
1795000 795.2
1800000 797.1
1805000 797.3
1810000 802.9
1815000 802.6
1820000 799.4
1825000 791.0
1830000 802.6
1835000 805.1
1840000 804.3
1845000 804.1
1850000 791.8
1855000 805.1
1860000 795.5
1865000 798.2
1870000 806.3
1875000 812.2
1880000 809.7
1885000 804.1
1890000 806.2
1895000 809.3
1900000 809.2
1905000 813.2
1910000 814.3
1915000 808.8
1920000 805.2
1925000 812.7
1930000 811.8
1935000 814.6
1940000 807.5
1945000 807.1
1950000 806.9
1955000 815.8
1960000 809.7
1965000 818.6
1970000 815.8
1975000 807.5
1980000 813.4
1985000 807.3
1990000 817.5
1995000 809.4
2000000 813.5
