5000 23.0
10000 24.0
15000 68.1
20000 87.4
25000 132.9
30000 167.7
35000 244.5
40000 289.4
45000 366.6
50000 439.4
55000 497.3
60000 543.1
65000 564.9
70000 559.2
75000 599.2
80000 590.2
85000 599.1
90000 607.7
95000 556.5
100000 637.3
105000 625.7
110000 405.1
115000 639.6
120000 660.8
125000 676.8
130000 660.1
135000 675.9
140000 656.7
145000 677.3
150000 681.9
155000 692.6
160000 684.1
165000 621.2
170000 681.4
175000 693.0
180000 699.9
185000 700.7
190000 619.2
195000 710.7
200000 710.7
205000 706.8
210000 717.8
215000 727.0
220000 711.9
225000 711.1
230000 714.4
235000 709.7
240000 720.7
245000 731.7
250000 737.8
255000 735.6
260000 724.9
265000 727.4
270000 733.6
275000 733.3
280000 739.8
285000 736.9
290000 746.6
295000 736.4
300000 739.0
305000 755.0
310000 749.3
315000 741.9
320000 747.6
325000 550.0
330000 697.5
335000 718.8
340000 738.6
345000 742.0
350000 747.8
355000 749.1
360000 748.6
365000 750.7
370000 750.7
375000 754.5
380000 763.7
385000 753.3
390000 763.3
395000 765.6
400000 758.4
405000 756.5
410000 753.0
415000 758.5
420000 763.6
425000 763.1
430000 768.2
435000 752.0
440000 759.1
445000 763.2
450000 770.4
455000 769.3
460000 766.9
465000 767.7
470000 765.8
475000 765.7
480000 762.4
485000 626.0
490000 724.9
495000 728.8
500000 748.9
505000 758.2
510000 723.4
515000 774.1
520000 777.7
525000 779.2
530000 764.4
535000 784.3
540000 777.3
545000 783.1
550000 792.5
555000 768.7
560000 785.1
565000 774.2
570000 780.4
575000 786.0
580000 780.3
585000 788.2
590000 782.9
595000 786.1
600000 784.7
605000 778.0
610000 789.6
615000 785.8
620000 789.8
625000 784.1
630000 785.9
635000 783.5
640000 786.1
645000 604.1
650000 714.4
655000 741.9
660000 758.2
665000 772.6
670000 771.7
675000 778.6
680000 776.4
685000 782.9
690000 779.6
695000 786.7
700000 781.7
705000 779.9
710000 793.9
715000 779.8
720000 794.6
725000 789.8
730000 790.7
735000 782.7
740000 781.4
745000 794.7
750000 781.9
755000 791.3
760000 792.4
765000 787.8
770000 792.0
775000 787.0
780000 790.1
785000 795.5
790000 787.6
795000 788.2
800000 787.1
805000 652.3
810000 683.4
815000 720.8
820000 749.5
825000 769.4
830000 767.6
835000 767.5
840000 781.3
845000 771.1
850000 785.4
855000 783.5
860000 780.6
865000 785.4
870000 783.6
875000 795.2
880000 788.1
885000 795.7
890000 793.9
895000 794.6
900000 789.1
905000 794.1
910000 789.0
915000 796.7
920000 798.6
925000 795.1
930000 798.4
935000 795.8
940000 805.3
945000 799.7
950000 802.9
955000 799.4
960000 795.6
965000 610.3
970000 724.8
975000 746.2
980000 762.8
985000 773.6
990000 792.8
995000 789.2
1000000 791.2
1005000 794.7
1010000 785.0
1015000 799.4
1020000 791.9
1025000 797.2
1030000 798.6
1035000 797.0
1040000 796.5
1045000 802.4
1050000 796.1
1055000 807.4
1060000 801.3
1065000 799.6
1070000 798.8
1075000 812.6
1080000 803.8
1085000 807.3
1090000 804.4
1095000 809.6
1100000 811.0
1105000 809.8
1110000 811.6
1115000 813.9
1120000 812.8
1125000 185.4
1130000 705.1
1135000 746.4
1140000 773.6
1145000 780.4
1150000 791.8
1155000 794.9
1160000 771.9
1165000 802.5
1170000 798.5
1175000 799.0
1180000 804.0
1185000 807.6
1190000 807.4
1195000 814.6
1200000 808.8
1205000 812.1
1210000 806.7
1215000 811.6
1220000 815.4
1225000 810.1
1230000 806.6
1235000 812.8
1240000 810.3
1245000 804.7
1250000 812.2
1255000 817.9
1260000 816.7
1265000 822.4
1270000 817.0
1275000 812.7
1280000 819.2
1285000 364.2
1290000 684.6
1295000 747.0
1300000 772.8
1305000 798.9
1310000 801.2
1315000 803.7
1320000 796.1
1325000 810.3
1330000 813.3
1335000 819.9
1340000 813.4
1345000 809.0
1350000 810.4
1355000 815.2
1360000 818.8
1365000 821.6
1370000 802.9
1375000 820.6
1380000 817.6
1385000 820.2
1390000 815.5
1395000 821.4
1400000 830.1
1405000 821.0
1410000 831.8
1415000 802.4
1420000 828.1
1425000 824.6
1430000 834.3
1435000 827.9
1440000 830.5
1445000 396.0
1450000 716.2
1455000 751.5
1460000 774.0
1465000 802.5
1470000 814.0
1475000 810.9
1480000 821.7
1485000 816.2
1490000 813.6
1495000 823.3
1500000 817.0
1505000 827.7
1510000 821.5
1515000 811.8
1520000 820.4
1525000 825.0
1530000 821.5
1535000 824.8
1540000 827.9
1545000 836.4
1550000 835.7
1555000 822.6
1560000 823.5
1565000 745.2
1570000 827.2
1575000 834.0
1580000 816.7
1585000 829.5
1590000 827.1
1595000 829.4
1600000 822.3
1605000 427.3
1610000 690.7
1615000 752.5
1620000 792.9
1625000 808.7
1630000 813.7
1635000 824.1
1640000 816.1
1645000 826.6
1650000 826.7
1655000 829.0
1660000 827.6
1665000 832.9
1670000 828.1
1675000 822.9
1680000 822.8
1685000 828.6
1690000 836.6
1695000 831.5
1700000 836.1
1705000 838.4
1710000 835.3
1715000 833.9
1720000 828.3
1725000 830.6
1730000 830.7
1735000 833.8
1740000 838.2
1745000 838.2
1750000 843.6
1755000 843.9
1760000 835.9
1765000 474.6
1770000 754.7
1775000 771.3
1780000 802.4
1785000 822.4
1790000 814.9
1795000 822.6
1800000 831.4
1805000 813.6
1810000 827.2
1815000 833.2
1820000 831.4
1825000 829.9
1830000 834.6
1835000 837.3
1840000 833.6
1845000 832.7
1850000 837.8
1855000 833.9
1860000 833.8
1865000 837.5
1870000 834.9
1875000 827.2
1880000 838.8
1885000 828.9
1890000 825.1
1895000 836.4
1900000 834.7
1905000 831.0
1910000 834.7
1915000 837.4
1920000 830.8
1925000 836.3
1930000 839.4
1935000 837.2
1940000 837.2
1945000 841.9
1950000 838.4
1955000 843.6
1960000 835.3
1965000 843.1
1970000 831.3
1975000 842.4
1980000 842.6
1985000 840.3
1990000 843.3
1995000 842.4
2000000 837.9
