5000 16.3
10000 18.2
15000 71.1
20000 132.4
25000 150.0
30000 167.0
35000 194.7
40000 237.0
45000 323.4
50000 395.3
55000 347.7
60000 96.3
65000 459.9
70000 428.3
75000 517.2
80000 495.8
85000 541.7
90000 500.2
95000 554.9
100000 575.2
105000 591.1
110000 597.0
115000 553.8
120000 624.9
125000 637.6
130000 527.0
135000 649.2
140000 650.0
145000 669.4
150000 666.1
155000 618.5
160000 670.2
165000 623.0
170000 656.3
175000 654.5
180000 676.2
185000 683.2
190000 688.5
195000 691.6
200000 704.1
205000 702.0
210000 703.4
215000 696.0
220000 708.4
225000 721.5
230000 711.6
235000 655.8
240000 710.3
245000 733.7
250000 726.3
255000 721.3
260000 738.6
265000 721.5
270000 731.1
275000 733.7
280000 738.4
285000 738.6
290000 729.1
295000 733.2
300000 734.4
305000 737.6
310000 751.0
315000 747.8
320000 747.7
325000 659.1
330000 683.9
335000 700.9
340000 734.1
345000 729.3
350000 742.3
355000 744.2
360000 746.1
365000 757.1
370000 750.8
375000 766.1
380000 763.7
385000 764.6
390000 763.4
395000 762.1
400000 767.1
405000 758.2
410000 768.2
415000 761.6
420000 765.0
425000 754.4
430000 766.8
435000 762.1
440000 779.6
445000 770.3
450000 766.7
455000 784.9
460000 770.6
465000 770.7
470000 776.6
475000 766.3
480000 770.0
485000 554.2
490000 694.7
495000 732.9
500000 753.5
505000 760.8
510000 778.1
515000 775.0
520000 774.1
525000 777.7
530000 790.7
535000 778.4
540000 780.5
545000 777.8
550000 773.7
555000 781.0
560000 778.3
565000 783.0
570000 780.5
575000 781.5
580000 705.7
585000 789.5
590000 781.8
595000 789.7
600000 787.3
605000 781.4
610000 788.5
615000 786.4
620000 785.8
625000 790.9
630000 800.2
635000 782.7
640000 787.2
645000 670.4
650000 675.4
655000 732.2
660000 764.1
665000 775.7
670000 773.6
675000 782.8
680000 778.2
685000 780.2
690000 791.5
695000 780.1
700000 784.8
705000 795.0
710000 792.7
715000 786.6
720000 796.0
725000 799.3
730000 791.7
735000 790.1
740000 785.7
745000 797.2
750000 786.9
755000 780.2
760000 794.5
765000 802.9
770000 790.3
775000 787.7
780000 791.6
785000 786.1
790000 790.2
795000 791.2
800000 792.7
805000 605.5
810000 685.0
815000 710.2
820000 772.8
825000 756.4
830000 777.7
835000 770.3
840000 706.0
845000 771.9
850000 794.0
855000 786.9
860000 788.8
865000 799.9
870000 790.0
875000 789.2
880000 795.6
885000 790.6
890000 791.4
895000 793.4
900000 796.6
905000 801.0
910000 793.8
915000 789.6
920000 792.6
925000 801.8
930000 795.8
935000 782.4
940000 798.9
945000 793.0
950000 718.9
955000 795.1
960000 792.3
965000 610.6
970000 712.0
975000 723.9
980000 754.4
985000 773.1
990000 776.4
995000 784.4
1000000 780.7
1005000 791.0
1010000 789.5
1015000 778.1
1020000 788.9
1025000 798.5
1030000 795.5
1035000 796.8
1040000 801.9
1045000 802.5
1050000 796.6
1055000 791.4
1060000 796.0
1065000 796.7
1070000 795.9
1075000 791.7
1080000 803.0
1085000 805.7
1090000 798.9
1095000 808.5
1100000 807.0
1105000 800.5
1110000 802.8
1115000 801.3
1120000 792.4
1125000 354.3
1130000 670.2
1135000 724.6
1140000 761.9
1145000 776.2
1150000 781.5
1155000 791.3
1160000 801.0
1165000 790.9
1170000 791.1
1175000 793.5
1180000 800.1
1185000 799.8
1190000 790.4
1195000 791.7
1200000 797.6
1205000 796.8
1210000 802.0
1215000 722.3
1220000 796.0
1225000 800.2
1230000 803.0
1235000 790.3
1240000 805.7
1245000 795.3
1250000 649.1
1255000 805.3
1260000 794.2
1265000 810.1
1270000 803.4
1275000 802.3
1280000 806.0
1285000 486.2
1290000 688.1
1295000 739.1
1300000 751.8
1305000 788.2
1310000 779.0
1315000 805.6
1320000 799.6
1325000 793.6
1330000 790.5
1335000 800.7
1340000 804.3
1345000 806.1
1350000 796.6
1355000 808.2
1360000 802.7
1365000 805.6
1370000 803.4
1375000 802.4
1380000 804.6
1385000 803.2
1390000 789.8
1395000 803.3
1400000 814.6
1405000 801.1
1410000 803.4
1415000 806.8
1420000 807.9
1425000 809.5
1430000 804.4
1435000 806.8
1440000 808.7
1445000 521.3
1450000 706.9
1455000 748.8
1460000 761.8
1465000 774.6
1470000 784.3
1475000 798.6
1480000 789.3
1485000 785.3
1490000 800.7
1495000 799.3
1500000 797.5
1505000 803.2
1510000 803.7
1515000 798.0
1520000 808.0
1525000 805.9
1530000 794.5
1535000 809.7
1540000 801.5
1545000 803.9
1550000 797.3
1555000 798.6
1560000 801.9
1565000 803.7
1570000 796.9
1575000 807.7
1580000 807.6
1585000 801.4
1590000 797.7
1595000 802.1
1600000 810.9
1605000 310.3
1610000 658.5
1615000 748.2
1620000 762.9
1625000 785.4
1630000 769.7
1635000 772.2
1640000 788.9
1645000 793.2
1650000 802.6
1655000 798.7
1660000 803.0
1665000 801.0
1670000 801.3
1675000 798.8
1680000 800.7
1685000 807.4
1690000 806.4
1695000 806.2
1700000 808.7
1705000 814.6
1710000 803.4
1715000 815.0
1720000 803.0
1725000 809.2
1730000 806.4
1735000 804.5
1740000 805.2
1745000 811.8
1750000 808.3
1755000 810.0
1760000 801.9
1765000 407.7
1770000 693.2
1775000 721.0
1780000 759.1
1785000 778.5
1790000 793.1
1795000 786.9
1800000 804.9
1805000 793.6
1810000 805.1
1815000 809.6
1820000 802.2
1825000 802.0
1830000 805.8
1835000 813.5
1840000 806.3
1845000 806.6
1850000 814.5
1855000 801.8
1860000 805.7
1865000 802.2
1870000 805.1
1875000 807.9
1880000 812.8
1885000 809.0
1890000 806.9
1895000 800.5
1900000 805.7
1905000 803.6
1910000 803.9
1915000 801.6
1920000 818.4
1925000 798.9
1930000 815.3
1935000 811.7
1940000 800.6
1945000 801.9
1950000 810.2
1955000 806.4
1960000 809.4
1965000 810.5
1970000 802.1
1975000 799.9
1980000 803.0
1985000 812.0
1990000 806.8
1995000 810.0
2000000 812.1
