5000 17.6
10000 21.9
15000 39.0
20000 125.3
25000 231.4
30000 284.9
35000 395.9
40000 454.8
45000 443.9
50000 475.4
55000 13.7
60000 426.4
65000 560.2
70000 541.4
75000 571.9
80000 585.7
85000 588.9
90000 73.6
95000 575.0
100000 544.2
105000 622.9
110000 650.5
115000 663.2
120000 646.5
125000 653.3
130000 657.9
135000 670.2
140000 690.8
145000 663.8
150000 619.4
155000 705.0
160000 690.0
165000 603.9
170000 680.3
175000 661.5
180000 683.7
185000 701.8
190000 707.7
195000 706.1
200000 710.7
205000 700.2
210000 705.4
215000 719.4
220000 723.4
225000 737.2
230000 720.7
235000 713.9
240000 724.7
245000 733.0
250000 723.4
255000 731.8
260000 737.0
265000 732.5
270000 747.9
275000 742.5
280000 726.4
285000 745.3
290000 741.4
295000 748.6
300000 743.8
305000 751.4
310000 681.5
315000 750.1
320000 737.6
325000 558.7
330000 690.1
335000 709.7
340000 700.7
345000 749.1
350000 743.0
355000 744.4
360000 736.6
365000 745.4
370000 756.4
375000 747.7
380000 752.1
385000 759.2
390000 763.2
395000 748.5
400000 759.5
405000 747.1
410000 751.6
415000 761.6
420000 740.0
425000 748.9
430000 760.7
435000 763.0
440000 763.7
445000 769.3
450000 763.2
455000 757.6
460000 760.1
465000 760.9
470000 764.4
475000 767.9
480000 757.7
485000 542.5
490000 671.4
495000 726.3
500000 750.4
505000 738.3
510000 772.4
515000 760.7
520000 779.4
525000 776.7
530000 706.1
535000 764.3
540000 772.8
545000 765.7
550000 764.8
555000 770.6
560000 776.0
565000 785.8
570000 775.2
575000 777.8
580000 782.4
585000 781.8
590000 776.4
595000 785.1
600000 782.5
605000 775.4
610000 765.6
615000 776.3
620000 776.4
625000 778.7
630000 781.4
635000 790.1
640000 779.6
645000 616.0
650000 686.5
655000 678.0
660000 759.8
665000 774.5
670000 784.7
675000 776.4
680000 790.2
685000 794.8
690000 782.8
695000 791.9
700000 788.7
705000 789.8
710000 788.5
715000 781.6
720000 791.1
725000 787.1
730000 790.8
735000 787.0
740000 790.0
745000 791.3
750000 798.9
755000 795.5
760000 790.7
765000 790.8
770000 797.1
775000 792.1
780000 792.3
785000 792.6
790000 801.5
795000 793.2
800000 789.6
805000 613.5
810000 696.2
815000 733.4
820000 758.1
825000 792.4
830000 781.6
835000 784.8
840000 782.3
845000 797.8
850000 788.8
855000 790.6
860000 786.5
865000 799.5
870000 802.4
875000 797.2
880000 803.1
885000 803.7
890000 807.3
895000 801.9
900000 814.0
905000 801.9
910000 808.3
915000 804.4
920000 799.6
925000 804.5
930000 796.0
935000 795.8
940000 807.2
945000 803.4
950000 804.3
955000 807.3
960000 800.8
965000 596.2
970000 695.4
975000 751.4
980000 781.1
985000 780.6
990000 793.6
995000 786.0
1000000 783.5
1005000 799.7
1010000 792.8
1015000 798.4
1020000 803.2
1025000 797.2
1030000 797.9
1035000 795.3
1040000 807.4
1045000 804.2
1050000 791.3
1055000 815.0
1060000 794.1
1065000 810.3
1070000 810.7
1075000 800.5
1080000 810.1
1085000 813.2
1090000 801.9
1095000 806.6
1100000 804.9
1105000 808.6
1110000 804.4
1115000 813.8
1120000 810.9
1125000 462.0
1130000 698.5
1135000 716.9
1140000 756.4
1145000 792.8
1150000 798.1
1155000 804.3
1160000 794.8
1165000 804.6
1170000 809.1
1175000 801.9
1180000 815.7
1185000 814.4
1190000 812.3
1195000 813.3
1200000 807.4
1205000 815.9
1210000 811.9
1215000 812.7
1220000 811.2
1225000 811.4
1230000 819.1
1235000 815.4
1240000 816.3
1245000 817.1
1250000 816.8
1255000 812.4
1260000 813.0
1265000 740.1
1270000 811.7
1275000 816.2
1280000 819.8
1285000 116.3
1290000 664.8
1295000 741.5
1300000 769.8
1305000 768.8
1310000 729.9
1315000 795.7
1320000 802.6
1325000 811.8
1330000 814.2
1335000 814.0
1340000 805.7
1345000 813.7
1350000 815.9
1355000 813.0
1360000 811.4
1365000 819.3
1370000 813.7
1375000 815.9
1380000 810.0
1385000 816.4
1390000 821.3
1395000 825.7
1400000 815.4
1405000 814.5
1410000 820.0
1415000 817.6
1420000 820.9
1425000 822.6
1430000 819.0
1435000 822.0
1440000 816.7
1445000 504.3
1450000 715.5
1455000 727.1
1460000 787.8
1465000 808.1
1470000 805.3
1475000 816.5
1480000 811.2
1485000 820.4
1490000 825.7
1495000 827.4
1500000 829.5
1505000 821.6
1510000 817.0
1515000 815.7
1520000 830.1
1525000 829.5
1530000 824.2
1535000 830.2
1540000 822.9
1545000 826.1
1550000 815.8
1555000 831.8
1560000 830.5
1565000 823.1
1570000 828.8
1575000 830.8
1580000 831.2
1585000 825.5
1590000 830.3
1595000 831.9
1600000 822.9
1605000 550.0
1610000 697.6
1615000 755.2
1620000 782.8
1625000 782.4
1630000 808.4
1635000 814.8
1640000 819.1
1645000 815.0
1650000 824.8
1655000 812.1
1660000 827.6
1665000 831.9
1670000 820.5
1675000 825.0
1680000 824.5
1685000 827.6
1690000 818.9
1695000 823.0
1700000 831.2
1705000 824.3
1710000 829.6
1715000 829.4
1720000 825.5
1725000 835.3
1730000 824.1
1735000 828.8
1740000 822.9
1745000 825.8
1750000 819.5
1755000 823.5
1760000 824.7
1765000 355.3
1770000 657.0
1775000 747.7
1780000 765.4
1785000 791.2
1790000 808.8
1795000 801.5
1800000 818.0
1805000 822.2
1810000 816.0
1815000 824.3
1820000 832.9
1825000 832.3
1830000 833.1
1835000 815.7
1840000 829.4
1845000 825.6
1850000 821.8
1855000 823.2
1860000 824.2
1865000 827.9
1870000 832.5
1875000 826.8
1880000 829.5
1885000 827.1
1890000 824.8
1895000 828.0
1900000 824.4
1905000 824.2
1910000 826.4
1915000 823.7
1920000 832.7
1925000 829.3
1930000 828.9
1935000 826.4
1940000 829.4
1945000 821.5
1950000 820.7
1955000 835.0
1960000 823.4
1965000 822.1
1970000 825.5
1975000 824.4
1980000 828.1
1985000 831.3
1990000 826.6
1995000 825.4
2000000 833.4
