5000 103.8
10000 104.0
15000 110.2
20000 60.8
25000 64.9
30000 10.6
35000 185.1
40000 173.0
45000 287.0
50000 216.8
55000 105.5
60000 207.9
65000 228.9
70000 50.9
75000 44.1
80000 15.1
85000 65.7
90000 89.9
95000 140.7
100000 158.0
105000 209.9
110000 440.7
115000 373.8
120000 322.5
125000 416.2
130000 610.5
135000 469.4
140000 769.8
145000 614.5
150000 771.6
155000 894.8
160000 856.9
165000 863.4
170000 826.4
175000 850.3
180000 834.4
185000 804.0
190000 870.6
195000 871.8
200000 892.1
205000 828.4
210000 846.7
215000 886.5
220000 822.0
225000 912.1
230000 918.9
235000 913.5
240000 898.4
245000 904.6
250000 900.1
255000 884.2
260000 895.9
265000 927.8
270000 907.3
275000 942.5
280000 872.0
285000 883.6
290000 928.0
295000 942.2
300000 925.5
305000 912.1
310000 897.6
315000 933.6
320000 942.4
325000 916.9
330000 940.1
335000 929.3
340000 934.6
345000 951.7
350000 947.6
355000 937.1
360000 918.9
365000 963.6
370000 927.5
375000 950.6
380000 941.3
385000 918.5
390000 950.7
395000 938.0
400000 920.7
405000 932.7
410000 924.5
415000 918.7
420000 944.2
425000 942.4
430000 948.4
435000 956.5
440000 936.2
445000 945.3
450000 932.1
455000 927.5
460000 931.4
465000 932.2
470000 945.0
475000 936.6
480000 943.3
485000 930.0
490000 922.3
495000 955.4
500000 912.3
505000 909.5
510000 949.7
515000 962.4
520000 922.2
525000 905.5
530000 923.9
535000 931.4
540000 950.3
545000 941.8
550000 928.9
555000 945.0
560000 943.2
565000 937.7
570000 938.8
575000 945.1
580000 952.6
585000 975.0
590000 928.2
595000 959.0
600000 952.1
605000 961.6
610000 940.3
615000 929.9
620000 951.6
625000 938.8
630000 953.2
635000 956.3
640000 951.7
645000 943.9
650000 943.0
655000 969.2
660000 957.1
665000 924.8
670000 932.7
675000 951.8
680000 948.7
685000 963.0
690000 968.7
695000 948.0
700000 967.9
705000 956.6
710000 936.9
715000 964.0
720000 943.5
725000 957.7
730000 954.6
735000 940.6
740000 954.2
745000 942.9
750000 957.1
755000 948.6
760000 908.6
765000 951.6
770000 959.0
775000 939.2
780000 942.4
785000 959.1
790000 952.9
795000 952.3
800000 932.3
805000 958.1
810000 946.5
815000 941.0
820000 938.6
825000 956.5
830000 947.8
835000 953.0
840000 949.3
845000 939.6
850000 960.9
855000 943.7
860000 955.0
865000 952.9
870000 951.0
875000 941.0
880000 936.2
885000 962.4
890000 960.5
895000 954.5
900000 966.7
905000 948.4
910000 968.5
915000 935.1
920000 940.2
925000 968.2
930000 941.6
935000 954.9
940000 937.8
945000 944.4
950000 933.1
955000 947.8
960000 965.0
965000 945.1
970000 955.8
975000 963.0
980000 957.8
985000 941.9
990000 945.9
995000 931.7
1000000 955.0
