5000 55.3
10000 26.8
15000 117.2
20000 249.8
25000 34.1
30000 29.8
35000 123.6
40000 167.1
45000 33.9
50000 64.2
55000 40.2
60000 82.9
65000 80.2
70000 409.1
75000 334.6
80000 224.5
85000 199.0
90000 115.1
95000 45.1
100000 133.6
105000 288.1
110000 271.4
115000 365.9
120000 621.9
125000 83.7
130000 259.0
135000 347.8
140000 270.0
145000 29.9
150000 257.0
155000 215.2
160000 180.5
165000 217.8
170000 285.0
175000 292.3
180000 286.3
185000 152.7
190000 399.7
195000 216.6
200000 148.1
205000 226.6
210000 275.7
215000 291.3
220000 461.7
225000 245.8
230000 310.5
235000 109.5
240000 436.7
245000 497.8
250000 397.9
255000 223.7
260000 293.8
265000 213.0
270000 314.4
275000 448.6
280000 481.1
285000 610.7
290000 385.2
295000 547.2
300000 317.2
305000 388.6
310000 322.8
315000 394.2
320000 601.8
325000 247.3
330000 543.1
335000 615.3
340000 390.6
345000 390.9
350000 537.6
355000 406.5
360000 313.7
365000 551.8
370000 322.5
375000 465.3
380000 499.0
385000 464.1
390000 533.2
395000 532.3
400000 603.8
405000 372.5
410000 599.6
415000 438.5
420000 783.9
425000 562.2
430000 783.4
435000 861.1
440000 851.1
445000 782.4
450000 858.0
455000 867.4
460000 935.7
465000 928.4
470000 926.3
475000 934.5
480000 929.5
485000 941.0
490000 937.3
495000 942.8
500000 944.6
505000 929.9
510000 939.4
515000 944.1
520000 950.6
525000 944.2
530000 933.9
535000 933.1
540000 927.7
545000 944.8
550000 948.7
555000 940.6
560000 935.5
565000 962.3
570000 948.9
575000 945.8
580000 949.7
585000 945.6
590000 969.5
595000 940.9
600000 956.0
605000 966.5
610000 951.0
615000 960.0
620000 941.1
625000 956.1
630000 963.2
635000 923.2
640000 953.6
645000 935.6
650000 953.3
655000 959.0
660000 937.3
665000 935.1
670000 946.1
675000 965.8
680000 954.0
685000 954.7
690000 952.5
695000 949.6
700000 958.8
705000 960.3
710000 955.6
715000 958.2
720000 927.2
725000 951.0
730000 923.2
735000 942.9
740000 948.7
745000 957.9
750000 961.0
755000 947.1
760000 941.0
765000 966.7
770000 946.1
775000 940.4
780000 953.2
785000 964.6
790000 965.2
795000 959.2
800000 961.4
805000 952.7
810000 948.0
815000 959.0
820000 954.0
825000 942.6
830000 955.1
835000 966.2
840000 942.8
845000 949.0
850000 960.1
855000 953.1
860000 954.1
865000 960.9
870000 966.2
875000 961.1
880000 952.8
885000 953.1
890000 966.9
895000 956.5
900000 942.1
905000 946.7
910000 956.0
915000 924.1
920000 955.2
925000 969.2
930000 953.5
935000 960.5
940000 959.5
945000 950.1
950000 938.2
955000 951.0
960000 954.5
965000 958.1
970000 962.4
975000 950.4
980000 967.1
985000 969.8
990000 972.7
995000 956.3
1000000 967.5
