5000 27.6
10000 19.6
15000 192.6
20000 96.0
25000 5.8
30000 5.7
35000 32.1
40000 213.1
45000 23.0
50000 20.2
55000 53.7
60000 311.2
65000 906.8
70000 214.8
75000 876.9
80000 889.3
85000 919.4
90000 930.2
95000 908.0
100000 938.0
105000 958.5
110000 912.4
115000 918.6
120000 932.2
125000 956.7
130000 925.2
135000 955.6
140000 904.7
145000 939.0
150000 916.2
155000 907.3
160000 943.5
165000 942.2
170000 953.1
175000 919.7
180000 924.0
185000 904.9
190000 948.4
195000 954.6
200000 955.6
205000 920.1
210000 924.4
215000 937.5
220000 947.3
225000 958.5
230000 937.2
235000 946.3
240000 937.2
245000 937.0
250000 941.7
255000 922.3
260000 927.9
265000 949.6
270000 950.3
275000 950.5
280000 934.2
285000 949.5
290000 960.2
295000 948.2
300000 941.1
305000 929.1
310000 933.7
315000 931.1
320000 953.1
325000 922.9
330000 929.6
335000 940.9
340000 945.5
345000 946.0
350000 962.7
355000 933.1
360000 942.0
365000 954.8
370000 921.0
375000 963.1
380000 938.9
385000 951.6
390000 940.8
395000 949.8
400000 932.9
405000 967.9
410000 940.3
415000 950.0
420000 963.5
425000 948.7
430000 958.8
435000 968.3
440000 946.9
445000 964.0
450000 957.0
455000 967.2
460000 965.2
465000 952.3
470000 948.5
475000 946.2
480000 946.6
485000 954.8
490000 932.3
495000 956.7
500000 940.9
505000 943.9
510000 959.0
515000 923.3
520000 965.7
525000 941.4
530000 934.4
535000 959.5
540000 941.3
545000 939.3
550000 967.5
555000 955.0
560000 958.0
565000 939.4
570000 942.5
575000 953.9
580000 957.8
585000 968.0
590000 932.4
595000 962.2
600000 957.2
605000 938.6
610000 947.7
615000 963.3
620000 953.1
625000 957.0
630000 940.1
635000 962.9
640000 957.3
645000 949.8
650000 959.9
655000 948.3
660000 957.8
665000 972.9
670000 959.2
675000 946.5
680000 966.4
685000 936.1
690000 950.1
695000 936.7
700000 942.0
705000 959.9
710000 971.5
715000 957.7
720000 954.7
725000 956.0
730000 933.6
735000 955.3
740000 951.5
745000 961.9
750000 943.7
755000 936.2
760000 956.2
765000 953.6
770000 961.4
775000 968.1
780000 952.6
785000 947.3
790000 935.3
795000 977.6
800000 951.9
805000 951.2
810000 948.6
815000 957.9
820000 958.7
825000 955.8
830000 945.7
835000 977.4
840000 958.4
845000 961.6
850000 956.4
855000 949.3
860000 964.9
865000 954.5
870000 954.8
875000 943.5
880000 950.6
885000 961.9
890000 957.7
895000 959.9
900000 937.1
905000 964.9
910000 961.2
915000 927.6
920000 939.9
925000 952.4
930000 965.9
935000 946.2
940000 959.8
945000 946.2
950000 940.6
955000 965.6
960000 942.2
965000 956.0
970000 942.4
975000 960.9
980000 971.4
985000 949.3
990000 940.4
995000 958.4
1000000 954.6
