5000 66.7
10000 60.1
15000 43.7
20000 169.9
25000 54.9
30000 189.3
35000 200.5
40000 202.6
45000 114.0
50000 109.1
55000 26.0
60000 199.6
65000 323.8
70000 278.5
75000 313.5
80000 539.9
85000 290.1
90000 268.8
95000 463.0
100000 306.9
105000 265.4
110000 533.1
115000 401.5
120000 318.2
125000 322.4
130000 246.2
135000 328.3
140000 394.0
145000 256.6
150000 253.8
155000 322.8
160000 546.0
165000 326.5
170000 396.9
175000 767.0
180000 250.5
185000 325.5
190000 330.1
195000 538.4
200000 398.0
205000 328.9
210000 401.0
215000 334.8
220000 549.5
225000 545.6
230000 329.7
235000 472.1
240000 255.0
245000 397.7
250000 331.0
255000 328.3
260000 325.6
265000 405.4
270000 327.4
275000 403.4
280000 250.8
285000 400.7
290000 322.2
295000 258.7
300000 253.4
305000 400.5
310000 402.9
315000 403.9
320000 328.1
325000 324.7
330000 401.0
335000 481.9
340000 549.5
345000 549.0
350000 327.9
355000 697.2
360000 405.7
365000 246.7
370000 623.8
375000 403.6
380000 331.9
385000 257.8
390000 330.6
395000 546.8
400000 329.5
405000 400.6
410000 327.5
415000 474.9
420000 398.3
425000 403.6
430000 478.6
435000 253.8
440000 626.7
445000 331.1
450000 410.1
455000 334.8
460000 333.5
465000 702.1
470000 409.8
475000 261.8
480000 337.2
485000 552.6
490000 267.0
495000 415.7
500000 413.0
505000 481.6
510000 553.7
515000 483.4
520000 484.5
525000 336.6
530000 420.6
535000 560.7
540000 350.1
545000 347.5
550000 489.6
555000 562.7
560000 415.1
565000 422.7
570000 346.0
575000 348.5
580000 416.9
585000 562.3
590000 351.5
595000 490.5
600000 273.8
605000 281.9
610000 425.6
615000 498.1
620000 353.8
625000 417.1
630000 433.2
635000 488.3
640000 491.9
645000 365.1
650000 428.7
655000 371.9
660000 294.9
665000 508.8
670000 581.6
675000 569.6
680000 303.5
685000 370.0
690000 444.1
695000 375.9
700000 586.1
705000 522.4
710000 326.4
715000 321.1
720000 454.7
725000 386.9
730000 525.6
735000 597.2
740000 465.6
745000 470.6
750000 471.8
755000 474.7
760000 600.9
765000 404.5
770000 601.2
775000 601.9
780000 526.7
785000 476.0
790000 418.0
795000 488.8
800000 486.8
805000 482.6
810000 687.6
815000 432.8
820000 560.6
825000 968.5
830000 930.1
835000 949.6
840000 957.5
845000 930.5
850000 967.4
855000 931.9
860000 944.4
865000 945.4
870000 869.4
875000 951.0
880000 842.0
885000 866.0
890000 875.3
895000 939.1
900000 955.5
905000 957.3
910000 955.2
915000 940.4
920000 962.2
925000 966.8
930000 888.9
935000 944.4
940000 932.3
945000 952.9
950000 925.8
955000 954.8
960000 957.7
965000 873.7
970000 954.3
975000 940.3
980000 946.5
985000 955.9
990000 955.8
995000 940.9
1000000 943.5
