5000 106.6
10000 37.6
15000 63.8
20000 176.1
25000 132.7
30000 11.2
35000 205.4
40000 418.3
45000 45.0
50000 106.2
55000 40.9
60000 76.8
65000 73.4
70000 139.2
75000 170.6
80000 242.5
85000 388.4
90000 209.9
95000 306.7
100000 257.0
105000 758.1
110000 799.2
115000 856.4
120000 897.5
125000 915.0
130000 852.3
135000 866.2
140000 898.4
145000 838.1
150000 928.2
155000 887.6
160000 891.8
165000 866.9
170000 898.4
175000 846.5
180000 889.1
185000 898.3
190000 901.4
195000 840.2
200000 912.2
205000 898.1
210000 912.7
215000 180.2
220000 740.3
225000 910.4
230000 875.8
235000 923.1
240000 891.9
245000 891.8
250000 930.4
255000 308.6
260000 873.4
265000 913.1
270000 909.5
275000 925.7
280000 907.1
285000 933.1
290000 912.6
295000 896.7
300000 920.9
305000 936.7
310000 900.3
315000 933.9
320000 884.3
325000 907.8
330000 907.2
335000 929.1
340000 895.1
345000 936.9
350000 887.2
355000 891.2
360000 891.9
365000 916.9
370000 938.5
375000 900.0
380000 939.2
385000 868.9
390000 921.8
395000 905.5
400000 879.5
405000 899.5
410000 929.5
415000 875.0
420000 893.1
425000 905.8
430000 940.9
435000 939.7
440000 922.0
445000 893.5
450000 933.8
455000 949.3
460000 896.4
465000 919.8
470000 941.1
475000 916.2
480000 894.8
485000 898.5
490000 893.3
495000 893.4
500000 897.3
505000 910.4
510000 907.6
515000 932.5
520000 889.6
525000 918.9
530000 912.3
535000 928.0
540000 923.2
545000 915.0
550000 923.7
555000 919.5
560000 925.9
565000 914.1
570000 924.1
575000 946.9
580000 911.4
585000 924.8
590000 911.5
595000 914.6
600000 949.3
605000 937.7
610000 939.6
615000 942.1
620000 936.8
625000 897.2
630000 924.4
635000 902.0
640000 906.0
645000 919.9
650000 940.6
655000 939.4
660000 932.8
665000 919.7
670000 934.1
675000 941.7
680000 926.4
685000 935.4
690000 954.3
695000 904.9
700000 923.8
705000 920.7
710000 910.1
715000 946.3
720000 919.0
725000 954.2
730000 838.4
735000 928.9
740000 925.6
745000 917.1
750000 872.9
755000 907.6
760000 909.2
765000 910.2
770000 924.9
775000 926.6
780000 944.2
785000 944.0
790000 909.7
795000 887.1
800000 936.3
805000 912.5
810000 931.8
815000 941.7
820000 896.5
825000 915.6
830000 920.1
835000 934.6
840000 924.9
845000 943.1
850000 937.4
855000 902.8
860000 917.5
865000 937.1
870000 877.6
875000 958.2
880000 917.3
885000 941.6
890000 919.7
895000 926.1
900000 914.0
905000 919.9
910000 936.3
915000 915.8
920000 930.8
925000 923.2
930000 931.7
935000 918.2
940000 953.4
945000 915.3
950000 926.3
955000 940.9
960000 915.6
965000 925.7
970000 938.6
975000 927.3
980000 910.8
985000 951.3
990000 922.0
995000 923.2
1000000 945.4
