5000 29.1
10000 28.3
15000 178.2
20000 48.7
25000 151.4
30000 240.1
35000 100.7
40000 333.1
45000 194.1
50000 130.4
55000 24.2
60000 45.6
65000 122.8
70000 395.2
75000 510.6
80000 97.0
85000 496.9
90000 316.5
95000 710.3
100000 297.9
105000 815.6
110000 761.9
115000 878.1
120000 879.3
125000 891.0
130000 905.2
135000 871.6
140000 882.8
145000 824.2
150000 869.9
155000 887.0
160000 822.8
165000 847.6
170000 869.8
175000 849.1
180000 893.8
185000 877.1
190000 920.8
195000 898.2
200000 794.5
205000 814.5
210000 561.1
215000 928.0
220000 640.8
225000 842.1
230000 882.3
235000 905.7
240000 901.2
245000 938.6
250000 873.4
255000 918.5
260000 916.9
265000 794.4
270000 936.9
275000 914.7
280000 902.5
285000 810.0
290000 947.1
295000 894.9
300000 907.8
305000 889.5
310000 908.5
315000 952.0
320000 926.7
325000 954.0
330000 831.0
335000 723.4
340000 833.0
345000 845.6
350000 939.2
355000 921.0
360000 653.0
365000 740.9
370000 840.4
375000 859.0
380000 811.8
385000 736.4
390000 852.5
395000 864.3
400000 933.0
405000 849.3
410000 919.1
415000 947.9
420000 847.4
425000 909.2
430000 829.3
435000 835.8
440000 934.3
445000 917.3
450000 894.6
455000 914.8
460000 819.6
465000 930.4
470000 940.7
475000 915.7
480000 896.6
485000 949.5
490000 916.6
495000 934.1
500000 949.5
505000 943.7
510000 949.4
515000 927.7
520000 839.1
525000 843.3
530000 925.3
535000 926.3
540000 850.7
545000 830.8
550000 842.0
555000 949.2
560000 938.2
565000 895.1
570000 902.1
575000 928.6
580000 942.0
585000 896.9
590000 943.1
595000 903.6
600000 953.4
605000 938.1
610000 908.5
615000 921.7
620000 832.6
625000 935.4
630000 897.4
635000 915.5
640000 916.8
645000 947.2
650000 909.7
655000 846.7
660000 952.3
665000 945.2
670000 947.1
675000 905.3
680000 936.4
685000 935.2
690000 928.2
695000 915.6
700000 918.3
705000 850.3
710000 943.6
715000 838.9
720000 948.8
725000 911.7
730000 921.3
735000 763.2
740000 738.7
745000 956.0
750000 914.5
755000 935.2
760000 832.7
765000 949.8
770000 938.0
775000 947.8
780000 904.0
785000 932.5
790000 906.0
795000 929.8
800000 927.3
805000 925.0
810000 939.9
815000 952.2
820000 932.7
825000 950.0
830000 950.5
835000 957.1
840000 957.9
845000 959.5
850000 965.8
855000 939.5
860000 929.8
865000 958.4
870000 934.4
875000 951.0
880000 940.7
885000 948.1
890000 961.0
895000 930.8
900000 937.3
905000 937.3
910000 935.8
915000 947.7
920000 948.7
925000 931.3
930000 969.7
935000 953.8
940000 932.1
945000 944.0
950000 929.8
955000 935.5
960000 920.1
965000 936.6
970000 934.7
975000 910.7
980000 944.2
985000 879.6
990000 937.9
995000 947.5
1000000 924.5
