5000 35.9
10000 22.0
15000 129.2
20000 152.0
25000 344.5
30000 149.9
35000 115.7
40000 184.8
45000 193.2
50000 25.5
55000 188.2
60000 113.8
65000 224.3
70000 227.9
75000 264.2
80000 330.1
85000 460.1
90000 295.8
95000 243.0
100000 160.3
105000 40.9
110000 104.5
115000 122.4
120000 239.4
125000 109.8
130000 368.8
135000 88.3
140000 284.3
145000 322.8
150000 399.0
155000 579.8
160000 805.1
165000 477.2
170000 848.8
175000 854.9
180000 926.9
185000 942.7
190000 814.2
195000 911.5
200000 907.1
205000 904.9
210000 917.5
215000 938.6
220000 872.1
225000 913.0
230000 906.5
235000 920.8
240000 909.5
245000 852.3
250000 906.9
255000 910.3
260000 913.3
265000 939.7
270000 938.4
275000 945.4
280000 911.8
285000 942.4
290000 910.7
295000 931.6
300000 944.2
305000 941.5
310000 916.0
315000 939.6
320000 798.9
325000 940.1
330000 940.9
335000 911.1
340000 948.6
345000 935.5
350000 944.0
355000 951.5
360000 924.9
365000 923.1
370000 949.9
375000 932.8
380000 961.8
385000 965.7
390000 954.3
395000 930.1
400000 951.6
405000 959.6
410000 940.0
415000 939.2
420000 938.3
425000 929.3
430000 933.9
435000 922.6
440000 937.6
445000 965.2
450000 921.4
455000 953.3
460000 954.0
465000 931.9
470000 938.7
475000 912.5
480000 929.3
485000 942.3
490000 952.5
495000 949.2
500000 932.4
505000 949.1
510000 938.5
515000 942.4
520000 955.5
525000 957.7
530000 943.8
535000 954.5
540000 956.5
545000 933.6
550000 931.7
555000 939.5
560000 936.7
565000 938.6
570000 954.5
575000 942.9
580000 947.2
585000 948.2
590000 950.9
595000 937.0
600000 921.4
605000 940.7
610000 956.7
615000 949.2
620000 932.9
625000 952.3
630000 952.6
635000 944.2
640000 951.3
645000 938.8
650000 949.4
655000 946.0
660000 953.5
665000 945.0
670000 961.6
675000 944.1
680000 944.1
685000 960.4
690000 947.3
695000 963.3
700000 966.1
705000 943.3
710000 947.5
715000 922.9
720000 958.0
725000 953.3
730000 954.3
735000 943.9
740000 958.3
745000 925.0
750000 938.5
755000 965.1
760000 952.6
765000 950.3
770000 943.1
775000 959.7
780000 972.5
785000 959.7
790000 971.0
795000 962.1
800000 944.0
805000 939.2
810000 960.6
815000 948.5
820000 958.8
825000 952.8
830000 945.6
835000 943.9
840000 949.6
845000 950.1
850000 941.3
855000 942.7
860000 936.6
865000 935.1
870000 946.6
875000 958.7
880000 947.0
885000 937.5
890000 934.9
895000 952.9
900000 951.1
905000 972.3
910000 952.2
915000 943.7
920000 949.4
925000 928.4
930000 936.0
935000 963.6
940000 962.1
945000 965.5
950000 950.9
955000 946.7
960000 954.1
965000 945.4
970000 936.2
975000 946.1
980000 965.3
985000 936.9
990000 947.4
995000 940.7
1000000 961.5
