5000 13.8
10000 65.5
15000 194.3
20000 174.9
25000 31.8
30000 102.9
35000 10.4
40000 169.5
45000 95.3
50000 49.9
55000 85.6
60000 112.5
65000 118.3
70000 124.9
75000 93.6
80000 300.2
85000 143.7
90000 107.6
95000 208.1
100000 207.5
105000 125.8
110000 315.9
115000 235.3
120000 317.9
125000 750.2
130000 777.6
135000 891.0
140000 908.7
145000 759.9
150000 932.2
155000 938.4
160000 893.3
165000 942.8
170000 943.5
175000 952.4
180000 948.3
185000 948.3
190000 948.4
195000 948.5
200000 964.3
205000 956.6
210000 963.6
215000 961.5
220000 970.9
225000 943.0
230000 954.7
235000 955.8
240000 959.3
245000 964.9
250000 960.5
255000 968.7
260000 962.2
265000 957.7
270000 970.4
275000 962.2
280000 957.9
285000 974.3
290000 958.4
295000 961.6
300000 956.1
305000 960.4
310000 960.7
315000 962.6
320000 954.0
325000 961.0
330000 954.8
335000 968.1
340000 960.1
345000 952.9
350000 947.0
355000 949.5
360000 953.7
365000 956.3
370000 937.0
375000 962.5
380000 962.2
385000 959.1
390000 945.4
395000 957.3
400000 963.6
405000 947.7
410000 963.1
415000 956.0
420000 971.5
425000 966.5
430000 967.8
435000 959.7
440000 971.5
445000 959.2
450000 971.7
455000 958.2
460000 964.4
465000 966.9
470000 963.1
475000 956.6
480000 941.6
485000 955.0
490000 939.5
495000 962.3
500000 961.7
505000 955.8
510000 963.0
515000 958.4
520000 970.0
525000 961.4
530000 953.3
535000 969.5
540000 963.9
545000 968.7
550000 974.0
555000 961.9
560000 963.1
565000 956.6
570000 960.9
575000 969.2
580000 970.3
585000 965.4
590000 962.1
595000 958.4
600000 957.1
605000 959.8
610000 960.6
615000 957.5
620000 965.4
625000 975.4
630000 966.3
635000 964.4
640000 957.7
645000 981.2
650000 962.4
655000 952.9
660000 964.7
665000 970.1
670000 954.2
675000 967.6
680000 967.2
685000 963.9
690000 971.4
695000 968.0
700000 972.8
705000 966.2
710000 964.1
715000 953.8
720000 974.5
725000 967.0
730000 956.8
735000 968.7
740000 965.9
745000 978.5
750000 966.9
755000 967.4
760000 943.9
765000 970.1
770000 954.6
775000 957.8
780000 970.3
785000 971.0
790000 954.9
795000 959.9
800000 967.8
805000 956.0
810000 963.5
815000 957.5
820000 970.9
825000 968.2
830000 966.0
835000 977.3
840000 967.0
845000 957.6
850000 972.0
855000 967.2
860000 955.4
865000 957.6
870000 965.1
875000 954.1
880000 961.8
885000 973.6
890000 952.0
895000 971.1
900000 969.3
905000 960.6
910000 957.0
915000 948.3
920000 962.8
925000 974.6
930000 967.3
935000 961.4
940000 962.9
945000 956.6
950000 972.5
955000 958.5
960000 955.5
965000 961.4
970000 969.6
975000 969.2
980000 968.1
985000 962.0
990000 965.9
995000 980.0
1000000 961.3
