5000 28.8
10000 94.8
15000 127.0
20000 162.8
25000 325.2
30000 33.7
35000 33.6
40000 62.3
45000 203.4
50000 132.9
55000 58.2
60000 277.7
65000 373.4
70000 290.5
75000 213.8
80000 307.9
85000 460.9
90000 258.7
95000 247.6
100000 253.2
105000 246.4
110000 461.8
115000 242.0
120000 493.4
125000 392.1
130000 316.5
135000 500.1
140000 464.7
145000 249.4
150000 249.9
155000 310.0
160000 544.3
165000 245.3
170000 318.2
175000 330.3
180000 402.1
185000 373.7
190000 317.7
195000 396.3
200000 246.3
205000 394.5
210000 405.0
215000 545.3
220000 444.4
225000 539.1
230000 294.9
235000 401.6
240000 374.6
245000 278.1
250000 355.0
255000 437.5
260000 565.8
265000 444.6
270000 363.8
275000 389.5
280000 597.9
285000 491.9
290000 873.7
295000 891.3
300000 897.3
305000 921.3
310000 855.5
315000 883.2
320000 893.9
325000 892.4
330000 782.9
335000 863.2
340000 832.0
345000 896.6
350000 867.7
355000 910.9
360000 888.4
365000 876.6
370000 922.5
375000 910.0
380000 909.2
385000 898.8
390000 886.9
395000 905.6
400000 868.9
405000 910.9
410000 869.8
415000 891.2
420000 927.4
425000 851.9
430000 872.0
435000 909.5
440000 834.8
445000 872.1
450000 766.0
455000 897.0
460000 907.7
465000 826.1
470000 940.6
475000 916.4
480000 848.5
485000 931.9
490000 941.7
495000 878.7
500000 877.1
505000 871.3
510000 866.0
515000 901.1
520000 906.3
525000 880.7
530000 864.2
535000 823.4
540000 925.8
545000 783.1
550000 889.0
555000 937.4
560000 785.3
565000 840.4
570000 804.4
575000 814.0
580000 836.5
585000 786.6
590000 822.5
595000 801.3
600000 730.3
605000 896.8
610000 937.6
615000 949.7
620000 937.0
625000 776.0
630000 775.2
635000 928.9
640000 933.8
645000 911.4
650000 771.4
655000 930.3
660000 883.5
665000 919.1
670000 857.9
675000 905.9
680000 872.6
685000 914.4
690000 873.5
695000 953.5
700000 905.1
705000 926.9
710000 851.7
715000 939.8
720000 856.1
725000 920.8
730000 928.5
735000 938.0
740000 930.0
745000 950.9
750000 929.4
755000 819.8
760000 883.6
765000 751.4
770000 837.4
775000 964.7
780000 877.8
785000 815.6
790000 921.9
795000 834.2
800000 840.6
805000 972.1
810000 914.2
815000 843.6
820000 872.8
825000 913.6
830000 682.8
835000 908.8
840000 960.1
845000 953.3
850000 908.4
855000 934.3
860000 949.3
865000 910.3
870000 828.9
875000 927.2
880000 953.6
885000 904.5
890000 845.6
895000 918.2
900000 936.8
905000 932.9
910000 923.8
915000 842.5
920000 922.0
925000 932.7
930000 845.8
935000 944.2
940000 927.9
945000 869.5
950000 865.6
955000 915.4
960000 919.0
965000 946.0
970000 935.1
975000 919.1
980000 918.0
985000 925.9
990000 953.7
995000 929.0
1000000 903.7
