5000 39.7
10000 17.7
15000 24.4
20000 256.6
25000 287.8
30000 163.9
35000 19.9
40000 21.1
45000 202.5
50000 96.0
55000 246.7
60000 118.5
65000 35.8
70000 195.2
75000 86.0
80000 320.6
85000 228.4
90000 125.6
95000 68.7
100000 233.9
105000 230.9
110000 244.9
115000 227.3
120000 146.9
125000 276.6
130000 44.4
135000 232.9
140000 166.3
145000 355.3
150000 67.5
155000 419.3
160000 260.9
165000 164.0
170000 261.7
175000 263.8
180000 565.6
185000 162.9
190000 355.1
195000 142.7
200000 44.0
205000 233.1
210000 141.6
215000 358.1
220000 351.6
225000 400.9
230000 235.6
235000 450.0
240000 167.7
245000 143.1
250000 171.1
255000 73.3
260000 47.8
265000 232.2
270000 216.8
275000 332.7
280000 329.0
285000 354.7
290000 328.8
295000 168.7
300000 14.5
305000 68.0
310000 499.6
315000 403.9
320000 144.7
325000 168.4
330000 136.7
335000 244.3
340000 343.6
345000 287.1
350000 104.1
355000 206.3
360000 308.5
365000 106.3
370000 244.9
375000 202.0
380000 265.4
385000 423.0
390000 493.1
395000 407.7
400000 226.5
405000 360.2
410000 456.7
415000 359.5
420000 160.0
425000 218.2
430000 308.7
435000 236.9
440000 420.6
445000 233.3
450000 333.5
455000 397.5
460000 317.3
465000 140.1
470000 145.3
475000 52.0
480000 141.1
485000 643.4
490000 406.9
495000 500.2
500000 421.0
505000 691.8
510000 330.7
515000 399.5
520000 322.3
525000 328.2
530000 133.9
535000 303.0
540000 227.9
545000 399.4
550000 231.3
555000 43.3
560000 613.9
565000 435.6
570000 54.7
575000 239.8
580000 603.5
585000 236.2
590000 337.9
595000 607.0
600000 245.3
605000 248.3
610000 144.4
615000 339.1
620000 490.8
625000 341.2
630000 507.7
635000 592.3
640000 662.4
645000 317.1
650000 418.4
655000 154.4
660000 408.0
665000 423.4
670000 325.7
675000 242.1
680000 235.5
685000 427.4
690000 334.2
695000 237.8
700000 422.6
705000 528.0
710000 703.6
715000 704.1
720000 418.7
725000 512.9
730000 247.2
735000 423.4
740000 242.5
745000 342.0
750000 238.7
755000 595.5
760000 234.9
765000 419.6
770000 435.1
775000 247.2
780000 327.0
785000 61.7
790000 342.1
795000 244.0
800000 332.6
805000 247.0
810000 332.7
815000 324.8
820000 421.6
825000 618.4
830000 335.5
835000 341.6
840000 339.3
845000 428.0
850000 449.1
855000 441.9
860000 239.6
865000 422.7
870000 322.4
875000 240.0
880000 332.8
885000 352.0
890000 500.9
895000 154.6
900000 604.8
905000 432.7
910000 437.2
915000 324.5
920000 774.7
925000 239.8
930000 522.2
935000 316.7
940000 163.0
945000 627.0
950000 294.7
955000 353.7
960000 504.8
965000 430.4
970000 217.2
975000 273.7
980000 727.6
985000 412.6
990000 164.8
995000 380.4
1000000 555.3
