5000 100.8
10000 70.9
15000 3.2
20000 17.5
25000 25.2
30000 85.7
35000 338.6
40000 314.3
45000 102.3
50000 22.6
55000 159.4
60000 18.8
65000 651.6
70000 251.2
75000 428.8
80000 387.5
85000 367.6
90000 311.4
95000 349.8
100000 370.0
105000 322.4
110000 319.2
115000 282.5
120000 245.9
125000 400.2
130000 323.8
135000 398.7
140000 471.4
145000 466.2
150000 546.4
155000 324.0
160000 543.9
165000 395.6
170000 252.4
175000 470.8
180000 351.6
185000 398.9
190000 475.8
195000 326.3
200000 251.2
205000 401.8
210000 330.5
215000 401.4
220000 471.6
225000 470.2
230000 329.4
235000 328.0
240000 253.2
245000 325.6
250000 325.7
255000 472.2
260000 476.0
265000 328.6
270000 399.0
275000 333.6
280000 325.4
285000 477.0
290000 260.4
295000 407.9
300000 408.1
305000 338.7
310000 338.7
315000 332.7
320000 553.9
325000 405.1
330000 494.7
335000 351.0
340000 293.4
345000 362.5
350000 456.4
355000 326.9
360000 514.8
365000 571.1
370000 928.5
375000 939.8
380000 935.7
385000 933.4
390000 941.0
395000 943.5
400000 938.5
405000 953.0
410000 948.9
415000 924.8
420000 945.6
425000 930.4
430000 950.9
435000 931.7
440000 942.4
445000 951.3
450000 941.2
455000 945.8
460000 936.7
465000 942.0
470000 951.5
475000 944.1
480000 948.0
485000 954.2
490000 961.6
495000 951.8
500000 930.7
505000 948.6
510000 947.6
515000 954.8
520000 952.3
525000 926.5
530000 947.4
535000 960.8
540000 933.3
545000 955.8
550000 943.6
555000 941.3
560000 951.2
565000 944.7
570000 939.9
575000 959.5
580000 952.5
585000 944.2
590000 936.9
595000 945.2
600000 941.4
605000 946.0
610000 958.3
615000 939.2
620000 953.3
625000 975.0
630000 951.8
635000 946.2
640000 955.0
645000 943.2
650000 952.7
655000 964.7
660000 945.7
665000 960.3
670000 945.1
675000 931.4
680000 944.0
685000 946.7
690000 956.9
695000 949.7
700000 933.6
705000 952.6
710000 950.0
715000 962.2
720000 947.4
725000 962.7
730000 964.7
735000 957.3
740000 965.9
745000 950.8
750000 936.9
755000 942.6
760000 944.3
765000 963.9
770000 959.9
775000 961.9
780000 944.1
785000 950.3
790000 954.6
795000 942.3
800000 962.9
805000 961.0
810000 959.6
815000 964.1
820000 950.2
825000 959.2
830000 952.7
835000 947.4
840000 959.4
845000 950.9
850000 939.9
855000 974.4
860000 960.2
865000 960.8
870000 939.2
875000 960.6
880000 969.0
885000 970.3
890000 950.4
895000 955.0
900000 962.5
905000 969.8
910000 948.3
915000 950.7
920000 966.3
925000 945.4
930000 949.4
935000 952.6
940000 956.3
945000 948.2
950000 963.3
955000 962.3
960000 970.4
965000 965.2
970000 949.9
975000 953.4
980000 936.7
985000 962.7
990000 970.8
995000 957.0
1000000 958.9
