5000 22.8
10000 55.7
15000 64.2
20000 57.8
25000 141.2
30000 291.4
35000 109.7
40000 44.3
45000 208.3
50000 420.0
55000 243.9
60000 335.2
65000 472.1
70000 397.5
75000 617.2
80000 544.1
85000 473.5
90000 624.2
95000 410.4
100000 407.9
105000 551.7
110000 398.8
115000 312.7
120000 169.9
125000 122.4
130000 100.1
135000 296.7
140000 12.7
145000 110.0
150000 158.0
155000 50.4
160000 141.3
165000 109.7
170000 160.5
175000 15.4
180000 54.9
185000 55.2
190000 83.4
195000 55.8
200000 149.9
205000 106.7
210000 150.3
215000 8.4
220000 114.8
225000 228.8
230000 253.3
235000 205.2
240000 57.9
245000 63.3
250000 206.9
255000 56.3
260000 162.0
265000 186.7
270000 57.8
275000 125.8
280000 134.0
285000 266.6
290000 108.8
295000 64.2
300000 59.9
305000 59.5
310000 185.1
315000 109.7
320000 184.7
325000 159.2
330000 67.2
335000 113.5
340000 58.5
345000 188.8
350000 163.3
355000 137.1
360000 174.2
365000 68.9
370000 65.0
375000 114.5
380000 71.3
385000 95.6
390000 128.9
395000 56.8
400000 37.2
405000 115.2
410000 7.3
415000 109.7
420000 107.2
425000 102.3
430000 111.9
435000 224.6
440000 166.3
445000 65.6
450000 78.2
455000 77.3
460000 20.6
465000 86.9
470000 211.4
475000 81.8
480000 52.9
485000 207.4
490000 104.6
495000 104.6
500000 161.2
505000 66.8
510000 66.9
515000 95.7
520000 48.6
525000 215.0
530000 215.2
535000 112.7
540000 57.4
545000 178.1
550000 69.0
555000 294.4
560000 118.8
565000 183.5
570000 287.5
575000 178.9
580000 203.2
585000 169.4
590000 52.9
595000 15.2
600000 202.4
605000 216.9
610000 247.0
615000 202.4
620000 197.3
625000 227.2
630000 141.8
635000 117.5
640000 127.9
645000 174.9
650000 175.3
655000 142.8
660000 164.1
665000 141.6
670000 304.1
675000 161.4
680000 91.4
685000 155.8
690000 256.0
695000 115.2
700000 129.1
705000 50.0
710000 42.1
715000 64.7
720000 191.9
725000 55.0
730000 156.1
735000 175.1
740000 220.1
745000 136.8
750000 329.7
755000 281.9
760000 106.4
765000 76.6
770000 92.6
775000 308.1
780000 110.5
785000 130.8
790000 188.7
795000 230.3
800000 183.9
805000 169.1
810000 229.9
815000 104.7
820000 185.4
825000 99.3
830000 151.3
835000 251.5
840000 312.7
845000 197.6
850000 205.9
855000 148.1
860000 361.1
865000 156.6
870000 233.4
875000 318.4
880000 49.7
885000 509.7
890000 240.0
895000 252.4
900000 236.5
905000 228.8
910000 308.3
915000 125.8
920000 192.6
925000 86.7
930000 176.1
935000 111.3
940000 107.2
945000 182.8
950000 498.1
955000 297.3
960000 105.0
965000 583.4
970000 379.4
975000 227.5
980000 254.0
985000 226.1
990000 87.0
995000 313.8
1000000 212.5
