5000 52.0
10000 89.5
15000 278.2
20000 283.0
25000 100.1
30000 148.7
35000 292.9
40000 19.0
45000 124.5
50000 202.9
55000 36.1
60000 312.8
65000 254.8
70000 194.2
75000 235.9
80000 469.2
85000 432.1
90000 469.6
95000 396.9
100000 394.5
105000 312.3
110000 326.8
115000 471.8
120000 245.1
125000 467.6
130000 462.5
135000 304.7
140000 326.8
145000 322.5
150000 474.0
155000 391.1
160000 244.9
165000 328.3
170000 322.3
175000 324.8
180000 548.2
185000 402.4
190000 323.6
195000 476.2
200000 627.2
205000 480.8
210000 326.9
215000 477.0
220000 932.8
225000 939.0
230000 852.6
235000 918.2
240000 943.0
245000 921.8
250000 953.8
255000 945.8
260000 911.2
265000 932.0
270000 932.3
275000 930.2
280000 936.5
285000 924.8
290000 936.6
295000 933.7
300000 925.1
305000 939.1
310000 932.6
315000 934.8
320000 953.3
325000 951.4
330000 926.8
335000 927.9
340000 952.3
345000 937.4
350000 949.6
355000 959.5
360000 944.7
365000 955.5
370000 951.1
375000 945.0
380000 949.7
385000 935.7
390000 948.4
395000 940.1
400000 935.2
405000 953.9
410000 943.7
415000 925.1
420000 929.9
425000 959.4
430000 948.0
435000 936.4
440000 954.2
445000 941.7
450000 945.6
455000 903.8
460000 936.0
465000 867.9
470000 887.5
475000 974.4
480000 955.5
485000 963.4
490000 955.8
495000 946.4
500000 963.3
505000 945.6
510000 945.1
515000 949.3
520000 930.1
525000 946.1
530000 968.3
535000 947.6
540000 960.3
545000 945.0
550000 950.5
555000 946.4
560000 939.6
565000 957.6
570000 938.2
575000 951.7
580000 940.5
585000 949.2
590000 953.2
595000 958.6
600000 944.8
605000 957.6
610000 963.2
615000 954.0
620000 948.1
625000 949.1
630000 964.7
635000 949.9
640000 957.2
645000 945.0
650000 944.4
655000 948.2
660000 961.0
665000 953.3
670000 945.8
675000 938.0
680000 955.3
685000 955.3
690000 951.3
695000 954.0
700000 961.5
705000 961.4
710000 962.8
715000 962.6
720000 963.0
725000 941.5
730000 949.4
735000 973.8
740000 969.1
745000 967.1
750000 930.0
755000 957.9
760000 952.9
765000 969.2
770000 952.1
775000 946.9
780000 958.7
785000 949.0
790000 945.9
795000 959.4
800000 970.8
805000 960.9
810000 953.6
815000 945.5
820000 952.5
825000 943.1
830000 970.0
835000 952.6
840000 956.1
845000 950.3
850000 948.6
855000 953.4
860000 895.7
865000 950.0
870000 938.0
875000 963.7
880000 953.7
885000 957.5
890000 956.2
895000 951.0
900000 964.2
905000 959.5
910000 949.5
915000 960.8
920000 964.9
925000 964.1
930000 952.7
935000 950.7
940000 950.1
945000 953.0
950000 947.1
955000 954.9
960000 959.0
965000 958.8
970000 959.8
975000 949.8
980000 947.7
985000 953.4
990000 962.6
995000 974.0
1000000 952.8
