5000 123.2
10000 22.8
15000 65.5
20000 170.8
25000 206.7
30000 106.9
35000 105.7
40000 111.9
45000 114.3
50000 206.9
55000 141.8
60000 409.2
65000 118.3
70000 254.9
75000 442.3
80000 131.3
85000 318.6
90000 491.1
95000 306.3
100000 219.0
105000 540.4
110000 251.0
115000 319.7
120000 478.8
125000 488.5
130000 563.2
135000 799.3
140000 853.6
145000 862.3
150000 897.6
155000 896.9
160000 933.7
165000 870.5
170000 902.1
175000 867.3
180000 906.6
185000 877.4
190000 964.1
195000 939.7
200000 925.9
205000 917.4
210000 939.9
215000 877.5
220000 895.1
225000 926.6
230000 913.6
235000 932.2
240000 914.3
245000 929.3
250000 917.5
255000 931.0
260000 940.0
265000 935.9
270000 919.6
275000 931.2
280000 904.9
285000 922.5
290000 925.7
295000 930.7
300000 930.0
305000 929.1
310000 926.9
315000 927.3
320000 933.5
325000 952.7
330000 891.0
335000 938.3
340000 929.4
345000 908.8
350000 935.5
355000 928.3
360000 921.3
365000 938.5
370000 927.8
375000 914.7
380000 948.4
385000 936.0
390000 926.1
395000 919.4
400000 928.6
405000 945.9
410000 928.7
415000 964.5
420000 935.1
425000 939.4
430000 931.1
435000 932.1
440000 959.0
445000 944.6
450000 902.5
455000 947.2
460000 918.8
465000 930.2
470000 941.9
475000 929.4
480000 938.8
485000 951.5
490000 941.8
495000 912.0
500000 926.0
505000 925.9
510000 925.6
515000 951.8
520000 940.6
525000 970.2
530000 952.3
535000 954.8
540000 950.7
545000 924.9
550000 954.1
555000 953.3
560000 938.8
565000 966.7
570000 934.8
575000 951.4
580000 942.6
585000 942.1
590000 924.4
595000 930.7
600000 926.6
605000 931.9
610000 932.9
615000 952.8
620000 944.8
625000 936.1
630000 948.5
635000 925.4
640000 924.7
645000 928.6
650000 945.0
655000 941.4
660000 919.9
665000 926.4
670000 938.4
675000 966.6
680000 952.8
685000 941.1
690000 941.1
695000 932.4
700000 930.5
705000 949.0
710000 958.3
715000 937.2
720000 954.9
725000 933.4
730000 927.3
735000 939.3
740000 941.4
745000 939.7
750000 932.5
755000 928.5
760000 936.3
765000 949.0
770000 932.1
775000 946.1
780000 953.3
785000 949.1
790000 939.4
795000 936.8
800000 948.6
805000 930.7
810000 939.7
815000 932.7
820000 957.8
825000 971.2
830000 918.4
835000 933.0
840000 945.7
845000 920.0
850000 952.3
855000 940.7
860000 933.9
865000 947.7
870000 949.7
875000 950.2
880000 956.5
885000 943.3
890000 948.5
895000 947.0
900000 957.0
905000 952.7
910000 955.6
915000 933.9
920000 915.3
925000 945.2
930000 931.9
935000 948.7
940000 955.9
945000 961.1
950000 971.5
955000 926.5
960000 942.3
965000 934.3
970000 955.3
975000 960.9
980000 937.7
985000 939.7
990000 943.4
995000 951.7
1000000 957.5
