5000 44.8
10000 23.5
15000 150.3
20000 138.9
25000 18.2
30000 72.8
35000 20.0
40000 181.0
45000 299.1
50000 261.8
55000 133.1
60000 324.7
65000 364.9
70000 498.2
75000 695.5
80000 461.9
85000 70.4
90000 754.0
95000 777.1
100000 848.3
105000 842.6
110000 932.1
115000 867.7
120000 857.8
125000 916.4
130000 930.2
135000 917.5
140000 910.6
145000 943.1
150000 946.0
155000 946.8
160000 940.1
165000 965.6
170000 945.4
175000 938.1
180000 895.8
185000 931.4
190000 916.0
195000 950.7
200000 947.9
205000 911.4
210000 955.8
215000 925.5
220000 906.6
225000 954.0
230000 944.4
235000 943.0
240000 928.2
245000 924.8
250000 957.5
255000 927.2
260000 946.8
265000 933.5
270000 948.2
275000 953.7
280000 951.5
285000 954.0
290000 949.8
295000 935.4
300000 934.1
305000 928.8
310000 944.6
315000 944.4
320000 943.8
325000 939.1
330000 958.8
335000 951.3
340000 949.4
345000 947.9
350000 944.6
355000 964.8
360000 931.9
365000 960.6
370000 953.4
375000 951.5
380000 952.0
385000 969.8
390000 951.5
395000 953.0
400000 956.7
405000 954.1
410000 937.0
415000 958.9
420000 978.0
425000 948.0
430000 926.9
435000 944.5
440000 956.1
445000 971.3
450000 962.3
455000 951.5
460000 960.8
465000 952.6
470000 953.2
475000 952.9
480000 952.7
485000 963.8
490000 957.8
495000 967.8
500000 941.5
505000 973.6
510000 955.3
515000 951.4
520000 956.2
525000 951.9
530000 952.8
535000 963.2
540000 966.3
545000 961.4
550000 975.2
555000 945.9
560000 962.8
565000 954.1
570000 954.9
575000 948.9
580000 930.4
585000 956.0
590000 962.4
595000 958.5
600000 953.9
605000 959.8
610000 953.6
615000 951.6
620000 958.9
625000 936.7
630000 963.0
635000 968.5
640000 957.9
645000 963.1
650000 954.2
655000 957.2
660000 929.0
665000 969.4
670000 947.9
675000 965.3
680000 949.9
685000 966.4
690000 961.3
695000 950.7
700000 961.9
705000 965.5
710000 959.6
715000 947.6
720000 955.8
725000 947.8
730000 955.1
735000 949.8
740000 959.2
745000 962.2
750000 950.9
755000 955.5
760000 942.0
765000 950.8
770000 959.2
775000 976.0
780000 965.1
785000 957.4
790000 957.6
795000 958.2
800000 959.7
805000 958.5
810000 936.7
815000 973.0
820000 956.5
825000 966.0
830000 966.5
835000 965.0
840000 959.1
845000 966.2
850000 956.1
855000 962.1
860000 955.8
865000 955.8
870000 960.2
875000 960.8
880000 944.2
885000 947.3
890000 960.3
895000 945.6
900000 947.8
905000 957.0
910000 969.4
915000 975.5
920000 956.6
925000 967.8
930000 964.6
935000 953.7
940000 964.6
945000 959.2
950000 946.0
955000 956.9
960000 941.9
965000 967.0
970000 954.3
975000 971.4
980000 962.8
985000 963.1
990000 959.0
995000 967.0
1000000 960.7
