5000 23.8
10000 54.2
15000 45.7
20000 17.9
25000 17.4
30000 46.2
35000 36.8
40000 17.4
45000 50.5
50000 22.8
55000 42.9
60000 39.7
65000 73.9
70000 26.0
75000 213.0
80000 107.7
85000 153.8
90000 128.0
95000 14.5
100000 113.4
105000 14.1
110000 60.5
115000 183.4
120000 71.3
125000 157.4
130000 154.3
135000 36.8
140000 42.6
145000 178.7
150000 115.6
155000 12.7
160000 26.8
165000 113.9
170000 65.5
175000 92.9
180000 80.4
185000 10.7
190000 54.9
195000 62.9
200000 61.8
205000 12.4
210000 65.9
215000 120.8
220000 128.8
225000 114.2
230000 11.4
235000 73.9
240000 201.7
245000 13.9
250000 19.7
255000 84.9
260000 127.5
265000 54.5
270000 100.5
275000 111.5
280000 210.1
285000 15.4
290000 21.7
295000 66.3
300000 42.1
305000 39.0
310000 78.7
315000 214.7
320000 131.4
325000 45.8
330000 133.7
335000 206.9
340000 92.2
345000 171.6
350000 143.5
355000 6.0
360000 90.4
365000 189.3
370000 123.2
375000 74.9
380000 127.4
385000 167.7
390000 91.7
395000 259.3
400000 123.1
405000 291.0
410000 223.8
415000 279.6
420000 234.3
425000 68.4
430000 113.7
435000 21.7
440000 202.4
445000 244.5
450000 132.9
455000 202.2
460000 348.8
465000 72.6
470000 79.7
475000 152.1
480000 151.0
485000 175.9
490000 62.3
495000 99.3
500000 139.4
505000 112.5
510000 160.1
515000 202.3
520000 218.7
525000 268.9
530000 340.3
535000 182.8
540000 223.4
545000 393.3
550000 219.4
555000 63.0
560000 66.6
565000 139.6
570000 8.2
575000 59.2
580000 142.4
585000 49.7
590000 127.0
595000 111.2
600000 199.5
605000 87.5
610000 116.9
615000 289.8
620000 232.1
625000 10.3
630000 81.4
635000 280.4
640000 8.9
645000 92.0
650000 79.3
655000 334.8
660000 150.1
665000 110.2
670000 180.1
675000 491.5
680000 145.8
685000 177.9
690000 246.4
695000 162.1
700000 231.9
705000 146.3
710000 7.4
715000 166.9
720000 95.9
725000 233.5
730000 224.6
735000 181.1
740000 75.2
745000 253.4
750000 87.3
755000 161.5
760000 156.7
765000 184.5
770000 152.6
775000 246.5
780000 14.2
785000 207.8
790000 331.4
795000 83.0
800000 160.7
805000 217.2
810000 114.5
815000 106.7
820000 143.1
825000 9.7
830000 113.0
835000 275.1
840000 104.6
845000 221.0
850000 468.4
855000 356.0
860000 183.3
865000 303.9
870000 162.1
875000 7.6
880000 251.0
885000 12.2
890000 95.2
895000 172.4
900000 236.0
905000 168.3
910000 194.4
915000 12.3
920000 254.4
925000 11.0
930000 181.8
935000 150.7
940000 304.9
945000 174.9
950000 116.0
955000 91.9
960000 263.4
965000 258.3
970000 13.2
975000 267.3
980000 86.3
985000 159.8
990000 6.8
995000 273.6
1000000 84.8
