5000 15.3
10000 17.3
15000 121.2
20000 75.1
25000 29.7
30000 328.9
35000 328.5
40000 70.9
45000 103.3
50000 320.5
55000 63.0
60000 95.8
65000 159.0
70000 107.1
75000 55.8
80000 191.5
85000 152.3
90000 324.8
95000 283.1
100000 309.5
105000 397.9
110000 470.4
115000 313.7
120000 433.2
125000 394.5
130000 471.5
135000 468.0
140000 334.1
145000 389.9
150000 470.8
155000 414.6
160000 465.2
165000 399.7
170000 394.7
175000 396.4
180000 543.0
185000 389.5
190000 325.4
195000 397.0
200000 396.9
205000 397.2
210000 546.6
215000 233.0
220000 472.5
225000 694.8
230000 319.2
235000 326.2
240000 543.6
245000 247.3
250000 398.2
255000 323.1
260000 472.5
265000 474.3
270000 399.8
275000 388.2
280000 328.1
285000 322.0
290000 325.6
295000 398.5
300000 401.5
305000 617.2
310000 326.1
315000 402.1
320000 323.8
325000 544.5
330000 406.6
335000 404.5
340000 474.6
345000 551.6
350000 478.2
355000 334.2
360000 770.5
365000 478.7
370000 558.3
375000 480.9
380000 338.0
385000 488.0
390000 410.0
395000 484.1
400000 339.2
405000 413.5
410000 418.2
415000 422.0
420000 484.0
425000 561.6
430000 543.7
435000 921.7
440000 893.0
445000 935.3
450000 943.2
455000 920.1
460000 917.8
465000 936.2
470000 945.2
475000 935.0
480000 936.1
485000 926.2
490000 925.5
495000 931.8
500000 921.1
505000 950.2
510000 882.0
515000 959.9
520000 942.8
525000 943.1
530000 925.8
535000 940.8
540000 878.2
545000 938.1
550000 939.7
555000 950.0
560000 950.8
565000 932.4
570000 935.9
575000 926.6
580000 943.0
585000 912.1
590000 930.2
595000 946.2
600000 928.0
605000 956.1
610000 940.8
615000 930.6
620000 947.2
625000 933.7
630000 954.5
635000 956.5
640000 934.6
645000 944.0
650000 941.3
655000 931.1
660000 954.6
665000 938.2
670000 944.7
675000 939.0
680000 950.4
685000 941.9
690000 944.5
695000 922.1
700000 951.5
705000 944.9
710000 941.4
715000 944.1
720000 951.0
725000 938.5
730000 951.9
735000 958.4
740000 954.8
745000 930.9
750000 938.7
755000 947.5
760000 946.2
765000 942.5
770000 945.2
775000 945.0
780000 950.7
785000 943.8
790000 940.1
795000 937.2
800000 951.3
805000 923.8
810000 951.0
815000 954.3
820000 955.2
825000 930.3
830000 954.4
835000 957.0
840000 964.2
845000 942.3
850000 931.5
855000 949.0
860000 947.3
865000 946.7
870000 960.3
875000 943.5
880000 943.9
885000 956.5
890000 935.6
895000 924.1
900000 942.2
905000 941.2
910000 935.8
915000 948.5
920000 937.9
925000 946.3
930000 937.6
935000 953.0
940000 960.8
945000 932.1
950000 954.2
955000 953.0
960000 959.0
965000 955.5
970000 962.1
975000 950.3
980000 945.3
985000 936.4
990000 957.7
995000 943.2
1000000 951.4
