5000 58.8
10000 105.9
15000 178.5
20000 200.9
25000 92.6
30000 299.2
35000 21.1
40000 143.4
45000 134.2
50000 31.6
55000 205.1
60000 208.6
65000 163.2
70000 151.2
75000 121.4
80000 248.7
85000 29.5
90000 227.0
95000 58.2
100000 85.8
105000 181.0
110000 401.7
115000 314.1
120000 105.6
125000 255.3
130000 195.2
135000 482.1
140000 386.4
145000 397.4
150000 257.3
155000 891.0
160000 873.7
165000 924.1
170000 894.2
175000 896.3
180000 908.8
185000 938.1
190000 920.3
195000 926.5
200000 918.8
205000 956.3
210000 875.4
215000 907.5
220000 918.5
225000 932.7
230000 941.9
235000 939.0
240000 919.9
245000 933.0
250000 939.3
255000 916.2
260000 948.7
265000 947.3
270000 937.1
275000 948.6
280000 961.5
285000 947.9
290000 950.4
295000 942.3
300000 951.0
305000 926.2
310000 940.8
315000 958.6
320000 948.1
325000 953.5
330000 953.0
335000 943.4
340000 944.9
345000 930.2
350000 942.3
355000 963.0
360000 932.6
365000 953.0
370000 926.7
375000 935.3
380000 933.7
385000 946.1
390000 942.8
395000 935.5
400000 951.7
405000 929.2
410000 929.6
415000 945.7
420000 931.6
425000 948.2
430000 934.0
435000 943.2
440000 926.1
445000 938.0
450000 954.6
455000 957.4
460000 939.9
465000 925.4
470000 934.3
475000 956.7
480000 954.8
485000 839.3
490000 957.8
495000 921.8
500000 945.4
505000 941.9
510000 943.0
515000 933.2
520000 922.2
525000 934.4
530000 940.6
535000 935.4
540000 921.0
545000 965.6
550000 952.4
555000 950.5
560000 934.1
565000 951.8
570000 938.1
575000 942.7
580000 924.0
585000 939.2
590000 947.3
595000 930.0
600000 926.3
605000 879.5
610000 950.5
615000 934.4
620000 941.2
625000 951.8
630000 947.2
635000 949.6
640000 930.2
645000 936.9
650000 944.3
655000 934.2
660000 910.2
665000 951.0
670000 945.0
675000 942.7
680000 934.2
685000 930.8
690000 944.3
695000 922.9
700000 931.8
705000 920.7
710000 934.0
715000 949.8
720000 951.6
725000 948.2
730000 954.3
735000 948.8
740000 974.3
745000 945.5
750000 966.5
755000 945.0
760000 969.0
765000 930.2
770000 941.9
775000 941.7
780000 925.7
785000 960.4
790000 971.2
795000 965.4
800000 938.5
805000 945.0
810000 960.6
815000 960.5
820000 945.6
825000 932.6
830000 953.8
835000 928.3
840000 941.9
845000 938.3
850000 939.4
855000 946.8
860000 938.9
865000 941.5
870000 952.6
875000 942.6
880000 948.6
885000 933.4
890000 944.3
895000 962.1
900000 952.8
905000 953.7
910000 944.8
915000 955.2
920000 930.0
925000 943.1
930000 940.4
935000 949.6
940000 915.5
945000 942.1
950000 922.4
955000 952.9
960000 934.5
965000 951.5
970000 947.5
975000 930.4
980000 957.5
985000 952.5
990000 950.4
995000 936.0
1000000 956.9
