5000 43.3
10000 61.3
15000 8.2
20000 192.6
25000 262.6
30000 55.9
35000 65.2
40000 17.4
45000 35.6
50000 18.1
55000 326.0
60000 408.2
65000 237.8
70000 333.8
75000 611.8
80000 295.6
85000 156.4
90000 174.5
95000 200.8
100000 149.2
105000 226.0
110000 205.0
115000 310.2
120000 228.4
125000 182.7
130000 226.0
135000 256.8
140000 234.4
145000 235.9
150000 241.0
155000 484.2
160000 294.3
165000 336.1
170000 315.0
175000 273.4
180000 555.7
185000 389.7
190000 233.6
195000 402.1
200000 408.9
205000 311.9
210000 317.9
215000 481.2
220000 231.0
225000 308.3
230000 401.7
235000 567.4
240000 233.5
245000 236.8
250000 387.0
255000 375.4
260000 316.8
265000 693.9
270000 398.2
275000 317.0
280000 649.1
285000 235.7
290000 396.0
295000 318.8
300000 568.0
305000 307.2
310000 315.7
315000 398.6
320000 390.8
325000 314.9
330000 652.8
335000 402.7
340000 483.6
345000 403.3
350000 402.9
355000 398.2
360000 395.5
365000 639.2
370000 480.6
375000 236.9
380000 564.3
385000 230.5
390000 567.8
395000 471.2
400000 304.4
405000 459.8
410000 305.0
415000 481.8
420000 393.0
425000 555.0
430000 383.0
435000 387.7
440000 551.3
445000 319.5
450000 460.8
455000 395.2
460000 647.8
465000 468.3
470000 472.6
475000 481.5
480000 409.5
485000 480.2
490000 312.9
495000 651.1
500000 150.5
505000 392.3
510000 227.3
515000 391.1
520000 399.6
525000 645.8
530000 232.9
535000 319.2
540000 401.6
545000 566.5
550000 423.0
555000 258.5
560000 256.1
565000 657.3
570000 256.5
575000 331.1
580000 409.0
585000 501.5
590000 415.6
595000 415.4
600000 332.6
605000 414.2
610000 566.4
615000 489.6
620000 342.3
625000 662.3
630000 344.5
635000 318.1
640000 252.3
645000 495.3
650000 343.1
655000 568.6
660000 351.1
665000 660.6
670000 518.1
675000 584.0
680000 332.6
685000 430.3
690000 428.6
695000 429.9
700000 514.6
705000 361.9
710000 598.0
715000 515.6
720000 440.4
725000 600.5
730000 442.5
735000 358.2
740000 519.1
745000 438.8
750000 519.6
755000 353.3
760000 520.5
765000 439.5
770000 512.8
775000 437.2
780000 512.6
785000 429.4
790000 435.6
795000 599.0
800000 508.9
805000 669.8
810000 282.8
815000 280.4
820000 417.4
825000 359.9
830000 591.4
835000 441.1
840000 598.1
845000 590.1
850000 364.5
855000 674.6
860000 661.1
865000 430.5
870000 436.8
875000 513.7
880000 590.8
885000 511.0
890000 506.1
895000 508.4
900000 285.5
905000 282.1
910000 588.5
915000 506.2
920000 504.7
925000 507.6
930000 438.3
935000 512.5
940000 586.9
945000 506.4
950000 431.4
955000 503.4
960000 362.3
965000 675.3
970000 424.6
975000 516.2
980000 446.0
985000 363.9
990000 737.4
995000 439.7
1000000 513.6
