5000 39.7
10000 53.5
15000 177.9
20000 213.0
25000 15.7
30000 94.0
35000 138.7
40000 122.8
45000 30.2
50000 84.0
55000 254.7
60000 446.9
65000 360.1
70000 313.8
75000 356.0
80000 514.5
85000 753.0
90000 607.6
95000 273.9
100000 494.6
105000 309.6
110000 552.6
115000 560.9
120000 375.3
125000 457.6
130000 517.8
135000 577.9
140000 397.8
145000 512.7
150000 464.4
155000 614.6
160000 381.4
165000 460.6
170000 431.6
175000 618.0
180000 491.3
185000 475.8
190000 568.7
195000 371.4
200000 626.1
205000 556.1
210000 737.0
215000 558.1
220000 556.0
225000 448.5
230000 622.3
235000 494.7
240000 585.5
245000 572.4
250000 628.3
255000 577.9
260000 462.0
265000 520.1
270000 694.8
275000 529.8
280000 626.0
285000 528.7
290000 530.3
295000 468.1
300000 477.3
305000 648.3
310000 424.2
315000 590.6
320000 525.7
325000 647.1
330000 657.2
335000 643.0
340000 702.6
345000 552.8
350000 585.3
355000 712.7
360000 470.3
365000 508.0
370000 579.1
375000 569.4
380000 658.6
385000 466.9
390000 623.8
395000 640.2
400000 604.8
405000 468.3
410000 596.6
415000 700.8
420000 575.7
425000 607.2
430000 591.7
435000 547.8
440000 770.8
445000 654.2
450000 693.0
455000 595.6
460000 645.9
465000 658.0
470000 764.4
475000 602.9
480000 761.6
485000 679.6
490000 653.6
495000 806.4
500000 518.8
505000 749.3
510000 705.9
515000 654.8
520000 657.7
525000 536.0
530000 631.3
535000 694.6
540000 539.1
545000 818.2
550000 663.6
555000 638.0
560000 704.3
565000 605.1
570000 607.2
575000 608.2
580000 498.9
585000 611.6
590000 668.6
595000 819.3
600000 800.2
605000 602.8
610000 790.7
615000 797.8
620000 504.7
625000 416.8
630000 707.9
635000 555.1
640000 820.7
645000 552.1
650000 705.7
655000 579.6
660000 750.7
665000 493.5
670000 650.3
675000 554.7
680000 575.3
685000 647.3
690000 518.3
695000 716.1
700000 709.0
705000 618.3
710000 616.0
715000 603.2
720000 766.0
725000 643.2
730000 654.3
735000 756.7
740000 489.6
745000 658.3
750000 760.0
755000 607.8
760000 701.9
765000 618.4
770000 717.5
775000 666.1
780000 764.5
785000 661.6
790000 673.2
795000 649.0
800000 873.0
805000 670.6
810000 574.1
815000 487.9
820000 818.2
825000 769.8
830000 768.5
835000 704.6
840000 613.6
845000 776.7
850000 705.6
855000 512.8
860000 762.3
865000 761.1
870000 660.8
875000 670.7
880000 717.3
885000 613.9
890000 722.5
895000 708.9
900000 558.1
905000 662.3
910000 716.4
915000 617.2
920000 810.4
925000 773.7
930000 569.5
935000 560.1
940000 682.4
945000 767.9
950000 827.0
955000 618.1
960000 705.0
965000 662.1
970000 558.8
975000 765.1
980000 812.8
985000 817.9
990000 663.8
995000 708.8
1000000 714.2
