5000 2.2
10000 1.3
15000 2.4
20000 1.3
25000 6.5
30000 10.2
35000 78.7
40000 9.5
45000 5.0
50000 1.5
55000 130.5
60000 67.4
65000 6.8
70000 14.2
75000 74.8
80000 65.0
85000 223.9
90000 137.1
95000 243.7
100000 51.5
105000 12.4
110000 144.0
115000 248.2
120000 6.1
125000 6.3
130000 374.4
135000 75.8
140000 44.4
145000 132.2
150000 743.3
155000 3.0
160000 555.0
165000 921.3
170000 877.7
175000 870.9
180000 825.5
185000 897.1
190000 924.8
195000 941.6
200000 924.5
205000 905.1
210000 932.4
215000 922.8
220000 936.8
225000 943.1
230000 848.4
235000 938.8
240000 785.5
245000 929.0
250000 850.4
255000 953.3
260000 927.3
265000 900.7
270000 935.3
275000 947.6
280000 943.5
285000 945.0
290000 829.6
295000 918.0
300000 923.2
305000 930.4
310000 946.9
315000 931.8
320000 939.4
325000 862.6
330000 909.9
335000 929.6
340000 836.7
345000 820.7
350000 937.2
355000 935.7
360000 950.2
365000 936.6
370000 923.9
375000 939.6
380000 936.8
385000 949.5
390000 950.4
395000 937.1
400000 945.4
405000 948.6
410000 937.8
415000 953.1
420000 922.8
425000 940.6
430000 940.5
435000 929.2
440000 947.2
445000 940.1
450000 945.8
455000 941.4
460000 951.1
465000 946.0
470000 914.1
475000 934.3
480000 943.7
485000 827.3
490000 911.2
495000 934.7
500000 948.3
505000 956.1
510000 905.8
515000 926.2
520000 946.6
525000 931.1
530000 852.1
535000 949.9
540000 953.4
545000 951.3
550000 954.7
555000 938.9
560000 945.9
565000 954.8
570000 949.2
575000 952.4
580000 959.8
585000 946.2
590000 854.6
595000 948.5
600000 954.5
605000 954.6
610000 956.4
615000 946.0
620000 946.6
625000 951.5
630000 949.3
635000 919.7
640000 947.2
645000 922.8
650000 913.5
655000 938.0
660000 938.1
665000 948.2
670000 922.6
675000 944.1
680000 943.8
685000 943.1
690000 948.1
695000 856.1
700000 945.4
705000 949.3
710000 944.5
715000 942.8
720000 955.1
725000 947.3
730000 947.9
735000 950.4
740000 947.7
745000 950.7
750000 953.5
755000 939.7
760000 849.3
765000 954.1
770000 946.5
775000 958.7
780000 953.1
785000 946.6
790000 945.0
795000 952.9
800000 951.7
805000 829.4
810000 890.7
815000 928.0
820000 935.9
825000 942.1
830000 942.3
835000 940.6
840000 931.8
845000 937.1
850000 948.3
855000 954.8
860000 955.6
865000 958.6
870000 952.8
875000 956.4
880000 950.7
885000 949.2
890000 945.9
895000 967.1
900000 959.2
905000 944.3
910000 955.8
915000 957.6
920000 949.2
925000 955.4
930000 952.0
935000 948.7
940000 947.1
945000 947.5
950000 951.6
955000 953.1
960000 861.9
965000 823.0
970000 871.5
975000 847.0
980000 918.2
985000 939.7
990000 943.9
995000 931.8
1000000 923.6
1005000 827.3
1010000 910.9
1015000 866.1
1020000 924.8
1025000 864.1
1030000 859.9
1035000 954.5
1040000 800.5
1045000 902.0
1050000 902.7
1055000 876.0
1060000 959.8
1065000 950.7
1070000 926.3
1075000 955.7
1080000 951.6
1085000 955.4
1090000 957.1
1095000 956.1
1100000 954.6
1105000 864.1
1110000 953.1
1115000 952.9
1120000 952.1
1125000 898.2
1130000 892.6
1135000 906.4
1140000 883.1
1145000 888.8
1150000 902.2
1155000 920.0
1160000 954.7
1165000 860.3
1170000 948.9
1175000 832.8
1180000 955.2
1185000 942.2
1190000 942.2
1195000 851.4
1200000 932.8
1205000 957.8
1210000 958.4
1215000 862.1
1220000 945.4
1225000 949.2
1230000 964.0
1235000 956.7
1240000 957.3
1245000 945.4
1250000 945.9
1255000 844.8
1260000 955.2
1265000 953.6
1270000 955.4
1275000 865.5
1280000 962.1
1285000 311.2
1290000 823.8
1295000 916.2
1300000 844.5
1305000 941.3
1310000 941.4
1315000 946.0
1320000 819.0
1325000 923.3
1330000 898.9
1335000 917.2
1340000 932.5
1345000 823.7
1350000 907.1
1355000 905.7
1360000 851.7
1365000 956.2
1370000 898.5
1375000 949.2
1380000 940.8
1385000 934.8
1390000 944.3
1395000 949.6
1400000 940.1
1405000 934.5
1410000 952.8
1415000 949.4
1420000 948.9
1425000 945.1
1430000 940.3
1435000 936.7
1440000 945.1
1445000 423.6
1450000 934.9
1455000 947.6
1460000 945.3
1465000 947.0
1470000 871.7
1475000 873.2
1480000 944.0
1485000 853.3
1490000 932.8
1495000 825.6
1500000 942.4
1505000 956.0
1510000 935.6
1515000 888.6
1520000 943.3
1525000 840.6
1530000 851.6
1535000 954.1
1540000 859.2
1545000 948.0
1550000 938.2
1555000 828.5
1560000 953.9
1565000 963.1
1570000 950.1
1575000 958.5
1580000 953.7
1585000 954.6
1590000 857.9
1595000 951.8
1600000 955.1
1605000 556.8
1610000 844.0
1615000 937.9
1620000 942.6
1625000 943.9
1630000 951.8
1635000 846.1
1640000 953.1
1645000 941.3
1650000 657.8
1655000 956.0
1660000 944.9
1665000 952.6
1670000 950.9
1675000 949.5
1680000 952.5
1685000 950.2
1690000 967.7
1695000 957.6
1700000 948.4
1705000 955.6
1710000 955.0
1715000 954.8
1720000 857.5
1725000 965.1
1730000 955.4
1735000 950.7
1740000 861.7
1745000 955.0
1750000 952.0
1755000 958.8
1760000 865.8
1765000 785.9
1770000 821.1
1775000 930.1
1780000 851.3
1785000 937.9
1790000 888.9
1795000 952.5
1800000 951.0
1805000 929.9
1810000 955.3
1815000 938.4
1820000 858.9
1825000 948.8
1830000 950.7
1835000 953.0
1840000 948.3
1845000 939.3
1850000 956.0
1855000 947.8
1860000 946.8
1865000 960.0
1870000 942.3
1875000 857.5
1880000 926.3
1885000 951.0
1890000 946.3
1895000 965.2
1900000 952.1
1905000 955.7
1910000 952.7
1915000 951.1
1920000 957.1
1925000 948.7
1930000 959.3
1935000 955.8
1940000 953.3
1945000 959.1
1950000 853.5
1955000 947.5
1960000 956.7
1965000 863.0
1970000 858.1
1975000 952.0
1980000 948.8
1985000 938.7
1990000 957.9
1995000 946.4
2000000 963.4
