5000 0.7
10000 1.8
15000 2.4
20000 6.5
25000 3.4
30000 27.0
35000 13.5
40000 5.7
45000 19.2
50000 9.1
55000 136.7
60000 149.6
65000 30.5
70000 3.9
75000 30.4
80000 52.3
85000 57.4
90000 19.1
95000 76.2
100000 119.5
105000 152.9
110000 48.0
115000 87.7
120000 18.8
125000 345.6
130000 258.0
135000 318.4
140000 37.9
145000 2.6
150000 101.6
155000 57.4
160000 63.6
165000 214.6
170000 309.3
175000 359.2
180000 488.0
185000 860.0
190000 775.1
195000 785.3
200000 903.7
205000 918.1
210000 808.1
215000 879.7
220000 935.3
225000 931.8
230000 918.3
235000 873.7
240000 938.8
245000 813.7
250000 911.7
255000 875.0
260000 874.9
265000 925.7
270000 886.0
275000 886.1
280000 894.9
285000 829.6
290000 915.6
295000 874.0
300000 915.0
305000 903.4
310000 918.2
315000 925.2
320000 929.0
325000 735.1
330000 839.5
335000 933.0
340000 931.4
345000 927.4
350000 925.9
355000 921.9
360000 939.2
365000 943.5
370000 937.8
375000 926.7
380000 929.9
385000 935.6
390000 926.9
395000 915.5
400000 912.9
405000 942.6
410000 941.5
415000 910.4
420000 909.8
425000 937.3
430000 935.4
435000 923.8
440000 937.5
445000 937.5
450000 937.3
455000 942.3
460000 937.9
465000 940.4
470000 942.8
475000 926.6
480000 936.6
485000 812.1
490000 766.1
495000 920.2
500000 909.6
505000 933.4
510000 849.9
515000 829.6
520000 926.9
525000 911.6
530000 936.0
535000 952.4
540000 948.1
545000 957.4
550000 942.1
555000 948.5
560000 953.4
565000 951.3
570000 949.1
575000 943.2
580000 851.1
585000 944.2
590000 942.0
595000 955.9
600000 933.5
605000 953.7
610000 946.2
615000 939.7
620000 953.2
625000 947.9
630000 848.4
635000 953.5
640000 950.6
645000 638.8
650000 865.9
655000 915.6
660000 851.9
665000 844.7
670000 943.4
675000 942.1
680000 943.8
685000 952.3
690000 948.5
695000 953.4
700000 939.7
705000 946.6
710000 949.7
715000 959.6
720000 946.7
725000 927.9
730000 950.3
735000 837.0
740000 948.1
745000 944.0
750000 959.9
755000 854.3
760000 953.3
765000 849.0
770000 947.6
775000 949.7
780000 938.6
785000 948.4
790000 960.1
795000 948.2
800000 944.1
805000 793.3
810000 925.5
815000 929.9
820000 769.2
825000 904.5
830000 917.6
835000 946.0
840000 939.5
845000 839.9
850000 944.6
855000 929.2
860000 910.7
865000 947.3
870000 931.8
875000 940.8
880000 946.9
885000 950.5
890000 947.0
895000 940.4
900000 900.9
905000 937.3
910000 947.1
915000 946.0
920000 940.1
925000 943.2
930000 938.9
935000 944.0
940000 954.5
945000 951.4
950000 953.6
955000 951.3
960000 949.3
965000 870.4
970000 830.1
975000 923.1
980000 903.3
985000 927.2
990000 953.3
995000 948.7
1000000 948.7
1005000 946.6
1010000 950.2
1015000 955.9
1020000 954.7
1025000 961.4
1030000 860.4
1035000 950.5
1040000 953.7
1045000 950.7
1050000 952.5
1055000 953.1
1060000 953.2
1065000 947.1
1070000 954.0
1075000 957.9
1080000 950.7
1085000 951.6
1090000 956.0
1095000 957.6
1100000 958.3
1105000 957.7
1110000 946.0
1115000 955.5
1120000 950.1
1125000 283.2
1130000 945.2
1135000 833.1
1140000 945.2
1145000 904.2
1150000 934.7
1155000 758.9
1160000 936.9
1165000 962.5
1170000 943.4
1175000 946.0
1180000 938.9
1185000 952.2
1190000 857.2
1195000 856.2
1200000 954.8
1205000 962.5
1210000 951.4
1215000 950.1
1220000 957.9
1225000 949.5
1230000 959.3
1235000 855.6
1240000 951.0
1245000 949.1
1250000 942.4
1255000 951.1
1260000 948.8
1265000 958.7
1270000 956.0
1275000 949.1
1280000 957.5
1285000 555.3
1290000 925.9
1295000 816.8
1300000 940.4
1305000 839.7
1310000 931.0
1315000 904.5
1320000 924.9
1325000 668.6
1330000 753.2
1335000 950.6
1340000 955.7
1345000 962.7
1350000 946.3
1355000 944.3
1360000 958.3
1365000 949.0
1370000 953.6
1375000 954.7
1380000 953.9
1385000 953.4
1390000 952.6
1395000 949.8
1400000 952.9
1405000 954.1
1410000 949.6
1415000 939.0
1420000 940.8
1425000 955.2
1430000 956.8
1435000 951.7
1440000 853.2
1445000 472.4
1450000 929.6
1455000 902.9
1460000 858.5
1465000 754.6
1470000 827.8
1475000 951.4
1480000 925.0
1485000 915.9
1490000 849.8
1495000 941.3
1500000 943.4
1505000 939.6
1510000 957.4
1515000 942.3
1520000 855.3
1525000 937.9
1530000 932.9
1535000 852.1
1540000 956.6
1545000 945.7
1550000 932.5
1555000 932.4
1560000 857.3
1565000 947.3
1570000 841.2
1575000 952.9
1580000 950.4
1585000 958.8
1590000 952.9
1595000 953.6
1600000 943.3
1605000 758.4
1610000 906.0
1615000 936.3
1620000 947.7
1625000 845.3
1630000 942.6
1635000 952.4
1640000 849.8
1645000 953.8
1650000 956.0
1655000 947.3
1660000 943.7
1665000 948.0
1670000 942.6
1675000 949.3
1680000 942.0
1685000 949.9
1690000 948.2
1695000 968.5
1700000 950.1
1705000 947.7
1710000 945.6
1715000 959.9
1720000 933.7
1725000 929.2
1730000 944.9
1735000 947.8
1740000 960.4
1745000 960.4
1750000 953.6
1755000 940.8
1760000 951.7
1765000 868.0
1770000 798.1
1775000 659.5
1780000 938.7
1785000 930.5
1790000 945.4
1795000 948.0
1800000 944.2
1805000 939.9
1810000 946.3
1815000 943.4
1820000 945.5
1825000 939.0
1830000 956.6
1835000 942.6
1840000 949.3
1845000 957.6
1850000 944.3
1855000 955.2
1860000 956.3
1865000 939.1
1870000 923.0
1875000 939.4
1880000 955.4
1885000 861.4
1890000 962.4
1895000 954.5
1900000 962.9
1905000 950.2
1910000 954.1
1915000 953.0
1920000 948.9
1925000 947.0
1930000 939.6
1935000 946.9
1940000 954.7
1945000 945.1
1950000 969.0
1955000 949.3
1960000 953.0
1965000 955.6
1970000 953.6
1975000 948.0
1980000 956.6
1985000 961.7
1990000 951.8
1995000 951.0
2000000 944.0
