5000 0.9
10000 1.3
15000 4.7
20000 4.1
25000 1.1
30000 0.0
35000 63.5
40000 131.4
45000 152.4
50000 229.7
55000 63.6
60000 11.2
65000 101.6
70000 40.2
75000 169.1
80000 294.8
85000 132.0
90000 519.8
95000 263.5
100000 568.9
105000 719.6
110000 849.1
115000 697.4
120000 449.4
125000 866.3
130000 867.4
135000 706.7
140000 776.3
145000 831.7
150000 886.5
155000 900.4
160000 823.1
165000 313.9
170000 792.0
175000 703.2
180000 882.8
185000 869.8
190000 830.2
195000 900.2
200000 878.1
205000 826.8
210000 917.7
215000 912.8
220000 813.1
225000 789.1
230000 883.8
235000 902.0
240000 922.1
245000 766.4
250000 916.1
255000 912.2
260000 922.5
265000 895.8
270000 901.2
275000 931.3
280000 925.2
285000 949.0
290000 872.4
295000 930.8
300000 931.4
305000 908.0
310000 918.5
315000 922.6
320000 935.6
325000 436.0
330000 875.5
335000 819.6
340000 372.6
345000 799.2
350000 931.3
355000 890.7
360000 931.3
365000 844.3
370000 917.2
375000 923.2
380000 913.1
385000 944.1
390000 933.7
395000 926.9
400000 912.6
405000 915.8
410000 921.5
415000 935.5
420000 951.8
425000 940.0
430000 912.1
435000 931.2
440000 946.5
445000 927.1
450000 928.0
455000 930.2
460000 850.8
465000 927.7
470000 895.2
475000 923.5
480000 932.2
485000 399.5
490000 689.6
495000 778.9
500000 907.4
505000 886.2
510000 923.6
515000 899.5
520000 937.1
525000 937.7
530000 921.4
535000 926.1
540000 924.8
545000 942.7
550000 947.6
555000 950.6
560000 930.5
565000 913.7
570000 941.0
575000 914.8
580000 948.5
585000 942.4
590000 937.7
595000 951.3
600000 929.0
605000 941.6
610000 940.0
615000 948.4
620000 921.1
625000 945.2
630000 960.2
635000 945.3
640000 946.9
645000 732.6
650000 892.7
655000 903.5
660000 853.1
665000 878.5
670000 940.0
675000 930.7
680000 909.0
685000 947.1
690000 949.3
695000 936.9
700000 943.2
705000 939.7
710000 939.8
715000 946.3
720000 957.9
725000 921.7
730000 821.8
735000 853.5
740000 946.2
745000 956.0
750000 927.7
755000 943.7
760000 948.8
765000 953.7
770000 953.6
775000 868.9
780000 946.5
785000 941.4
790000 943.8
795000 949.1
800000 951.0
805000 723.0
810000 920.5
815000 728.1
820000 916.2
825000 950.7
830000 949.4
835000 948.0
840000 941.6
845000 953.1
850000 946.9
855000 944.5
860000 943.4
865000 956.2
870000 953.2
875000 949.8
880000 947.5
885000 952.6
890000 952.4
895000 956.6
900000 952.8
905000 954.2
910000 953.1
915000 954.7
920000 954.3
925000 951.5
930000 930.1
935000 955.5
940000 945.2
945000 950.2
950000 961.3
955000 955.9
960000 953.3
965000 862.8
970000 850.2
975000 778.8
980000 850.3
985000 869.1
990000 910.2
995000 907.7
1000000 803.3
1005000 899.6
1010000 885.5
1015000 906.7
1020000 910.2
1025000 941.8
1030000 943.5
1035000 931.5
1040000 958.9
1045000 952.2
1050000 957.6
1055000 936.2
1060000 940.4
1065000 957.6
1070000 939.3
1075000 951.5
1080000 957.8
1085000 948.9
1090000 950.5
1095000 946.4
1100000 948.8
1105000 956.9
1110000 954.5
1115000 955.7
1120000 947.5
1125000 695.4
1130000 766.8
1135000 921.7
1140000 914.6
1145000 939.7
1150000 941.8
1155000 925.8
1160000 919.6
1165000 948.9
1170000 951.9
1175000 920.3
1180000 936.7
1185000 947.3
1190000 949.6
1195000 936.8
1200000 941.2
1205000 949.5
1210000 941.6
1215000 946.0
1220000 952.8
1225000 946.4
1230000 951.9
1235000 937.2
1240000 943.1
1245000 940.5
1250000 960.7
1255000 947.7
1260000 949.6
1265000 940.5
1270000 949.3
1275000 950.0
1280000 948.5
1285000 764.7
1290000 871.0
1295000 893.0
1300000 921.3
1305000 938.5
1310000 935.5
1315000 938.9
1320000 935.8
1325000 942.3
1330000 931.1
1335000 949.7
1340000 948.6
1345000 937.1
1350000 961.8
1355000 953.4
1360000 958.1
1365000 953.5
1370000 948.8
1375000 945.3
1380000 955.1
1385000 938.9
1390000 952.5
1395000 959.4
1400000 954.8
1405000 944.3
1410000 942.2
1415000 855.9
1420000 940.7
1425000 949.1
1430000 952.4
1435000 951.0
1440000 938.5
1445000 720.1
1450000 889.1
1455000 885.4
1460000 927.6
1465000 918.0
1470000 722.1
1475000 853.4
1480000 938.4
1485000 917.6
1490000 906.1
1495000 899.0
1500000 840.5
1505000 942.0
1510000 945.1
1515000 921.5
1520000 944.7
1525000 954.3
1530000 943.8
1535000 904.1
1540000 942.6
1545000 949.4
1550000 936.8
1555000 958.0
1560000 944.9
1565000 955.9
1570000 963.8
1575000 951.6
1580000 954.2
1585000 953.0
1590000 952.3
1595000 944.5
1600000 913.8
1605000 878.8
1610000 908.5
1615000 902.5
1620000 821.1
1625000 934.1
1630000 927.9
1635000 930.9
1640000 760.1
1645000 957.4
1650000 957.8
1655000 929.1
1660000 946.9
1665000 948.0
1670000 956.2
1675000 937.4
1680000 954.3
1685000 957.1
1690000 943.8
1695000 946.7
1700000 949.0
1705000 948.2
1710000 959.8
1715000 853.7
1720000 958.9
1725000 949.8
1730000 954.1
1735000 950.9
1740000 963.3
1745000 946.0
1750000 857.5
1755000 952.1
1760000 953.7
1765000 350.7
1770000 901.0
1775000 911.4
1780000 911.2
1785000 938.0
1790000 910.8
1795000 943.2
1800000 856.4
1805000 959.9
1810000 929.2
1815000 949.2
1820000 949.1
1825000 953.4
1830000 952.3
1835000 953.7
1840000 954.6
1845000 959.3
1850000 957.7
1855000 946.0
1860000 859.5
1865000 960.6
1870000 949.5
1875000 956.2
1880000 953.2
1885000 963.2
1890000 947.9
1895000 952.0
1900000 957.9
1905000 949.1
1910000 859.2
1915000 959.5
1920000 945.4
1925000 952.8
1930000 948.7
1935000 953.2
1940000 749.1
1945000 952.0
1950000 957.9
1955000 945.4
1960000 939.9
1965000 957.8
1970000 954.1
1975000 957.9
1980000 855.2
1985000 952.3
1990000 960.0
1995000 961.8
2000000 946.9
