5000 0.9
10000 3.7
15000 3.8
20000 22.8
25000 84.7
30000 241.6
35000 850.7
40000 40.4
45000 624.0
50000 863.0
55000 517.6
60000 907.0
65000 856.0
70000 815.1
75000 832.9
80000 863.4
85000 885.2
90000 863.0
95000 863.4
100000 858.8
105000 802.8
110000 822.7
115000 708.8
120000 755.4
125000 834.1
130000 915.5
135000 909.4
140000 895.7
145000 877.7
150000 912.8
155000 898.4
160000 824.9
165000 905.1
170000 916.5
175000 897.2
180000 912.7
185000 922.2
190000 801.8
195000 922.2
200000 895.6
205000 928.7
210000 935.9
215000 929.4
220000 940.0
225000 914.1
230000 926.3
235000 941.5
240000 925.0
245000 926.7
250000 928.9
255000 929.9
260000 930.8
265000 946.4
270000 940.5
275000 952.4
280000 940.0
285000 933.7
290000 937.5
295000 855.0
300000 935.8
305000 953.6
310000 948.1
315000 930.8
320000 939.0
325000 828.8
330000 910.0
335000 942.2
340000 925.9
345000 892.5
350000 938.6
355000 926.2
360000 938.1
365000 949.9
370000 933.7
375000 947.4
380000 943.8
385000 945.3
390000 951.0
395000 838.9
400000 947.5
405000 935.5
410000 940.6
415000 857.1
420000 948.8
425000 953.1
430000 946.3
435000 953.2
440000 936.0
445000 851.4
450000 943.9
455000 937.7
460000 956.0
465000 941.1
470000 950.3
475000 941.6
480000 958.8
485000 803.5
490000 890.2
495000 926.6
500000 914.9
505000 942.5
510000 943.8
515000 852.9
520000 839.2
525000 924.9
530000 936.2
535000 948.5
540000 923.5
545000 958.0
550000 945.1
555000 941.5
560000 950.8
565000 949.7
570000 954.7
575000 953.8
580000 948.7
585000 946.9
590000 949.0
595000 959.3
600000 857.7
605000 937.3
610000 954.0
615000 949.6
620000 938.6
625000 928.9
630000 941.6
635000 955.0
640000 963.0
645000 850.4
650000 804.9
655000 933.9
660000 939.1
665000 942.4
670000 947.5
675000 948.9
680000 947.1
685000 950.6
690000 945.6
695000 949.7
700000 946.2
705000 954.1
710000 948.7
715000 944.9
720000 953.2
725000 957.3
730000 947.7
735000 955.8
740000 949.5
745000 851.9
750000 856.1
755000 957.0
760000 942.4
765000 952.6
770000 948.3
775000 962.0
780000 956.1
785000 951.2
790000 955.1
795000 953.0
800000 958.5
805000 815.6
810000 912.3
815000 924.8
820000 946.4
825000 942.5
830000 944.6
835000 931.8
840000 953.3
845000 856.3
850000 944.2
855000 950.9
860000 762.3
865000 933.6
870000 955.0
875000 951.4
880000 953.2
885000 946.0
890000 949.6
895000 955.4
900000 946.3
905000 956.3
910000 943.9
915000 962.5
920000 948.8
925000 953.2
930000 950.0
935000 953.6
940000 964.8
945000 960.8
950000 857.4
955000 950.9
960000 950.0
965000 721.5
970000 920.7
975000 944.9
980000 926.0
985000 935.5
990000 942.6
995000 949.2
1000000 947.9
1005000 951.7
1010000 947.9
1015000 950.6
1020000 947.6
1025000 943.4
1030000 922.9
1035000 855.4
1040000 851.5
1045000 951.5
1050000 962.0
1055000 944.6
1060000 940.8
1065000 942.9
1070000 927.8
1075000 946.1
1080000 952.7
1085000 951.5
1090000 952.5
1095000 953.3
1100000 948.3
1105000 957.1
1110000 961.6
1115000 850.8
1120000 949.6
1125000 817.0
1130000 671.9
1135000 814.0
1140000 886.2
1145000 931.4
1150000 849.6
1155000 952.4
1160000 951.6
1165000 921.9
1170000 940.9
1175000 949.9
1180000 962.5
1185000 921.5
1190000 940.9
1195000 946.8
1200000 941.4
1205000 955.6
1210000 961.3
1215000 941.6
1220000 957.1
1225000 948.4
1230000 954.7
1235000 940.4
1240000 952.7
1245000 950.8
1250000 957.9
1255000 958.7
1260000 938.3
1265000 954.7
1270000 954.4
1275000 960.9
1280000 951.8
1285000 787.0
1290000 883.8
1295000 822.7
1300000 910.4
1305000 940.5
1310000 839.0
1315000 950.9
1320000 933.8
1325000 932.8
1330000 964.1
1335000 942.8
1340000 943.8
1345000 956.2
1350000 862.3
1355000 956.1
1360000 945.6
1365000 956.6
1370000 948.3
1375000 856.3
1380000 959.7
1385000 936.9
1390000 941.2
1395000 952.6
1400000 852.9
1405000 950.1
1410000 952.1
1415000 948.9
1420000 853.0
1425000 958.9
1430000 950.6
1435000 952.0
1440000 953.6
1445000 879.0
1450000 589.3
1455000 916.5
1460000 905.7
1465000 859.1
1470000 946.3
1475000 937.5
1480000 887.9
1485000 943.4
1490000 945.5
1495000 948.9
1500000 955.2
1505000 947.9
1510000 945.6
1515000 952.1
1520000 952.7
1525000 952.3
1530000 948.1
1535000 951.7
1540000 944.0
1545000 955.7
1550000 953.5
1555000 942.8
1560000 956.8
1565000 955.3
1570000 863.6
1575000 954.6
1580000 948.9
1585000 951.7
1590000 954.4
1595000 861.4
1600000 837.4
1605000 631.7
1610000 881.6
1615000 837.9
1620000 849.1
1625000 848.3
1630000 947.5
1635000 913.5
1640000 845.7
1645000 957.7
1650000 943.6
1655000 950.3
1660000 950.9
1665000 948.9
1670000 949.3
1675000 946.8
1680000 957.9
1685000 943.3
1690000 948.2
1695000 854.0
1700000 958.2
1705000 948.4
1710000 950.5
1715000 963.3
1720000 854.7
1725000 862.6
1730000 944.6
1735000 953.7
1740000 865.0
1745000 951.9
1750000 951.4
1755000 863.2
1760000 952.8
1765000 683.5
1770000 918.9
1775000 925.2
1780000 942.5
1785000 946.9
1790000 946.7
1795000 842.7
1800000 937.9
1805000 951.0
1810000 949.2
1815000 953.1
1820000 860.4
1825000 936.0
1830000 859.1
1835000 943.5
1840000 769.0
1845000 948.8
1850000 959.9
1855000 955.6
1860000 961.2
1865000 959.0
1870000 949.4
1875000 951.1
1880000 955.4
1885000 959.0
1890000 954.4
1895000 950.1
1900000 959.0
1905000 945.1
1910000 941.6
1915000 955.2
1920000 950.2
1925000 854.2
1930000 953.2
1935000 950.2
1940000 964.4
1945000 954.1
1950000 955.0
1955000 949.4
1960000 951.5
1965000 950.8
1970000 946.1
1975000 952.4
1980000 938.0
1985000 959.1
1990000 944.4
1995000 948.6
2000000 947.4
