5000 0.0
10000 2.7
15000 1.4
20000 2.4
25000 9.6
30000 4.1
35000 9.6
40000 19.8
45000 12.3
50000 112.7
55000 169.8
60000 261.5
65000 221.2
70000 194.9
75000 479.6
80000 570.4
85000 738.7
90000 719.0
95000 563.5
100000 610.2
105000 798.2
110000 695.1
115000 824.0
120000 890.0
125000 779.6
130000 905.4
135000 890.1
140000 778.1
145000 860.6
150000 900.0
155000 878.1
160000 877.2
165000 678.2
170000 702.7
175000 805.0
180000 771.8
185000 899.7
190000 882.5
195000 886.2
200000 904.9
205000 826.2
210000 921.7
215000 921.5
220000 913.2
225000 810.0
230000 801.7
235000 923.4
240000 918.9
245000 899.5
250000 890.8
255000 889.5
260000 819.3
265000 905.7
270000 914.7
275000 916.3
280000 917.7
285000 892.5
290000 820.1
295000 926.0
300000 925.4
305000 918.2
310000 899.0
315000 918.3
320000 826.4
325000 747.8
330000 827.0
335000 901.4
340000 915.2
345000 921.9
350000 950.7
355000 929.6
360000 923.6
365000 937.9
370000 838.6
375000 746.8
380000 921.8
385000 843.0
390000 936.8
395000 931.1
400000 944.9
405000 908.7
410000 934.6
415000 923.2
420000 936.8
425000 924.4
430000 930.8
435000 921.5
440000 936.2
445000 932.4
450000 939.5
455000 941.0
460000 850.1
465000 937.4
470000 954.2
475000 934.2
480000 933.0
485000 625.6
490000 905.0
495000 900.6
500000 926.0
505000 907.1
510000 755.7
515000 931.7
520000 933.6
525000 945.1
530000 942.6
535000 830.7
540000 927.3
545000 826.8
550000 841.6
555000 953.7
560000 942.8
565000 949.8
570000 847.3
575000 934.7
580000 940.7
585000 930.2
590000 941.0
595000 939.4
600000 942.6
605000 942.1
610000 942.5
615000 937.0
620000 943.4
625000 953.8
630000 936.8
635000 942.1
640000 936.3
645000 819.1
650000 890.8
655000 918.3
660000 903.5
665000 916.8
670000 937.7
675000 928.8
680000 951.7
685000 938.0
690000 939.6
695000 932.6
700000 943.6
705000 852.0
710000 944.4
715000 947.8
720000 941.9
725000 900.3
730000 940.7
735000 945.2
740000 940.8
745000 841.6
750000 940.6
755000 935.8
760000 936.2
765000 955.0
770000 950.5
775000 944.3
780000 941.7
785000 859.2
790000 930.1
795000 953.9
800000 947.7
805000 891.3
810000 909.7
815000 840.1
820000 944.1
825000 948.4
830000 942.7
835000 933.6
840000 932.1
845000 938.9
850000 934.3
855000 931.8
860000 935.6
865000 937.4
870000 948.6
875000 911.2
880000 936.3
885000 929.5
890000 938.9
895000 942.0
900000 946.4
905000 941.5
910000 942.6
915000 948.9
920000 954.6
925000 944.9
930000 944.0
935000 948.9
940000 949.0
945000 953.7
950000 942.4
955000 941.4
960000 953.8
965000 624.7
970000 908.4
975000 917.3
980000 826.4
985000 933.9
990000 938.2
995000 932.9
1000000 945.5
1005000 938.5
1010000 941.6
1015000 937.5
1020000 947.2
1025000 944.2
1030000 942.8
1035000 946.7
1040000 948.2
1045000 943.2
1050000 951.0
1055000 947.0
1060000 953.5
1065000 950.6
1070000 952.0
1075000 944.3
1080000 950.8
1085000 850.4
1090000 947.1
1095000 941.8
1100000 847.3
1105000 942.6
1110000 944.9
1115000 942.1
1120000 961.9
1125000 536.1
1130000 834.0
1135000 893.6
1140000 850.6
1145000 923.1
1150000 924.7
1155000 952.2
1160000 930.8
1165000 855.2
1170000 936.9
1175000 944.1
1180000 941.1
1185000 941.9
1190000 943.1
1195000 956.2
1200000 931.8
1205000 933.1
1210000 951.9
1215000 936.4
1220000 944.2
1225000 946.9
1230000 938.0
1235000 845.8
1240000 945.1
1245000 938.3
1250000 945.3
1255000 937.5
1260000 923.6
1265000 857.9
1270000 951.3
1275000 931.8
1280000 852.9
1285000 716.2
1290000 827.5
1295000 876.6
1300000 836.3
1305000 941.6
1310000 937.2
1315000 931.4
1320000 938.2
1325000 946.2
1330000 926.8
1335000 939.7
1340000 938.6
1345000 944.2
1350000 945.5
1355000 942.5
1360000 937.5
1365000 849.8
1370000 944.0
1375000 947.2
1380000 958.5
1385000 952.9
1390000 943.0
1395000 935.5
1400000 944.5
1405000 944.2
1410000 950.4
1415000 927.6
1420000 957.8
1425000 951.6
1430000 949.3
1435000 956.6
1440000 949.6
1445000 757.8
1450000 707.9
1455000 906.1
1460000 894.1
1465000 906.1
1470000 949.8
1475000 854.0
1480000 942.0
1485000 941.8
1490000 946.8
1495000 941.8
1500000 952.9
1505000 936.5
1510000 944.4
1515000 948.9
1520000 947.3
1525000 954.1
1530000 937.6
1535000 946.5
1540000 942.1
1545000 943.1
1550000 933.6
1555000 948.3
1560000 948.5
1565000 941.1
1570000 948.5
1575000 947.5
1580000 948.2
1585000 949.2
1590000 956.2
1595000 940.8
1600000 845.8
1605000 584.2
1610000 837.3
1615000 842.6
1620000 912.7
1625000 916.1
1630000 920.6
1635000 935.2
1640000 940.8
1645000 926.8
1650000 948.3
1655000 848.6
1660000 940.6
1665000 956.3
1670000 948.9
1675000 874.0
1680000 856.8
1685000 937.5
1690000 942.3
1695000 851.6
1700000 942.5
1705000 935.3
1710000 939.5
1715000 949.7
1720000 950.9
1725000 948.4
1730000 952.3
1735000 940.5
1740000 945.4
1745000 858.1
1750000 948.0
1755000 949.8
1760000 856.2
1765000 394.6
1770000 743.9
1775000 902.4
1780000 832.6
1785000 819.0
1790000 948.9
1795000 929.0
1800000 947.8
1805000 855.9
1810000 916.9
1815000 949.0
1820000 940.0
1825000 857.4
1830000 943.1
1835000 945.3
1840000 949.6
1845000 800.7
1850000 952.6
1855000 958.5
1860000 944.8
1865000 941.1
1870000 849.6
1875000 947.8
1880000 946.5
1885000 933.3
1890000 938.1
1895000 958.1
1900000 864.6
1905000 941.5
1910000 951.7
1915000 945.1
1920000 945.6
1925000 947.0
1930000 940.5
1935000 952.2
1940000 944.1
1945000 934.3
1950000 950.8
1955000 947.9
1960000 936.0
1965000 947.1
1970000 949.0
1975000 952.0
1980000 945.6
1985000 947.0
1990000 951.4
1995000 958.9
2000000 945.9
