5000 1.6
10000 2.4
15000 0.4
20000 91.3
25000 113.1
30000 378.5
35000 589.2
40000 188.7
45000 770.3
50000 768.3
55000 682.2
60000 876.3
65000 683.8
70000 581.7
75000 873.0
80000 771.5
85000 871.1
90000 971.4
95000 977.2
100000 974.4
105000 966.8
110000 972.7
115000 965.2
120000 970.9
125000 969.6
130000 975.1
135000 973.0
140000 865.5
145000 971.4
150000 874.7
155000 681.8
160000 880.4
165000 974.9
170000 678.0
175000 869.9
180000 965.8
185000 969.5
190000 969.9
195000 970.5
200000 967.5
205000 973.3
210000 976.6
215000 965.3
220000 960.1
225000 979.3
230000 969.7
235000 973.5
240000 966.6
245000 963.6
250000 970.7
255000 971.0
260000 967.3
265000 980.4
270000 978.8
275000 972.0
280000 967.0
285000 977.5
290000 970.1
295000 973.6
300000 967.6
305000 967.3
310000 976.6
315000 975.9
320000 971.4
325000 977.2
330000 969.4
335000 966.8
340000 974.8
345000 970.6
350000 972.0
355000 969.2
360000 969.1
365000 889.4
370000 974.3
375000 866.4
380000 973.3
385000 971.3
390000 968.0
395000 971.1
400000 967.6
405000 976.1
410000 967.8
415000 966.9
420000 977.8
425000 972.0
430000 974.5
435000 977.5
440000 976.1
445000 969.9
450000 975.0
455000 976.2
460000 970.0
465000 972.3
470000 982.4
475000 975.1
480000 968.3
485000 970.1
490000 977.1
495000 965.0
500000 977.6
505000 874.1
510000 968.9
515000 962.4
520000 972.5
525000 973.2
530000 974.0
535000 883.8
540000 971.2
545000 978.8
550000 972.0
555000 972.5
560000 977.1
565000 977.7
570000 983.6
575000 975.3
580000 969.7
585000 973.8
590000 974.4
595000 969.3
600000 976.8
605000 968.8
610000 974.0
615000 972.8
620000 981.0
625000 973.1
630000 879.0
635000 969.0
640000 965.4
645000 972.9
650000 972.4
655000 977.6
660000 974.5
665000 976.0
670000 973.4
675000 973.9
680000 971.8
685000 968.5
690000 970.8
695000 970.6
700000 978.3
705000 970.9
710000 974.1
715000 976.2
720000 974.0
725000 914.5
730000 974.0
735000 971.1
740000 975.4
745000 974.6
750000 975.3
755000 974.4
760000 974.4
765000 974.4
770000 969.2
775000 979.2
780000 973.1
785000 973.8
790000 974.1
795000 974.1
800000 977.8
805000 976.6
810000 971.5
815000 972.2
820000 966.1
825000 972.8
830000 973.0
835000 971.1
840000 973.8
845000 967.8
850000 974.7
855000 978.2
860000 967.1
865000 967.8
870000 969.4
875000 970.6
880000 974.0
885000 970.2
890000 967.2
895000 977.0
900000 971.1
905000 975.8
910000 967.7
915000 976.4
920000 972.3
925000 973.6
930000 977.4
935000 967.3
940000 976.4
945000 972.0
950000 975.2
955000 975.7
960000 979.0
965000 982.7
970000 975.3
975000 970.5
980000 970.3
985000 972.5
990000 973.1
995000 973.1
1000000 976.7
