5000 0.7
10000 0.1
15000 0.8
20000 1.1
25000 94.9
30000 197.7
35000 304.7
40000 486.8
45000 673.4
50000 474.4
55000 489.4
60000 767.9
65000 853.7
70000 857.8
75000 858.2
80000 481.1
85000 681.0
90000 874.7
95000 749.5
100000 953.5
105000 877.6
110000 976.1
115000 763.4
120000 774.6
125000 968.4
130000 749.8
135000 867.6
140000 878.3
145000 962.1
150000 955.0
155000 779.1
160000 878.1
165000 766.8
170000 964.3
175000 875.5
180000 973.6
185000 863.1
190000 875.9
195000 961.9
200000 970.0
205000 867.4
210000 880.8
215000 965.3
220000 955.2
225000 871.6
230000 977.9
235000 967.0
240000 875.4
245000 875.9
250000 970.1
255000 965.4
260000 966.7
265000 965.1
270000 974.4
275000 971.8
280000 969.2
285000 976.7
290000 975.9
295000 966.4
300000 966.7
305000 965.6
310000 976.0
315000 972.2
320000 970.0
325000 969.6
330000 964.0
335000 967.2
340000 966.7
345000 974.0
350000 976.8
355000 966.2
360000 971.8
365000 977.8
370000 975.8
375000 973.6
380000 974.4
385000 975.7
390000 881.4
395000 972.5
400000 975.7
405000 977.6
410000 977.0
415000 974.4
420000 965.8
425000 975.0
430000 968.7
435000 972.7
440000 963.2
445000 978.3
450000 964.4
455000 971.9
460000 978.4
465000 976.6
470000 876.4
475000 969.6
480000 974.0
485000 975.0
490000 968.8
495000 975.7
500000 972.5
505000 870.4
510000 871.5
515000 975.5
520000 972.2
525000 981.0
530000 969.5
535000 976.2
540000 974.7
545000 977.6
550000 975.3
555000 970.4
560000 972.0
565000 967.4
570000 975.3
575000 973.2
580000 970.0
585000 975.8
590000 879.5
595000 975.2
600000 972.1
605000 884.6
610000 974.3
615000 978.5
620000 981.6
625000 971.1
630000 977.0
635000 974.8
640000 973.3
645000 974.2
650000 979.2
655000 977.4
660000 968.4
665000 972.0
670000 974.6
675000 975.5
680000 971.6
685000 785.2
690000 927.2
695000 971.6
700000 979.8
705000 976.3
710000 970.1
715000 974.8
720000 977.1
725000 971.3
730000 967.3
735000 975.4
740000 972.9
745000 980.9
750000 978.2
755000 972.1
760000 973.2
765000 977.6
770000 974.6
775000 879.4
780000 966.1
785000 973.1
790000 973.0
795000 979.5
800000 980.1
805000 976.6
810000 975.1
815000 974.8
820000 966.1
825000 973.6
830000 981.5
835000 972.1
840000 973.9
845000 970.6
850000 980.5
855000 979.4
860000 965.2
865000 977.3
870000 968.0
875000 976.0
880000 969.2
885000 973.4
890000 977.3
895000 976.7
900000 973.8
905000 978.5
910000 979.1
915000 972.7
920000 974.9
925000 977.7
930000 976.3
935000 973.4
940000 971.5
945000 974.1
950000 909.5
955000 977.5
960000 971.8
965000 980.9
970000 970.9
975000 970.6
980000 972.2
985000 977.2
990000 969.8
995000 985.2
1000000 971.1
