5000 1.6
10000 3.1
15000 0.0
20000 87.2
25000 85.2
30000 380.7
35000 568.9
40000 471.4
45000 284.4
50000 95.8
55000 481.6
60000 480.4
65000 386.9
70000 569.3
75000 759.2
80000 671.8
85000 583.9
90000 378.8
95000 948.2
100000 583.2
105000 759.1
110000 762.2
115000 670.9
120000 666.8
125000 771.3
130000 962.0
135000 582.9
140000 964.1
145000 869.7
150000 769.8
155000 484.0
160000 772.2
165000 772.4
170000 962.1
175000 962.1
180000 869.7
185000 775.8
190000 774.8
195000 756.7
200000 771.6
205000 784.0
210000 967.0
215000 875.6
220000 874.8
225000 967.2
230000 962.5
235000 971.9
240000 874.6
245000 963.8
250000 870.8
255000 974.0
260000 869.6
265000 883.8
270000 863.8
275000 973.5
280000 975.3
285000 863.3
290000 970.8
295000 882.8
300000 968.1
305000 963.0
310000 968.6
315000 972.1
320000 873.1
325000 958.5
330000 870.3
335000 965.8
340000 971.2
345000 876.5
350000 880.2
355000 963.9
360000 877.4
365000 969.8
370000 871.0
375000 879.0
380000 968.8
385000 864.4
390000 970.2
395000 871.5
400000 962.8
405000 971.2
410000 871.3
415000 875.2
420000 865.5
425000 877.6
430000 958.5
435000 968.0
440000 977.1
445000 874.7
450000 969.1
455000 973.0
460000 879.2
465000 968.7
470000 864.3
475000 873.8
480000 966.5
485000 965.5
490000 971.2
495000 967.9
500000 877.7
505000 879.7
510000 871.6
515000 975.4
520000 874.0
525000 969.8
530000 965.3
535000 972.0
540000 964.9
545000 969.5
550000 961.4
555000 965.6
560000 970.3
565000 977.2
570000 983.4
575000 972.4
580000 978.3
585000 975.8
590000 973.0
595000 976.3
600000 981.6
605000 970.6
610000 976.1
615000 974.3
620000 971.9
625000 971.9
630000 972.6
635000 980.4
640000 976.7
645000 969.7
650000 975.2
655000 875.9
660000 978.8
665000 970.6
670000 974.1
675000 968.0
680000 975.5
685000 976.4
690000 961.2
695000 879.7
700000 970.9
705000 778.7
710000 878.1
715000 979.7
720000 978.6
725000 978.8
730000 975.0
735000 979.4
740000 973.4
745000 981.8
750000 974.5
755000 973.5
760000 870.8
765000 984.8
770000 972.2
775000 972.2
780000 976.7
785000 971.0
790000 979.5
795000 977.5
800000 975.6
805000 976.5
810000 872.3
815000 980.4
820000 979.4
825000 972.0
830000 976.8
835000 980.2
840000 980.8
845000 882.6
850000 975.4
855000 973.9
860000 981.7
865000 984.4
870000 976.0
875000 976.8
880000 978.5
885000 971.6
890000 879.6
895000 970.2
900000 975.6
905000 980.9
910000 977.2
915000 876.8
920000 973.6
925000 978.8
930000 974.3
935000 978.8
940000 976.1
945000 975.4
950000 975.2
955000 882.1
960000 973.2
965000 976.0
970000 982.5
975000 779.7
980000 983.1
985000 973.6
990000 977.9
995000 973.5
1000000 977.8
