5000 0.0
10000 0.0
15000 0.8
20000 0.0
25000 195.7
30000 568.4
35000 386.4
40000 865.3
45000 475.6
50000 676.7
55000 766.6
60000 671.4
65000 770.7
70000 875.3
75000 871.5
80000 579.8
85000 965.2
90000 965.7
95000 965.1
100000 771.5
105000 967.6
110000 979.2
115000 965.0
120000 874.7
125000 971.2
130000 779.3
135000 595.2
140000 868.9
145000 972.7
150000 874.9
155000 968.8
160000 866.5
165000 970.7
170000 873.7
175000 976.9
180000 963.5
185000 969.5
190000 969.6
195000 979.9
200000 971.7
205000 974.0
210000 876.0
215000 976.4
220000 966.8
225000 965.5
230000 976.9
235000 964.3
240000 971.9
245000 967.6
250000 862.0
255000 974.0
260000 969.0
265000 968.2
270000 975.2
275000 962.7
280000 877.0
285000 970.4
290000 973.1
295000 971.7
300000 972.1
305000 967.2
310000 872.5
315000 974.3
320000 979.6
325000 969.9
330000 967.0
335000 958.9
340000 874.0
345000 974.9
350000 979.1
355000 975.4
360000 975.6
365000 969.0
370000 868.8
375000 977.2
380000 971.6
385000 970.8
390000 972.8
395000 968.7
400000 970.0
405000 974.7
410000 976.1
415000 944.8
420000 874.4
425000 877.1
430000 979.8
435000 971.1
440000 864.7
445000 970.4
450000 977.4
455000 969.8
460000 965.2
465000 973.7
470000 967.0
475000 969.4
480000 969.7
485000 966.7
490000 972.6
495000 966.8
500000 971.5
505000 967.9
510000 969.3
515000 979.0
520000 976.5
525000 969.9
530000 967.5
535000 968.3
540000 912.8
545000 971.4
550000 971.1
555000 975.7
560000 969.5
565000 812.5
570000 977.8
575000 966.9
580000 976.0
585000 979.1
590000 983.6
595000 977.8
600000 974.3
605000 969.2
610000 978.3
615000 967.8
620000 973.8
625000 971.7
630000 980.2
635000 974.3
640000 973.7
645000 978.3
650000 979.5
655000 978.5
660000 970.6
665000 974.2
670000 967.6
675000 976.4
680000 975.1
685000 969.5
690000 972.4
695000 973.8
700000 973.4
705000 874.9
710000 974.7
715000 971.3
720000 970.0
725000 969.8
730000 968.6
735000 969.2
740000 975.2
745000 973.3
750000 973.4
755000 971.1
760000 976.5
765000 973.3
770000 967.7
775000 968.8
780000 972.8
785000 976.1
790000 973.9
795000 972.9
800000 979.8
805000 973.5
810000 976.0
815000 881.1
820000 975.7
825000 981.0
830000 975.2
835000 967.9
840000 980.0
845000 976.1
850000 974.1
855000 969.9
860000 875.6
865000 974.7
870000 974.7
875000 977.4
880000 972.7
885000 972.3
890000 974.2
895000 977.3
900000 971.2
905000 977.0
910000 968.2
915000 971.1
920000 985.1
925000 975.7
930000 977.9
935000 980.0
940000 968.1
945000 971.0
950000 975.3
955000 877.0
960000 973.7
965000 975.4
970000 965.1
975000 981.2
980000 976.6
985000 971.0
990000 980.6
995000 975.8
1000000 974.6
