5000 0.3
10000 4.1
15000 2.8
20000 0.4
25000 285.9
30000 100.4
35000 194.3
40000 566.7
45000 759.3
50000 768.1
55000 663.2
60000 862.2
65000 865.8
70000 854.3
75000 958.0
80000 953.7
85000 860.0
90000 950.8
95000 957.0
100000 968.8
105000 868.3
110000 864.8
115000 666.2
120000 971.9
125000 972.7
130000 876.3
135000 873.8
140000 961.5
145000 775.5
150000 961.9
155000 767.5
160000 768.5
165000 773.3
170000 769.1
175000 777.8
180000 915.5
185000 961.7
190000 968.4
195000 971.6
200000 872.5
205000 969.3
210000 872.4
215000 873.8
220000 976.3
225000 973.0
230000 968.0
235000 975.4
240000 968.5
245000 783.9
250000 887.1
255000 870.0
260000 981.4
265000 972.6
270000 974.9
275000 971.0
280000 976.5
285000 967.8
290000 985.4
295000 981.8
300000 880.9
305000 972.7
310000 778.8
315000 977.8
320000 881.0
325000 975.8
330000 873.7
335000 883.6
340000 979.2
345000 979.0
350000 978.6
355000 983.2
360000 880.6
365000 935.5
370000 778.2
375000 878.0
380000 981.2
385000 972.9
390000 977.8
395000 650.1
400000 982.9
405000 973.1
410000 980.6
415000 974.9
420000 977.2
425000 977.5
430000 879.2
435000 983.8
440000 875.2
445000 981.9
450000 976.2
455000 884.5
460000 979.9
465000 984.8
470000 981.4
475000 980.3
480000 975.5
485000 985.4
490000 981.5
495000 881.3
500000 976.8
505000 977.1
510000 883.8
515000 977.5
520000 880.4
525000 978.1
530000 977.9
535000 880.9
540000 988.3
545000 981.6
550000 976.9
555000 783.8
560000 979.5
565000 981.6
570000 980.4
575000 975.0
580000 987.2
585000 980.7
590000 978.9
595000 976.0
600000 981.8
605000 884.5
610000 786.6
615000 977.1
620000 982.3
625000 982.7
630000 979.5
635000 979.1
640000 982.1
645000 978.2
650000 981.3
655000 977.9
660000 980.2
665000 983.7
670000 984.6
675000 980.8
680000 982.2
685000 979.2
690000 979.1
695000 978.9
700000 982.4
705000 981.0
710000 980.7
715000 977.1
720000 985.5
725000 879.1
730000 963.1
735000 977.6
740000 981.5
745000 881.2
750000 975.9
755000 976.0
760000 987.6
765000 982.3
770000 984.2
775000 985.0
780000 976.1
785000 981.8
790000 983.1
795000 984.9
800000 980.4
805000 979.4
810000 987.5
815000 983.6
820000 982.0
825000 983.6
830000 882.9
835000 975.0
840000 984.0
845000 985.0
850000 977.2
855000 979.4
860000 975.6
865000 984.8
870000 981.6
875000 979.6
880000 978.9
885000 979.3
890000 980.2
895000 982.6
900000 977.9
905000 983.0
910000 979.1
915000 979.1
920000 983.8
925000 982.7
930000 984.3
935000 979.1
940000 979.4
945000 981.8
950000 978.7
955000 974.8
960000 980.2
965000 976.1
970000 982.7
975000 985.8
980000 982.6
985000 984.2
990000 980.9
995000 989.2
1000000 984.4
