5000 9.2
10000 2.2
15000 84.7
20000 0.0
25000 1.8
30000 294.6
35000 193.6
40000 474.7
45000 560.6
50000 490.8
55000 750.4
60000 869.0
65000 963.1
70000 962.7
75000 859.5
80000 762.6
85000 863.1
90000 960.3
95000 864.5
100000 875.4
105000 951.4
110000 871.2
115000 862.6
120000 954.4
125000 858.4
130000 855.9
135000 957.5
140000 966.5
145000 871.1
150000 761.6
155000 964.9
160000 962.4
165000 962.6
170000 960.4
175000 959.1
180000 958.5
185000 951.5
190000 860.1
195000 862.3
200000 961.9
205000 871.0
210000 961.8
215000 962.7
220000 876.1
225000 959.8
230000 960.6
235000 867.1
240000 966.4
245000 964.6
250000 962.0
255000 968.2
260000 962.0
265000 870.4
270000 965.2
275000 961.1
280000 971.4
285000 955.3
290000 967.1
295000 964.1
300000 970.3
305000 962.7
310000 966.5
315000 772.0
320000 967.9
325000 965.5
330000 964.1
335000 963.4
340000 870.7
345000 968.0
350000 864.4
355000 974.9
360000 854.0
365000 770.4
370000 868.3
375000 956.9
380000 876.3
385000 965.5
390000 871.2
395000 961.3
400000 967.9
405000 875.5
410000 972.3
415000 868.7
420000 875.2
425000 969.7
430000 973.4
435000 964.5
440000 970.7
445000 978.7
450000 966.3
455000 970.1
460000 871.2
465000 971.0
470000 969.8
475000 964.8
480000 974.2
485000 970.8
490000 967.7
495000 871.4
500000 825.0
505000 973.0
510000 869.0
515000 961.3
520000 969.5
525000 865.8
530000 870.3
535000 972.8
540000 963.9
545000 970.6
550000 873.8
555000 974.1
560000 975.9
565000 967.1
570000 974.2
575000 964.6
580000 970.7
585000 969.4
590000 972.1
595000 870.2
600000 877.5
605000 876.3
610000 966.5
615000 969.1
620000 971.5
625000 975.1
630000 971.1
635000 970.7
640000 972.3
645000 977.4
650000 974.8
655000 969.6
660000 973.0
665000 972.7
670000 963.6
675000 877.5
680000 970.5
685000 976.7
690000 964.0
695000 964.0
700000 974.3
705000 967.3
710000 961.8
715000 969.9
720000 970.2
725000 870.5
730000 978.9
735000 977.7
740000 963.3
745000 977.2
750000 969.6
755000 966.0
760000 973.1
765000 968.3
770000 965.0
775000 969.0
780000 972.1
785000 969.7
790000 973.0
795000 962.4
800000 869.7
805000 970.4
810000 968.0
815000 958.6
820000 978.7
825000 975.7
830000 968.6
835000 970.9
840000 968.0
845000 969.0
850000 968.6
855000 970.5
860000 972.5
865000 974.3
870000 972.5
875000 968.3
880000 958.5
885000 967.3
890000 874.5
895000 965.2
900000 971.4
905000 964.4
910000 971.2
915000 964.6
920000 961.8
925000 967.6
930000 970.4
935000 966.2
940000 973.4
945000 973.2
950000 872.2
955000 975.1
960000 971.8
965000 968.2
970000 976.4
975000 976.2
980000 972.3
985000 968.5
990000 977.4
995000 970.9
1000000 962.5
