5000 15.9
10000 101.3
15000 96.2
20000 9.5
25000 193.1
30000 475.5
35000 457.3
40000 382.5
45000 668.6
50000 958.7
55000 770.5
60000 849.2
65000 682.5
70000 866.7
75000 292.4
80000 574.2
85000 844.4
90000 757.7
95000 867.2
100000 962.2
105000 774.7
110000 762.0
115000 776.5
120000 669.4
125000 666.6
130000 869.0
135000 872.6
140000 877.9
145000 758.2
150000 860.5
155000 867.3
160000 873.8
165000 965.3
170000 865.5
175000 975.8
180000 866.7
185000 966.8
190000 968.4
195000 965.4
200000 967.2
205000 967.2
210000 975.9
215000 972.7
220000 778.1
225000 978.5
230000 772.0
235000 969.5
240000 966.0
245000 976.6
250000 977.7
255000 969.2
260000 972.8
265000 967.2
270000 871.7
275000 968.8
280000 973.7
285000 972.7
290000 970.8
295000 873.5
300000 972.2
305000 977.5
310000 982.7
315000 969.9
320000 975.8
325000 971.1
330000 979.0
335000 973.5
340000 972.5
345000 975.8
350000 976.3
355000 979.1
360000 971.7
365000 878.1
370000 973.5
375000 777.7
380000 976.4
385000 974.0
390000 972.4
395000 962.5
400000 878.2
405000 971.1
410000 965.1
415000 970.3
420000 982.4
425000 970.7
430000 977.0
435000 974.6
440000 968.4
445000 973.4
450000 967.0
455000 885.1
460000 777.5
465000 978.6
470000 871.3
475000 979.2
480000 980.9
485000 966.5
490000 971.0
495000 978.2
500000 973.5
505000 970.7
510000 976.6
515000 971.3
520000 973.9
525000 975.7
530000 970.8
535000 976.7
540000 875.6
545000 975.4
550000 975.9
555000 970.1
560000 975.1
565000 973.5
570000 973.8
575000 968.5
580000 969.7
585000 968.7
590000 971.6
595000 980.2
600000 972.8
605000 979.1
610000 963.6
615000 975.3
620000 977.5
625000 978.7
630000 975.9
635000 977.8
640000 983.6
645000 982.6
650000 781.0
655000 975.4
660000 974.7
665000 977.7
670000 968.4
675000 973.0
680000 975.7
685000 971.7
690000 977.9
695000 975.4
700000 968.8
705000 986.0
710000 975.3
715000 973.5
720000 976.8
725000 978.7
730000 980.2
735000 974.4
740000 974.7
745000 978.2
750000 970.1
755000 972.2
760000 979.9
765000 974.9
770000 968.4
775000 970.0
780000 974.9
785000 974.6
790000 980.9
795000 983.0
800000 879.0
805000 980.0
810000 977.6
815000 975.9
820000 974.0
825000 976.6
830000 975.9
835000 878.5
840000 972.5
845000 979.6
850000 973.7
855000 973.7
860000 977.0
865000 980.8
870000 978.0
875000 981.1
880000 978.0
885000 970.6
890000 977.8
895000 980.3
900000 977.7
905000 977.1
910000 979.7
915000 972.5
920000 961.3
925000 976.9
930000 973.0
935000 975.5
940000 973.4
945000 979.6
950000 979.1
955000 973.3
960000 974.6
965000 875.9
970000 982.1
975000 874.0
980000 974.7
985000 974.5
990000 976.5
995000 982.6
1000000 982.9
