5000 0.0
10000 3.5
15000 0.3
20000 0.4
25000 0.0
30000 100.4
35000 199.1
40000 194.7
45000 783.8
50000 681.5
55000 880.3
60000 778.0
65000 858.9
70000 968.9
75000 971.0
80000 970.4
85000 779.1
90000 966.5
95000 964.6
100000 773.5
105000 876.0
110000 877.2
115000 964.1
120000 868.6
125000 954.5
130000 866.9
135000 777.8
140000 968.2
145000 972.4
150000 965.6
155000 583.0
160000 873.6
165000 875.0
170000 971.4
175000 969.6
180000 773.0
185000 872.0
190000 783.0
195000 976.9
200000 966.7
205000 969.2
210000 778.3
215000 875.4
220000 967.0
225000 783.5
230000 976.6
235000 964.5
240000 973.2
245000 874.9
250000 965.3
255000 780.3
260000 973.6
265000 975.4
270000 974.7
275000 974.6
280000 920.1
285000 977.5
290000 969.3
295000 972.1
300000 972.2
305000 973.2
310000 874.9
315000 876.7
320000 966.8
325000 870.9
330000 973.9
335000 973.3
340000 875.4
345000 874.8
350000 966.9
355000 973.9
360000 976.3
365000 876.6
370000 971.6
375000 970.4
380000 976.6
385000 868.7
390000 976.9
395000 977.9
400000 973.0
405000 972.9
410000 973.3
415000 967.1
420000 969.7
425000 871.7
430000 970.5
435000 970.7
440000 869.6
445000 983.6
450000 971.7
455000 973.8
460000 977.4
465000 973.6
470000 982.2
475000 973.9
480000 874.4
485000 970.6
490000 977.8
495000 972.1
500000 872.5
505000 971.2
510000 874.4
515000 982.9
520000 876.2
525000 974.3
530000 974.6
535000 883.0
540000 975.5
545000 975.3
550000 983.8
555000 970.5
560000 881.7
565000 876.1
570000 976.4
575000 974.9
580000 977.7
585000 979.6
590000 882.2
595000 966.9
600000 880.7
605000 975.9
610000 980.3
615000 974.8
620000 973.4
625000 975.3
630000 975.4
635000 977.1
640000 975.6
645000 972.1
650000 788.7
655000 884.4
660000 977.2
665000 974.2
670000 881.1
675000 973.9
680000 980.0
685000 980.4
690000 876.5
695000 972.2
700000 973.3
705000 972.2
710000 978.1
715000 977.3
720000 979.5
725000 976.8
730000 983.8
735000 980.4
740000 981.9
745000 980.0
750000 980.0
755000 980.9
760000 978.7
765000 888.8
770000 971.0
775000 881.6
780000 975.1
785000 779.9
790000 977.1
795000 975.5
800000 983.2
805000 978.8
810000 976.2
815000 986.2
820000 973.1
825000 878.6
830000 881.9
835000 968.8
840000 978.0
845000 972.5
850000 975.9
855000 973.4
860000 978.3
865000 979.8
870000 977.4
875000 986.1
880000 980.2
885000 877.2
890000 883.3
895000 981.1
900000 980.9
905000 981.7
910000 983.3
915000 977.8
920000 975.0
925000 980.1
930000 981.9
935000 977.1
940000 981.2
945000 974.0
950000 975.2
955000 886.5
960000 978.3
965000 986.3
970000 977.3
975000 977.1
980000 982.9
985000 974.2
990000 874.8
995000 971.3
1000000 970.3
