5000 5.8
10000 16.4
15000 0.0
20000 0.0
25000 286.8
30000 192.5
35000 282.0
40000 571.2
45000 670.6
50000 382.9
55000 484.7
60000 572.4
65000 383.4
70000 666.7
75000 769.7
80000 762.7
85000 855.3
90000 577.1
95000 767.0
100000 861.6
105000 967.3
110000 674.0
115000 964.3
120000 863.6
125000 969.7
130000 774.5
135000 972.1
140000 967.7
145000 970.4
150000 878.7
155000 964.3
160000 973.8
165000 963.4
170000 875.0
175000 774.9
180000 864.2
185000 870.7
190000 970.1
195000 972.9
200000 871.2
205000 968.7
210000 971.5
215000 971.7
220000 873.5
225000 969.8
230000 964.9
235000 877.1
240000 880.9
245000 875.3
250000 974.5
255000 871.1
260000 965.0
265000 970.8
270000 871.2
275000 957.0
280000 961.2
285000 969.8
290000 870.7
295000 981.0
300000 970.4
305000 963.6
310000 967.0
315000 971.7
320000 962.2
325000 972.2
330000 880.2
335000 971.5
340000 771.5
345000 775.4
350000 971.0
355000 969.5
360000 967.2
365000 971.6
370000 964.0
375000 958.3
380000 968.9
385000 973.3
390000 966.2
395000 975.2
400000 970.0
405000 964.9
410000 973.5
415000 974.8
420000 982.1
425000 772.0
430000 971.5
435000 976.3
440000 876.6
445000 968.7
450000 972.4
455000 968.7
460000 966.9
465000 779.6
470000 870.6
475000 967.9
480000 865.7
485000 975.9
490000 964.1
495000 876.4
500000 968.2
505000 876.3
510000 871.9
515000 968.3
520000 876.9
525000 969.5
530000 972.2
535000 883.7
540000 976.6
545000 973.4
550000 970.3
555000 968.5
560000 973.3
565000 971.5
570000 972.9
575000 968.8
580000 976.2
585000 971.9
590000 971.5
595000 876.1
600000 974.3
605000 971.1
610000 969.5
615000 977.9
620000 979.0
625000 971.7
630000 780.8
635000 970.3
640000 971.2
645000 980.9
650000 881.7
655000 968.0
660000 877.6
665000 976.6
670000 979.0
675000 786.0
680000 872.0
685000 967.4
690000 972.6
695000 969.0
700000 972.7
705000 972.4
710000 977.3
715000 970.6
720000 979.6
725000 978.4
730000 972.0
735000 978.1
740000 976.6
745000 976.7
750000 977.0
755000 970.8
760000 972.4
765000 978.4
770000 978.3
775000 976.4
780000 979.3
785000 974.3
790000 971.5
795000 781.6
800000 973.7
805000 970.4
810000 972.4
815000 974.6
820000 881.9
825000 969.7
830000 971.5
835000 974.4
840000 978.6
845000 881.3
850000 978.6
855000 975.3
860000 978.6
865000 978.8
870000 974.5
875000 977.2
880000 973.0
885000 874.7
890000 879.8
895000 831.3
900000 882.1
905000 981.0
910000 979.1
915000 979.5
920000 872.2
925000 974.8
930000 978.4
935000 880.0
940000 873.5
945000 878.3
950000 979.5
955000 881.2
960000 976.4
965000 971.7
970000 972.3
975000 979.0
980000 877.8
985000 980.5
990000 975.9
995000 977.6
1000000 881.6
