5000 0.0
10000 0.0
15000 0.8
20000 290.8
25000 95.3
30000 190.4
35000 192.8
40000 383.4
45000 388.0
50000 294.2
55000 576.4
60000 681.8
65000 484.9
70000 487.8
75000 576.1
80000 578.3
85000 703.1
90000 879.5
95000 488.8
100000 483.9
105000 782.8
110000 869.9
115000 870.7
120000 682.8
125000 780.4
130000 868.2
135000 773.0
140000 965.4
145000 967.9
150000 966.4
155000 882.4
160000 971.2
165000 974.1
170000 971.2
175000 966.7
180000 971.8
185000 869.6
190000 966.7
195000 967.6
200000 975.8
205000 964.9
210000 969.8
215000 977.2
220000 978.3
225000 973.1
230000 969.6
235000 972.0
240000 969.7
245000 974.1
250000 882.8
255000 969.2
260000 965.0
265000 976.7
270000 968.2
275000 963.5
280000 970.0
285000 973.0
290000 970.8
295000 969.7
300000 972.7
305000 970.2
310000 972.2
315000 975.7
320000 967.9
325000 962.1
330000 973.5
335000 974.5
340000 973.2
345000 974.2
350000 979.3
355000 979.7
360000 975.2
365000 975.1
370000 975.5
375000 971.8
380000 969.0
385000 974.7
390000 974.0
395000 969.5
400000 974.7
405000 975.1
410000 968.0
415000 967.9
420000 872.1
425000 977.9
430000 970.6
435000 975.5
440000 871.3
445000 972.4
450000 978.2
455000 974.8
460000 972.5
465000 966.6
470000 976.0
475000 974.0
480000 974.3
485000 971.3
490000 970.4
495000 974.2
500000 971.5
505000 974.6
510000 875.4
515000 976.0
520000 985.7
525000 975.1
530000 970.2
535000 973.3
540000 977.9
545000 976.9
550000 968.9
555000 974.8
560000 877.3
565000 975.3
570000 975.8
575000 972.4
580000 973.0
585000 976.4
590000 972.0
595000 868.5
600000 977.6
605000 973.7
610000 974.4
615000 975.7
620000 975.0
625000 975.5
630000 968.6
635000 980.1
640000 971.9
645000 977.1
650000 972.5
655000 877.6
660000 973.6
665000 880.6
670000 971.6
675000 969.8
680000 978.4
685000 970.4
690000 868.5
695000 975.1
700000 874.4
705000 974.3
710000 971.0
715000 973.0
720000 977.3
725000 875.9
730000 974.5
735000 971.8
740000 975.9
745000 873.1
750000 974.2
755000 882.9
760000 977.9
765000 967.7
770000 976.3
775000 978.7
780000 977.0
785000 971.6
790000 974.2
795000 975.5
800000 972.3
805000 976.0
810000 875.4
815000 972.8
820000 968.1
825000 923.5
830000 877.9
835000 971.0
840000 978.8
845000 974.3
850000 973.3
855000 975.6
860000 974.1
865000 974.2
870000 880.8
875000 973.7
880000 876.8
885000 973.8
890000 977.7
895000 976.2
900000 972.0
905000 977.1
910000 978.4
915000 973.7
920000 973.8
925000 978.0
930000 971.5
935000 977.6
940000 973.4
945000 971.7
950000 978.4
955000 975.3
960000 973.0
965000 968.7
970000 977.8
975000 973.6
980000 897.7
985000 968.8
990000 973.0
995000 973.6
1000000 973.5
