5000 2.2
10000 2.9
15000 0.0
20000 3.2
25000 223.6
30000 201.4
35000 582.7
40000 581.3
45000 386.6
50000 0.0
55000 390.0
60000 582.4
65000 585.7
70000 598.2
75000 964.0
80000 590.2
85000 679.3
90000 871.2
95000 974.1
100000 480.3
105000 775.5
110000 871.7
115000 880.8
120000 962.6
125000 971.7
130000 873.8
135000 972.7
140000 972.4
145000 881.2
150000 974.9
155000 978.3
160000 974.1
165000 873.2
170000 975.0
175000 974.6
180000 871.9
185000 876.0
190000 961.0
195000 873.9
200000 978.2
205000 966.4
210000 974.9
215000 969.2
220000 979.3
225000 881.0
230000 975.7
235000 880.0
240000 972.0
245000 971.6
250000 874.7
255000 969.4
260000 784.4
265000 980.1
270000 968.6
275000 977.9
280000 779.7
285000 975.2
290000 968.7
295000 977.7
300000 970.1
305000 976.8
310000 980.0
315000 977.8
320000 979.8
325000 972.3
330000 975.6
335000 876.4
340000 788.6
345000 978.9
350000 979.8
355000 979.7
360000 975.9
365000 972.5
370000 876.4
375000 977.5
380000 978.4
385000 977.8
390000 975.6
395000 974.7
400000 973.6
405000 976.5
410000 980.0
415000 979.4
420000 982.7
425000 982.7
430000 979.8
435000 878.9
440000 874.4
445000 973.9
450000 972.9
455000 966.5
460000 978.0
465000 975.3
470000 979.0
475000 986.8
480000 876.7
485000 978.6
490000 883.7
495000 884.8
500000 975.1
505000 976.7
510000 977.7
515000 970.1
520000 975.0
525000 978.2
530000 975.9
535000 976.0
540000 977.5
545000 979.6
550000 970.8
555000 981.7
560000 977.1
565000 978.0
570000 980.3
575000 977.6
580000 984.0
585000 974.4
590000 878.8
595000 977.6
600000 981.2
605000 977.6
610000 978.0
615000 974.4
620000 979.2
625000 975.3
630000 974.8
635000 969.0
640000 882.8
645000 980.1
650000 881.5
655000 982.0
660000 975.7
665000 976.5
670000 973.3
675000 981.7
680000 983.9
685000 974.5
690000 975.5
695000 973.3
700000 971.0
705000 974.8
710000 981.2
715000 980.7
720000 977.6
725000 881.1
730000 978.0
735000 783.8
740000 976.0
745000 882.8
750000 973.7
755000 883.3
760000 978.3
765000 977.4
770000 974.8
775000 978.5
780000 878.2
785000 974.0
790000 982.1
795000 983.8
800000 974.6
805000 978.9
810000 976.1
815000 979.5
820000 976.9
825000 981.5
830000 881.5
835000 972.4
840000 977.6
845000 979.5
850000 985.9
855000 975.2
860000 887.1
865000 979.4
870000 977.8
875000 980.5
880000 973.6
885000 885.2
890000 974.2
895000 979.9
900000 976.8
905000 976.9
910000 983.1
915000 977.4
920000 877.7
925000 977.0
930000 981.1
935000 981.9
940000 982.2
945000 979.8
950000 976.4
955000 976.9
960000 980.7
965000 877.1
970000 981.3
975000 980.2
980000 978.1
985000 977.9
990000 975.8
995000 888.8
1000000 976.6
