5000 0.0
10000 0.0
15000 3.4
20000 0.0
25000 196.2
30000 95.9
35000 89.2
40000 570.2
45000 200.5
50000 405.9
55000 632.9
60000 375.5
65000 479.2
70000 862.4
75000 952.4
80000 855.6
85000 898.9
90000 759.2
95000 580.7
100000 871.2
105000 959.4
110000 576.6
115000 869.7
120000 856.0
125000 869.4
130000 960.0
135000 963.4
140000 872.6
145000 962.5
150000 873.2
155000 964.3
160000 967.5
165000 961.5
170000 958.7
175000 879.2
180000 773.1
185000 971.4
190000 970.1
195000 969.7
200000 873.0
205000 870.4
210000 972.1
215000 963.3
220000 969.3
225000 780.6
230000 865.9
235000 962.8
240000 970.0
245000 972.8
250000 976.7
255000 780.9
260000 970.5
265000 972.0
270000 969.3
275000 874.8
280000 973.9
285000 970.1
290000 966.7
295000 967.3
300000 967.4
305000 875.2
310000 966.0
315000 976.5
320000 969.6
325000 964.9
330000 961.9
335000 969.5
340000 964.1
345000 970.8
350000 967.0
355000 975.8
360000 966.9
365000 969.2
370000 978.6
375000 969.9
380000 969.8
385000 971.8
390000 972.9
395000 975.8
400000 970.5
405000 976.5
410000 977.9
415000 969.7
420000 968.4
425000 980.3
430000 976.4
435000 979.2
440000 961.9
445000 965.7
450000 963.2
455000 972.5
460000 970.2
465000 975.5
470000 970.1
475000 976.5
480000 976.1
485000 965.6
490000 970.8
495000 973.6
500000 866.7
505000 973.8
510000 971.4
515000 874.0
520000 966.8
525000 975.5
530000 976.6
535000 977.1
540000 976.0
545000 971.9
550000 971.6
555000 964.2
560000 971.6
565000 979.1
570000 969.7
575000 979.6
580000 977.9
585000 870.5
590000 974.6
595000 875.2
600000 972.1
605000 970.6
610000 974.6
615000 974.7
620000 968.9
625000 969.5
630000 970.2
635000 974.7
640000 971.3
645000 966.5
650000 977.1
655000 972.4
660000 978.9
665000 976.7
670000 972.9
675000 977.1
680000 970.2
685000 577.2
690000 976.7
695000 968.7
700000 971.3
705000 968.2
710000 968.9
715000 972.4
720000 776.6
725000 970.5
730000 968.9
735000 975.6
740000 977.2
745000 973.3
750000 965.9
755000 975.0
760000 974.2
765000 971.0
770000 974.4
775000 974.8
780000 874.5
785000 971.0
790000 977.5
795000 978.1
800000 969.2
805000 967.3
810000 967.7
815000 975.3
820000 975.4
825000 975.0
830000 973.7
835000 976.8
840000 976.6
845000 966.9
850000 978.0
855000 979.5
860000 976.7
865000 976.0
870000 973.3
875000 976.2
880000 977.9
885000 970.2
890000 981.2
895000 969.7
900000 974.7
905000 975.5
910000 973.8
915000 970.7
920000 874.1
925000 969.5
930000 973.4
935000 975.5
940000 974.7
945000 875.6
950000 876.3
955000 972.9
960000 971.9
965000 973.4
970000 976.0
975000 882.0
980000 978.7
985000 973.8
990000 974.6
995000 971.0
1000000 972.2
