5000 0.0
10000 0.0
15000 0.7
20000 0.0
25000 0.0
30000 288.9
35000 199.3
40000 480.4
45000 485.4
50000 486.4
55000 588.9
60000 683.0
65000 863.3
70000 873.4
75000 867.3
80000 670.6
85000 580.9
90000 781.5
95000 779.5
100000 629.0
105000 972.5
110000 864.9
115000 782.1
120000 773.8
125000 674.7
130000 3.3
135000 394.6
140000 580.5
145000 673.3
150000 780.0
155000 967.0
160000 779.7
165000 977.0
170000 881.9
175000 873.0
180000 971.8
185000 779.3
190000 970.2
195000 969.7
200000 873.2
205000 781.8
210000 872.2
215000 873.0
220000 879.1
225000 972.3
230000 972.4
235000 777.8
240000 872.2
245000 976.6
250000 861.3
255000 978.2
260000 971.4
265000 974.4
270000 779.1
275000 974.0
280000 975.7
285000 872.7
290000 968.4
295000 960.3
300000 964.7
305000 776.0
310000 981.7
315000 975.5
320000 975.4
325000 974.4
330000 974.7
335000 778.5
340000 970.7
345000 976.0
350000 872.4
355000 955.9
360000 977.6
365000 975.1
370000 979.7
375000 883.3
380000 878.4
385000 972.9
390000 973.2
395000 971.0
400000 983.4
405000 881.0
410000 883.4
415000 973.7
420000 974.1
425000 980.8
430000 977.2
435000 975.5
440000 878.4
445000 972.7
450000 976.7
455000 977.7
460000 976.8
465000 976.7
470000 979.0
475000 977.6
480000 976.6
485000 976.2
490000 979.3
495000 884.3
500000 979.0
505000 884.7
510000 976.9
515000 978.9
520000 981.6
525000 978.8
530000 985.3
535000 979.0
540000 979.5
545000 980.6
550000 978.6
555000 979.4
560000 978.7
565000 978.3
570000 980.7
575000 879.0
580000 884.0
585000 984.3
590000 879.8
595000 981.0
600000 976.1
605000 975.2
610000 980.6
615000 880.0
620000 972.0
625000 975.8
630000 982.0
635000 977.4
640000 977.6
645000 975.8
650000 969.6
655000 982.3
660000 979.9
665000 879.1
670000 974.5
675000 977.0
680000 979.5
685000 784.4
690000 985.5
695000 979.6
700000 876.9
705000 981.7
710000 981.7
715000 977.1
720000 884.6
725000 974.1
730000 982.6
735000 976.5
740000 982.2
745000 977.3
750000 979.4
755000 978.8
760000 977.5
765000 977.9
770000 976.0
775000 878.2
780000 982.9
785000 983.7
790000 977.0
795000 888.2
800000 986.5
805000 975.0
810000 984.3
815000 981.1
820000 965.8
825000 980.3
830000 973.9
835000 972.8
840000 981.0
845000 874.8
850000 987.3
855000 983.6
860000 976.8
865000 977.9
870000 983.3
875000 977.0
880000 978.5
885000 979.8
890000 979.2
895000 974.7
900000 879.6
905000 978.5
910000 983.1
915000 982.1
920000 890.8
925000 978.1
930000 979.9
935000 981.5
940000 979.7
945000 989.2
950000 980.6
955000 980.5
960000 980.8
965000 976.6
970000 981.7
975000 982.4
980000 875.6
985000 977.6
990000 880.0
995000 978.6
1000000 979.8
