5000 1.2
10000 0.3
15000 0.0
20000 1.2
25000 22.4
30000 229.3
35000 453.3
40000 380.6
45000 368.3
50000 290.8
55000 380.9
60000 382.4
65000 199.4
70000 484.8
75000 773.2
80000 612.6
85000 770.8
90000 936.8
95000 855.4
100000 666.7
105000 772.1
110000 480.2
115000 761.0
120000 770.3
125000 861.7
130000 970.2
135000 865.5
140000 969.8
145000 960.9
150000 876.3
155000 965.2
160000 968.8
165000 972.3
170000 873.8
175000 962.6
180000 868.5
185000 968.3
190000 969.0
195000 968.0
200000 967.6
205000 960.8
210000 977.1
215000 972.1
220000 977.5
225000 978.3
230000 960.3
235000 960.4
240000 970.0
245000 974.3
250000 972.4
255000 965.1
260000 970.2
265000 972.2
270000 963.6
275000 962.6
280000 969.1
285000 871.3
290000 971.9
295000 963.2
300000 971.2
305000 965.6
310000 970.8
315000 966.5
320000 876.0
325000 971.6
330000 959.8
335000 973.9
340000 880.4
345000 870.5
350000 969.8
355000 876.8
360000 974.3
365000 971.7
370000 970.0
375000 960.7
380000 975.8
385000 973.8
390000 975.6
395000 958.9
400000 974.7
405000 964.7
410000 973.3
415000 969.0
420000 964.3
425000 972.3
430000 968.9
435000 976.2
440000 971.7
445000 960.3
450000 967.0
455000 965.2
460000 965.3
465000 958.2
470000 969.0
475000 974.3
480000 966.6
485000 968.4
490000 973.6
495000 877.0
500000 967.8
505000 972.0
510000 969.9
515000 864.6
520000 968.2
525000 971.2
530000 972.6
535000 971.4
540000 971.1
545000 968.0
550000 870.4
555000 962.3
560000 972.1
565000 978.7
570000 969.8
575000 973.5
580000 971.1
585000 978.2
590000 969.2
595000 973.0
600000 973.5
605000 968.1
610000 966.7
615000 879.3
620000 967.4
625000 970.8
630000 879.8
635000 969.4
640000 867.4
645000 972.0
650000 972.9
655000 977.4
660000 972.7
665000 968.9
670000 969.2
675000 876.1
680000 975.6
685000 972.9
690000 978.7
695000 974.3
700000 971.8
705000 978.1
710000 974.6
715000 972.8
720000 970.0
725000 975.0
730000 978.2
735000 972.5
740000 978.1
745000 969.2
750000 977.3
755000 966.7
760000 967.9
765000 971.2
770000 771.5
775000 966.9
780000 979.7
785000 973.5
790000 979.0
795000 978.1
800000 971.8
805000 969.8
810000 968.9
815000 975.9
820000 967.5
825000 968.4
830000 973.7
835000 966.6
840000 976.6
845000 975.5
850000 971.6
855000 984.0
860000 968.2
865000 971.2
870000 971.0
875000 977.7
880000 870.4
885000 972.9
890000 970.7
895000 970.4
900000 966.1
905000 969.2
910000 973.6
915000 965.2
920000 971.9
925000 974.3
930000 976.0
935000 975.1
940000 974.6
945000 970.6
950000 966.4
955000 965.2
960000 967.8
965000 872.5
970000 976.8
975000 974.4
980000 970.2
985000 971.1
990000 973.5
995000 972.4
1000000 974.4
