5000 3.6
10000 1.7
15000 14.7
20000 1.7
25000 106.6
30000 193.6
35000 282.4
40000 485.6
45000 487.6
50000 570.8
55000 481.6
60000 682.1
65000 579.6
70000 769.5
75000 861.8
80000 870.7
85000 955.6
90000 870.2
95000 953.9
100000 932.5
105000 968.4
110000 681.0
115000 876.1
120000 967.3
125000 778.7
130000 582.9
135000 876.0
140000 777.9
145000 967.8
150000 971.4
155000 966.4
160000 978.0
165000 976.7
170000 878.9
175000 966.5
180000 874.0
185000 980.2
190000 966.7
195000 874.9
200000 971.6
205000 974.5
210000 966.6
215000 977.8
220000 970.3
225000 968.7
230000 873.9
235000 974.9
240000 961.5
245000 966.9
250000 890.5
255000 974.4
260000 780.0
265000 783.3
270000 971.1
275000 969.6
280000 969.9
285000 872.2
290000 880.5
295000 971.0
300000 970.4
305000 877.2
310000 872.9
315000 878.0
320000 971.2
325000 976.1
330000 973.6
335000 885.0
340000 979.2
345000 975.5
350000 973.0
355000 879.7
360000 980.6
365000 980.0
370000 975.7
375000 881.3
380000 986.7
385000 981.3
390000 975.1
395000 877.1
400000 977.1
405000 972.8
410000 979.5
415000 981.2
420000 974.6
425000 980.3
430000 973.7
435000 972.8
440000 977.7
445000 975.3
450000 884.0
455000 880.9
460000 873.6
465000 973.6
470000 970.1
475000 978.5
480000 970.5
485000 980.3
490000 874.9
495000 975.8
500000 970.5
505000 972.8
510000 984.9
515000 979.4
520000 980.7
525000 881.4
530000 978.7
535000 980.0
540000 976.2
545000 975.0
550000 880.0
555000 973.0
560000 978.0
565000 970.0
570000 908.4
575000 881.6
580000 978.2
585000 787.7
590000 977.0
595000 984.2
600000 797.9
605000 975.2
610000 977.0
615000 976.0
620000 984.4
625000 983.3
630000 977.7
635000 978.4
640000 773.8
645000 878.8
650000 973.5
655000 975.3
660000 881.6
665000 883.1
670000 883.8
675000 788.2
680000 978.9
685000 979.0
690000 970.1
695000 976.7
700000 979.2
705000 978.7
710000 881.3
715000 974.8
720000 974.4
725000 981.0
730000 886.4
735000 979.9
740000 884.6
745000 976.9
750000 976.1
755000 979.5
760000 970.6
765000 978.3
770000 882.5
775000 875.7
780000 977.2
785000 977.4
790000 979.3
795000 975.4
800000 879.9
805000 883.4
810000 978.8
815000 869.4
820000 876.5
825000 985.1
830000 969.4
835000 980.2
840000 969.3
845000 976.8
850000 976.7
855000 975.6
860000 976.8
865000 979.3
870000 978.0
875000 982.8
880000 978.1
885000 980.5
890000 978.6
895000 974.5
900000 973.1
905000 979.6
910000 978.9
915000 985.1
920000 979.2
925000 978.1
930000 879.8
935000 971.5
940000 980.1
945000 872.6
950000 976.3
955000 980.2
960000 977.5
965000 973.3
970000 685.5
975000 981.0
980000 974.2
985000 978.3
990000 981.3
995000 984.2
1000000 979.9
