5000 13.1
10000 6.8
15000 5.7
20000 99.1
25000 188.8
30000 382.2
35000 574.2
40000 475.8
45000 483.1
50000 867.4
55000 864.7
60000 964.9
65000 964.3
70000 973.0
75000 869.9
80000 964.1
85000 873.8
90000 862.8
95000 870.6
100000 972.8
105000 966.2
110000 862.6
115000 963.1
120000 961.5
125000 870.7
130000 875.2
135000 970.1
140000 872.8
145000 964.3
150000 971.8
155000 967.7
160000 975.9
165000 949.2
170000 965.7
175000 960.4
180000 961.9
185000 961.6
190000 963.5
195000 872.9
200000 868.5
205000 865.9
210000 972.6
215000 960.9
220000 967.3
225000 965.2
230000 958.9
235000 964.6
240000 967.7
245000 880.9
250000 972.1
255000 963.1
260000 871.6
265000 966.7
270000 970.4
275000 967.1
280000 966.8
285000 868.9
290000 971.1
295000 868.7
300000 778.2
305000 974.9
310000 965.3
315000 958.9
320000 975.3
325000 961.1
330000 975.6
335000 972.7
340000 868.2
345000 972.5
350000 969.6
355000 971.8
360000 958.5
365000 966.2
370000 974.0
375000 968.9
380000 972.4
385000 965.2
390000 970.1
395000 973.0
400000 966.3
405000 964.6
410000 975.7
415000 882.8
420000 970.2
425000 971.8
430000 971.2
435000 784.2
440000 973.7
445000 967.7
450000 973.5
455000 967.1
460000 967.7
465000 775.5
470000 971.7
475000 971.5
480000 965.6
485000 970.2
490000 877.3
495000 963.6
500000 974.2
505000 978.7
510000 971.3
515000 973.6
520000 968.0
525000 881.8
530000 975.7
535000 969.0
540000 979.5
545000 969.1
550000 968.3
555000 876.6
560000 978.1
565000 961.7
570000 975.3
575000 978.7
580000 966.4
585000 970.5
590000 971.9
595000 975.0
600000 966.9
605000 972.0
610000 971.1
615000 975.6
620000 969.2
625000 969.8
630000 974.2
635000 969.0
640000 982.4
645000 773.3
650000 973.4
655000 876.2
660000 975.2
665000 978.6
670000 872.8
675000 967.8
680000 971.0
685000 972.2
690000 974.5
695000 976.4
700000 972.1
705000 971.8
710000 974.3
715000 977.1
720000 975.0
725000 975.0
730000 976.3
735000 970.0
740000 967.5
745000 973.4
750000 973.2
755000 968.9
760000 977.6
765000 969.9
770000 974.7
775000 973.4
780000 971.0
785000 973.6
790000 969.8
795000 965.6
800000 972.0
805000 977.6
810000 972.3
815000 976.1
820000 877.1
825000 876.0
830000 975.6
835000 972.1
840000 974.9
845000 968.4
850000 973.3
855000 974.3
860000 975.0
865000 970.6
870000 976.3
875000 971.1
880000 879.2
885000 975.6
890000 969.8
895000 977.3
900000 974.3
905000 871.6
910000 971.8
915000 981.7
920000 970.3
925000 972.9
930000 973.6
935000 972.6
940000 973.5
945000 972.6
950000 978.8
955000 971.3
960000 971.9
965000 975.5
970000 971.6
975000 974.6
980000 968.4
985000 973.1
990000 975.9
995000 979.5
1000000 974.1
