5000 0.0
10000 13.9
15000 0.0
20000 0.0
25000 98.6
30000 373.0
35000 578.6
40000 486.1
45000 667.7
50000 379.3
55000 753.9
60000 759.5
65000 484.8
70000 481.3
75000 481.6
80000 589.9
85000 768.8
90000 961.2
95000 960.1
100000 858.2
105000 962.2
110000 862.0
115000 960.7
120000 773.8
125000 969.0
130000 863.1
135000 964.0
140000 961.3
145000 971.9
150000 769.9
155000 967.6
160000 961.2
165000 967.8
170000 965.8
175000 867.7
180000 968.9
185000 973.7
190000 965.4
195000 963.6
200000 963.3
205000 965.1
210000 960.4
215000 956.4
220000 871.8
225000 963.9
230000 970.9
235000 872.4
240000 968.1
245000 880.5
250000 960.7
255000 972.7
260000 963.0
265000 969.7
270000 967.1
275000 972.0
280000 883.2
285000 976.6
290000 965.0
295000 967.2
300000 966.9
305000 983.5
310000 977.2
315000 962.4
320000 971.1
325000 765.4
330000 970.9
335000 875.4
340000 973.5
345000 975.1
350000 969.9
355000 972.7
360000 977.6
365000 972.3
370000 959.2
375000 973.4
380000 963.6
385000 881.2
390000 875.3
395000 966.6
400000 969.9
405000 877.9
410000 968.4
415000 977.6
420000 972.0
425000 975.3
430000 966.5
435000 965.5
440000 970.0
445000 965.9
450000 973.0
455000 965.4
460000 968.5
465000 878.0
470000 874.6
475000 973.0
480000 982.5
485000 972.2
490000 971.7
495000 973.3
500000 966.9
505000 969.6
510000 982.1
515000 975.3
520000 972.6
525000 972.7
530000 978.9
535000 961.6
540000 970.4
545000 975.9
550000 880.3
555000 976.2
560000 964.1
565000 872.4
570000 963.5
575000 977.4
580000 971.0
585000 971.1
590000 977.8
595000 977.9
600000 872.9
605000 973.6
610000 975.1
615000 970.8
620000 968.1
625000 880.3
630000 974.1
635000 967.1
640000 886.3
645000 974.5
650000 978.0
655000 972.5
660000 981.0
665000 978.0
670000 984.0
675000 977.6
680000 974.2
685000 981.2
690000 979.1
695000 972.9
700000 975.3
705000 978.4
710000 971.8
715000 879.2
720000 973.9
725000 968.2
730000 976.1
735000 966.2
740000 970.7
745000 979.4
750000 977.6
755000 876.5
760000 972.4
765000 973.5
770000 977.1
775000 875.4
780000 880.4
785000 972.8
790000 976.5
795000 976.2
800000 974.9
805000 979.2
810000 978.4
815000 874.6
820000 972.1
825000 878.8
830000 974.2
835000 972.2
840000 973.0
845000 976.1
850000 975.4
855000 984.3
860000 884.6
865000 876.1
870000 978.5
875000 880.2
880000 973.0
885000 926.7
890000 978.4
895000 982.5
900000 971.3
905000 975.6
910000 976.1
915000 973.2
920000 972.8
925000 975.1
930000 980.0
935000 978.1
940000 880.5
945000 979.9
950000 975.3
955000 976.8
960000 981.0
965000 977.1
970000 971.3
975000 970.8
980000 979.9
985000 976.8
990000 873.1
995000 975.0
1000000 879.7
