5000 2.2
10000 12.5
15000 3.5
20000 95.1
25000 183.6
30000 400.6
35000 563.8
40000 573.9
45000 758.7
50000 847.7
55000 949.6
60000 855.9
65000 856.2
70000 847.9
75000 944.4
80000 955.8
85000 948.2
90000 777.6
95000 761.6
100000 870.4
105000 869.5
110000 962.0
115000 956.0
120000 954.3
125000 862.1
130000 883.6
135000 961.6
140000 759.8
145000 956.6
150000 971.5
155000 863.8
160000 959.8
165000 969.5
170000 962.9
175000 865.7
180000 865.8
185000 967.7
190000 867.5
195000 957.1
200000 768.6
205000 960.4
210000 953.2
215000 859.8
220000 969.1
225000 959.4
230000 959.5
235000 872.4
240000 955.8
245000 872.8
250000 966.6
255000 966.7
260000 960.6
265000 871.3
270000 963.5
275000 953.7
280000 862.7
285000 965.9
290000 954.5
295000 864.5
300000 953.0
305000 967.3
310000 873.1
315000 961.7
320000 960.3
325000 969.1
330000 869.1
335000 966.3
340000 967.6
345000 964.0
350000 953.3
355000 958.8
360000 874.3
365000 775.3
370000 957.9
375000 868.8
380000 763.8
385000 963.5
390000 964.0
395000 972.0
400000 970.9
405000 960.1
410000 961.7
415000 966.0
420000 966.2
425000 962.4
430000 973.6
435000 959.2
440000 963.9
445000 970.9
450000 962.5
455000 969.2
460000 963.7
465000 971.7
470000 976.6
475000 775.0
480000 973.8
485000 971.6
490000 969.6
495000 871.1
500000 975.0
505000 965.7
510000 965.8
515000 972.1
520000 873.2
525000 865.8
530000 978.0
535000 969.8
540000 969.3
545000 966.7
550000 971.8
555000 976.8
560000 970.6
565000 972.4
570000 975.5
575000 970.2
580000 973.7
585000 972.5
590000 970.6
595000 975.2
600000 970.5
605000 978.3
610000 974.8
615000 972.6
620000 974.3
625000 978.8
630000 973.0
635000 978.6
640000 968.4
645000 975.0
650000 971.8
655000 973.9
660000 974.7
665000 971.7
670000 978.0
675000 974.0
680000 976.4
685000 973.0
690000 977.3
695000 971.1
700000 969.2
705000 973.3
710000 978.8
715000 968.8
720000 967.6
725000 970.4
730000 971.6
735000 973.0
740000 974.7
745000 981.9
750000 975.4
755000 874.6
760000 974.8
765000 968.2
770000 978.8
775000 973.0
780000 970.9
785000 970.3
790000 969.7
795000 966.7
800000 965.3
805000 971.1
810000 972.1
815000 968.9
820000 970.3
825000 978.6
830000 971.2
835000 977.2
840000 967.8
845000 967.6
850000 978.1
855000 972.1
860000 972.6
865000 972.4
870000 974.0
875000 973.7
880000 969.0
885000 969.3
890000 973.7
895000 974.4
900000 973.1
905000 972.8
910000 968.6
915000 973.0
920000 976.3
925000 970.4
930000 975.6
935000 974.7
940000 975.1
945000 975.7
950000 972.3
955000 973.3
960000 969.0
965000 975.3
970000 970.4
975000 973.8
980000 975.9
985000 973.5
990000 979.1
995000 978.9
1000000 980.2
