5000 2.3
10000 7.2
15000 0.3
20000 100.7
25000 190.8
30000 570.6
35000 579.4
40000 583.5
45000 871.1
50000 590.2
55000 679.7
60000 582.3
65000 970.1
70000 774.6
75000 875.6
80000 775.2
85000 881.3
90000 775.6
95000 868.8
100000 781.0
105000 971.5
110000 871.8
115000 869.2
120000 683.4
125000 879.9
130000 963.1
135000 880.3
140000 979.3
145000 979.3
150000 781.0
155000 879.5
160000 975.1
165000 973.0
170000 878.5
175000 976.0
180000 970.6
185000 972.7
190000 872.7
195000 977.1
200000 981.2
205000 878.1
210000 876.8
215000 977.3
220000 982.6
225000 874.5
230000 978.6
235000 883.7
240000 966.3
245000 974.5
250000 976.9
255000 971.3
260000 986.3
265000 785.5
270000 982.8
275000 981.3
280000 971.4
285000 973.3
290000 977.6
295000 979.6
300000 875.7
305000 885.9
310000 874.0
315000 977.6
320000 975.6
325000 975.7
330000 878.7
335000 970.9
340000 981.3
345000 971.8
350000 965.9
355000 872.8
360000 980.0
365000 979.2
370000 973.5
375000 974.7
380000 977.0
385000 982.7
390000 981.2
395000 979.6
400000 981.4
405000 784.6
410000 984.2
415000 980.1
420000 972.9
425000 982.9
430000 975.6
435000 979.7
440000 981.0
445000 877.2
450000 982.7
455000 782.7
460000 887.2
465000 980.7
470000 980.3
475000 876.5
480000 980.3
485000 980.2
490000 883.6
495000 968.7
500000 975.2
505000 979.1
510000 980.6
515000 983.8
520000 970.8
525000 979.2
530000 882.1
535000 976.6
540000 981.9
545000 978.4
550000 984.1
555000 974.5
560000 787.1
565000 977.5
570000 894.0
575000 972.2
580000 976.6
585000 978.5
590000 974.3
595000 979.7
600000 977.2
605000 973.3
610000 882.6
615000 984.0
620000 881.3
625000 983.0
630000 978.2
635000 980.6
640000 981.9
645000 977.7
650000 976.4
655000 979.6
660000 980.4
665000 981.4
670000 879.1
675000 886.9
680000 973.0
685000 979.7
690000 981.4
695000 975.3
700000 982.3
705000 983.2
710000 977.9
715000 980.9
720000 977.8
725000 875.7
730000 981.1
735000 982.6
740000 881.9
745000 975.2
750000 980.8
755000 886.1
760000 983.4
765000 849.1
770000 980.2
775000 885.4
780000 982.7
785000 982.4
790000 988.2
795000 978.7
800000 979.6
805000 981.0
810000 981.1
815000 977.5
820000 980.0
825000 878.2
830000 980.1
835000 978.6
840000 785.6
845000 884.5
850000 979.9
855000 984.5
860000 978.2
865000 987.7
870000 974.5
875000 976.5
880000 978.7
885000 981.8
890000 982.6
895000 981.3
900000 976.0
905000 978.6
910000 976.9
915000 974.9
920000 979.7
925000 983.4
930000 982.9
935000 979.7
940000 980.1
945000 976.5
950000 975.9
955000 983.0
960000 985.6
965000 977.0
970000 984.0
975000 980.7
980000 984.4
985000 984.8
990000 978.8
995000 987.1
1000000 982.3
