5000 2.9
10000 1.3
15000 1.8
20000 95.9
25000 0.4
30000 0.0
35000 93.9
40000 568.3
45000 562.9
50000 660.4
55000 676.0
60000 189.2
65000 764.8
70000 664.7
75000 751.9
80000 566.3
85000 480.6
90000 679.6
95000 445.3
100000 573.0
105000 858.0
110000 967.3
115000 477.1
120000 860.9
125000 877.9
130000 864.1
135000 762.6
140000 779.6
145000 858.4
150000 864.8
155000 864.3
160000 860.1
165000 766.4
170000 765.4
175000 957.7
180000 671.4
185000 765.2
190000 857.9
195000 775.5
200000 955.5
205000 863.2
210000 766.9
215000 964.6
220000 961.7
225000 863.6
230000 964.5
235000 672.8
240000 957.7
245000 679.4
250000 965.2
255000 877.7
260000 963.7
265000 963.8
270000 870.7
275000 961.3
280000 968.9
285000 959.2
290000 971.2
295000 766.1
300000 967.5
305000 969.7
310000 969.0
315000 960.4
320000 969.7
325000 970.7
330000 955.8
335000 867.6
340000 867.6
345000 959.1
350000 970.7
355000 963.5
360000 867.8
365000 968.2
370000 875.8
375000 873.9
380000 867.5
385000 962.4
390000 870.7
395000 875.1
400000 970.6
405000 970.3
410000 972.7
415000 970.2
420000 966.6
425000 871.0
430000 971.2
435000 975.9
440000 968.0
445000 868.6
450000 866.8
455000 972.6
460000 970.4
465000 976.2
470000 872.4
475000 973.3
480000 965.7
485000 976.9
490000 967.5
495000 963.8
500000 974.1
505000 971.6
510000 787.5
515000 967.2
520000 974.3
525000 976.6
530000 973.5
535000 974.0
540000 976.4
545000 974.0
550000 971.0
555000 875.9
560000 965.4
565000 877.7
570000 878.6
575000 974.1
580000 970.1
585000 876.2
590000 971.6
595000 975.0
600000 976.6
605000 978.0
610000 973.1
615000 972.4
620000 972.8
625000 874.0
630000 975.5
635000 968.9
640000 972.2
645000 977.3
650000 980.5
655000 979.5
660000 968.2
665000 974.2
670000 981.0
675000 977.2
680000 973.2
685000 973.5
690000 981.9
695000 975.3
700000 971.7
705000 974.8
710000 976.1
715000 974.7
720000 923.6
725000 969.9
730000 978.6
735000 974.3
740000 978.9
745000 977.4
750000 977.0
755000 971.7
760000 973.7
765000 975.8
770000 970.3
775000 967.6
780000 975.5
785000 968.6
790000 974.2
795000 980.5
800000 976.1
805000 978.1
810000 973.3
815000 970.8
820000 971.9
825000 976.0
830000 978.6
835000 975.9
840000 972.3
845000 872.1
850000 978.7
855000 881.9
860000 970.1
865000 978.4
870000 975.3
875000 972.4
880000 980.4
885000 973.9
890000 972.2
895000 975.6
900000 880.1
905000 975.8
910000 973.4
915000 973.4
920000 978.3
925000 976.5
930000 977.1
935000 974.8
940000 977.6
945000 969.4
950000 979.5
955000 977.6
960000 981.8
965000 986.2
970000 974.5
975000 981.0
980000 881.3
985000 971.9
990000 978.7
995000 976.7
1000000 971.8
