5000 112.1
10000 114.8
15000 98.4
20000 56.7
25000 153.4
30000 100.5
35000 63.6
40000 88.3
45000 214.6
50000 66.2
55000 68.6
60000 133.8
65000 84.6
70000 161.7
75000 188.0
80000 193.7
85000 227.5
90000 337.9
95000 295.6
100000 286.8
105000 317.0
110000 306.3
115000 267.5
120000 264.5
125000 262.2
130000 266.6
135000 286.8
140000 303.5
145000 265.0
150000 260.8
155000 280.5
160000 259.6
165000 256.5
170000 368.1
175000 299.6
180000 304.1
185000 367.4
190000 245.2
195000 554.3
200000 333.4
205000 498.8
210000 310.6
215000 321.2
220000 379.5
225000 458.8
230000 589.2
235000 381.0
240000 273.1
245000 247.7
250000 517.2
255000 430.3
260000 378.4
265000 243.3
270000 312.8
275000 433.8
280000 288.8
285000 320.6
290000 316.3
295000 515.4
300000 311.2
305000 456.3
310000 315.7
315000 312.7
320000 340.6
325000 376.5
330000 459.7
335000 320.5
340000 458.4
345000 509.1
350000 392.6
355000 453.1
360000 311.1
365000 670.6
370000 323.2
375000 317.3
380000 534.0
385000 256.1
390000 389.1
395000 326.9
400000 258.8
405000 455.2
410000 325.6
415000 454.0
420000 397.9
425000 392.9
430000 396.1
435000 523.9
440000 467.3
445000 581.3
450000 334.7
455000 400.6
460000 260.2
465000 529.4
470000 469.5
475000 402.0
480000 527.1
485000 263.3
490000 261.0
495000 533.6
500000 327.1
505000 535.5
510000 468.0
515000 333.8
520000 326.6
525000 327.0
530000 405.3
535000 387.4
540000 407.5
545000 398.8
550000 323.3
555000 332.0
560000 468.5
565000 394.3
570000 392.6
575000 329.3
580000 540.7
585000 618.3
590000 334.4
595000 471.7
600000 534.5
605000 403.3
610000 467.2
615000 262.1
620000 677.6
625000 328.7
630000 537.5
635000 472.4
640000 400.8
645000 401.6
650000 269.7
655000 740.7
660000 408.1
665000 408.7
670000 335.3
675000 407.0
680000 266.2
685000 468.9
690000 613.6
695000 414.0
700000 611.5
705000 616.2
710000 341.6
715000 556.6
720000 340.8
725000 623.4
730000 437.8
735000 484.2
740000 693.9
745000 492.0
750000 431.7
755000 436.9
760000 559.6
765000 440.1
770000 633.0
775000 419.5
780000 378.9
785000 569.2
790000 566.9
795000 506.8
800000 451.2
805000 582.2
810000 461.8
815000 397.2
820000 522.2
825000 515.6
830000 445.4
835000 459.5
840000 508.0
845000 374.5
850000 705.9
855000 391.2
860000 444.0
865000 457.6
870000 520.3
875000 454.8
880000 441.7
885000 463.4
890000 698.4
895000 647.2
900000 728.5
905000 508.0
910000 843.4
915000 659.9
920000 907.2
925000 857.8
930000 901.0
935000 855.0
940000 776.1
945000 751.7
950000 905.4
955000 849.9
960000 918.9
965000 902.2
970000 887.8
975000 900.5
980000 909.5
985000 884.1
990000 882.2
995000 823.1
1000000 778.5
