5000 57.2
10000 23.5
15000 101.1
20000 155.1
25000 160.4
30000 157.6
35000 151.5
40000 166.2
45000 149.4
50000 144.4
55000 242.6
60000 257.9
65000 202.7
70000 360.2
75000 319.3
80000 369.4
85000 246.4
90000 185.0
95000 194.9
100000 232.8
105000 333.4
110000 330.8
115000 279.4
120000 321.2
125000 310.0
130000 378.3
135000 374.3
140000 328.0
145000 286.2
150000 339.4
155000 338.0
160000 742.6
165000 636.2
170000 693.4
175000 766.0
180000 791.3
185000 777.9
190000 770.3
195000 716.5
200000 788.9
205000 789.8
210000 799.4
215000 799.3
220000 821.1
225000 784.7
230000 807.6
235000 789.5
240000 817.0
245000 806.7
250000 814.4
255000 814.8
260000 824.2
265000 811.9
270000 749.7
275000 820.5
280000 831.6
285000 835.1
290000 829.5
295000 847.4
300000 817.8
305000 828.5
310000 828.0
315000 827.2
320000 837.5
325000 833.6
330000 846.5
335000 845.9
340000 821.7
345000 838.8
350000 838.6
355000 840.4
360000 832.7
365000 859.7
370000 829.0
375000 839.5
380000 853.9
385000 839.5
390000 849.7
395000 862.6
400000 859.9
405000 858.6
410000 865.8
415000 856.1
420000 829.0
425000 834.1
430000 850.8
435000 854.2
440000 844.1
445000 853.4
450000 855.6
455000 858.4
460000 863.2
465000 832.2
470000 824.7
475000 872.0
480000 851.6
485000 859.1
490000 865.0
495000 826.3
500000 853.6
505000 849.2
510000 854.6
515000 856.3
520000 859.9
525000 845.8
530000 844.2
535000 855.5
540000 853.8
545000 852.8
550000 850.2
555000 851.1
560000 849.1
565000 865.2
570000 856.9
575000 852.4
580000 860.5
585000 856.0
590000 858.9
595000 857.8
600000 835.4
605000 865.4
610000 859.8
615000 851.8
620000 844.5
625000 845.4
630000 861.8
635000 851.6
640000 859.1
645000 856.7
650000 844.2
655000 851.7
660000 844.0
665000 854.8
670000 848.8
675000 862.2
680000 853.0
685000 838.5
690000 857.2
695000 846.6
700000 853.4
705000 856.0
710000 839.9
715000 857.2
720000 848.8
725000 844.8
730000 843.1
735000 858.9
740000 849.7
745000 856.2
750000 860.0
755000 855.5
760000 856.6
765000 868.1
770000 862.0
775000 852.9
780000 852.7
785000 867.1
790000 868.4
795000 859.3
800000 854.8
805000 871.1
810000 861.2
815000 858.4
820000 859.9
825000 853.2
830000 862.2
835000 867.3
840000 839.3
845000 848.1
850000 859.2
855000 866.9
860000 861.9
865000 860.0
870000 869.1
875000 867.5
880000 855.0
885000 852.2
890000 874.5
895000 866.9
900000 876.6
905000 859.2
910000 860.6
915000 851.7
920000 861.6
925000 861.1
930000 854.8
935000 864.4
940000 876.4
945000 865.8
950000 860.4
955000 863.0
960000 861.6
965000 863.5
970000 854.4
975000 851.0
980000 871.2
985000 858.5
990000 860.4
995000 860.9
1000000 870.9
