5000 27.4
10000 17.3
15000 161.0
20000 104.7
25000 5.5
30000 7.4
35000 8.5
40000 220.3
45000 18.0
50000 254.1
55000 301.2
60000 305.0
65000 351.0
70000 227.7
75000 253.9
80000 277.6
85000 282.4
90000 263.4
95000 233.2
100000 332.7
105000 492.1
110000 339.4
115000 335.1
120000 341.2
125000 453.2
130000 289.9
135000 399.0
140000 350.0
145000 411.8
150000 288.9
155000 409.7
160000 416.6
165000 420.1
170000 482.9
175000 234.7
180000 296.0
185000 360.3
190000 429.0
195000 430.7
200000 552.3
205000 234.0
210000 366.0
215000 435.6
220000 437.1
225000 566.8
230000 369.3
235000 441.9
240000 374.8
245000 298.5
250000 371.5
255000 433.6
260000 302.2
265000 431.7
270000 503.8
275000 440.0
280000 300.8
285000 508.5
290000 571.5
295000 438.0
300000 444.7
305000 305.3
310000 305.8
315000 305.5
320000 373.6
325000 302.7
330000 234.7
335000 370.3
340000 368.0
345000 376.1
350000 442.7
355000 308.9
360000 298.5
365000 437.1
370000 236.0
375000 516.1
380000 444.6
385000 377.9
390000 234.0
395000 306.0
400000 236.0
405000 567.2
410000 362.6
415000 439.6
420000 371.5
425000 368.2
430000 305.6
435000 445.1
440000 236.1
445000 580.9
450000 374.3
455000 447.4
460000 590.5
465000 450.1
470000 372.6
475000 439.5
480000 370.2
485000 592.8
490000 304.4
495000 449.0
500000 307.0
505000 371.5
510000 445.6
515000 235.5
520000 656.7
525000 442.7
530000 648.0
535000 514.7
540000 447.8
545000 440.1
550000 515.1
555000 452.0
560000 580.1
565000 303.3
570000 442.9
575000 573.9
580000 370.0
585000 517.9
590000 508.8
595000 902.8
600000 718.1
605000 697.4
610000 757.6
615000 829.3
620000 888.5
625000 895.3
630000 902.4
635000 908.8
640000 884.6
645000 891.0
650000 899.0
655000 895.3
660000 902.6
665000 900.8
670000 887.5
675000 911.3
680000 900.6
685000 897.3
690000 899.5
695000 911.5
700000 908.1
705000 906.2
710000 917.5
715000 910.7
720000 913.3
725000 912.5
730000 898.8
735000 907.4
740000 915.5
745000 914.1
750000 915.0
755000 899.5
760000 908.0
765000 901.6
770000 916.5
775000 919.1
780000 903.9
785000 912.4
790000 901.5
795000 926.0
800000 908.4
805000 912.1
810000 906.0
815000 909.4
820000 907.8
825000 902.1
830000 906.9
835000 929.8
840000 914.9
845000 910.1
850000 897.8
855000 909.7
860000 911.8
865000 913.3
870000 913.5
875000 901.7
880000 912.3
885000 904.3
890000 906.7
895000 903.9
900000 912.4
905000 912.2
910000 914.6
915000 913.3
920000 907.0
925000 911.1
930000 908.9
935000 917.9
940000 918.3
945000 910.3
950000 901.3
955000 920.1
960000 901.3
965000 917.3
970000 904.4
975000 927.8
980000 909.2
985000 918.0
990000 909.2
995000 919.8
1000000 916.2
