5000 65.5
10000 39.8
15000 102.6
20000 153.8
25000 14.0
30000 161.4
35000 115.4
40000 120.3
45000 63.7
50000 114.0
55000 96.0
60000 31.4
65000 129.1
70000 139.2
75000 288.3
80000 343.5
85000 320.0
90000 348.7
95000 313.5
100000 350.1
105000 405.0
110000 449.5
115000 343.0
120000 311.7
125000 302.8
130000 309.6
135000 268.3
140000 285.9
145000 290.1
150000 316.0
155000 314.5
160000 517.8
165000 347.2
170000 332.0
175000 567.6
180000 275.4
185000 351.5
190000 509.0
195000 857.3
200000 837.5
205000 846.7
210000 807.1
215000 816.4
220000 839.7
225000 781.1
230000 813.0
235000 845.0
240000 801.5
245000 864.5
250000 817.6
255000 873.5
260000 826.8
265000 879.8
270000 847.5
275000 832.6
280000 850.2
285000 808.1
290000 822.3
295000 810.2
300000 846.3
305000 842.3
310000 873.1
315000 825.6
320000 865.2
325000 866.1
330000 874.9
335000 870.2
340000 847.7
345000 882.1
350000 877.6
355000 889.9
360000 884.7
365000 852.7
370000 878.1
375000 889.7
380000 876.7
385000 872.2
390000 886.8
395000 904.2
400000 879.5
405000 898.5
410000 883.3
415000 900.9
420000 897.5
425000 884.3
430000 886.6
435000 875.2
440000 913.1
445000 904.0
450000 908.9
455000 886.7
460000 886.8
465000 879.3
470000 882.2
475000 892.8
480000 837.7
485000 928.6
490000 893.0
495000 913.6
500000 914.1
505000 909.8
510000 917.0
515000 911.7
520000 909.8
525000 898.2
530000 895.1
535000 908.5
540000 897.0
545000 918.8
550000 902.5
555000 913.1
560000 899.8
565000 912.6
570000 906.3
575000 898.8
580000 906.1
585000 912.8
590000 843.0
595000 904.6
600000 902.3
605000 907.5
610000 915.5
615000 923.5
620000 921.8
625000 908.0
630000 920.9
635000 921.0
640000 915.8
645000 923.1
650000 906.1
655000 916.4
660000 906.3
665000 932.7
670000 915.5
675000 929.4
680000 917.5
685000 915.4
690000 900.0
695000 908.2
700000 935.9
705000 926.6
710000 917.6
715000 859.9
720000 922.9
725000 893.4
730000 923.6
735000 923.4
740000 919.0
745000 928.5
750000 923.6
755000 919.3
760000 929.5
765000 896.7
770000 904.1
775000 923.6
780000 921.4
785000 916.2
790000 903.6
795000 921.5
800000 900.5
805000 905.6
810000 924.5
815000 909.4
820000 906.0
825000 951.6
830000 935.2
835000 931.9
840000 930.9
845000 912.1
850000 923.3
855000 908.8
860000 926.0
865000 922.0
870000 922.2
875000 928.2
880000 913.6
885000 915.5
890000 910.9
895000 921.6
900000 939.6
905000 936.1
910000 923.3
915000 933.5
920000 918.4
925000 931.1
930000 930.4
935000 923.6
940000 890.0
945000 920.4
950000 932.2
955000 912.2
960000 925.5
965000 910.0
970000 911.6
975000 906.4
980000 912.9
985000 928.6
990000 933.5
995000 917.6
1000000 908.1
