5000 101.8
10000 38.0
15000 56.0
20000 101.6
25000 107.3
30000 21.3
35000 214.0
40000 145.9
45000 74.8
50000 115.6
55000 245.7
60000 116.3
65000 118.5
70000 163.1
75000 213.2
80000 229.2
85000 266.9
90000 170.9
95000 188.1
100000 212.3
105000 131.8
110000 166.4
115000 122.5
120000 121.2
125000 179.3
130000 261.0
135000 176.4
140000 381.3
145000 212.3
150000 335.3
155000 182.6
160000 228.7
165000 134.5
170000 380.8
175000 282.3
180000 274.4
185000 297.2
190000 364.9
195000 236.5
200000 372.2
205000 218.6
210000 378.4
215000 377.1
220000 148.8
225000 275.4
230000 284.8
235000 386.6
240000 290.2
245000 124.1
250000 299.3
255000 203.6
260000 120.8
265000 304.8
270000 317.2
275000 337.6
280000 167.5
285000 315.8
290000 320.8
295000 300.3
300000 474.4
305000 314.6
310000 303.8
315000 307.9
320000 125.2
325000 390.9
330000 235.9
335000 377.7
340000 237.0
345000 640.0
350000 221.3
355000 302.6
360000 321.6
365000 307.2
370000 384.4
375000 253.0
380000 456.9
385000 160.2
390000 223.0
395000 375.7
400000 289.3
405000 220.5
410000 390.4
415000 157.9
420000 321.3
425000 305.1
430000 492.7
435000 546.3
440000 389.2
445000 377.3
450000 322.4
455000 317.1
460000 220.6
465000 375.0
470000 518.1
475000 320.6
480000 310.2
485000 392.6
490000 420.8
495000 119.2
500000 289.5
505000 394.1
510000 511.5
515000 479.2
520000 321.8
525000 210.3
530000 226.6
535000 349.7
540000 415.8
545000 194.4
550000 394.9
555000 126.0
560000 377.0
565000 210.2
570000 464.2
575000 284.4
580000 208.7
585000 376.7
590000 368.6
595000 280.5
600000 445.8
605000 376.3
610000 457.8
615000 543.1
620000 365.2
625000 363.5
630000 542.0
635000 283.8
640000 361.4
645000 362.1
650000 199.1
655000 369.7
660000 545.3
665000 452.9
670000 465.2
675000 387.2
680000 364.6
685000 375.4
690000 542.0
695000 366.9
700000 368.5
705000 206.6
710000 198.6
715000 791.1
720000 458.3
725000 453.8
730000 118.0
735000 521.1
740000 370.2
745000 374.1
750000 119.6
755000 369.9
760000 443.8
765000 535.1
770000 377.5
775000 527.8
780000 375.0
785000 539.4
790000 373.5
795000 284.7
800000 525.6
805000 357.2
810000 617.7
815000 454.4
820000 370.0
825000 204.4
830000 458.9
835000 538.7
840000 521.5
845000 454.1
850000 372.8
855000 380.1
860000 454.3
865000 373.9
870000 199.2
875000 542.7
880000 458.1
885000 377.4
890000 537.6
895000 287.0
900000 452.4
905000 286.0
910000 296.9
915000 203.5
920000 429.0
925000 374.2
930000 285.7
935000 104.1
940000 202.7
945000 53.0
950000 107.1
955000 105.3
960000 380.1
965000 285.7
970000 567.7
975000 288.2
980000 188.4
985000 576.0
990000 191.7
995000 288.5
1000000 581.6
