5000 30.0
10000 30.6
15000 200.1
20000 55.3
25000 153.5
30000 244.7
35000 148.1
40000 218.3
45000 239.3
50000 236.5
55000 269.9
60000 288.0
65000 391.6
70000 480.8
75000 479.1
80000 476.2
85000 487.0
90000 481.9
95000 495.8
100000 552.1
105000 554.5
110000 620.8
115000 610.3
120000 648.5
125000 676.6
130000 672.7
135000 668.3
140000 677.8
145000 700.6
150000 689.7
155000 710.1
160000 697.2
165000 724.9
170000 744.1
175000 769.4
180000 784.9
185000 772.0
190000 786.9
195000 798.1
200000 785.1
205000 786.7
210000 802.2
215000 822.7
220000 810.3
225000 823.6
230000 814.2
235000 827.6
240000 835.9
245000 795.7
250000 865.1
255000 887.3
260000 886.0
265000 878.0
270000 877.1
275000 874.8
280000 860.6
285000 899.2
290000 897.9
295000 863.3
300000 896.8
305000 887.9
310000 889.4
315000 896.5
320000 895.1
325000 912.0
330000 888.2
335000 892.1
340000 902.0
345000 893.5
350000 877.4
355000 881.6
360000 884.8
365000 892.7
370000 906.6
375000 904.7
380000 910.9
385000 890.0
390000 909.3
395000 923.7
400000 895.1
405000 906.5
410000 921.1
415000 905.4
420000 917.5
425000 914.7
430000 920.7
435000 906.4
440000 911.0
445000 906.7
450000 928.2
455000 920.6
460000 920.6
465000 930.0
470000 928.6
475000 926.8
480000 925.4
485000 926.7
490000 911.1
495000 920.7
500000 932.2
505000 929.2
510000 933.5
515000 931.8
520000 924.4
525000 918.9
530000 921.3
535000 924.1
540000 930.9
545000 939.6
550000 934.8
555000 928.8
560000 934.1
565000 932.6
570000 929.1
575000 925.5
580000 946.3
585000 939.2
590000 917.9
595000 935.7
600000 939.9
605000 927.5
610000 933.6
615000 925.2
620000 926.4
625000 937.8
630000 928.2
635000 931.0
640000 929.9
645000 933.7
650000 918.3
655000 930.4
660000 946.6
665000 937.4
670000 932.4
675000 934.5
680000 920.0
685000 923.0
690000 919.8
695000 933.2
700000 933.3
705000 911.4
710000 927.7
715000 931.1
720000 930.4
725000 918.1
730000 935.7
735000 941.8
740000 933.0
745000 944.2
750000 931.0
755000 932.3
760000 932.6
765000 938.5
770000 940.4
775000 941.1
780000 938.6
785000 928.3
790000 935.8
795000 926.1
800000 935.8
805000 930.4
810000 943.4
815000 930.6
820000 935.8
825000 931.5
830000 940.2
835000 940.7
840000 938.4
845000 944.3
850000 936.9
855000 941.2
860000 944.2
865000 931.2
870000 941.7
875000 939.6
880000 937.5
885000 939.8
890000 944.4
895000 937.8
900000 950.4
905000 934.9
910000 929.9
915000 937.9
920000 938.2
925000 935.7
930000 953.7
935000 943.3
940000 929.7
945000 936.9
950000 939.8
955000 944.8
960000 928.0
965000 940.1
970000 936.4
975000 936.0
980000 941.6
985000 932.3
990000 935.6
995000 930.1
1000000 939.8
