5000 36.6
10000 17.1
15000 108.0
20000 105.1
25000 158.1
30000 114.6
35000 67.8
40000 135.9
45000 109.1
50000 23.7
55000 102.9
60000 77.5
65000 102.7
70000 17.0
75000 104.7
80000 135.3
85000 56.5
90000 208.4
95000 45.8
100000 51.9
105000 430.9
110000 484.8
115000 593.2
120000 679.6
125000 667.8
130000 693.5
135000 650.2
140000 705.4
145000 689.0
150000 684.2
155000 734.3
160000 715.0
165000 681.2
170000 757.3
175000 725.2
180000 777.5
185000 801.6
190000 776.3
195000 804.1
200000 790.3
205000 771.3
210000 808.4
215000 830.0
220000 813.1
225000 825.7
230000 817.5
235000 820.5
240000 827.9
245000 812.3
250000 837.0
255000 815.2
260000 807.2
265000 825.0
270000 812.4
275000 844.6
280000 815.7
285000 818.9
290000 826.5
295000 843.9
300000 819.2
305000 830.2
310000 821.3
315000 836.8
320000 798.1
325000 834.2
330000 808.2
335000 822.3
340000 834.4
345000 838.4
350000 845.4
355000 846.6
360000 834.8
365000 816.6
370000 848.9
375000 837.2
380000 856.7
385000 862.5
390000 871.8
395000 838.0
400000 871.2
405000 860.4
410000 858.0
415000 852.3
420000 830.6
425000 828.7
430000 840.1
435000 833.2
440000 852.9
445000 852.0
450000 820.4
455000 848.1
460000 845.3
465000 833.3
470000 845.8
475000 841.6
480000 836.3
485000 819.4
490000 839.7
495000 847.2
500000 830.8
505000 773.3
510000 840.7
515000 847.7
520000 853.1
525000 862.1
530000 844.9
535000 868.6
540000 842.6
545000 846.5
550000 841.6
555000 850.4
560000 843.8
565000 865.7
570000 865.6
575000 848.8
580000 857.6
585000 851.2
590000 876.6
595000 868.6
600000 866.0
605000 849.9
610000 863.0
615000 874.1
620000 851.0
625000 787.2
630000 860.2
635000 869.9
640000 855.1
645000 858.3
650000 856.5
655000 828.5
660000 850.8
665000 863.7
670000 875.4
675000 862.7
680000 860.1
685000 862.0
690000 874.3
695000 865.5
700000 883.7
705000 854.4
710000 870.9
715000 852.0
720000 875.0
725000 858.0
730000 878.5
735000 860.9
740000 865.3
745000 854.4
750000 865.8
755000 882.3
760000 877.3
765000 869.2
770000 859.4
775000 872.5
780000 882.2
785000 871.2
790000 882.3
795000 867.8
800000 826.7
805000 861.9
810000 849.7
815000 866.8
820000 863.4
825000 853.5
830000 841.2
835000 860.0
840000 856.0
845000 870.0
850000 830.7
855000 865.1
860000 850.5
865000 844.4
870000 863.3
875000 862.0
880000 863.6
885000 858.1
890000 862.5
895000 840.4
900000 871.3
905000 884.6
910000 868.2
915000 859.6
920000 865.0
925000 857.3
930000 857.4
935000 880.0
940000 883.4
945000 881.6
950000 862.8
955000 874.0
960000 877.2
965000 847.4
970000 859.5
975000 846.5
980000 864.2
985000 846.9
990000 860.0
995000 775.5
1000000 874.9
