5000 13.8
10000 61.1
15000 12.3
20000 23.0
25000 64.4
30000 6.6
35000 33.6
40000 74.3
45000 35.0
50000 112.3
55000 69.1
60000 174.3
65000 238.2
70000 265.6
75000 285.3
80000 317.2
85000 252.3
90000 261.6
95000 225.5
100000 290.4
105000 265.1
110000 289.6
115000 258.3
120000 308.2
125000 126.4
130000 277.5
135000 316.6
140000 264.1
145000 459.7
150000 473.6
155000 458.8
160000 467.7
165000 462.7
170000 459.6
175000 476.8
180000 470.6
185000 477.4
190000 479.5
195000 472.9
200000 493.8
205000 483.2
210000 487.7
215000 473.3
220000 480.0
225000 478.7
230000 480.5
235000 482.7
240000 476.8
245000 481.0
250000 481.8
255000 486.4
260000 474.2
265000 479.1
270000 479.9
275000 482.1
280000 467.5
285000 476.8
290000 472.4
295000 481.9
300000 464.9
305000 478.6
310000 474.1
315000 479.0
320000 479.9
325000 487.5
330000 485.1
335000 487.8
340000 478.4
345000 479.6
350000 472.9
355000 475.7
360000 477.4
365000 478.6
370000 475.2
375000 484.3
380000 472.4
385000 480.2
390000 475.1
395000 478.6
400000 482.3
405000 472.0
410000 483.5
415000 481.9
420000 484.0
425000 476.1
430000 481.6
435000 474.8
440000 513.7
445000 485.6
450000 552.0
455000 575.0
460000 566.4
465000 569.0
470000 541.7
475000 558.0
480000 574.5
485000 582.1
490000 604.8
495000 604.3
500000 615.3
505000 662.8
510000 649.5
515000 677.0
520000 654.1
525000 681.6
530000 633.6
535000 654.3
540000 650.9
545000 696.2
550000 705.5
555000 688.8
560000 682.1
565000 656.5
570000 717.3
575000 704.6
580000 714.7
585000 727.3
590000 730.9
595000 738.4
600000 719.0
605000 704.9
610000 733.5
615000 750.3
620000 746.4
625000 742.7
630000 735.2
635000 741.8
640000 731.2
645000 764.6
650000 732.5
655000 751.4
660000 755.4
665000 740.4
670000 764.5
675000 743.8
680000 765.1
685000 753.8
690000 776.7
695000 783.2
700000 775.1
705000 774.0
710000 765.3
715000 785.9
720000 774.1
725000 785.8
730000 759.2
735000 783.9
740000 783.0
745000 801.4
750000 788.9
755000 793.3
760000 787.5
765000 793.7
770000 802.8
775000 784.0
780000 804.2
785000 791.9
790000 798.7
795000 783.8
800000 814.3
805000 818.3
810000 808.0
815000 813.8
820000 814.1
825000 815.0
830000 822.6
835000 827.0
840000 821.7
845000 836.1
850000 824.6
855000 826.6
860000 808.0
865000 823.8
870000 822.7
875000 815.9
880000 804.7
885000 847.6
890000 838.4
895000 857.9
900000 822.5
905000 827.3
910000 850.3
915000 833.0
920000 842.8
925000 825.8
930000 849.9
935000 852.2
940000 860.3
945000 866.8
950000 852.9
955000 864.8
960000 855.9
965000 857.1
970000 863.7
975000 872.2
980000 855.5
985000 863.2
990000 864.9
995000 872.6
1000000 862.2
