5000 29.0
10000 45.7
15000 104.4
20000 104.9
25000 203.4
30000 95.8
35000 218.9
40000 42.1
45000 44.4
50000 142.1
55000 60.0
60000 151.5
65000 160.8
70000 68.7
75000 54.2
80000 130.1
85000 137.5
90000 181.5
95000 473.4
100000 461.7
105000 469.2
110000 479.8
115000 477.6
120000 481.0
125000 448.9
130000 483.2
135000 476.8
140000 473.2
145000 483.3
150000 551.7
155000 518.5
160000 547.1
165000 563.3
170000 575.2
175000 603.2
180000 611.0
185000 613.2
190000 570.5
195000 603.6
200000 557.5
205000 615.8
210000 645.0
215000 633.4
220000 590.0
225000 664.2
230000 676.5
235000 695.0
240000 707.1
245000 701.0
250000 721.3
255000 734.8
260000 725.5
265000 722.5
270000 730.8
275000 710.2
280000 722.1
285000 731.6
290000 737.7
295000 732.9
300000 750.0
305000 683.7
310000 750.0
315000 754.9
320000 731.7
325000 765.9
330000 755.7
335000 771.3
340000 769.4
345000 771.7
350000 760.4
355000 793.5
360000 771.9
365000 785.6
370000 789.0
375000 789.3
380000 802.5
385000 776.4
390000 790.7
395000 780.3
400000 789.6
405000 797.6
410000 782.7
415000 757.3
420000 783.9
425000 770.6
430000 789.2
435000 773.3
440000 785.7
445000 786.4
450000 793.1
455000 757.1
460000 798.3
465000 797.7
470000 785.2
475000 798.8
480000 795.3
485000 783.6
490000 793.0
495000 802.6
500000 791.8
505000 798.1
510000 796.8
515000 794.7
520000 802.9
525000 795.0
530000 774.5
535000 786.3
540000 780.4
545000 766.4
550000 799.7
555000 782.5
560000 800.1
565000 813.7
570000 795.0
575000 808.8
580000 787.3
585000 797.6
590000 768.9
595000 793.4
600000 795.2
605000 792.7
610000 769.6
615000 793.8
620000 806.9
625000 789.6
630000 794.7
635000 791.4
640000 779.4
645000 785.8
650000 793.1
655000 801.3
660000 802.9
665000 766.9
670000 789.7
675000 787.8
680000 791.7
685000 797.9
690000 813.0
695000 806.4
700000 800.2
705000 799.5
710000 807.7
715000 793.5
720000 797.0
725000 794.9
730000 794.4
735000 796.4
740000 811.5
745000 800.8
750000 810.8
755000 791.6
760000 805.3
765000 802.5
770000 803.8
775000 810.2
780000 805.8
785000 791.3
790000 822.0
795000 795.5
800000 801.2
805000 814.0
810000 814.0
815000 801.1
820000 807.4
825000 805.0
830000 805.7
835000 810.6
840000 820.7
845000 805.9
850000 804.7
855000 797.9
860000 803.5
865000 811.5
870000 816.4
875000 803.1
880000 803.4
885000 806.3
890000 812.5
895000 810.8
900000 817.8
905000 802.1
910000 814.4
915000 810.5
920000 814.6
925000 816.8
930000 804.4
935000 805.1
940000 805.3
945000 807.9
950000 809.9
955000 818.6
960000 819.9
965000 819.9
970000 813.4
975000 809.9
980000 813.3
985000 815.5
990000 818.7
995000 804.8
1000000 815.7
