5000 37.9
10000 17.5
15000 48.0
20000 203.2
25000 158.1
30000 143.2
35000 147.8
40000 16.0
45000 205.8
50000 185.9
55000 276.5
60000 288.3
65000 248.9
70000 365.1
75000 385.3
80000 371.0
85000 341.8
90000 299.1
95000 237.9
100000 255.2
105000 271.1
110000 366.8
115000 364.4
120000 639.2
125000 708.1
130000 691.7
135000 714.5
140000 708.5
145000 745.0
150000 686.0
155000 771.5
160000 657.6
165000 725.8
170000 735.7
175000 717.8
180000 713.1
185000 726.8
190000 772.6
195000 736.9
200000 746.2
205000 795.5
210000 773.9
215000 821.8
220000 842.1
225000 808.8
230000 820.5
235000 859.2
240000 840.2
245000 822.5
250000 829.8
255000 794.0
260000 781.6
265000 858.7
270000 845.2
275000 863.0
280000 855.0
285000 855.6
290000 810.5
295000 850.5
300000 853.5
305000 832.9
310000 878.5
315000 843.6
320000 846.7
325000 845.6
330000 843.6
335000 844.7
340000 846.5
345000 824.6
350000 142.2
355000 846.3
360000 865.1
365000 829.4
370000 851.9
375000 859.5
380000 862.4
385000 863.0
390000 873.7
395000 859.2
400000 796.1
405000 852.2
410000 873.1
415000 880.1
420000 882.6
425000 844.5
430000 858.1
435000 845.9
440000 885.6
445000 871.8
450000 887.0
455000 884.9
460000 890.4
465000 883.3
470000 883.2
475000 862.7
480000 897.0
485000 876.3
490000 877.3
495000 890.6
500000 896.0
505000 896.3
510000 891.2
515000 894.8
520000 866.2
525000 893.7
530000 897.4
535000 832.3
540000 886.5
545000 866.1
550000 884.6
555000 887.0
560000 902.1
565000 905.1
570000 888.9
575000 884.0
580000 892.3
585000 890.5
590000 889.6
595000 915.6
600000 891.6
605000 895.9
610000 877.8
615000 904.3
620000 893.0
625000 901.2
630000 907.3
635000 905.0
640000 898.7
645000 889.6
650000 894.7
655000 901.7
660000 904.9
665000 904.6
670000 889.9
675000 882.5
680000 896.1
685000 909.4
690000 897.9
695000 906.9
700000 901.6
705000 910.3
710000 915.0
715000 924.7
720000 904.9
725000 889.0
730000 913.4
735000 899.1
740000 905.6
745000 901.1
750000 893.5
755000 927.3
760000 903.5
765000 923.8
770000 926.3
775000 903.3
780000 896.0
785000 904.6
790000 928.0
795000 913.6
800000 918.8
805000 925.0
810000 914.5
815000 906.9
820000 909.7
825000 923.1
830000 906.1
835000 917.2
840000 914.5
845000 911.8
850000 928.3
855000 923.9
860000 926.4
865000 923.2
870000 917.7
875000 922.9
880000 913.1
885000 930.2
890000 903.0
895000 919.4
900000 907.8
905000 917.3
910000 910.7
915000 923.0
920000 925.9
925000 920.0
930000 928.2
935000 918.8
940000 913.7
945000 930.1
950000 912.9
955000 904.8
960000 932.4
965000 918.0
970000 914.8
975000 923.5
980000 941.7
985000 915.6
990000 913.7
995000 906.7
1000000 937.2
