5000 96.8
10000 56.7
15000 3.7
20000 58.8
25000 55.6
30000 55.7
35000 208.5
40000 241.8
45000 164.7
50000 101.2
55000 108.8
60000 73.7
65000 176.1
70000 230.2
75000 305.8
80000 282.7
85000 314.6
90000 287.2
95000 370.5
100000 425.5
105000 337.4
110000 298.0
115000 331.2
120000 240.9
125000 341.9
130000 346.0
135000 347.0
140000 402.2
145000 405.4
150000 401.5
155000 354.9
160000 462.4
165000 358.4
170000 260.1
175000 421.6
180000 388.0
185000 377.0
190000 410.5
195000 685.7
200000 708.6
205000 716.3
210000 751.7
215000 749.9
220000 768.2
225000 764.2
230000 719.2
235000 719.7
240000 759.8
245000 741.8
250000 724.4
255000 805.3
260000 804.4
265000 746.4
270000 793.4
275000 772.8
280000 752.7
285000 802.9
290000 403.4
295000 783.0
300000 771.0
305000 787.4
310000 802.2
315000 798.4
320000 820.2
325000 799.4
330000 808.5
335000 817.3
340000 798.4
345000 812.8
350000 796.7
355000 810.7
360000 825.3
365000 832.4
370000 828.1
375000 815.7
380000 836.0
385000 827.7
390000 839.4
395000 847.2
400000 817.5
405000 835.0
410000 836.7
415000 824.1
420000 843.1
425000 784.5
430000 839.5
435000 813.7
440000 849.6
445000 854.0
450000 850.4
455000 831.8
460000 844.7
465000 824.7
470000 865.4
475000 851.5
480000 876.3
485000 835.1
490000 871.8
495000 854.8
500000 847.2
505000 855.4
510000 860.8
515000 872.9
520000 856.2
525000 860.9
530000 848.3
535000 872.3
540000 858.5
545000 866.8
550000 859.6
555000 849.7
560000 867.2
565000 874.2
570000 850.3
575000 873.9
580000 865.3
585000 856.4
590000 865.2
595000 858.5
600000 854.2
605000 868.1
610000 877.7
615000 862.6
620000 858.2
625000 870.2
630000 876.6
635000 850.3
640000 883.1
645000 874.3
650000 878.9
655000 877.6
660000 884.6
665000 868.3
670000 871.0
675000 854.5
680000 869.6
685000 873.5
690000 872.0
695000 869.2
700000 869.8
705000 869.2
710000 879.4
715000 880.7
720000 849.4
725000 880.3
730000 879.4
735000 872.4
740000 889.3
745000 887.6
750000 875.9
755000 878.7
760000 867.1
765000 882.5
770000 877.6
775000 893.8
780000 876.7
785000 875.8
790000 861.5
795000 868.4
800000 882.6
805000 889.8
810000 879.6
815000 878.7
820000 858.2
825000 881.9
830000 884.7
835000 873.7
840000 880.2
845000 862.4
850000 872.4
855000 896.1
860000 885.1
865000 875.3
870000 882.0
875000 870.7
880000 883.8
885000 891.3
890000 891.2
895000 881.5
900000 883.1
905000 897.5
910000 877.9
915000 887.7
920000 885.2
925000 883.1
930000 884.1
935000 886.6
940000 888.5
945000 885.3
950000 883.8
955000 883.9
960000 891.5
965000 893.9
970000 888.2
975000 885.8
980000 895.6
985000 868.8
990000 893.8
995000 893.6
1000000 887.0
