5000 23.5
10000 58.7
15000 57.4
20000 11.5
25000 148.4
30000 155.3
35000 79.5
40000 118.0
45000 113.5
50000 36.7
55000 40.0
60000 70.4
65000 85.4
70000 20.1
75000 28.5
80000 17.8
85000 107.2
90000 254.9
95000 106.3
100000 141.3
105000 183.5
110000 122.5
115000 423.5
120000 462.3
125000 430.0
130000 447.5
135000 479.0
140000 464.4
145000 464.2
150000 480.1
155000 469.2
160000 467.9
165000 475.6
170000 473.8
175000 471.3
180000 457.1
185000 485.1
190000 468.1
195000 485.4
200000 470.3
205000 471.3
210000 479.0
215000 464.4
220000 474.1
225000 487.2
230000 488.9
235000 484.5
240000 472.2
245000 478.1
250000 480.9
255000 475.2
260000 477.2
265000 481.9
270000 480.5
275000 483.1
280000 483.3
285000 488.8
290000 485.5
295000 475.7
300000 475.9
305000 480.2
310000 488.6
315000 476.4
320000 484.9
325000 478.8
330000 478.3
335000 482.8
340000 480.5
345000 485.2
350000 485.8
355000 484.5
360000 479.7
365000 485.3
370000 472.5
375000 486.0
380000 481.5
385000 488.3
390000 478.3
395000 487.2
400000 477.0
405000 486.5
410000 500.2
415000 519.8
420000 536.6
425000 571.6
430000 621.9
435000 597.3
440000 605.0
445000 619.7
450000 634.1
455000 615.3
460000 599.3
465000 595.0
470000 584.6
475000 592.8
480000 594.8
485000 622.1
490000 623.1
495000 645.8
500000 632.2
505000 630.1
510000 623.0
515000 636.3
520000 642.0
525000 643.3
530000 642.7
535000 651.9
540000 646.6
545000 628.5
550000 644.3
555000 658.1
560000 651.4
565000 645.1
570000 650.4
575000 642.8
580000 650.5
585000 658.2
590000 646.8
595000 652.4
600000 641.7
605000 654.5
610000 644.0
615000 655.5
620000 654.6
625000 654.1
630000 645.6
635000 639.6
640000 654.3
645000 653.7
650000 633.7
655000 652.3
660000 641.5
665000 623.9
670000 665.3
675000 647.7
680000 651.5
685000 666.9
690000 640.4
695000 651.6
700000 637.8
705000 646.5
710000 639.4
715000 656.0
720000 649.1
725000 638.9
730000 653.7
735000 646.0
740000 652.9
745000 652.5
750000 652.8
755000 659.1
760000 663.3
765000 659.6
770000 650.2
775000 669.6
780000 662.9
785000 660.5
790000 666.7
795000 682.3
800000 671.7
805000 673.3
810000 687.8
815000 675.2
820000 688.1
825000 689.9
830000 695.2
835000 694.1
840000 675.3
845000 688.8
850000 686.6
855000 680.3
860000 692.7
865000 680.4
870000 691.4
875000 698.6
880000 679.4
885000 696.6
890000 691.1
895000 684.0
900000 699.9
905000 695.6
910000 690.5
915000 685.5
920000 684.7
925000 664.4
930000 674.9
935000 681.0
940000 680.5
945000 699.8
950000 690.8
955000 690.9
960000 689.9
965000 701.1
970000 697.6
975000 675.3
980000 686.2
985000 688.0
990000 694.2
995000 691.1
1000000 675.7
