5000 58.2
10000 57.8
15000 255.3
20000 154.9
25000 56.5
30000 121.6
35000 27.1
40000 31.3
45000 32.3
50000 137.9
55000 65.1
60000 210.6
65000 93.0
70000 402.8
75000 395.6
80000 467.3
85000 634.5
90000 653.6
95000 541.4
100000 717.1
105000 661.0
110000 689.5
115000 748.5
120000 766.5
125000 752.4
130000 752.0
135000 766.7
140000 759.3
145000 741.1
150000 806.8
155000 815.6
160000 789.6
165000 792.0
170000 804.3
175000 834.8
180000 850.9
185000 849.1
190000 826.4
195000 853.0
200000 863.5
205000 846.8
210000 850.6
215000 836.8
220000 773.2
225000 856.9
230000 857.3
235000 836.8
240000 872.3
245000 850.6
250000 883.4
255000 863.7
260000 865.1
265000 877.9
270000 844.0
275000 857.0
280000 858.2
285000 869.1
290000 862.2
295000 884.7
300000 867.3
305000 886.7
310000 881.6
315000 888.2
320000 889.5
325000 817.2
330000 888.5
335000 890.1
340000 915.1
345000 887.6
350000 900.0
355000 911.6
360000 892.5
365000 908.3
370000 895.7
375000 894.0
380000 830.8
385000 900.5
390000 905.8
395000 906.0
400000 907.3
405000 902.7
410000 888.3
415000 894.0
420000 879.1
425000 923.8
430000 907.2
435000 895.1
440000 928.0
445000 898.8
450000 906.0
455000 896.7
460000 896.7
465000 905.7
470000 906.5
475000 919.9
480000 908.9
485000 901.9
490000 907.2
495000 921.0
500000 917.6
505000 851.8
510000 900.5
515000 911.3
520000 896.7
525000 907.9
530000 927.9
535000 921.8
540000 914.5
545000 918.5
550000 915.0
555000 907.5
560000 920.8
565000 919.2
570000 852.6
575000 918.1
580000 922.1
585000 912.2
590000 919.7
595000 918.2
600000 921.7
605000 929.7
610000 921.3
615000 920.3
620000 936.8
625000 927.3
630000 937.7
635000 935.1
640000 929.8
645000 916.2
650000 905.2
655000 924.3
660000 927.3
665000 920.6
670000 917.7
675000 924.8
680000 929.3
685000 918.3
690000 916.2
695000 918.5
700000 925.5
705000 922.9
710000 924.6
715000 928.8
720000 937.3
725000 925.1
730000 912.4
735000 931.0
740000 925.9
745000 925.7
750000 924.8
755000 933.8
760000 934.4
765000 934.3
770000 926.4
775000 933.9
780000 926.1
785000 930.6
790000 927.0
795000 930.7
800000 932.0
805000 922.1
810000 920.0
815000 925.6
820000 928.3
825000 927.6
830000 947.2
835000 932.4
840000 929.5
845000 920.5
850000 917.9
855000 911.8
860000 943.9
865000 933.0
870000 923.3
875000 927.9
880000 932.9
885000 930.1
890000 933.0
895000 930.5
900000 935.6
905000 934.8
910000 930.6
915000 922.7
920000 931.3
925000 937.9
930000 928.8
935000 927.1
940000 921.8
945000 939.5
950000 929.1
955000 934.7
960000 940.1
965000 929.8
970000 944.3
975000 930.2
980000 942.2
985000 932.0
990000 943.9
995000 927.0
1000000 929.0
