5000 119.2
10000 21.7
15000 55.6
20000 57.1
25000 256.1
30000 107.3
35000 11.4
40000 18.7
45000 100.0
50000 197.3
55000 89.8
60000 364.8
65000 291.3
70000 249.2
75000 469.0
80000 288.8
85000 281.1
90000 490.1
95000 365.5
100000 246.9
105000 484.8
110000 247.3
115000 597.1
120000 771.6
125000 696.9
130000 786.3
135000 813.8
140000 829.0
145000 803.4
150000 834.3
155000 851.7
160000 811.4
165000 823.9
170000 841.4
175000 837.3
180000 857.4
185000 869.4
190000 868.0
195000 880.3
200000 873.2
205000 857.1
210000 909.6
215000 856.8
220000 877.7
225000 895.6
230000 896.8
235000 908.4
240000 908.1
245000 896.0
250000 903.4
255000 894.3
260000 924.4
265000 895.5
270000 908.5
275000 908.6
280000 895.6
285000 897.2
290000 902.2
295000 914.7
300000 899.4
305000 922.0
310000 896.7
315000 905.1
320000 914.2
325000 898.8
330000 903.8
335000 832.8
340000 912.6
345000 810.4
350000 932.4
355000 735.6
360000 909.2
365000 896.9
370000 882.6
375000 900.3
380000 914.1
385000 912.9
390000 909.1
395000 908.8
400000 914.9
405000 915.6
410000 907.6
415000 909.2
420000 891.3
425000 913.4
430000 902.8
435000 909.1
440000 927.9
445000 902.5
450000 914.2
455000 920.9
460000 905.5
465000 923.1
470000 932.6
475000 909.6
480000 912.2
485000 933.4
490000 922.3
495000 902.8
500000 925.6
505000 931.3
510000 913.0
515000 925.5
520000 924.6
525000 934.6
530000 934.2
535000 943.0
540000 919.6
545000 915.6
550000 942.8
555000 911.0
560000 910.5
565000 911.3
570000 921.9
575000 924.2
580000 922.4
585000 913.3
590000 912.0
595000 915.9
600000 918.9
605000 925.3
610000 919.8
615000 927.1
620000 915.5
625000 912.9
630000 918.8
635000 909.8
640000 915.1
645000 890.4
650000 908.5
655000 896.3
660000 908.6
665000 912.4
670000 912.5
675000 926.2
680000 915.3
685000 930.8
690000 928.2
695000 913.9
700000 919.9
705000 924.1
710000 918.3
715000 921.1
720000 931.9
725000 921.6
730000 906.9
735000 918.4
740000 929.8
745000 910.6
750000 913.8
755000 927.9
760000 931.8
765000 921.3
770000 911.6
775000 925.5
780000 931.5
785000 914.3
790000 909.4
795000 909.0
800000 926.7
805000 923.8
810000 917.5
815000 916.3
820000 917.3
825000 938.7
830000 925.8
835000 920.2
840000 904.9
845000 916.9
850000 913.0
855000 916.8
860000 919.3
865000 928.1
870000 914.5
875000 943.4
880000 915.4
885000 917.8
890000 891.6
895000 917.0
900000 925.2
905000 924.4
910000 912.9
915000 920.1
920000 922.6
925000 929.8
930000 907.7
935000 925.6
940000 929.2
945000 937.8
950000 940.5
955000 920.9
960000 928.4
965000 923.5
970000 924.8
975000 913.5
980000 920.7
985000 929.0
990000 922.1
995000 926.7
1000000 924.1
