5000 36.2
10000 28.4
15000 207.0
20000 106.9
25000 103.4
30000 55.0
35000 11.2
40000 20.7
45000 22.2
50000 113.6
55000 147.9
60000 210.6
65000 151.0
70000 96.4
75000 302.3
80000 42.8
85000 101.0
90000 167.1
95000 61.1
100000 234.6
105000 155.8
110000 147.5
115000 164.8
120000 202.3
125000 251.0
130000 327.6
135000 270.5
140000 128.7
145000 217.2
150000 193.5
155000 182.6
160000 199.1
165000 478.9
170000 206.9
175000 330.5
180000 122.9
185000 343.0
190000 286.4
195000 242.0
200000 355.6
205000 138.0
210000 233.1
215000 245.5
220000 248.3
225000 290.4
230000 284.8
235000 170.6
240000 261.9
245000 282.6
250000 272.6
255000 270.8
260000 155.9
265000 194.1
270000 274.3
275000 306.1
280000 293.5
285000 449.0
290000 434.8
295000 313.0
300000 289.1
305000 281.8
310000 301.2
315000 202.9
320000 204.8
325000 226.4
330000 380.7
335000 510.8
340000 314.8
345000 237.2
350000 207.2
355000 416.2
360000 282.9
365000 405.3
370000 368.6
375000 203.3
380000 217.1
385000 456.3
390000 465.2
395000 285.9
400000 368.3
405000 209.1
410000 140.6
415000 282.8
420000 647.1
425000 384.4
430000 243.7
435000 476.3
440000 319.0
445000 449.8
450000 339.4
455000 204.7
460000 400.5
465000 363.4
470000 446.1
475000 385.5
480000 171.3
485000 384.2
490000 402.4
495000 550.4
500000 221.9
505000 484.4
510000 287.0
515000 237.4
520000 474.0
525000 304.1
530000 405.9
535000 271.5
540000 541.4
545000 561.9
550000 585.6
555000 161.2
560000 465.5
565000 286.1
570000 400.3
575000 387.2
580000 385.2
585000 436.7
590000 365.0
595000 119.9
600000 205.7
605000 354.3
610000 370.3
615000 379.4
620000 367.5
625000 172.0
630000 467.4
635000 469.4
640000 465.3
645000 369.4
650000 312.2
655000 347.2
660000 351.4
665000 529.6
670000 382.5
675000 303.2
680000 369.6
685000 451.6
690000 409.7
695000 238.9
700000 387.8
705000 534.2
710000 610.2
715000 347.0
720000 218.7
725000 314.3
730000 460.5
735000 212.3
740000 403.1
745000 253.4
750000 298.1
755000 313.7
760000 292.2
765000 255.6
770000 290.9
775000 637.2
780000 424.2
785000 342.8
790000 707.5
795000 439.6
800000 524.7
805000 562.7
810000 336.7
815000 468.3
820000 670.0
825000 388.3
830000 401.1
835000 604.1
840000 533.3
845000 499.8
850000 622.8
855000 465.8
860000 380.9
865000 383.0
870000 360.0
875000 386.9
880000 293.1
885000 472.4
890000 472.0
895000 315.6
900000 204.6
905000 391.9
910000 401.7
915000 554.4
920000 488.1
925000 561.4
930000 467.9
935000 219.8
940000 438.3
945000 471.4
950000 214.0
955000 635.5
960000 406.3
965000 355.1
970000 467.7
975000 715.2
980000 524.6
985000 418.0
990000 521.5
995000 406.3
1000000 425.7
