5000 28.7
10000 36.1
15000 17.4
20000 20.2
25000 118.3
30000 52.0
35000 193.9
40000 64.6
45000 200.6
50000 60.5
55000 208.9
60000 120.8
65000 163.8
70000 116.2
75000 162.6
80000 158.4
85000 300.1
90000 206.0
95000 238.7
100000 291.7
105000 283.2
110000 334.1
115000 464.5
120000 313.4
125000 420.3
130000 470.5
135000 478.7
140000 473.0
145000 473.7
150000 421.0
155000 462.2
160000 483.2
165000 430.2
170000 350.9
175000 478.5
180000 444.0
185000 447.4
190000 462.5
195000 472.7
200000 401.1
205000 466.5
210000 447.3
215000 424.1
220000 456.8
225000 473.4
230000 474.3
235000 480.6
240000 481.2
245000 455.3
250000 462.8
255000 457.7
260000 479.6
265000 476.3
270000 478.4
275000 470.9
280000 483.5
285000 467.8
290000 481.2
295000 449.5
300000 469.8
305000 474.3
310000 469.5
315000 476.9
320000 479.9
325000 474.4
330000 469.4
335000 462.2
340000 480.7
345000 480.6
350000 474.1
355000 473.5
360000 478.9
365000 483.4
370000 476.4
375000 470.0
380000 479.9
385000 470.8
390000 475.4
395000 447.0
400000 474.9
405000 485.8
410000 472.3
415000 474.2
420000 476.5
425000 478.2
430000 479.0
435000 463.5
440000 456.5
445000 462.3
450000 471.3
455000 487.8
460000 482.5
465000 484.6
470000 474.7
475000 480.8
480000 476.4
485000 480.9
490000 475.6
495000 476.2
500000 470.0
505000 476.4
510000 483.0
515000 476.7
520000 486.6
525000 479.8
530000 476.4
535000 487.5
540000 487.4
545000 493.1
550000 474.3
555000 482.6
560000 479.9
565000 473.6
570000 480.8
575000 469.7
580000 475.4
585000 481.8
590000 482.6
595000 475.9
600000 486.0
605000 484.0
610000 469.6
615000 485.5
620000 487.0
625000 480.6
630000 479.0
635000 471.5
640000 475.9
645000 481.0
650000 479.4
655000 492.0
660000 464.4
665000 485.2
670000 485.6
675000 488.2
680000 489.1
685000 481.2
690000 486.3
695000 474.8
700000 480.8
705000 486.4
710000 482.6
715000 483.0
720000 479.8
725000 482.9
730000 481.9
735000 483.8
740000 475.4
745000 483.2
750000 468.8
755000 485.3
760000 476.0
765000 485.2
770000 484.6
775000 482.6
780000 488.4
785000 479.7
790000 479.6
795000 477.2
800000 473.2
805000 488.7
810000 482.7
815000 485.0
820000 475.7
825000 478.2
830000 483.3
835000 484.3
840000 478.9
845000 487.4
850000 488.2
855000 491.9
860000 482.3
865000 483.7
870000 478.1
875000 471.4
880000 488.5
885000 477.2
890000 476.4
895000 484.5
900000 479.5
905000 483.3
910000 481.1
915000 477.6
920000 483.3
925000 480.2
930000 483.2
935000 481.1
940000 487.0
945000 467.2
950000 485.5
955000 484.0
960000 480.0
965000 486.3
970000 474.2
975000 484.3
980000 484.3
985000 480.0
990000 472.8
995000 483.7
1000000 479.3
