5000 14.8
10000 16.9
15000 58.6
20000 54.2
25000 258.6
30000 218.3
35000 51.0
40000 52.7
45000 61.7
50000 153.1
55000 210.0
60000 156.9
65000 122.1
70000 104.3
75000 83.6
80000 293.2
85000 448.1
90000 199.7
95000 154.7
100000 59.9
105000 107.4
110000 114.1
115000 60.9
120000 253.6
125000 106.4
130000 152.3
135000 112.1
140000 112.3
145000 58.8
150000 154.9
155000 122.3
160000 156.4
165000 118.2
170000 15.7
175000 31.0
180000 48.8
185000 98.9
190000 233.6
195000 301.4
200000 317.5
205000 315.9
210000 205.5
215000 274.9
220000 340.9
225000 411.0
230000 303.5
235000 164.4
240000 304.5
245000 283.4
250000 319.1
255000 258.9
260000 367.9
265000 434.5
270000 313.8
275000 362.7
280000 312.4
285000 306.6
290000 301.9
295000 358.6
300000 298.4
305000 402.6
310000 341.4
315000 344.0
320000 322.4
325000 345.5
330000 383.7
335000 344.3
340000 350.4
345000 403.8
350000 386.3
355000 388.7
360000 477.4
365000 447.6
370000 468.0
375000 447.6
380000 432.4
385000 480.3
390000 474.6
395000 466.5
400000 467.8
405000 478.6
410000 452.8
415000 476.5
420000 479.8
425000 470.9
430000 481.6
435000 468.1
440000 475.8
445000 479.8
450000 475.5
455000 479.6
460000 477.5
465000 471.8
470000 479.6
475000 464.6
480000 474.2
485000 463.2
490000 414.5
495000 464.2
500000 474.9
505000 480.2
510000 471.5
515000 464.2
520000 458.4
525000 462.9
530000 475.8
535000 473.6
540000 472.8
545000 451.8
550000 466.7
555000 482.8
560000 475.8
565000 472.4
570000 468.5
575000 469.4
580000 449.1
585000 464.4
590000 463.1
595000 455.5
600000 470.6
605000 471.4
610000 454.3
615000 448.0
620000 465.1
625000 448.0
630000 439.5
635000 466.8
640000 452.3
645000 468.1
650000 464.4
655000 440.2
660000 384.8
665000 450.7
670000 441.9
675000 461.8
680000 459.6
685000 455.0
690000 448.2
695000 468.6
700000 476.5
705000 469.6
710000 476.8
715000 470.1
720000 473.4
725000 443.0
730000 476.1
735000 482.1
740000 481.5
745000 434.2
750000 471.1
755000 470.4
760000 472.2
765000 464.9
770000 469.9
775000 465.9
780000 476.4
785000 480.7
790000 477.9
795000 473.9
800000 470.0
805000 472.2
810000 484.0
815000 484.9
820000 473.7
825000 464.3
830000 482.8
835000 482.8
840000 484.9
845000 483.0
850000 472.6
855000 475.9
860000 473.4
865000 481.0
870000 488.1
875000 485.7
880000 483.7
885000 480.6
890000 466.0
895000 481.0
900000 475.0
905000 481.4
910000 463.1
915000 476.7
920000 489.6
925000 478.7
930000 483.4
935000 476.4
940000 489.6
945000 478.1
950000 483.7
955000 488.7
960000 481.1
965000 476.9
970000 486.1
975000 484.2
980000 484.3
985000 476.4
990000 487.7
995000 477.7
1000000 476.3
