5000 65.8
10000 114.2
15000 107.2
20000 108.1
25000 108.7
30000 219.8
35000 150.5
40000 32.0
45000 53.6
50000 46.7
55000 122.9
60000 57.7
65000 249.4
70000 242.9
75000 280.4
80000 211.0
85000 500.0
90000 617.8
95000 592.6
100000 708.9
105000 687.1
110000 739.1
115000 734.4
120000 761.5
125000 772.2
130000 720.2
135000 763.0
140000 792.7
145000 748.1
150000 793.2
155000 776.9
160000 782.4
165000 814.5
170000 772.4
175000 744.6
180000 689.3
185000 793.9
190000 769.7
195000 765.9
200000 795.1
205000 797.4
210000 818.7
215000 789.8
220000 807.6
225000 813.3
230000 803.6
235000 832.8
240000 794.6
245000 835.7
250000 819.2
255000 807.4
260000 836.6
265000 789.5
270000 822.0
275000 820.0
280000 842.1
285000 784.8
290000 823.7
295000 774.9
300000 818.9
305000 746.8
310000 832.9
315000 852.8
320000 609.5
325000 836.6
330000 745.0
335000 851.9
340000 831.2
345000 832.3
350000 842.1
355000 860.8
360000 836.9
365000 846.3
370000 859.1
375000 852.8
380000 841.7
385000 861.0
390000 852.0
395000 847.6
400000 847.2
405000 841.8
410000 841.1
415000 839.0
420000 835.8
425000 886.6
430000 843.4
435000 845.6
440000 851.8
445000 857.5
450000 863.5
455000 866.1
460000 857.6
465000 867.5
470000 836.4
475000 864.7
480000 863.6
485000 855.4
490000 865.6
495000 848.3
500000 869.9
505000 851.7
510000 858.9
515000 842.7
520000 841.0
525000 862.2
530000 855.9
535000 852.4
540000 863.9
545000 873.1
550000 871.2
555000 863.7
560000 869.4
565000 870.9
570000 854.8
575000 873.0
580000 855.6
585000 859.9
590000 869.0
595000 863.5
600000 855.4
605000 861.4
610000 854.1
615000 847.1
620000 838.2
625000 873.7
630000 880.4
635000 864.4
640000 858.2
645000 865.0
650000 843.0
655000 868.9
660000 838.2
665000 861.2
670000 853.1
675000 869.1
680000 851.8
685000 836.2
690000 864.0
695000 867.2
700000 867.1
705000 853.2
710000 869.1
715000 873.5
720000 870.3
725000 868.2
730000 865.5
735000 863.6
740000 877.6
745000 864.0
750000 889.5
755000 866.7
760000 889.1
765000 870.8
770000 869.6
775000 873.7
780000 854.0
785000 888.3
790000 878.9
795000 881.8
800000 878.1
805000 876.6
810000 892.3
815000 876.3
820000 861.0
825000 869.7
830000 866.5
835000 858.7
840000 874.9
845000 868.5
850000 866.4
855000 875.7
860000 869.1
865000 872.0
870000 874.6
875000 871.4
880000 870.2
885000 878.2
890000 881.2
895000 877.9
900000 874.8
905000 884.7
910000 874.9
915000 887.7
920000 883.6
925000 858.3
930000 873.8
935000 871.1
940000 862.3
945000 885.0
950000 876.6
955000 906.0
960000 876.9
965000 891.7
970000 878.7
975000 875.7
980000 883.3
985000 880.9
990000 882.6
995000 874.6
1000000 891.6
