5000 40.4
10000 68.6
15000 8.2
20000 57.1
25000 212.3
30000 58.7
35000 20.5
40000 21.1
45000 133.7
50000 228.6
55000 219.6
60000 251.3
65000 228.9
70000 303.7
75000 253.7
80000 291.9
85000 243.5
90000 289.6
95000 340.1
100000 304.2
105000 319.9
110000 156.4
115000 729.7
120000 652.5
125000 783.5
130000 752.7
135000 795.3
140000 834.3
145000 806.4
150000 809.1
155000 841.9
160000 829.4
165000 826.5
170000 821.5
175000 839.9
180000 837.8
185000 835.0
190000 829.3
195000 860.2
200000 869.0
205000 881.9
210000 874.9
215000 866.3
220000 876.7
225000 870.7
230000 849.0
235000 906.4
240000 876.4
245000 852.9
250000 889.7
255000 874.5
260000 896.5
265000 876.6
270000 883.1
275000 884.2
280000 905.6
285000 878.7
290000 891.7
295000 898.7
300000 917.8
305000 905.8
310000 899.3
315000 901.1
320000 891.9
325000 880.7
330000 921.0
335000 888.0
340000 911.2
345000 913.9
350000 903.9
355000 912.3
360000 902.3
365000 942.3
370000 912.6
375000 919.2
380000 925.8
385000 898.7
390000 942.1
395000 923.5
400000 895.7
405000 912.8
410000 925.4
415000 924.1
420000 929.8
425000 925.6
430000 897.5
435000 926.9
440000 924.9
445000 932.0
450000 925.6
455000 924.8
460000 939.8
465000 912.1
470000 908.0
475000 936.2
480000 924.7
485000 935.6
490000 927.9
495000 941.9
500000 915.1
505000 921.1
510000 907.9
515000 917.2
520000 896.5
525000 928.6
530000 916.7
535000 928.1
540000 918.1
545000 910.9
550000 929.8
555000 888.7
560000 934.1
565000 935.6
570000 931.5
575000 924.3
580000 924.0
585000 937.3
590000 935.1
595000 935.8
600000 938.2
605000 932.7
610000 928.1
615000 934.2
620000 933.6
625000 936.3
630000 928.1
635000 916.1
640000 935.0
645000 931.8
650000 921.2
655000 942.3
660000 939.4
665000 935.0
670000 947.9
675000 940.2
680000 915.4
685000 931.9
690000 939.7
695000 909.2
700000 942.8
705000 901.1
710000 948.6
715000 918.9
720000 933.9
725000 940.7
730000 943.6
735000 926.5
740000 927.9
745000 938.9
750000 942.5
755000 920.2
760000 925.2
765000 936.4
770000 943.6
775000 917.0
780000 941.0
785000 921.8
790000 920.8
795000 952.9
800000 932.3
805000 949.2
810000 929.4
815000 931.2
820000 936.5
825000 926.9
830000 942.4
835000 946.2
840000 952.3
845000 941.6
850000 934.8
855000 947.6
860000 938.3
865000 923.1
870000 912.9
875000 929.4
880000 944.0
885000 923.2
890000 938.5
895000 932.9
900000 929.2
905000 931.0
910000 932.0
915000 944.5
920000 940.2
925000 930.8
930000 922.8
935000 934.2
940000 941.7
945000 919.3
950000 940.9
955000 925.2
960000 940.0
965000 940.0
970000 929.2
975000 929.4
980000 936.0
985000 929.5
990000 932.5
995000 930.5
1000000 925.8
