5000 35.5
10000 74.8
15000 81.4
20000 99.1
25000 106.4
30000 110.0
35000 155.7
40000 85.9
45000 149.5
50000 133.3
55000 103.7
60000 87.7
65000 137.3
70000 117.5
75000 143.1
80000 130.5
85000 95.1
90000 124.6
95000 89.1
100000 252.4
105000 70.0
110000 195.2
115000 186.0
120000 71.4
125000 146.4
130000 169.6
135000 237.3
140000 79.6
145000 206.9
150000 206.6
155000 301.7
160000 114.8
165000 302.3
170000 134.7
175000 459.5
180000 277.2
185000 213.4
190000 298.7
195000 131.6
200000 460.2
205000 384.7
210000 649.1
215000 215.0
220000 392.0
225000 127.0
230000 404.6
235000 201.4
240000 416.4
245000 389.7
250000 490.8
255000 403.0
260000 308.4
265000 429.0
270000 551.4
275000 150.1
280000 532.2
285000 293.5
290000 553.1
295000 218.8
300000 290.9
305000 563.4
310000 275.1
315000 623.9
320000 621.2
325000 544.0
330000 543.1
335000 699.8
340000 540.7
345000 533.2
350000 600.1
355000 727.0
360000 447.3
365000 455.1
370000 528.3
375000 701.8
380000 451.6
385000 181.2
390000 451.8
395000 614.8
400000 632.2
405000 357.9
410000 452.0
415000 708.8
420000 458.4
425000 457.5
430000 628.3
435000 622.4
440000 733.4
445000 459.9
450000 546.2
455000 711.4
460000 643.2
465000 725.0
470000 638.2
475000 452.3
480000 737.5
485000 792.1
490000 370.6
495000 629.8
500000 547.9
505000 830.9
510000 635.8
515000 639.4
520000 469.4
525000 904.0
530000 728.2
535000 802.4
540000 552.0
545000 738.7
550000 557.5
555000 733.0
560000 731.0
565000 456.1
570000 634.3
575000 551.4
580000 452.5
585000 548.6
590000 470.2
595000 723.9
600000 636.9
605000 642.6
610000 716.7
615000 799.1
620000 361.7
625000 722.9
630000 717.4
635000 461.1
640000 710.4
645000 463.8
650000 801.9
655000 647.7
660000 628.9
665000 366.2
670000 464.5
675000 549.4
680000 542.8
685000 736.4
690000 627.0
695000 649.2
700000 635.4
705000 827.8
710000 644.3
715000 824.3
720000 638.2
725000 632.1
730000 452.3
735000 641.1
740000 703.6
745000 551.6
750000 549.1
755000 549.2
760000 635.9
765000 458.2
770000 651.9
775000 635.9
780000 738.8
785000 635.6
790000 648.1
795000 792.2
800000 917.2
805000 651.0
810000 641.5
815000 713.7
820000 816.8
825000 740.5
830000 907.3
835000 547.5
840000 455.0
845000 836.3
850000 639.5
855000 277.6
860000 738.9
865000 744.9
870000 625.2
875000 650.4
880000 643.5
885000 565.3
890000 645.9
895000 815.1
900000 627.3
905000 638.4
910000 627.0
915000 637.2
920000 738.1
925000 656.7
930000 377.5
935000 462.4
940000 474.0
945000 734.7
950000 741.4
955000 556.1
960000 551.9
965000 740.6
970000 552.0
975000 735.7
980000 737.2
985000 924.4
990000 575.7
995000 904.2
1000000 815.5
