5000 0.0
10000 0.0
15000 0.0
20000 0.0
25000 0.2
30000 0.5
35000 0.1
40000 0.0
45000 0.2
50000 0.0
55000 0.1
60000 0.0
65000 0.0
70000 0.0
75000 0.0
80000 0.0
85000 0.0
90000 0.0
95000 0.2
100000 0.3
105000 0.6
110000 0.0
115000 1.2
120000 0.2
125000 0.1
130000 0.1
135000 0.7
140000 0.0
145000 0.6
150000 0.9
155000 0.4
160000 0.0
165000 0.2
170000 0.0
175000 0.0
180000 0.1
185000 0.6
190000 0.7
195000 0.1
200000 0.0
205000 0.0
210000 2.0
215000 0.0
220000 0.4
225000 0.0
230000 0.5
235000 1.4
240000 0.7
245000 0.4
250000 0.6
255000 0.0
260000 1.5
265000 1.2
270000 0.4
275000 0.0
280000 0.8
285000 0.8
290000 0.7
295000 0.0
300000 0.0
305000 1.1
310000 0.1
315000 1.9
320000 2.0
325000 0.0
330000 0.0
335000 0.9
340000 0.9
345000 0.2
350000 0.0
355000 0.0
360000 1.1
365000 1.9
370000 0.0
375000 1.4
380000 1.0
385000 1.9
390000 0.0
395000 0.0
400000 1.3
405000 0.9
410000 0.0
415000 1.8
420000 0.7
425000 0.0
430000 1.5
435000 0.2
440000 1.3
445000 1.2
450000 0.4
455000 1.0
460000 0.0
465000 0.5
470000 0.0
475000 0.0
480000 1.0
485000 0.7
490000 0.0
495000 0.0
500000 1.2
505000 2.2
510000 0.0
515000 2.1
520000 0.8
525000 1.0
530000 0.0
535000 0.4
540000 1.2
545000 1.2
550000 2.0
555000 1.2
560000 0.1
565000 0.7
570000 1.0
575000 0.0
580000 2.2
585000 0.8
590000 1.0
595000 0.7
600000 1.4
605000 0.5
610000 1.5
615000 0.5
620000 1.4
625000 1.9
630000 3.0
635000 2.7
640000 0.2
645000 1.7
650000 0.1
655000 0.2
660000 1.6
665000 1.3
670000 0.0
675000 0.0
680000 1.3
685000 3.4
690000 1.1
695000 0.3
700000 1.8
705000 1.6
710000 0.0
715000 0.6
720000 1.7
725000 0.7
730000 0.0
735000 0.0
740000 1.9
745000 0.8
750000 1.4
755000 1.6
760000 0.5
765000 2.7
770000 0.1
775000 3.6
780000 0.0
785000 2.2
790000 0.0
795000 0.0
800000 1.2
805000 1.0
810000 0.1
815000 2.2
820000 0.0
825000 0.8
830000 0.1
835000 1.1
840000 0.7
845000 1.0
850000 0.9
855000 0.1
860000 1.4
865000 1.7
870000 0.2
875000 1.6
880000 0.1
885000 1.5
890000 0.5
895000 1.5
900000 2.1
905000 0.0
910000 0.9
915000 1.5
920000 0.2
925000 0.0
930000 0.0
935000 0.0
940000 1.9
945000 1.0
950000 1.6
955000 1.1
960000 0.0
965000 0.0
970000 1.8
975000 1.5
980000 3.7
985000 1.6
990000 1.2
995000 1.2
1000000 1.3
