5000 0.0
10000 0.0
15000 0.2
20000 0.0
25000 0.0
30000 0.0
35000 1.4
40000 1.1
45000 2.1
50000 0.1
55000 0.9
60000 0.0
65000 0.0
70000 0.0
75000 1.0
80000 0.1
85000 0.9
90000 0.0
95000 0.1
100000 0.1
105000 0.0
110000 11.4
115000 0.6
120000 6.1
125000 6.3
130000 15.9
135000 17.4
140000 20.8
145000 13.5
150000 38.2
155000 41.4
160000 45.6
165000 53.9
170000 72.3
175000 35.0
180000 61.5
185000 49.1
190000 50.5
195000 87.2
200000 68.6
205000 52.3
210000 67.2
215000 51.3
220000 39.8
225000 54.6
230000 50.1
235000 64.3
240000 50.8
245000 41.3
250000 86.0
255000 43.6
260000 74.1
265000 30.1
270000 28.2
275000 44.3
280000 30.1
285000 87.4
290000 72.5
295000 74.7
300000 60.3
305000 44.1
310000 73.9
315000 14.9
320000 76.7
325000 105.8
330000 91.7
335000 76.1
340000 90.8
345000 46.9
350000 45.9
355000 75.6
360000 89.4
365000 31.0
370000 106.3
375000 45.5
380000 46.5
385000 31.0
390000 122.7
395000 14.5
400000 74.1
405000 30.5
410000 61.1
415000 15.5
420000 106.1
425000 76.1
430000 45.8
435000 78.0
440000 107.0
445000 107.9
450000 77.7
455000 107.8
460000 46.0
465000 46.2
470000 77.4
475000 46.0
480000 77.5
485000 93.4
490000 62.2
495000 15.3
500000 46.8
505000 93.7
510000 76.0
515000 62.6
520000 93.8
525000 45.5
530000 78.8
535000 110.3
540000 93.2
545000 61.9
550000 108.3
555000 77.9
560000 109.9
565000 63.6
570000 46.3
575000 77.7
580000 30.8
585000 62.7
590000 78.5
595000 110.0
600000 46.5
605000 31.2
610000 62.4
615000 79.0
620000 76.7
625000 93.5
630000 46.2
635000 47.1
640000 30.8
645000 95.2
650000 112.6
655000 79.7
660000 108.7
665000 47.4
670000 46.9
675000 93.6
680000 63.7
685000 80.3
690000 31.5
695000 94.7
700000 63.3
705000 97.3
710000 111.8
715000 48.1
720000 62.6
725000 62.8
730000 95.0
735000 64.3
740000 63.7
745000 94.0
750000 97.4
755000 78.9
760000 79.2
765000 63.4
770000 97.7
775000 48.5
780000 95.8
785000 80.0
790000 96.3
795000 113.1
800000 94.1
805000 62.9
810000 31.7
815000 63.7
820000 81.2
825000 16.1
830000 79.1
835000 32.3
840000 62.8
845000 78.8
850000 94.4
855000 95.9
860000 48.1
865000 49.1
870000 65.0
875000 80.2
880000 82.4
885000 79.4
890000 63.8
895000 97.1
900000 49.2
905000 63.6
910000 98.0
915000 81.9
920000 65.7
925000 64.3
930000 80.6
935000 128.6
940000 65.0
945000 96.2
950000 65.1
955000 113.3
960000 49.2
965000 64.5
970000 81.5
975000 65.3
980000 114.0
985000 99.8
990000 32.3
995000 64.2
1000000 64.5
