5000 0.0
10000 0.0
15000 0.0
20000 0.1
25000 0.0
30000 0.1
35000 0.0
40000 0.4
45000 0.4
50000 0.0
55000 1.0
60000 0.0
65000 0.0
70000 0.0
75000 1.8
80000 0.4
85000 0.0
90000 25.1
95000 16.6
100000 25.8
105000 93.8
110000 36.9
115000 46.6
120000 33.9
125000 97.5
130000 38.7
135000 95.6
140000 75.6
145000 100.7
150000 18.3
155000 40.3
160000 78.6
165000 59.7
170000 119.2
175000 81.1
180000 122.2
185000 60.6
190000 80.4
195000 162.0
200000 40.0
205000 20.4
210000 34.9
215000 71.8
220000 81.5
225000 41.4
230000 142.9
235000 84.9
240000 106.4
245000 42.7
250000 151.4
255000 107.7
260000 147.7
265000 43.1
270000 109.3
275000 106.5
280000 150.1
285000 43.7
290000 43.1
295000 87.1
300000 110.5
305000 87.5
310000 111.7
315000 110.3
320000 67.0
325000 111.7
330000 66.7
335000 134.4
340000 45.8
345000 43.5
350000 68.0
355000 112.7
360000 209.5
365000 93.1
370000 67.2
375000 135.9
380000 90.2
385000 22.8
390000 138.5
395000 91.1
400000 93.6
405000 0.0
410000 94.0
415000 161.9
420000 138.2
425000 94.1
430000 92.7
435000 118.2
440000 142.7
445000 113.6
450000 95.0
455000 91.4
460000 47.4
465000 118.1
470000 91.5
475000 116.7
480000 141.2
485000 166.4
490000 46.6
495000 141.8
500000 163.2
505000 191.8
510000 142.7
515000 141.2
520000 168.6
525000 119.5
530000 144.3
535000 190.0
540000 47.7
545000 166.2
550000 119.2
555000 145.7
560000 144.7
565000 121.6
570000 96.8
575000 97.3
580000 141.5
585000 143.5
590000 72.6
595000 72.8
600000 120.7
605000 96.4
610000 96.2
615000 120.7
620000 47.6
625000 96.6
630000 121.0
635000 118.9
640000 122.5
645000 121.8
650000 142.9
655000 145.4
660000 146.6
665000 145.2
670000 73.3
675000 173.8
680000 122.4
685000 146.7
690000 172.7
695000 122.1
700000 49.0
705000 72.6
710000 120.4
715000 147.0
720000 146.6
725000 121.0
730000 147.4
735000 147.7
740000 120.9
745000 146.9
750000 147.8
755000 124.1
760000 122.2
765000 146.2
770000 121.7
775000 74.8
780000 95.4
785000 149.0
790000 96.8
795000 147.2
800000 73.9
805000 123.3
810000 123.8
815000 76.1
820000 99.6
825000 122.8
830000 148.1
835000 74.4
840000 124.7
845000 174.4
850000 144.5
855000 97.1
860000 173.1
865000 123.7
870000 100.1
875000 75.9
880000 197.6
885000 125.8
890000 149.2
895000 150.7
900000 75.2
905000 174.5
910000 146.8
915000 150.5
920000 125.6
925000 101.4
930000 173.2
935000 151.1
940000 151.5
945000 99.8
950000 175.9
955000 100.4
960000 127.1
965000 124.6
970000 149.3
975000 100.4
980000 100.7
985000 149.6
990000 150.8
995000 102.4
1000000 152.7
