5000 0.0
10000 0.0
15000 0.1
20000 0.0
25000 0.6
30000 0.0
35000 0.0
40000 0.0
45000 0.0
50000 0.1
55000 0.0
60000 0.0
65000 0.4
70000 0.0
75000 0.0
80000 0.0
85000 0.0
90000 0.0
95000 0.1
100000 0.0
105000 0.0
110000 0.0
115000 0.0
120000 0.0
125000 0.0
130000 0.0
135000 0.0
140000 0.0
145000 0.0
150000 0.1
155000 0.1
160000 0.1
165000 0.0
170000 0.0
175000 0.0
180000 0.0
185000 0.0
190000 0.0
195000 0.1
200000 0.0
205000 0.0
210000 0.0
215000 0.2
220000 0.0
225000 0.0
230000 0.1
235000 0.0
240000 0.0
245000 0.0
250000 0.0
255000 0.1
260000 0.0
265000 0.0
270000 0.0
275000 0.0
280000 0.0
285000 0.0
290000 0.0
295000 0.0
300000 0.1
305000 0.2
310000 0.1
315000 0.0
320000 0.0
325000 0.0
330000 0.0
335000 0.0
340000 0.0
345000 0.8
350000 0.1
355000 0.0
360000 0.0
365000 0.0
370000 0.0
375000 0.0
380000 0.0
385000 0.0
390000 0.0
395000 0.2
400000 0.0
405000 0.0
410000 0.0
415000 0.0
420000 0.0
425000 0.0
430000 0.0
435000 0.0
440000 0.0
445000 0.0
450000 0.0
455000 0.0
460000 0.1
465000 0.0
470000 0.0
475000 0.0
480000 0.0
485000 0.2
490000 0.0
495000 0.0
500000 0.0
505000 0.0
510000 0.0
515000 0.0
520000 0.0
525000 0.0
530000 0.0
535000 0.0
540000 0.0
545000 0.0
550000 0.0
555000 0.0
560000 0.0
565000 0.0
570000 0.0
575000 0.0
580000 0.0
585000 0.0
590000 0.0
595000 0.0
600000 0.0
605000 0.0
610000 0.0
615000 0.0
620000 0.0
625000 0.0
630000 0.0
635000 0.0
640000 0.0
645000 0.0
650000 0.0
655000 0.1
660000 0.0
665000 0.0
670000 0.0
675000 0.0
680000 0.4
685000 0.0
690000 0.0
695000 0.0
700000 0.0
705000 0.0
710000 0.0
715000 0.0
720000 0.0
725000 0.0
730000 0.0
735000 0.0
740000 0.0
745000 0.0
750000 0.0
755000 0.0
760000 0.0
765000 0.0
770000 0.0
775000 0.0
780000 0.0
785000 0.0
790000 0.0
795000 0.0
800000 0.0
805000 0.0
810000 0.0
815000 0.0
820000 0.0
825000 0.0
830000 0.0
835000 0.2
840000 0.3
845000 0.9
850000 0.7
855000 0.0
860000 0.1
865000 0.1
870000 0.1
875000 0.0
880000 0.0
885000 0.2
890000 0.0
895000 0.0
900000 0.1
905000 0.0
910000 0.0
915000 0.0
920000 0.3
925000 0.0
930000 0.0
935000 0.0
940000 0.0
945000 0.0
950000 0.0
955000 0.1
960000 0.1
965000 0.0
970000 0.0
975000 0.0
980000 0.0
985000 0.0
990000 0.0
995000 0.0
1000000 0.0
