5000 0.0
10000 0.0
15000 0.0
20000 0.0
25000 0.0
30000 0.0
35000 0.0
40000 0.0
45000 0.1
50000 0.4
55000 0.0
60000 0.0
65000 0.0
70000 2.0
75000 2.6
80000 0.0
85000 1.8
90000 0.0
95000 0.0
100000 1.1
105000 1.4
110000 0.1
115000 1.9
120000 1.4
125000 1.1
130000 1.4
135000 1.0
140000 0.0
145000 13.6
150000 11.6
155000 57.1
160000 56.2
165000 59.0
170000 24.4
175000 59.0
180000 59.2
185000 35.9
190000 59.7
195000 72.7
200000 34.2
205000 24.0
210000 36.6
215000 12.1
220000 37.8
225000 51.8
230000 77.8
235000 66.1
240000 54.3
245000 37.0
250000 53.6
255000 13.4
260000 40.0
265000 67.1
270000 51.9
275000 26.2
280000 66.7
285000 39.2
290000 67.4
295000 41.0
300000 54.2
305000 52.3
310000 72.9
315000 27.6
320000 68.8
325000 57.1
330000 80.8
335000 87.3
340000 45.7
345000 57.2
350000 90.4
355000 89.3
360000 73.1
365000 59.1
370000 14.6
375000 58.9
380000 87.3
385000 74.9
390000 60.1
395000 61.5
400000 58.2
405000 76.3
410000 92.8
415000 61.2
420000 15.4
425000 29.9
430000 45.6
435000 29.8
440000 75.5
445000 76.1
450000 74.9
455000 89.6
460000 75.7
465000 75.8
470000 77.1
475000 62.3
480000 60.2
485000 45.7
490000 110.0
495000 140.1
500000 77.3
505000 77.7
510000 61.1
515000 107.7
520000 46.2
525000 73.5
530000 61.5
535000 63.2
540000 77.8
545000 46.8
550000 61.1
555000 77.9
560000 94.8
565000 63.4
570000 30.5
575000 94.8
580000 76.5
585000 46.2
590000 61.4
595000 0.0
600000 48.0
605000 78.5
610000 62.5
615000 62.8
620000 49.8
625000 112.4
630000 78.8
635000 111.3
640000 63.5
645000 46.5
650000 78.4
655000 61.6
660000 63.4
665000 80.4
670000 81.6
675000 47.3
680000 65.3
685000 125.2
690000 48.9
695000 113.3
700000 48.5
705000 32.5
710000 82.3
715000 64.2
720000 49.6
725000 82.3
730000 110.0
735000 79.0
740000 81.3
745000 67.1
750000 97.9
755000 145.7
760000 47.7
765000 81.0
770000 98.9
775000 81.5
780000 98.8
785000 80.1
790000 65.5
795000 65.7
800000 98.4
805000 84.3
810000 48.2
815000 66.1
820000 131.7
825000 64.8
830000 132.6
835000 117.0
840000 152.2
845000 100.0
850000 50.8
855000 83.9
860000 78.9
865000 32.0
870000 67.5
875000 101.5
880000 85.6
885000 83.1
890000 66.4
895000 103.2
900000 49.9
905000 118.0
910000 119.0
915000 133.9
920000 68.7
925000 117.8
930000 101.1
935000 85.6
940000 102.8
945000 52.6
950000 51.5
955000 102.5
960000 102.0
965000 50.5
970000 102.9
975000 119.1
980000 102.6
985000 84.4
990000 103.1
995000 101.8
1000000 67.7
