5000 0.0
10000 0.1
15000 0.0
20000 0.0
25000 0.0
30000 0.0
35000 0.0
40000 0.0
45000 0.8
50000 0.0
55000 1.3
60000 0.0
65000 0.5
70000 0.0
75000 0.0
80000 0.0
85000 0.0
90000 1.1
95000 0.0
100000 0.0
105000 0.0
110000 0.0
115000 0.0
120000 0.0
125000 0.1
130000 0.0
135000 0.4
140000 0.0
145000 0.0
150000 0.0
155000 1.1
160000 0.2
165000 0.0
170000 0.1
175000 0.0
180000 0.0
185000 0.2
190000 0.8
195000 1.0
200000 0.7
205000 0.4
210000 0.0
215000 0.0
220000 0.3
225000 0.0
230000 0.4
235000 0.1
240000 0.0
245000 1.9
250000 0.5
255000 0.5
260000 0.3
265000 0.2
270000 0.0
275000 0.0
280000 0.0
285000 0.2
290000 2.2
295000 1.9
300000 0.0
305000 0.0
310000 0.0
315000 0.4
320000 0.3
325000 0.0
330000 1.7
335000 2.6
340000 2.5
345000 0.2
350000 3.3
355000 1.0
360000 1.9
365000 0.0
370000 0.3
375000 0.0
380000 2.2
385000 1.8
390000 3.1
395000 0.8
400000 3.0
405000 0.0
410000 0.0
415000 3.2
420000 0.9
425000 0.4
430000 2.2
435000 2.8
440000 1.1
445000 1.2
450000 1.2
455000 7.0
460000 0.0
465000 1.3
470000 0.1
475000 0.7
480000 0.0
485000 1.4
490000 1.4
495000 0.0
500000 1.0
505000 1.4
510000 0.0
515000 0.0
520000 0.5
525000 11.2
530000 8.7
535000 1.8
540000 8.4
545000 10.1
550000 1.6
555000 13.6
560000 2.0
565000 7.1
570000 9.0
575000 25.0
580000 16.1
585000 31.3
590000 47.4
595000 44.1
600000 0.0
605000 33.9
610000 45.8
615000 37.6
620000 60.3
625000 27.3
630000 36.6
635000 19.6
640000 59.6
645000 39.5
650000 49.9
655000 41.8
660000 42.2
665000 39.5
670000 46.0
675000 75.1
680000 34.9
685000 68.8
690000 31.8
695000 22.6
700000 46.8
705000 56.3
710000 33.5
715000 22.4
720000 57.2
725000 58.7
730000 23.2
735000 82.6
740000 34.8
745000 67.6
750000 32.3
755000 47.0
760000 46.5
765000 73.4
770000 48.1
775000 48.1
780000 70.9
785000 38.1
790000 24.9
795000 62.1
800000 71.0
805000 35.7
810000 74.3
815000 38.8
820000 50.4
825000 79.4
830000 26.9
835000 49.6
840000 53.0
845000 52.5
850000 40.9
855000 53.5
860000 89.4
865000 80.5
870000 12.9
875000 26.1
880000 66.0
885000 26.0
890000 79.4
895000 80.4
900000 54.8
905000 65.9
910000 52.7
915000 80.3
920000 50.6
925000 26.2
930000 66.1
935000 68.3
940000 27.1
945000 26.6
950000 55.3
955000 68.5
960000 56.0
965000 41.1
970000 55.0
975000 79.0
980000 112.1
985000 55.1
990000 41.9
995000 68.5
1000000 69.6
