5000 0.0
10000 0.0
15000 0.0
20000 0.1
25000 0.2
30000 0.1
35000 0.1
40000 0.0
45000 0.5
50000 0.2
55000 1.6
60000 2.3
65000 0.0
70000 0.0
75000 0.0
80000 0.0
85000 0.0
90000 0.4
95000 0.1
100000 0.1
105000 0.4
110000 1.1
115000 0.0
120000 0.5
125000 0.0
130000 1.0
135000 0.0
140000 1.2
145000 0.0
150000 0.2
155000 0.0
160000 0.7
165000 1.2
170000 0.0
175000 0.0
180000 1.5
185000 0.3
190000 0.0
195000 0.0
200000 0.0
205000 0.0
210000 0.9
215000 0.0
220000 0.0
225000 0.0
230000 0.9
235000 1.2
240000 0.0
245000 0.0
250000 0.4
255000 0.0
260000 0.5
265000 0.9
270000 0.0
275000 0.0
280000 0.9
285000 0.8
290000 0.0
295000 0.0
300000 1.4
305000 0.0
310000 0.1
315000 1.5
320000 0.0
325000 1.3
330000 2.6
335000 0.7
340000 0.0
345000 1.2
350000 0.0
355000 2.0
360000 0.0
365000 1.3
370000 0.0
375000 0.4
380000 0.0
385000 1.5
390000 1.4
395000 0.0
400000 0.0
405000 0.0
410000 0.0
415000 0.8
420000 0.0
425000 1.1
430000 0.0
435000 0.0
440000 1.0
445000 0.0
450000 2.4
455000 1.2
460000 0.0
465000 2.5
470000 0.9
475000 1.5
480000 0.3
485000 1.9
490000 1.4
495000 0.0
500000 1.4
505000 1.0
510000 1.1
515000 2.3
520000 0.8
525000 3.8
530000 0.0
535000 1.9
540000 0.2
545000 1.5
550000 0.0
555000 1.4
560000 0.2
565000 1.8
570000 1.1
575000 0.1
580000 4.6
585000 0.0
590000 1.0
595000 1.0
600000 2.1
605000 2.3
610000 1.1
615000 0.0
620000 1.3
625000 1.5
630000 1.1
635000 0.4
640000 1.4
645000 0.6
650000 0.0
655000 0.6
660000 0.0
665000 2.3
670000 2.0
675000 0.0
680000 1.4
685000 2.2
690000 0.0
695000 0.4
700000 0.8
705000 2.1
710000 0.0
715000 1.0
720000 1.6
725000 1.1
730000 2.2
735000 1.7
740000 1.5
745000 0.0
750000 0.4
755000 3.0
760000 0.8
765000 1.9
770000 1.9
775000 2.6
780000 1.8
785000 0.0
790000 1.6
795000 0.7
800000 0.0
805000 2.4
810000 0.6
815000 0.0
820000 4.4
825000 2.3
830000 2.7
835000 1.5
840000 2.0
845000 0.9
850000 1.3
855000 1.4
860000 0.0
865000 1.4
870000 0.3
875000 1.2
880000 0.0
885000 0.0
890000 2.3
895000 0.0
900000 0.3
905000 0.0
910000 1.0
915000 1.3
920000 0.7
925000 1.5
930000 1.3
935000 1.3
940000 0.0
945000 1.1
950000 2.5
955000 0.0
960000 0.1
965000 0.9
970000 0.0
975000 0.0
980000 2.5
985000 1.5
990000 3.1
995000 0.0
1000000 1.8
