5000 0.0
10000 0.0
15000 0.0
20000 0.0
25000 0.0
30000 0.0
35000 0.0
40000 0.0
45000 0.0
50000 0.0
55000 0.0
60000 0.0
65000 0.0
70000 0.2
75000 2.1
80000 0.2
85000 1.6
90000 2.3
95000 32.3
100000 26.2
105000 39.2
110000 46.8
115000 44.7
120000 74.9
125000 45.9
130000 12.5
135000 37.1
140000 23.7
145000 39.0
150000 39.8
155000 90.9
160000 64.8
165000 53.0
170000 83.2
175000 67.0
180000 41.4
185000 55.4
190000 54.6
195000 53.2
200000 52.5
205000 40.7
210000 68.1
215000 70.6
220000 69.5
225000 85.2
230000 71.1
235000 42.9
240000 73.5
245000 102.2
250000 92.2
255000 61.0
260000 46.9
265000 43.3
270000 79.3
275000 49.7
280000 68.0
285000 83.4
290000 84.6
295000 99.1
300000 67.3
305000 49.4
310000 50.3
315000 48.9
320000 48.2
325000 50.1
330000 50.3
335000 84.1
340000 79.9
345000 34.2
350000 100.9
355000 84.5
360000 66.9
365000 80.2
370000 85.5
375000 102.8
380000 50.7
385000 85.5
390000 34.3
395000 51.2
400000 103.5
405000 35.3
410000 68.7
415000 121.7
420000 52.1
425000 86.6
430000 50.1
435000 123.3
440000 52.6
445000 105.4
450000 120.3
455000 122.5
460000 123.1
465000 87.8
470000 87.8
475000 69.7
480000 52.4
485000 123.6
490000 69.2
495000 88.3
500000 123.2
505000 87.7
510000 88.7
515000 104.5
520000 51.9
525000 70.4
530000 106.3
535000 52.9
540000 87.3
545000 125.5
550000 105.9
555000 105.7
560000 53.1
565000 18.2
570000 122.4
575000 71.4
580000 52.7
585000 106.5
590000 105.5
595000 54.2
600000 88.5
605000 35.4
610000 89.4
615000 106.8
620000 35.9
625000 36.6
630000 106.3
635000 71.2
640000 106.9
645000 88.9
650000 144.3
655000 89.7
660000 71.6
665000 87.7
670000 53.9
675000 88.7
680000 53.2
685000 71.2
690000 125.6
695000 89.7
700000 54.3
705000 71.3
710000 122.6
715000 71.7
720000 71.5
725000 53.7
730000 71.7
735000 146.3
740000 54.3
745000 53.7
750000 107.2
755000 90.1
760000 54.0
765000 90.4
770000 35.5
775000 73.0
780000 108.7
785000 88.3
790000 53.9
795000 71.2
800000 108.6
805000 91.0
810000 144.8
815000 70.3
820000 90.4
825000 54.7
830000 54.3
835000 125.8
840000 71.9
845000 71.7
850000 90.6
855000 91.5
860000 108.3
865000 54.4
870000 107.9
875000 70.9
880000 107.8
885000 54.2
890000 72.9
895000 72.8
900000 72.8
905000 73.9
910000 89.9
915000 110.6
920000 90.6
925000 71.4
930000 55.3
935000 111.0
940000 91.3
945000 54.4
950000 73.8
955000 90.5
960000 90.6
965000 90.3
970000 72.7
975000 69.4
980000 108.0
985000 109.3
990000 91.5
995000 90.7
1000000 36.4
