5000 0.0
10000 0.0
15000 0.5
20000 0.0
25000 0.6
30000 0.0
35000 0.0
40000 0.0
45000 0.0
50000 0.0
55000 0.9
60000 0.1
65000 0.8
70000 1.1
75000 0.0
80000 0.0
85000 0.9
90000 0.0
95000 0.0
100000 0.0
105000 0.0
110000 0.2
115000 1.7
120000 1.3
125000 4.4
130000 1.8
135000 1.4
140000 2.0
145000 0.1
150000 0.2
155000 3.2
160000 1.3
165000 0.9
170000 26.7
175000 26.6
180000 16.5
185000 34.4
190000 81.5
195000 43.8
200000 53.3
205000 23.5
210000 23.3
215000 24.1
220000 49.4
225000 48.0
230000 85.8
235000 24.3
240000 65.2
245000 51.4
250000 25.3
255000 63.8
260000 52.8
265000 51.0
270000 65.5
275000 79.3
280000 67.0
285000 52.3
290000 78.7
295000 39.1
300000 64.3
305000 53.1
310000 52.9
315000 54.2
320000 54.4
325000 83.1
330000 42.5
335000 68.4
340000 68.1
345000 27.1
350000 85.6
355000 41.1
360000 113.3
365000 55.9
370000 42.6
375000 69.1
380000 71.8
385000 81.9
390000 83.9
395000 57.3
400000 43.1
405000 84.9
410000 100.7
415000 56.1
420000 56.6
425000 70.0
430000 69.6
435000 42.5
440000 42.2
445000 55.1
450000 14.9
455000 41.4
460000 57.9
465000 70.5
470000 57.5
475000 41.5
480000 13.5
485000 84.2
490000 85.9
495000 57.3
500000 84.9
505000 68.9
510000 55.5
515000 86.3
520000 83.3
525000 98.8
530000 70.2
535000 85.2
540000 99.1
545000 70.8
550000 70.5
555000 69.6
560000 70.2
565000 70.3
570000 42.7
575000 28.2
580000 99.0
585000 57.4
590000 70.7
595000 41.8
600000 27.9
605000 28.2
610000 73.3
615000 41.9
620000 85.9
625000 113.4
630000 84.4
635000 29.2
640000 57.2
645000 43.6
650000 70.8
655000 84.4
660000 43.9
665000 100.0
670000 97.9
675000 43.1
680000 71.2
685000 100.8
690000 73.6
695000 56.6
700000 58.2
705000 28.6
710000 88.2
715000 43.1
720000 102.4
725000 43.4
730000 42.7
735000 70.8
740000 85.7
745000 85.3
750000 43.8
755000 85.5
760000 70.2
765000 72.2
770000 87.6
775000 73.6
780000 57.6
785000 71.8
790000 72.9
795000 43.3
800000 28.9
805000 102.4
810000 85.8
815000 100.8
820000 42.2
825000 44.2
830000 58.9
835000 59.1
840000 86.8
845000 72.1
850000 43.3
855000 28.4
860000 43.1
865000 28.9
870000 85.8
875000 72.6
880000 73.3
885000 86.9
890000 59.3
895000 72.0
900000 72.1
905000 42.2
910000 57.6
915000 58.6
920000 73.5
925000 57.7
930000 72.5
935000 87.7
940000 57.4
945000 71.5
950000 42.5
955000 71.0
960000 42.8
965000 72.1
970000 72.1
975000 71.9
980000 85.8
985000 58.0
990000 103.7
995000 44.9
1000000 59.9
