5000 0.0
10000 0.0
15000 0.1
20000 0.0
25000 0.2
30000 0.0
35000 0.0
40000 0.0
45000 0.0
50000 0.4
55000 0.2
60000 1.3
65000 18.8
70000 22.8
75000 22.7
80000 22.7
85000 31.1
90000 75.5
95000 43.4
100000 31.2
105000 63.1
110000 44.5
115000 45.7
120000 79.4
125000 47.1
130000 95.7
135000 49.0
140000 82.7
145000 49.7
150000 77.9
155000 65.0
160000 116.8
165000 47.1
170000 51.2
175000 83.7
180000 50.7
185000 118.3
190000 34.7
195000 64.4
200000 98.2
205000 105.3
210000 49.6
215000 87.5
220000 52.7
225000 70.1
230000 89.1
235000 74.0
240000 92.4
245000 75.0
250000 37.9
255000 55.2
260000 55.3
265000 57.9
270000 77.2
275000 116.5
280000 56.9
285000 77.2
290000 57.5
295000 75.9
300000 115.7
305000 77.7
310000 97.6
315000 77.6
320000 76.9
325000 96.5
330000 96.4
335000 78.3
340000 77.4
345000 96.6
350000 38.8
355000 96.0
360000 77.6
365000 154.6
370000 59.1
375000 40.2
380000 59.0
385000 97.7
390000 99.0
395000 99.2
400000 116.4
405000 118.4
410000 76.8
415000 99.3
420000 117.3
425000 98.0
430000 58.7
435000 39.4
440000 60.0
445000 38.6
450000 79.5
455000 79.1
460000 60.3
465000 115.9
470000 59.1
475000 97.4
480000 135.6
485000 80.2
490000 99.0
495000 97.6
500000 59.9
505000 60.4
510000 81.1
515000 118.0
520000 137.1
525000 119.5
530000 39.5
535000 19.9
540000 39.4
545000 100.6
550000 140.5
555000 81.0
560000 80.4
565000 137.7
570000 59.7
575000 119.4
580000 39.4
585000 79.1
590000 38.9
595000 19.8
600000 99.9
605000 80.5
610000 100.6
615000 58.8
620000 58.8
625000 100.7
630000 41.4
635000 79.1
640000 59.8
645000 119.9
650000 79.0
655000 39.4
660000 79.3
665000 98.8
670000 138.9
675000 99.9
680000 139.4
685000 59.4
690000 102.2
695000 79.4
700000 102.8
705000 79.9
710000 59.6
715000 79.6
720000 79.7
725000 40.5
730000 59.2
735000 59.3
740000 80.7
745000 79.3
750000 80.1
755000 100.3
760000 100.6
765000 100.9
770000 59.7
775000 121.7
780000 120.8
785000 60.0
790000 80.8
795000 121.0
800000 119.7
805000 100.6
810000 120.3
815000 120.9
820000 19.7
825000 102.7
830000 83.0
835000 59.9
840000 123.1
845000 141.9
850000 122.0
855000 99.4
860000 59.2
865000 141.6
870000 59.8
875000 162.8
880000 101.6
885000 80.9
890000 61.4
895000 121.5
900000 62.0
905000 121.9
910000 81.4
915000 61.3
920000 40.8
925000 60.4
930000 60.8
935000 122.3
940000 41.9
945000 61.1
950000 61.8
955000 61.1
960000 81.8
965000 101.6
970000 42.1
975000 143.3
980000 82.5
985000 102.9
990000 82.4
995000 0.0
1000000 103.3
