5000 0.9
10000 0.1
15000 0.0
20000 0.0
25000 0.0
30000 0.8
35000 0.0
40000 0.0
45000 2.4
50000 4.6
55000 19.8
60000 35.7
65000 16.3
70000 39.8
75000 32.3
80000 22.3
85000 19.4
90000 32.0
95000 60.4
100000 52.5
105000 38.7
110000 49.4
115000 54.1
120000 66.5
125000 0.0
130000 14.6
135000 72.3
140000 28.6
145000 43.9
150000 74.6
155000 59.2
160000 63.0
165000 49.0
170000 15.9
175000 96.5
180000 15.4
185000 80.8
190000 30.7
195000 64.9
200000 61.8
205000 31.3
210000 66.0
215000 98.2
220000 63.5
225000 83.8
230000 100.0
235000 50.8
240000 34.1
245000 101.0
250000 50.7
255000 82.4
260000 84.0
265000 50.2
270000 84.4
275000 68.1
280000 16.3
285000 85.0
290000 34.1
295000 84.9
300000 105.5
305000 100.7
310000 118.8
315000 121.9
320000 17.5
325000 87.0
330000 89.0
335000 19.2
340000 105.0
345000 106.8
350000 71.0
355000 54.1
360000 70.2
365000 89.4
370000 106.9
375000 54.1
380000 70.9
385000 70.6
390000 90.8
395000 91.7
400000 17.8
405000 91.0
410000 88.5
415000 71.5
420000 70.6
425000 51.7
430000 53.8
435000 90.3
440000 35.3
445000 52.2
450000 17.7
455000 92.3
460000 126.4
465000 16.8
470000 71.7
475000 53.3
480000 35.5
485000 69.8
490000 70.2
495000 107.5
500000 72.7
505000 54.3
510000 73.4
515000 18.2
520000 90.1
525000 92.9
530000 110.1
535000 73.8
540000 92.4
545000 54.9
550000 108.4
555000 55.5
560000 75.2
565000 73.7
570000 111.4
575000 54.5
580000 126.8
585000 0.0
590000 126.5
595000 73.6
600000 36.8
605000 72.8
610000 56.1
615000 110.2
620000 128.9
625000 75.7
630000 91.2
635000 55.7
640000 90.5
645000 93.7
650000 92.2
655000 93.3
660000 76.4
665000 90.0
670000 112.2
675000 54.4
680000 54.3
685000 110.9
690000 110.5
695000 75.4
700000 95.4
705000 127.9
710000 94.3
715000 95.7
720000 72.4
725000 38.3
730000 56.9
735000 95.2
740000 74.7
745000 37.3
750000 114.1
755000 76.2
760000 131.9
765000 132.3
770000 113.6
775000 113.1
780000 76.9
785000 37.8
790000 18.6
795000 76.8
800000 134.5
805000 56.3
810000 76.2
815000 75.5
820000 76.4
825000 74.1
830000 76.5
835000 113.7
840000 56.7
845000 95.3
850000 111.8
855000 77.3
860000 114.4
865000 57.7
870000 56.4
875000 55.8
880000 95.7
885000 95.8
890000 94.0
895000 153.7
900000 75.9
905000 113.9
910000 37.9
915000 135.5
920000 78.2
925000 38.5
930000 94.2
935000 56.0
940000 76.9
945000 95.6
950000 95.5
955000 38.8
960000 133.9
965000 134.5
970000 154.9
975000 77.3
980000 19.6
985000 39.0
990000 117.7
995000 77.5
1000000 37.9
