5000 0.0
10000 0.0
15000 0.0
20000 0.1
25000 0.0
30000 0.4
35000 0.1
40000 0.0
45000 0.5
50000 0.5
55000 2.1
60000 0.0
65000 0.9
70000 1.3
75000 0.2
80000 0.0
85000 0.1
90000 0.0
95000 0.0
100000 0.7
105000 0.0
110000 1.7
115000 0.0
120000 0.0
125000 2.2
130000 0.7
135000 0.3
140000 0.0
145000 0.0
150000 0.5
155000 1.6
160000 0.4
165000 0.0
170000 3.0
175000 1.6
180000 0.3
185000 0.8
190000 0.7
195000 1.9
200000 2.0
205000 0.2
210000 0.0
215000 1.2
220000 1.5
225000 1.2
230000 1.4
235000 0.9
240000 1.0
245000 0.9
250000 1.7
255000 2.6
260000 0.1
265000 1.3
270000 1.0
275000 0.5
280000 0.2
285000 2.7
290000 1.3
295000 3.2
300000 1.2
305000 1.4
310000 0.2
315000 0.0
320000 0.4
325000 0.0
330000 0.0
335000 0.3
340000 0.0
345000 10.0
350000 20.8
355000 0.7
360000 51.1
365000 22.2
370000 34.6
375000 21.6
380000 33.4
385000 51.5
390000 41.1
395000 33.1
400000 45.0
405000 11.0
410000 37.8
415000 62.8
420000 73.2
425000 35.0
430000 12.7
435000 40.1
440000 93.0
445000 27.0
450000 57.8
455000 86.3
460000 71.8
465000 44.2
470000 71.5
475000 58.9
480000 43.2
485000 92.0
490000 14.9
495000 59.7
500000 0.2
505000 45.0
510000 14.7
515000 77.5
520000 81.4
525000 78.4
530000 47.4
535000 48.2
540000 79.3
545000 80.4
550000 84.6
555000 64.8
560000 51.2
565000 81.4
570000 99.9
575000 31.7
580000 146.5
585000 84.1
590000 103.8
595000 103.7
600000 135.5
605000 68.7
610000 136.7
615000 102.4
620000 34.6
625000 52.8
630000 71.2
635000 87.4
640000 101.8
645000 34.2
650000 86.9
655000 53.8
660000 54.6
665000 53.5
670000 144.9
675000 90.1
680000 90.6
685000 54.9
690000 112.6
695000 112.6
700000 54.7
705000 57.8
710000 95.5
715000 77.2
720000 98.0
725000 97.1
730000 56.9
735000 38.3
740000 38.7
745000 115.8
750000 119.1
755000 19.6
760000 78.0
765000 79.3
770000 99.9
775000 100.4
780000 80.7
785000 39.6
790000 79.9
795000 79.8
800000 99.1
805000 140.6
810000 81.5
815000 80.8
820000 60.6
825000 82.1
830000 61.2
835000 59.0
840000 81.0
845000 102.1
850000 160.6
855000 82.4
860000 61.4
865000 105.1
870000 100.3
875000 84.0
880000 83.4
885000 81.1
890000 81.9
895000 142.1
900000 61.7
905000 124.0
910000 123.2
915000 124.9
920000 122.3
925000 84.4
930000 62.2
935000 125.2
940000 62.9
945000 61.7
950000 128.1
955000 104.1
960000 43.1
965000 126.2
970000 104.8
975000 105.0
980000 104.5
985000 148.5
990000 42.6
995000 104.0
1000000 83.5
