5000 0.0
10000 0.0
15000 0.0
20000 0.0
25000 0.0
30000 0.0
35000 0.0
40000 0.2
45000 0.0
50000 0.0
55000 0.0
60000 0.0
65000 0.0
70000 1.5
75000 0.0
80000 0.0
85000 0.0
90000 0.1
95000 0.1
100000 0.9
105000 0.0
110000 1.9
115000 0.0
120000 7.3
125000 6.2
130000 24.9
135000 28.3
140000 8.5
145000 18.7
150000 46.6
155000 46.6
160000 13.6
165000 65.1
170000 57.8
175000 24.9
180000 25.8
185000 25.4
190000 78.6
195000 68.4
200000 55.7
205000 43.4
210000 44.9
215000 59.0
220000 15.4
225000 107.8
230000 47.5
235000 78.6
240000 48.2
245000 30.7
250000 46.6
255000 79.9
260000 45.9
265000 97.2
270000 81.3
275000 48.2
280000 94.3
285000 94.5
290000 47.6
295000 47.4
300000 81.7
305000 65.2
310000 81.0
315000 33.8
320000 83.6
325000 33.8
330000 67.7
335000 51.8
340000 119.8
345000 103.2
350000 51.8
355000 35.2
360000 34.5
365000 106.0
370000 106.7
375000 71.4
380000 87.1
385000 70.3
390000 88.6
395000 90.3
400000 71.4
405000 70.3
410000 142.6
415000 88.9
420000 71.0
425000 105.2
430000 106.7
435000 123.8
440000 53.4
445000 106.6
450000 90.0
455000 35.5
460000 71.4
465000 90.2
470000 89.9
475000 108.0
480000 125.0
485000 88.2
490000 71.8
495000 35.6
500000 54.3
505000 53.6
510000 72.5
515000 53.8
520000 53.2
525000 54.2
530000 71.2
535000 71.4
540000 109.3
545000 72.8
550000 54.0
555000 70.6
560000 36.3
565000 54.5
570000 143.4
575000 53.3
580000 108.2
585000 54.0
590000 72.5
595000 73.7
600000 72.8
605000 54.3
610000 72.2
615000 71.7
620000 71.0
625000 90.4
630000 108.5
635000 91.1
640000 72.6
645000 72.3
650000 0.0
655000 54.5
660000 54.8
665000 36.5
670000 74.0
675000 90.4
680000 53.6
685000 129.4
690000 69.4
695000 54.5
700000 41.0
705000 55.4
710000 91.2
715000 72.2
720000 55.7
725000 55.4
730000 36.7
735000 130.0
740000 92.2
745000 72.3
750000 92.0
755000 93.1
760000 91.0
765000 73.2
770000 54.2
775000 91.4
780000 92.2
785000 18.4
790000 73.8
795000 55.3
800000 109.5
805000 55.0
810000 110.3
815000 73.4
820000 73.3
825000 107.6
830000 105.4
835000 126.7
840000 73.2
845000 110.1
850000 17.9
855000 73.2
860000 128.6
865000 92.2
870000 55.5
875000 37.0
880000 124.9
885000 111.7
890000 55.8
895000 73.1
900000 110.4
905000 130.3
910000 56.5
915000 75.0
920000 72.9
925000 36.9
930000 54.5
935000 92.0
940000 112.5
945000 130.8
950000 55.3
955000 73.7
960000 55.6
965000 110.6
970000 93.0
975000 56.9
980000 128.7
985000 37.5
990000 55.1
995000 36.6
1000000 74.2
