5000 0.0
10000 0.0
15000 0.0
20000 0.0
25000 0.0
30000 0.0
35000 0.0
40000 0.0
45000 0.0
50000 0.2
55000 0.0
60000 0.2
65000 0.0
70000 0.0
75000 0.0
80000 0.0
85000 0.0
90000 0.1
95000 0.2
100000 0.6
105000 0.1
110000 0.0
115000 0.0
120000 0.3
125000 0.0
130000 2.0
135000 1.1
140000 0.3
145000 1.5
150000 2.5
155000 0.8
160000 0.6
165000 0.3
170000 0.7
175000 1.8
180000 2.6
185000 0.5
190000 0.0
195000 1.4
200000 1.8
205000 1.7
210000 3.7
215000 0.3
220000 1.1
225000 1.1
230000 0.3
235000 1.4
240000 1.3
245000 0.3
250000 0.7
255000 0.0
260000 0.0
265000 0.1
270000 0.1
275000 2.9
280000 0.1
285000 0.6
290000 0.1
295000 1.7
300000 0.9
305000 2.3
310000 1.1
315000 0.0
320000 0.0
325000 0.0
330000 0.7
335000 0.3
340000 1.1
345000 0.4
350000 4.1
355000 0.3
360000 1.5
365000 0.9
370000 2.3
375000 0.0
380000 0.1
385000 1.1
390000 0.2
395000 1.4
400000 1.5
405000 0.1
410000 0.0
415000 0.0
420000 1.3
425000 1.1
430000 0.6
435000 0.1
440000 0.0
445000 0.0
450000 0.0
455000 0.7
460000 1.4
465000 0.0
470000 0.5
475000 0.5
480000 0.0
485000 1.5
490000 1.0
495000 1.2
500000 1.6
505000 0.0
510000 1.3
515000 0.9
520000 0.2
525000 1.3
530000 1.7
535000 1.0
540000 0.0
545000 0.8
550000 0.1
555000 2.8
560000 1.3
565000 1.2
570000 1.0
575000 0.0
580000 1.2
585000 0.7
590000 0.0
595000 0.1
600000 0.8
605000 0.0
610000 0.3
615000 0.1
620000 1.2
625000 4.3
630000 1.9
635000 0.0
640000 1.7
645000 0.3
650000 2.8
655000 3.5
660000 0.5
665000 2.9
670000 0.2
675000 0.8
680000 2.6
685000 1.5
690000 1.0
695000 0.0
700000 1.4
705000 0.8
710000 1.4
715000 0.0
720000 0.3
725000 0.0
730000 1.2
735000 3.3
740000 0.7
745000 0.0
750000 0.8
755000 0.6
760000 0.0
765000 1.1
770000 5.2
775000 1.2
780000 0.0
785000 2.7
790000 0.0
795000 3.0
800000 0.0
805000 1.3
810000 0.2
815000 0.4
820000 2.9
825000 3.3
830000 2.5
835000 0.0
840000 2.1
845000 0.0
850000 2.0
855000 0.0
860000 1.4
865000 0.0
870000 2.1
875000 1.1
880000 0.0
885000 0.0
890000 0.2
895000 0.0
900000 0.0
905000 0.5
910000 1.7
915000 1.4
920000 3.0
925000 0.1
930000 1.7
935000 2.9
940000 1.3
945000 2.1
950000 0.0
955000 0.4
960000 2.9
965000 2.0
970000 0.0
975000 1.8
980000 0.0
985000 0.0
990000 2.8
995000 0.2
1000000 0.1
