5000 0.0
10000 0.0
15000 0.0
20000 0.0
25000 0.1
30000 0.0
35000 0.1
40000 0.0
45000 0.1
50000 0.0
55000 0.0
60000 0.0
65000 0.3
70000 0.1
75000 0.7
80000 0.3
85000 1.4
90000 1.5
95000 0.1
100000 0.0
105000 0.1
110000 0.0
115000 2.0
120000 1.5
125000 1.8
130000 0.6
135000 2.6
140000 0.6
145000 0.4
150000 1.8
155000 1.2
160000 2.3
165000 30.8
170000 35.7
175000 26.8
180000 41.8
185000 42.1
190000 60.4
195000 55.1
200000 77.1
205000 41.6
210000 65.4
215000 89.9
220000 77.9
225000 61.3
230000 81.9
235000 62.8
240000 101.8
245000 69.8
250000 92.7
255000 74.7
260000 58.1
265000 126.3
270000 37.9
275000 60.1
280000 60.1
285000 102.2
290000 100.2
295000 82.5
300000 105.0
305000 82.7
310000 58.9
315000 168.0
320000 84.8
325000 86.8
330000 22.2
335000 130.3
340000 66.8
345000 83.6
350000 108.5
355000 159.5
360000 85.9
365000 113.3
370000 66.8
375000 62.0
380000 141.7
385000 127.5
390000 92.1
395000 114.3
400000 92.9
405000 116.9
410000 70.4
415000 116.0
420000 71.5
425000 142.5
430000 145.5
435000 71.2
440000 120.6
445000 194.1
450000 73.5
455000 147.0
460000 73.4
465000 97.4
470000 146.7
475000 177.6
480000 76.3
485000 76.7
490000 101.6
495000 150.5
500000 102.1
505000 101.7
510000 96.2
515000 78.2
520000 101.2
525000 176.8
530000 26.3
535000 126.8
540000 128.9
545000 181.6
550000 128.8
555000 79.8
560000 235.0
565000 51.2
570000 128.2
575000 121.5
580000 213.1
585000 133.3
590000 75.0
595000 106.1
600000 122.0
605000 98.0
610000 157.3
615000 79.0
620000 133.6
625000 103.7
630000 126.9
635000 153.9
640000 78.5
645000 80.7
650000 159.6
655000 151.2
660000 76.6
665000 49.5
670000 54.7
675000 160.1
680000 160.3
685000 134.0
690000 78.5
695000 154.0
700000 162.4
705000 78.8
710000 109.7
715000 135.8
720000 136.1
725000 220.2
730000 108.3
735000 83.2
740000 119.6
745000 166.0
750000 216.4
755000 167.0
760000 135.4
765000 85.0
770000 112.0
775000 106.2
780000 107.4
785000 28.2
790000 141.1
795000 158.1
800000 108.1
805000 83.3
810000 192.8
815000 82.5
820000 163.4
825000 111.1
830000 108.2
835000 141.4
840000 139.7
845000 166.7
850000 163.1
855000 84.4
860000 84.6
865000 81.2
870000 175.8
875000 136.2
880000 86.0
885000 141.1
890000 212.0
895000 82.2
900000 138.0
905000 224.9
910000 169.4
915000 85.0
920000 137.8
925000 108.2
930000 57.0
935000 84.5
940000 140.9
945000 139.9
950000 109.5
955000 170.2
960000 196.5
965000 56.3
970000 170.9
975000 112.1
980000 84.2
985000 86.2
990000 113.1
995000 144.8
1000000 141.0
