5000 1.0
10000 0.0
15000 0.0
20000 0.0
25000 0.0
30000 0.0
35000 0.0
40000 0.4
45000 1.1
50000 1.0
55000 0.4
60000 2.4
65000 0.0
70000 9.9
75000 32.8
80000 18.6
85000 9.7
90000 0.0
95000 53.3
100000 28.1
105000 56.4
110000 70.1
115000 42.3
120000 69.7
125000 29.4
130000 57.8
135000 87.6
140000 87.9
145000 58.5
150000 59.3
155000 29.6
160000 59.0
165000 75.6
170000 60.9
175000 75.2
180000 87.8
185000 73.7
190000 43.9
195000 72.0
200000 75.2
205000 43.7
210000 76.3
215000 45.1
220000 89.4
225000 90.0
230000 61.5
235000 75.6
240000 91.3
245000 77.9
250000 45.4
255000 47.8
260000 78.6
265000 78.0
270000 31.2
275000 15.4
280000 64.7
285000 48.6
290000 50.3
295000 64.7
300000 32.6
305000 66.3
310000 49.2
315000 50.6
320000 49.8
325000 85.8
330000 51.3
335000 107.5
340000 140.1
345000 74.5
350000 72.2
355000 56.6
360000 56.6
365000 93.2
370000 95.2
375000 96.7
380000 81.0
385000 58.7
390000 119.1
395000 81.7
400000 104.8
405000 63.3
410000 65.6
415000 89.0
420000 65.7
425000 66.2
430000 90.4
435000 87.3
440000 91.2
445000 66.5
450000 138.9
455000 65.1
460000 45.7
465000 133.9
470000 137.4
475000 112.1
480000 137.3
485000 117.2
490000 69.4
495000 138.1
500000 116.5
505000 68.4
510000 92.9
515000 47.5
520000 164.4
525000 94.2
530000 71.1
535000 119.1
540000 71.7
545000 47.8
550000 144.4
555000 145.0
560000 72.7
565000 69.9
570000 120.1
575000 73.3
580000 73.2
585000 73.1
590000 122.2
595000 24.6
600000 122.5
605000 95.7
610000 74.8
615000 145.2
620000 122.8
625000 25.1
630000 74.3
635000 72.5
640000 99.0
645000 97.9
650000 74.2
655000 123.2
660000 148.6
665000 174.2
670000 74.1
675000 99.5
680000 125.3
685000 74.5
690000 75.0
695000 124.0
700000 73.9
705000 74.1
710000 99.2
715000 123.0
720000 148.2
725000 227.3
730000 98.7
735000 123.9
740000 100.1
745000 99.5
750000 148.9
755000 149.1
760000 127.0
765000 123.5
770000 101.1
775000 149.6
780000 125.7
785000 101.3
790000 74.6
795000 102.0
800000 126.1
805000 50.3
810000 50.8
815000 126.4
820000 101.9
825000 201.6
830000 77.2
835000 126.8
840000 149.7
845000 126.4
850000 51.9
855000 102.4
860000 103.3
865000 177.8
870000 75.9
875000 25.1
880000 101.3
885000 126.6
890000 76.2
895000 151.4
900000 76.8
905000 152.7
910000 125.7
915000 51.3
920000 127.7
925000 77.1
930000 127.2
935000 129.0
940000 180.1
945000 76.7
950000 127.9
955000 129.9
960000 77.8
965000 128.9
970000 179.2
975000 51.2
980000 178.0
985000 127.4
990000 126.6
995000 76.6
1000000 127.7
