5000 0.0
10000 0.0
15000 0.1
20000 0.0
25000 0.0
30000 0.7
35000 0.0
40000 0.0
45000 0.0
50000 0.1
55000 0.0
60000 0.1
65000 0.0
70000 0.0
75000 0.0
80000 0.0
85000 0.0
90000 0.5
95000 0.8
100000 0.0
105000 0.0
110000 0.0
115000 0.0
120000 0.1
125000 0.4
130000 0.3
135000 0.0
140000 0.2
145000 0.0
150000 0.0
155000 0.0
160000 0.0
165000 0.0
170000 1.0
175000 0.0
180000 0.0
185000 0.0
190000 0.7
195000 1.7
200000 2.2
205000 0.8
210000 0.0
215000 0.8
220000 1.1
225000 0.0
230000 0.6
235000 0.0
240000 0.2
245000 0.0
250000 0.7
255000 0.5
260000 0.2
265000 0.0
270000 1.5
275000 0.8
280000 0.1
285000 0.6
290000 1.4
295000 4.5
300000 2.0
305000 0.1
310000 0.0
315000 0.8
320000 0.3
325000 2.0
330000 2.2
335000 1.0
340000 1.7
345000 7.3
350000 2.7
355000 17.9
360000 25.1
365000 16.3
370000 13.6
375000 34.2
380000 12.2
385000 41.3
390000 36.5
395000 29.1
400000 37.7
405000 32.9
410000 32.6
415000 15.9
420000 15.3
425000 31.9
430000 33.8
435000 34.6
440000 24.9
445000 31.5
450000 50.4
455000 16.4
460000 8.0
465000 42.0
470000 58.0
475000 40.7
480000 47.9
485000 59.4
490000 25.2
495000 60.4
500000 27.3
505000 53.1
510000 27.6
515000 26.4
520000 53.2
525000 47.7
530000 46.6
535000 55.8
540000 55.3
545000 37.0
550000 65.5
555000 44.8
560000 46.8
565000 28.0
570000 66.2
575000 25.9
580000 47.0
585000 9.5
590000 46.4
595000 81.2
600000 58.5
605000 39.1
610000 28.2
615000 45.9
620000 50.0
625000 59.0
630000 47.1
635000 59.5
640000 19.4
645000 49.7
650000 28.7
655000 56.5
660000 45.2
665000 39.7
670000 38.8
675000 48.3
680000 58.7
685000 46.3
690000 47.5
695000 45.8
700000 40.3
705000 28.6
710000 30.2
715000 56.6
720000 39.6
725000 38.8
730000 30.9
735000 37.6
740000 70.1
745000 31.8
750000 49.9
755000 31.3
760000 49.9
765000 19.6
770000 38.8
775000 48.5
780000 28.7
785000 61.4
790000 61.3
795000 50.0
800000 53.0
805000 80.1
810000 39.0
815000 41.3
820000 10.2
825000 61.6
830000 20.4
835000 40.6
840000 62.5
845000 10.2
850000 40.6
855000 72.2
860000 50.6
865000 20.1
870000 51.3
875000 20.7
880000 52.4
885000 51.6
890000 40.8
895000 31.5
900000 52.5
905000 62.4
910000 20.9
915000 30.7
920000 60.8
925000 50.4
930000 51.1
935000 51.8
940000 20.7
945000 10.2
950000 20.8
955000 54.2
960000 64.7
965000 44.0
970000 33.0
975000 63.6
980000 64.9
985000 41.8
990000 42.2
995000 54.7
1000000 30.8
