5000 0.0
10000 0.0
15000 0.0
20000 0.0
25000 0.0
30000 0.0
35000 0.0
40000 0.0
45000 0.0
50000 0.0
55000 0.1
60000 0.0
65000 0.0
70000 0.0
75000 14.8
80000 4.9
85000 21.6
90000 14.9
95000 35.2
100000 23.2
105000 54.4
110000 21.8
115000 62.7
120000 65.7
125000 75.8
130000 56.7
135000 57.8
140000 42.4
145000 59.3
150000 60.1
155000 63.3
160000 69.1
165000 80.2
170000 95.9
175000 112.7
180000 80.5
185000 66.2
190000 66.6
195000 49.6
200000 149.8
205000 66.1
210000 32.6
215000 67.6
220000 52.1
225000 66.8
230000 87.0
235000 100.5
240000 52.5
245000 104.0
250000 69.8
255000 87.4
260000 90.0
265000 34.7
270000 103.8
275000 89.8
280000 53.7
285000 73.4
290000 90.9
295000 92.7
300000 114.6
305000 116.9
310000 99.6
315000 97.7
320000 136.9
325000 58.1
330000 58.7
335000 72.3
340000 156.5
345000 80.7
350000 61.3
355000 94.0
360000 102.7
365000 81.2
370000 38.9
375000 70.9
380000 77.7
385000 61.6
390000 60.8
395000 140.9
400000 20.0
405000 101.1
410000 123.7
415000 164.4
420000 62.2
425000 102.7
430000 41.9
435000 41.6
440000 81.2
445000 62.5
450000 83.9
455000 166.2
460000 119.3
465000 126.0
470000 105.6
475000 83.4
480000 61.1
485000 64.0
490000 103.8
495000 101.2
500000 20.9
505000 105.2
510000 63.8
515000 43.2
520000 167.5
525000 83.5
530000 84.4
535000 84.0
540000 104.5
545000 84.3
550000 83.3
555000 83.2
560000 147.9
565000 105.4
570000 83.8
575000 84.3
580000 127.1
585000 104.1
590000 62.7
595000 129.1
600000 84.3
605000 63.9
610000 148.6
615000 64.2
620000 147.3
625000 128.6
630000 63.2
635000 105.3
640000 65.0
645000 106.8
650000 43.5
655000 42.8
660000 64.5
665000 128.3
670000 42.7
675000 85.5
680000 106.4
685000 127.4
690000 63.8
695000 66.3
700000 44.2
705000 86.8
710000 21.4
715000 64.5
720000 42.2
725000 107.7
730000 108.1
735000 107.6
740000 153.1
745000 110.6
750000 85.5
755000 87.6
760000 109.6
765000 112.1
770000 153.2
775000 131.7
780000 67.5
785000 156.6
790000 134.3
795000 88.2
800000 134.9
805000 88.7
810000 66.8
815000 67.1
820000 88.1
825000 66.8
830000 113.2
835000 90.4
840000 89.9
845000 132.6
850000 90.4
855000 67.3
860000 44.9
865000 68.2
870000 111.1
875000 67.8
880000 45.9
885000 45.0
890000 137.9
895000 112.3
900000 135.1
905000 156.2
910000 46.1
915000 136.0
920000 115.1
925000 114.3
930000 21.8
935000 90.7
940000 111.3
945000 91.8
950000 114.1
955000 158.9
960000 92.7
965000 68.1
970000 69.2
975000 67.7
980000 70.2
985000 114.4
990000 88.8
995000 137.0
1000000 116.7
