5000 0.0
10000 0.0
15000 0.0
20000 0.0
25000 0.1
30000 0.0
35000 0.3
40000 0.0
45000 0.1
50000 0.0
55000 0.0
60000 0.0
65000 1.2
70000 1.1
75000 2.1
80000 2.4
85000 0.0
90000 0.0
95000 1.4
100000 2.5
105000 0.4
110000 0.0
115000 0.0
120000 0.1
125000 0.5
130000 0.0
135000 1.3
140000 1.6
145000 0.3
150000 1.2
155000 1.1
160000 2.3
165000 0.3
170000 0.0
175000 0.0
180000 0.0
185000 0.0
190000 0.9
195000 0.0
200000 0.0
205000 1.3
210000 1.0
215000 1.5
220000 1.0
225000 2.1
230000 1.3
235000 0.0
240000 2.3
245000 0.4
250000 0.0
255000 0.8
260000 0.0
265000 1.0
270000 1.0
275000 1.8
280000 1.0
285000 0.6
290000 0.2
295000 2.6
300000 0.0
305000 0.0
310000 1.0
315000 0.0
320000 0.0
325000 0.0
330000 0.8
335000 1.0
340000 1.3
345000 1.9
350000 1.6
355000 1.6
360000 1.4
365000 0.0
370000 0.0
375000 0.0
380000 1.6
385000 0.0
390000 1.2
395000 0.0
400000 0.6
405000 1.9
410000 0.6
415000 0.8
420000 0.1
425000 1.4
430000 0.0
435000 4.9
440000 0.0
445000 0.2
450000 3.0
455000 1.5
460000 1.8
465000 0.8
470000 1.7
475000 1.9
480000 0.0
485000 0.0
490000 0.0
495000 0.0
500000 1.9
505000 1.5
510000 0.0
515000 2.6
520000 1.3
525000 1.6
530000 0.9
535000 0.0
540000 0.1
545000 1.4
550000 0.5
555000 1.6
560000 1.2
565000 0.1
570000 0.9
575000 0.0
580000 1.6
585000 1.1
590000 2.9
595000 0.8
600000 0.5
605000 0.0
610000 0.0
615000 2.9
620000 0.4
625000 1.1
630000 1.7
635000 0.2
640000 2.3
645000 0.4
650000 1.0
655000 0.3
660000 0.0
665000 0.0
670000 0.6
675000 1.3
680000 0.6
685000 0.7
690000 0.6
695000 2.6
700000 0.0
705000 1.7
710000 0.2
715000 0.3
720000 2.6
725000 0.8
730000 0.2
735000 4.0
740000 0.0
745000 1.1
750000 2.9
755000 0.0
760000 1.0
765000 0.0
770000 2.5
775000 1.1
780000 0.0
785000 0.4
790000 1.4
795000 0.0
800000 3.5
805000 0.9
810000 0.0
815000 0.1
820000 1.3
825000 3.6
830000 0.2
835000 0.0
840000 1.4
845000 1.3
850000 0.7
855000 1.1
860000 0.0
865000 1.1
870000 1.9
875000 2.0
880000 4.0
885000 0.4
890000 1.1
895000 0.1
900000 3.5
905000 1.8
910000 1.7
915000 3.4
920000 2.6
925000 2.9
930000 0.0
935000 4.8
940000 1.4
945000 1.2
950000 3.2
955000 0.8
960000 2.4
965000 0.1
970000 3.3
975000 2.3
980000 0.0
985000 0.0
990000 3.4
995000 1.8
1000000 2.1
