5000 300.0
10000 200.0
15000 239.9
20000 33.2
25000 362.1
30000 527.5
35000 514.5
40000 451.1
45000 330.2
50000 564.7
55000 549.1
60000 485.9
65000 433.4
70000 630.6
75000 389.8
80000 479.5
85000 485.7
90000 664.9
95000 715.2
100000 854.5
105000 659.8
110000 769.4
115000 767.2
120000 958.1
125000 866.8
130000 711.9
135000 663.6
140000 844.6
145000 967.7
150000 750.5
155000 944.0
160000 813.7
165000 671.8
170000 966.3
175000 778.9
180000 971.1
185000 656.1
190000 872.3
195000 880.0
200000 853.9
205000 976.4
210000 767.3
215000 964.9
220000 864.6
225000 848.7
230000 961.0
235000 734.3
240000 845.6
245000 683.2
250000 849.4
255000 865.2
260000 973.0
265000 875.9
270000 971.5
275000 969.7
280000 978.2
285000 975.9
290000 978.8
295000 973.2
300000 678.0
305000 936.9
310000 961.1
315000 969.5
320000 966.3
325000 976.8
330000 864.4
335000 966.8
340000 960.8
345000 969.7
350000 952.4
355000 968.1
360000 975.8
365000 965.1
370000 977.9
375000 967.3
380000 969.2
385000 856.2
390000 973.9
395000 874.1
400000 970.0
405000 980.3
410000 971.8
415000 961.8
420000 872.5
425000 878.2
430000 935.2
435000 959.4
440000 872.8
445000 971.6
450000 880.4
455000 958.1
460000 976.9
465000 868.9
470000 867.1
475000 878.1
480000 865.7
485000 872.8
490000 967.4
495000 981.2
500000 977.2
505000 975.8
510000 877.7
515000 872.9
520000 969.2
525000 970.1
530000 965.5
535000 971.4
540000 869.3
545000 869.8
550000 976.6
555000 970.5
560000 881.0
565000 983.3
570000 977.1
575000 876.7
580000 970.0
585000 872.8
590000 974.5
595000 973.3
600000 876.4
605000 975.4
610000 973.7
615000 966.0
620000 984.3
625000 975.3
630000 969.3
635000 972.6
640000 978.4
645000 971.8
650000 980.4
655000 876.7
660000 976.2
665000 973.3
670000 976.9
675000 973.8
680000 714.5
685000 878.8
690000 975.5
695000 980.1
700000 981.2
705000 874.3
710000 968.9
715000 976.4
720000 888.8
725000 973.0
730000 973.0
735000 969.3
740000 959.8
745000 776.6
750000 968.7
755000 882.7
760000 875.6
765000 970.1
770000 873.1
775000 884.1
780000 969.6
785000 963.3
790000 964.0
795000 969.2
800000 981.4
805000 981.7
810000 968.9
815000 981.5
820000 980.3
825000 873.8
830000 872.8
835000 877.3
840000 980.1
845000 879.6
850000 984.5
855000 881.4
860000 973.6
865000 982.0
870000 978.4
875000 975.2
880000 973.3
885000 976.4
890000 880.1
895000 880.4
900000 979.0
905000 876.6
910000 973.6
915000 983.2
920000 882.1
925000 969.0
930000 783.7
935000 882.8
940000 966.1
945000 973.6
950000 970.9
955000 969.1
960000 968.8
965000 963.4
970000 971.9
975000 984.7
980000 974.8
985000 975.7
990000 956.7
995000 978.1
1000000 880.3
1005000 881.9
1010000 884.8
1015000 976.6
1020000 974.5
1025000 785.0
1030000 978.7
1035000 970.0
1040000 981.2
1045000 880.8
1050000 875.7
1055000 981.2
1060000 976.1
1065000 885.8
1070000 877.1
1075000 982.8
1080000 981.1
1085000 886.2
1090000 974.4
1095000 979.4
1100000 907.8
1105000 957.3
1110000 880.6
1115000 979.9
1120000 876.3
1125000 749.2
1130000 969.4
1135000 888.5
1140000 972.2
1145000 961.1
1150000 973.7
1155000 948.6
1160000 869.4
1165000 981.2
1170000 976.8
1175000 875.4
1180000 972.1
1185000 980.4
1190000 959.8
1195000 974.0
1200000 885.8
1205000 936.7
1210000 981.4
1215000 877.7
1220000 874.8
1225000 985.0
1230000 976.4
1235000 684.5
1240000 978.7
1245000 976.7
1250000 973.4
1255000 974.3
1260000 971.2
1265000 979.2
1270000 963.1
1275000 983.0
1280000 975.2
1285000 967.6
1290000 972.8
1295000 689.5
1300000 982.0
1305000 880.5
1310000 970.9
1315000 982.9
1320000 964.6
1325000 784.3
1330000 966.1
1335000 978.2
1340000 878.5
1345000 970.0
1350000 676.2
1355000 977.2
1360000 980.3
1365000 864.8
1370000 968.0
1375000 876.0
1380000 973.6
1385000 974.7
1390000 976.6
1395000 881.5
1400000 966.8
1405000 874.1
1410000 982.5
1415000 984.0
1420000 982.2
1425000 973.9
1430000 980.7
1435000 986.2
1440000 978.0
1445000 976.0
1450000 986.7
1455000 877.2
1460000 970.3
1465000 847.4
1470000 979.2
1475000 973.0
1480000 969.9
1485000 960.7
1490000 973.1
1495000 973.2
1500000 974.4
1505000 981.8
1510000 970.8
1515000 975.2
1520000 969.4
1525000 676.2
1530000 966.6
1535000 977.1
1540000 980.8
1545000 962.3
1550000 976.7
1555000 975.9
1560000 785.9
1565000 874.0
1570000 876.6
1575000 977.0
1580000 938.3
1585000 882.0
1590000 960.2
1595000 982.4
1600000 980.7
1605000 967.9
1610000 976.9
1615000 883.5
1620000 977.6
1625000 872.9
1630000 977.5
1635000 783.7
1640000 885.4
1645000 970.5
1650000 972.5
1655000 872.7
1660000 962.6
1665000 870.0
1670000 974.3
1675000 979.2
1680000 974.4
1685000 979.0
1690000 979.8
1695000 985.9
1700000 979.7
1705000 972.6
1710000 974.9
1715000 879.4
1720000 976.4
1725000 976.7
1730000 961.5
1735000 973.6
1740000 873.1
1745000 974.6
1750000 976.1
1755000 974.5
1760000 874.3
1765000 973.3
1770000 972.9
1775000 971.7
1780000 878.5
1785000 872.0
1790000 924.5
1795000 984.7
1800000 980.4
1805000 879.2
1810000 979.6
1815000 983.2
1820000 979.8
1825000 970.3
1830000 976.1
1835000 881.3
1840000 973.5
1845000 954.9
1850000 980.1
1855000 975.9
1860000 978.2
1865000 962.3
1870000 969.3
1875000 976.1
1880000 975.1
1885000 882.3
1890000 981.4
1895000 980.9
1900000 976.6
1905000 985.6
1910000 980.4
1915000 876.6
1920000 987.7
1925000 971.8
1930000 982.2
1935000 982.1
1940000 976.5
1945000 976.9
1950000 883.1
1955000 973.9
1960000 975.6
1965000 957.0
1970000 973.6
1975000 962.0
1980000 973.2
1985000 972.8
1990000 885.6
1995000 875.6
2000000 979.5
