5000 95.8
10000 64.6
15000 113.6
20000 210.4
25000 308.0
30000 138.8
35000 403.5
40000 424.9
45000 749.4
50000 567.8
55000 769.3
60000 627.6
65000 387.6
70000 782.9
75000 582.3
80000 867.0
85000 758.7
90000 747.2
95000 967.9
100000 779.2
105000 727.3
110000 948.0
115000 861.2
120000 810.4
125000 785.8
130000 973.9
135000 866.4
140000 735.7
145000 836.8
150000 870.7
155000 935.9
160000 965.5
165000 744.6
170000 840.5
175000 871.0
180000 956.4
185000 867.4
190000 867.7
195000 847.5
200000 874.2
205000 937.1
210000 773.5
215000 964.0
220000 962.1
225000 979.6
230000 869.8
235000 863.4
240000 951.0
245000 868.2
250000 874.3
255000 961.5
260000 965.6
265000 971.4
270000 967.2
275000 868.6
280000 875.4
285000 862.2
290000 967.6
295000 865.6
300000 870.0
305000 878.4
310000 970.5
315000 870.7
320000 975.0
325000 875.1
330000 971.6
335000 779.3
340000 973.4
345000 877.4
350000 968.8
355000 975.4
360000 873.1
365000 958.4
370000 881.1
375000 960.2
380000 965.3
385000 977.4
390000 972.9
395000 966.9
400000 961.5
405000 858.5
410000 973.1
415000 962.9
420000 975.1
425000 953.0
430000 930.4
435000 969.1
440000 974.8
445000 971.4
450000 966.8
455000 968.6
460000 969.6
465000 861.9
470000 953.4
475000 972.2
480000 979.5
485000 882.9
490000 984.8
495000 976.6
500000 968.3
505000 866.5
510000 971.0
515000 969.2
520000 891.9
525000 970.7
530000 975.0
535000 975.7
540000 979.4
545000 874.0
550000 972.8
555000 977.6
560000 980.1
565000 771.0
570000 976.3
575000 973.9
580000 971.8
585000 873.8
590000 978.5
595000 970.1
600000 977.1
605000 872.4
610000 970.6
615000 877.3
620000 976.6
625000 970.7
630000 974.9
635000 975.8
640000 973.3
645000 871.5
650000 866.0
655000 972.7
660000 973.0
665000 979.0
670000 877.1
675000 971.5
680000 877.5
685000 969.6
690000 977.2
695000 970.6
700000 980.6
705000 974.4
710000 980.2
715000 970.0
720000 980.3
725000 984.6
730000 979.4
735000 979.3
740000 885.3
745000 971.4
750000 873.5
755000 978.9
760000 977.3
765000 977.5
770000 971.4
775000 975.0
780000 979.3
785000 977.2
790000 885.7
795000 980.3
800000 981.0
805000 976.0
810000 979.1
815000 975.5
820000 974.6
825000 877.3
830000 878.5
835000 980.1
840000 972.7
845000 983.4
850000 973.8
855000 977.9
860000 979.8
865000 784.3
870000 976.3
875000 984.4
880000 875.1
885000 972.3
890000 973.6
895000 980.4
900000 971.0
905000 964.5
910000 971.1
915000 875.6
920000 971.5
925000 880.3
930000 982.3
935000 980.2
940000 883.2
945000 979.3
950000 977.6
955000 977.2
960000 972.5
965000 878.3
970000 978.6
975000 970.7
980000 973.4
985000 974.7
990000 871.9
995000 977.3
1000000 985.9
1005000 873.1
1010000 979.6
1015000 977.1
1020000 980.0
1025000 785.3
1030000 983.1
1035000 973.4
1040000 978.7
1045000 874.6
1050000 885.7
1055000 971.3
1060000 981.4
1065000 976.3
1070000 979.1
1075000 981.0
1080000 977.0
1085000 978.2
1090000 981.6
1095000 980.2
1100000 981.6
1105000 972.6
1110000 881.7
1115000 972.6
1120000 975.4
1125000 962.6
1130000 977.4
1135000 978.6
1140000 963.7
1145000 980.0
1150000 970.9
1155000 968.9
1160000 871.9
1165000 887.0
1170000 875.5
1175000 978.3
1180000 965.7
1185000 976.1
1190000 963.9
1195000 980.3
1200000 973.1
1205000 877.7
1210000 879.3
1215000 977.7
1220000 875.7
1225000 881.3
1230000 785.8
1235000 973.8
1240000 883.5
1245000 963.9
1250000 981.9
1255000 886.9
1260000 958.4
1265000 766.3
1270000 968.8
1275000 881.5
1280000 982.7
1285000 976.7
1290000 983.7
1295000 953.1
1300000 978.4
1305000 873.0
1310000 875.7
1315000 879.4
1320000 978.7
1325000 882.1
1330000 780.7
1335000 974.8
1340000 972.3
1345000 963.4
1350000 982.0
1355000 972.0
1360000 985.3
1365000 875.5
1370000 978.8
1375000 975.0
1380000 982.8
1385000 878.5
1390000 881.2
1395000 976.3
1400000 976.9
1405000 983.0
1410000 976.1
1415000 976.1
1420000 982.2
1425000 779.2
1430000 882.5
1435000 982.3
1440000 977.6
1445000 877.7
1450000 976.9
1455000 982.0
1460000 883.7
1465000 964.8
1470000 978.3
1475000 876.6
1480000 968.7
1485000 969.5
1490000 882.9
1495000 979.1
1500000 981.0
1505000 973.5
1510000 977.0
1515000 981.2
1520000 972.0
1525000 876.2
1530000 970.0
1535000 978.9
1540000 874.8
1545000 876.8
1550000 982.4
1555000 971.2
1560000 972.6
1565000 780.6
1570000 984.2
1575000 875.2
1580000 983.4
1585000 870.7
1590000 934.7
1595000 762.9
1600000 974.3
1605000 885.2
1610000 877.2
1615000 976.6
1620000 981.2
1625000 973.1
1630000 980.0
1635000 881.0
1640000 976.0
1645000 965.5
1650000 970.3
1655000 880.9
1660000 973.4
1665000 782.2
1670000 876.3
1675000 978.0
1680000 981.2
1685000 977.5
1690000 884.1
1695000 886.7
1700000 779.3
1705000 980.6
1710000 973.9
1715000 972.9
1720000 977.9
1725000 980.3
1730000 978.0
1735000 874.2
1740000 979.1
1745000 868.2
1750000 958.9
1755000 977.8
1760000 971.4
1765000 872.2
1770000 966.6
1775000 977.7
1780000 975.9
1785000 966.0
1790000 783.2
1795000 977.6
1800000 974.5
1805000 980.8
1810000 978.6
1815000 974.0
1820000 975.5
1825000 946.6
1830000 894.7
1835000 877.4
1840000 974.9
1845000 982.0
1850000 878.1
1855000 884.6
1860000 980.7
1865000 878.8
1870000 981.9
1875000 978.3
1880000 979.6
1885000 784.6
1890000 878.9
1895000 885.1
1900000 977.2
1905000 972.6
1910000 971.7
1915000 974.7
1920000 980.1
1925000 885.8
1930000 975.6
1935000 976.3
1940000 974.2
1945000 812.7
1950000 875.9
1955000 972.4
1960000 882.3
1965000 873.2
1970000 972.7
1975000 979.1
1980000 976.3
1985000 965.6
1990000 974.2
1995000 977.4
2000000 976.9
