5000 100.0
10000 100.0
15000 93.7
20000 31.1
25000 223.4
30000 273.3
35000 393.6
40000 326.4
45000 508.2
50000 350.1
55000 625.2
60000 621.3
65000 463.7
70000 655.4
75000 571.6
80000 485.2
85000 283.1
90000 781.6
95000 857.6
100000 975.6
105000 966.8
110000 868.6
115000 873.6
120000 958.5
125000 678.1
130000 860.2
135000 688.0
140000 727.5
145000 762.5
150000 583.6
155000 700.1
160000 865.3
165000 865.3
170000 945.0
175000 957.0
180000 818.8
185000 767.2
190000 870.2
195000 974.6
200000 943.4
205000 660.7
210000 962.5
215000 785.5
220000 870.1
225000 870.2
230000 583.8
235000 965.2
240000 860.8
245000 770.6
250000 755.2
255000 966.5
260000 920.1
265000 872.6
270000 774.9
275000 874.1
280000 951.6
285000 967.4
290000 858.4
295000 779.1
300000 876.0
305000 876.2
310000 976.9
315000 885.6
320000 881.4
325000 966.7
330000 859.2
335000 876.2
340000 979.0
345000 868.7
350000 786.9
355000 980.7
360000 978.5
365000 969.2
370000 777.7
375000 848.2
380000 684.5
385000 872.6
390000 970.8
395000 778.5
400000 683.5
405000 964.0
410000 748.3
415000 880.9
420000 866.3
425000 976.1
430000 980.0
435000 876.4
440000 874.1
445000 964.0
450000 873.7
455000 970.4
460000 972.1
465000 876.2
470000 883.3
475000 872.4
480000 878.6
485000 767.9
490000 880.9
495000 972.8
500000 882.0
505000 975.3
510000 973.8
515000 977.6
520000 879.1
525000 774.7
530000 766.3
535000 980.8
540000 967.5
545000 883.0
550000 970.9
555000 978.2
560000 964.9
565000 883.2
570000 970.7
575000 872.9
580000 980.8
585000 972.3
590000 970.4
595000 981.2
600000 877.3
605000 972.4
610000 974.5
615000 980.0
620000 977.9
625000 980.1
630000 875.5
635000 883.8
640000 873.7
645000 783.6
650000 952.3
655000 988.3
660000 979.2
665000 966.1
670000 973.9
675000 881.8
680000 981.2
685000 963.8
690000 870.0
695000 875.8
700000 881.4
705000 973.8
710000 872.4
715000 984.1
720000 876.1
725000 957.8
730000 983.7
735000 878.6
740000 977.6
745000 955.6
750000 977.6
755000 977.7
760000 853.5
765000 974.8
770000 884.3
775000 984.6
780000 973.6
785000 782.9
790000 975.5
795000 974.8
800000 990.2
805000 876.9
810000 977.0
815000 971.6
820000 980.7
825000 873.8
830000 974.9
835000 965.0
840000 957.5
845000 884.6
850000 981.7
855000 972.6
860000 976.2
865000 976.0
870000 984.4
875000 973.0
880000 889.2
885000 877.9
890000 881.2
895000 972.0
900000 976.0
905000 977.6
910000 875.8
915000 983.8
920000 975.9
925000 971.5
930000 885.2
935000 979.8
940000 972.3
945000 983.2
950000 882.4
955000 983.7
960000 978.0
965000 783.7
970000 979.7
975000 974.2
980000 878.1
985000 975.6
990000 983.1
995000 981.2
1000000 969.6
1005000 945.0
1010000 962.6
1015000 972.1
1020000 982.0
1025000 867.8
1030000 981.1
1035000 975.6
1040000 974.1
1045000 977.8
1050000 975.4
1055000 855.1
1060000 976.4
1065000 974.4
1070000 976.0
1075000 977.2
1080000 875.8
1085000 870.0
1090000 976.8
1095000 982.6
1100000 982.2
1105000 775.5
1110000 977.2
1115000 977.4
1120000 965.5
1125000 895.2
1130000 987.2
1135000 880.9
1140000 978.7
1145000 779.7
1150000 983.1
1155000 980.8
1160000 982.6
1165000 862.8
1170000 979.1
1175000 966.2
1180000 980.4
1185000 876.3
1190000 982.8
1195000 973.6
1200000 983.6
1205000 981.0
1210000 972.4
1215000 876.6
1220000 984.7
1225000 983.5
1230000 977.5
1235000 947.5
1240000 985.3
1245000 978.8
1250000 971.8
1255000 977.2
1260000 976.4
1265000 985.4
1270000 971.1
1275000 875.3
1280000 975.9
1285000 884.6
1290000 979.8
1295000 871.8
1300000 889.3
1305000 876.8
1310000 979.5
1315000 979.3
1320000 972.9
1325000 945.8
1330000 877.9
1335000 983.3
1340000 980.4
1345000 959.6
1350000 971.4
1355000 969.0
1360000 976.7
1365000 883.8
1370000 976.8
1375000 884.2
1380000 794.4
1385000 977.1
1390000 779.7
1395000 977.0
1400000 968.9
1405000 967.1
1410000 883.9
1415000 884.0
1420000 975.3
1425000 977.8
1430000 978.5
1435000 974.8
1440000 883.8
1445000 783.7
1450000 977.2
1455000 972.8
1460000 980.0
1465000 776.8
1470000 979.0
1475000 871.8
1480000 974.3
1485000 677.6
1490000 978.1
1495000 977.0
1500000 983.3
1505000 873.6
1510000 972.7
1515000 975.2
1520000 885.7
1525000 878.3
1530000 982.2
1535000 982.3
1540000 877.5
1545000 883.7
1550000 972.8
1555000 986.3
1560000 972.6
1565000 975.5
1570000 972.2
1575000 848.6
1580000 977.0
1585000 873.1
1590000 878.8
1595000 981.3
1600000 972.4
1605000 876.6
1610000 979.0
1615000 970.4
1620000 884.1
1625000 975.2
1630000 972.4
1635000 879.3
1640000 784.7
1645000 842.9
1650000 974.7
1655000 977.7
1660000 977.5
1665000 881.4
1670000 968.2
1675000 979.4
1680000 979.3
1685000 772.4
1690000 973.0
1695000 976.2
1700000 969.1
1705000 881.1
1710000 863.5
1715000 973.0
1720000 981.2
1725000 971.6
1730000 981.4
1735000 986.3
1740000 975.5
1745000 871.5
1750000 973.9
1755000 985.9
1760000 973.5
1765000 982.4
1770000 976.8
1775000 883.4
1780000 986.1
1785000 882.8
1790000 873.7
1795000 787.2
1800000 972.6
1805000 686.2
1810000 974.6
1815000 780.4
1820000 965.5
1825000 968.4
1830000 882.6
1835000 788.9
1840000 878.0
1845000 843.0
1850000 881.8
1855000 978.9
1860000 973.8
1865000 974.4
1870000 971.3
1875000 983.6
1880000 875.0
1885000 962.4
1890000 977.6
1895000 976.5
1900000 981.7
1905000 965.3
1910000 975.2
1915000 881.9
1920000 979.8
1925000 880.9
1930000 877.3
1935000 977.5
1940000 879.5
1945000 981.4
1950000 982.0
1955000 781.3
1960000 974.2
1965000 880.9
1970000 976.8
1975000 975.4
1980000 977.5
1985000 973.0
1990000 877.2
1995000 980.4
2000000 980.7
