5000 0.0
10000 0.0
15000 49.4
20000 3.2
25000 284.3
30000 372.2
35000 425.7
40000 297.0
45000 266.3
50000 531.8
55000 332.8
60000 449.5
65000 407.5
70000 853.2
75000 862.0
80000 827.9
85000 640.7
90000 703.1
95000 786.2
100000 578.0
105000 753.3
110000 906.0
115000 685.3
120000 952.6
125000 609.3
130000 755.1
135000 946.2
140000 856.0
145000 769.8
150000 774.3
155000 767.0
160000 938.4
165000 872.3
170000 926.1
175000 770.5
180000 575.8
185000 949.9
190000 958.4
195000 970.7
200000 863.0
205000 865.6
210000 970.7
215000 947.1
220000 867.0
225000 759.0
230000 782.7
235000 819.1
240000 850.0
245000 947.1
250000 960.4
255000 967.8
260000 868.2
265000 759.0
270000 963.4
275000 973.4
280000 869.3
285000 967.8
290000 968.7
295000 873.9
300000 972.0
305000 868.3
310000 954.1
315000 954.3
320000 971.9
325000 783.2
330000 967.4
335000 968.1
340000 866.8
345000 884.0
350000 963.6
355000 869.2
360000 968.0
365000 968.0
370000 679.2
375000 965.9
380000 770.2
385000 984.2
390000 866.3
395000 959.3
400000 981.7
405000 873.2
410000 880.0
415000 875.2
420000 974.8
425000 882.3
430000 972.3
435000 971.4
440000 960.9
445000 870.6
450000 870.0
455000 972.8
460000 964.7
465000 973.1
470000 958.1
475000 874.3
480000 973.6
485000 973.6
490000 964.7
495000 876.3
500000 878.9
505000 683.2
510000 982.2
515000 973.7
520000 979.0
525000 961.6
530000 965.2
535000 773.9
540000 964.5
545000 857.5
550000 971.9
555000 977.7
560000 969.5
565000 879.2
570000 973.4
575000 762.8
580000 875.9
585000 871.9
590000 974.6
595000 969.8
600000 863.2
605000 971.6
610000 970.1
615000 976.8
620000 971.3
625000 784.5
630000 866.2
635000 970.4
640000 970.6
645000 880.3
650000 974.1
655000 855.6
660000 974.3
665000 783.9
670000 978.2
675000 979.0
680000 880.4
685000 865.6
690000 972.8
695000 983.6
700000 884.8
705000 954.9
710000 956.5
715000 979.0
720000 977.5
725000 971.6
730000 969.8
735000 977.4
740000 776.3
745000 978.4
750000 975.1
755000 976.6
760000 967.2
765000 976.2
770000 873.4
775000 884.0
780000 975.2
785000 958.5
790000 973.7
795000 979.5
800000 974.6
805000 877.9
810000 961.5
815000 966.1
820000 976.2
825000 777.2
830000 964.8
835000 971.7
840000 978.9
845000 974.4
850000 980.5
855000 976.3
860000 969.0
865000 956.2
870000 969.8
875000 963.9
880000 974.7
885000 963.7
890000 981.9
895000 975.1
900000 978.1
905000 979.4
910000 980.9
915000 980.8
920000 979.8
925000 939.9
930000 974.0
935000 979.4
940000 984.0
945000 979.9
950000 874.7
955000 978.1
960000 926.3
965000 975.2
970000 879.1
975000 965.6
980000 981.1
985000 977.9
990000 968.9
995000 976.7
1000000 977.4
1005000 974.8
1010000 970.7
1015000 974.4
1020000 981.0
1025000 876.1
1030000 977.0
1035000 978.6
1040000 981.0
1045000 887.4
1050000 982.7
1055000 853.9
1060000 972.4
1065000 873.3
1070000 980.7
1075000 975.8
1080000 977.1
1085000 972.5
1090000 974.0
1095000 979.1
1100000 780.9
1105000 969.4
1110000 776.8
1115000 958.0
1120000 885.1
1125000 869.7
1130000 969.6
1135000 979.6
1140000 970.9
1145000 880.0
1150000 975.5
1155000 981.9
1160000 982.9
1165000 876.4
1170000 970.3
1175000 972.7
1180000 879.8
1185000 977.5
1190000 979.8
1195000 884.2
1200000 901.9
1205000 685.1
1210000 872.4
1215000 976.4
1220000 977.8
1225000 814.6
1230000 833.0
1235000 979.5
1240000 779.8
1245000 979.3
1250000 787.5
1255000 976.8
1260000 884.4
1265000 871.2
1270000 972.1
1275000 776.3
1280000 977.1
1285000 778.7
1290000 980.4
1295000 969.0
1300000 976.5
1305000 877.1
1310000 974.9
1315000 972.0
1320000 967.7
1325000 882.9
1330000 961.0
1335000 976.5
1340000 881.7
1345000 870.0
1350000 975.7
1355000 975.0
1360000 979.6
1365000 870.4
1370000 976.1
1375000 978.4
1380000 972.1
1385000 873.1
1390000 964.7
1395000 970.9
1400000 874.6
1405000 877.2
1410000 971.4
1415000 890.3
1420000 972.0
1425000 981.4
1430000 981.8
1435000 977.2
1440000 977.9
1445000 780.8
1450000 978.1
1455000 872.4
1460000 973.0
1465000 881.9
1470000 981.8
1475000 877.5
1480000 879.8
1485000 884.4
1490000 969.7
1495000 962.0
1500000 978.6
1505000 784.1
1510000 874.3
1515000 984.8
1520000 874.4
1525000 969.7
1530000 972.3
1535000 871.5
1540000 976.3
1545000 981.9
1550000 974.6
1555000 876.0
1560000 966.0
1565000 973.4
1570000 966.3
1575000 881.3
1580000 980.3
1585000 965.1
1590000 974.3
1595000 880.0
1600000 973.0
1605000 873.1
1610000 952.1
1615000 824.9
1620000 881.1
1625000 970.7
1630000 978.3
1635000 977.6
1640000 879.4
1645000 786.5
1650000 986.0
1655000 979.0
1660000 975.7
1665000 972.6
1670000 984.9
1675000 978.6
1680000 976.7
1685000 873.1
1690000 973.5
1695000 779.2
1700000 974.5
1705000 978.2
1710000 973.3
1715000 885.3
1720000 881.0
1725000 972.5
1730000 969.9
1735000 982.4
1740000 981.9
1745000 968.1
1750000 880.8
1755000 878.2
1760000 978.5
1765000 973.0
1770000 980.8
1775000 981.4
1780000 971.0
1785000 880.2
1790000 779.7
1795000 979.9
1800000 980.8
1805000 985.9
1810000 877.6
1815000 976.5
1820000 977.0
1825000 972.9
1830000 987.7
1835000 882.3
1840000 983.3
1845000 966.8
1850000 979.7
1855000 978.5
1860000 985.0
1865000 870.4
1870000 983.4
1875000 975.7
1880000 979.0
1885000 879.0
1890000 983.2
1895000 981.4
1900000 876.8
1905000 966.5
1910000 877.2
1915000 880.1
1920000 880.2
1925000 976.6
1930000 882.5
1935000 978.0
1940000 881.0
1945000 939.2
1950000 978.4
1955000 878.0
1960000 974.5
1965000 967.4
1970000 981.8
1975000 983.3
1980000 983.7
1985000 975.4
1990000 977.2
1995000 882.0
2000000 888.5
