5000 0.5
10000 100.0
15000 162.4
20000 262.1
25000 28.5
30000 101.2
35000 185.9
40000 2.5
45000 60.3
50000 266.6
55000 179.7
60000 261.7
65000 486.3
70000 476.1
75000 661.5
80000 472.9
85000 670.9
90000 661.2
95000 715.4
100000 598.1
105000 667.0
110000 674.7
115000 728.3
120000 840.6
125000 956.7
130000 782.5
135000 885.2
140000 866.0
145000 771.4
150000 819.8
155000 866.7
160000 860.2
165000 762.5
170000 811.5
175000 879.3
180000 946.6
185000 763.2
190000 965.3
195000 861.1
200000 784.5
205000 873.8
210000 672.4
215000 881.5
220000 630.7
225000 875.4
230000 871.7
235000 778.8
240000 874.6
245000 869.1
250000 672.3
255000 962.3
260000 869.6
265000 666.9
270000 876.3
275000 978.8
280000 874.8
285000 767.9
290000 753.9
295000 876.2
300000 846.4
305000 979.1
310000 955.0
315000 970.0
320000 876.7
325000 868.2
330000 880.3
335000 751.4
340000 884.9
345000 974.9
350000 970.4
355000 972.6
360000 968.0
365000 974.9
370000 914.0
375000 850.5
380000 967.0
385000 965.4
390000 972.0
395000 871.0
400000 972.6
405000 873.7
410000 970.8
415000 984.2
420000 864.0
425000 970.7
430000 975.5
435000 878.2
440000 871.4
445000 880.4
450000 872.6
455000 879.8
460000 979.3
465000 968.9
470000 876.4
475000 967.8
480000 977.1
485000 873.4
490000 970.6
495000 979.9
500000 971.9
505000 876.5
510000 968.1
515000 964.1
520000 975.8
525000 975.2
530000 980.5
535000 982.2
540000 879.0
545000 972.7
550000 878.7
555000 966.9
560000 984.3
565000 976.0
570000 856.1
575000 986.9
580000 874.1
585000 779.3
590000 983.8
595000 976.3
600000 965.9
605000 963.5
610000 964.8
615000 988.7
620000 972.4
625000 973.5
630000 979.1
635000 977.6
640000 974.4
645000 972.9
650000 970.8
655000 977.2
660000 876.6
665000 882.6
670000 978.0
675000 980.0
680000 979.6
685000 985.2
690000 975.8
695000 964.2
700000 986.9
705000 787.9
710000 977.9
715000 974.1
720000 971.8
725000 863.1
730000 962.6
735000 973.8
740000 882.5
745000 870.8
750000 992.2
755000 978.5
760000 884.1
765000 971.3
770000 968.5
775000 976.4
780000 971.5
785000 950.8
790000 953.3
795000 982.0
800000 977.9
805000 884.2
810000 957.3
815000 962.4
820000 967.2
825000 978.7
830000 967.2
835000 965.0
840000 960.1
845000 970.7
850000 972.0
855000 977.8
860000 973.9
865000 973.3
870000 872.8
875000 876.8
880000 967.3
885000 883.5
890000 974.3
895000 971.0
900000 975.6
905000 959.1
910000 978.8
915000 975.1
920000 974.9
925000 976.1
930000 862.1
935000 980.2
940000 975.3
945000 980.1
950000 970.4
955000 970.0
960000 977.5
965000 965.3
970000 980.3
975000 976.8
980000 972.5
985000 878.0
990000 975.4
995000 785.0
1000000 972.6
1005000 977.0
1010000 979.3
1015000 967.1
1020000 985.0
1025000 974.8
1030000 873.4
1035000 977.4
1040000 972.5
1045000 771.1
1050000 976.7
1055000 975.2
1060000 972.1
1065000 971.7
1070000 985.0
1075000 881.8
1080000 979.1
1085000 875.4
1090000 972.7
1095000 967.5
1100000 973.6
1105000 979.3
1110000 969.5
1115000 981.6
1120000 973.1
1125000 977.4
1130000 974.6
1135000 972.8
1140000 880.0
1145000 974.1
1150000 973.7
1155000 974.3
1160000 973.1
1165000 969.0
1170000 975.8
1175000 971.3
1180000 980.0
1185000 972.0
1190000 970.4
1195000 877.2
1200000 972.5
1205000 967.8
1210000 967.6
1215000 975.8
1220000 881.2
1225000 872.9
1230000 965.6
1235000 862.1
1240000 868.7
1245000 982.7
1250000 972.3
1255000 981.6
1260000 960.7
1265000 976.4
1270000 825.5
1275000 973.6
1280000 975.9
1285000 978.3
1290000 883.0
1295000 934.8
1300000 979.8
1305000 973.4
1310000 970.7
1315000 980.1
1320000 981.4
1325000 881.7
1330000 874.4
1335000 881.2
1340000 976.4
1345000 685.0
1350000 974.7
1355000 780.9
1360000 976.3
1365000 975.0
1370000 979.7
1375000 874.4
1380000 973.7
1385000 957.5
1390000 981.8
1395000 984.1
1400000 964.8
1405000 865.6
1410000 975.5
1415000 972.4
1420000 985.1
1425000 893.5
1430000 873.6
1435000 972.4
1440000 969.0
1445000 778.5
1450000 980.2
1455000 972.7
1460000 884.5
1465000 977.2
1470000 877.5
1475000 974.1
1480000 969.4
1485000 968.2
1490000 987.7
1495000 973.9
1500000 975.3
1505000 964.2
1510000 975.6
1515000 969.0
1520000 876.3
1525000 780.3
1530000 969.8
1535000 868.1
1540000 978.0
1545000 969.3
1550000 975.6
1555000 967.5
1560000 972.5
1565000 970.8
1570000 976.5
1575000 976.2
1580000 878.9
1585000 857.3
1590000 883.4
1595000 851.3
1600000 881.6
1605000 969.5
1610000 981.4
1615000 889.0
1620000 884.1
1625000 762.0
1630000 974.5
1635000 974.7
1640000 978.1
1645000 967.3
1650000 973.9
1655000 965.8
1660000 977.3
1665000 888.3
1670000 961.9
1675000 878.7
1680000 973.8
1685000 978.1
1690000 969.7
1695000 876.6
1700000 969.7
1705000 877.9
1710000 878.5
1715000 980.9
1720000 982.7
1725000 964.9
1730000 779.3
1735000 984.9
1740000 985.9
1745000 951.7
1750000 968.9
1755000 982.4
1760000 874.5
1765000 978.0
1770000 970.1
1775000 968.1
1780000 873.4
1785000 934.8
1790000 978.1
1795000 976.5
1800000 884.5
1805000 877.1
1810000 974.5
1815000 981.1
1820000 982.1
1825000 980.5
1830000 974.3
1835000 885.2
1840000 977.0
1845000 855.9
1850000 909.3
1855000 965.3
1860000 877.7
1865000 868.6
1870000 875.3
1875000 974.0
1880000 979.5
1885000 773.2
1890000 966.8
1895000 975.1
1900000 973.3
1905000 781.0
1910000 981.5
1915000 973.1
1920000 980.7
1925000 964.9
1930000 966.2
1935000 973.9
1940000 974.8
1945000 873.2
1950000 977.2
1955000 967.8
1960000 979.5
1965000 941.3
1970000 968.4
1975000 978.4
1980000 872.8
1985000 878.9
1990000 875.7
1995000 982.9
2000000 976.5
