5000 0.0
10000 0.0
15000 3.5
20000 32.9
25000 408.4
30000 507.6
35000 530.4
40000 617.9
45000 647.9
50000 707.9
55000 769.1
60000 737.1
65000 739.3
70000 794.3
75000 834.6
80000 839.0
85000 837.0
90000 861.7
95000 862.6
100000 877.7
105000 902.5
110000 924.3
115000 924.9
120000 937.8
125000 982.1
130000 878.7
135000 979.4
140000 983.3
145000 981.2
150000 985.9
155000 978.1
160000 982.5
165000 979.3
170000 884.2
175000 980.9
180000 980.3
185000 975.8
190000 983.2
195000 984.2
200000 980.1
205000 978.7
210000 981.3
215000 985.5
220000 983.7
225000 982.2
230000 983.0
235000 982.4
240000 985.4
245000 985.5
250000 979.2
255000 982.0
260000 984.4
265000 983.3
270000 981.3
275000 982.6
280000 981.8
285000 978.3
290000 983.8
295000 981.6
300000 984.6
305000 981.5
310000 982.6
315000 978.5
320000 982.6
325000 313.0
330000 679.7
335000 884.0
340000 976.4
345000 981.2
350000 986.3
355000 980.4
360000 982.4
365000 985.4
370000 969.7
375000 986.6
380000 983.7
385000 979.2
390000 987.2
395000 985.4
400000 988.6
405000 984.0
410000 981.4
415000 988.0
420000 989.3
425000 986.6
430000 983.0
435000 983.4
440000 988.0
445000 988.2
450000 984.6
455000 985.0
460000 986.8
465000 988.6
470000 984.8
475000 986.9
480000 986.1
485000 988.2
490000 987.5
495000 989.6
500000 981.6
505000 987.7
510000 985.9
515000 985.6
520000 982.3
525000 988.1
530000 987.5
535000 985.2
540000 984.7
545000 984.2
550000 987.2
555000 985.0
560000 989.7
565000 985.8
570000 986.3
575000 985.8
580000 986.6
585000 986.9
590000 986.9
595000 988.4
600000 983.0
605000 986.7
610000 986.4
615000 986.0
620000 985.5
625000 986.1
630000 986.3
635000 987.4
640000 986.6
645000 264.2
650000 689.9
655000 716.7
660000 882.7
665000 983.3
670000 985.0
675000 981.1
680000 982.9
685000 987.3
690000 983.7
695000 985.7
700000 982.5
705000 985.5
710000 985.2
715000 984.9
720000 987.0
725000 984.8
730000 986.6
735000 987.9
740000 989.1
745000 987.8
750000 981.6
755000 986.7
760000 984.9
765000 990.0
770000 987.4
775000 988.1
780000 986.2
785000 984.3
790000 989.1
795000 985.0
800000 988.1
805000 985.0
810000 985.3
815000 986.7
820000 986.9
825000 986.1
830000 986.0
835000 983.6
840000 981.7
845000 986.5
850000 988.0
855000 983.2
860000 991.0
865000 985.5
870000 983.9
875000 986.6
880000 986.0
885000 989.2
890000 986.3
895000 985.8
900000 988.0
905000 987.7
910000 987.4
915000 988.4
920000 985.2
925000 988.8
930000 988.1
935000 985.3
940000 987.4
945000 988.3
950000 986.0
955000 991.4
960000 986.7
965000 377.4
970000 624.2
975000 868.7
980000 970.0
985000 972.5
990000 985.8
995000 962.8
1000000 980.1
1005000 981.7
1010000 988.3
1015000 986.0
1020000 983.0
1025000 987.1
1030000 986.2
1035000 987.6
1040000 984.1
1045000 988.8
1050000 989.0
1055000 984.4
1060000 987.2
1065000 985.2
1070000 986.8
1075000 975.2
1080000 987.3
1085000 985.5
1090000 986.1
1095000 986.0
1100000 988.6
1105000 987.9
1110000 988.4
1115000 989.3
1120000 991.2
1125000 988.0
1130000 991.1
1135000 986.9
1140000 987.7
1145000 985.7
1150000 988.5
1155000 988.0
1160000 990.4
1165000 985.2
1170000 990.9
1175000 988.3
1180000 991.3
1185000 985.3
1190000 986.9
1195000 986.1
1200000 986.0
1205000 988.5
1210000 990.0
1215000 989.7
1220000 986.6
1225000 988.3
1230000 989.9
1235000 990.1
1240000 992.7
1245000 986.3
1250000 985.4
1255000 989.4
1260000 986.0
1265000 986.6
1270000 988.0
1275000 990.4
1280000 986.2
1285000 288.2
1290000 429.8
1295000 579.7
1300000 795.5
1305000 921.1
1310000 942.1
1315000 950.6
1320000 989.0
1325000 978.8
1330000 979.5
1335000 989.6
1340000 991.4
1345000 983.3
1350000 983.0
1355000 985.9
1360000 985.4
1365000 985.0
1370000 988.2
1375000 985.0
1380000 988.8
1385000 977.4
1390000 987.1
1395000 991.3
1400000 985.5
1405000 985.5
1410000 983.9
1415000 985.8
1420000 985.7
1425000 985.2
1430000 988.5
1435000 985.3
1440000 987.4
1445000 988.4
1450000 988.4
1455000 986.2
1460000 987.3
1465000 986.1
1470000 987.2
1475000 985.2
1480000 986.8
1485000 986.9
1490000 985.3
1495000 986.4
1500000 986.9
1505000 985.3
1510000 984.6
1515000 989.3
1520000 986.4
1525000 990.3
1530000 989.6
1535000 990.0
1540000 987.2
1545000 987.7
1550000 989.4
1555000 986.2
1560000 990.6
1565000 985.9
1570000 988.0
1575000 984.6
1580000 987.1
1585000 988.4
1590000 989.4
1595000 987.2
1600000 988.7
1605000 326.7
1610000 249.5
1615000 661.0
1620000 849.9
1625000 961.0
1630000 867.8
1635000 971.4
1640000 986.9
1645000 986.7
1650000 990.6
1655000 982.4
1660000 985.3
1665000 985.7
1670000 986.3
1675000 986.5
1680000 989.5
1685000 988.8
1690000 990.7
1695000 988.0
1700000 988.3
1705000 985.3
1710000 986.2
1715000 988.9
1720000 984.7
1725000 986.5
1730000 986.0
1735000 987.4
1740000 984.3
1745000 984.1
1750000 987.5
1755000 989.8
1760000 989.0
1765000 989.1
1770000 988.0
1775000 987.1
1780000 984.9
1785000 985.6
1790000 986.3
1795000 987.4
1800000 985.4
1805000 984.8
1810000 985.3
1815000 985.7
1820000 987.3
1825000 989.2
1830000 990.1
1835000 985.8
1840000 988.6
1845000 988.2
1850000 989.2
1855000 984.7
1860000 986.8
1865000 989.4
1870000 985.9
1875000 985.3
1880000 990.3
1885000 986.2
1890000 987.7
1895000 987.9
1900000 987.9
1905000 987.2
1910000 987.9
1915000 985.9
1920000 989.5
1925000 989.1
1930000 987.6
1935000 987.2
1940000 989.0
1945000 984.3
1950000 987.7
1955000 989.9
1960000 987.9
1965000 985.4
1970000 988.3
1975000 986.4
1980000 990.1
1985000 988.9
1990000 990.3
1995000 987.1
2000000 988.0
