5000 0.0
10000 0.0
15000 158.8
20000 256.0
25000 317.3
30000 511.0
35000 680.0
40000 751.2
45000 767.8
50000 803.2
55000 792.7
60000 823.3
65000 818.0
70000 838.9
75000 832.1
80000 853.6
85000 850.9
90000 858.8
95000 852.5
100000 865.8
105000 892.4
110000 885.1
115000 902.7
120000 881.0
125000 927.3
130000 902.9
135000 906.1
140000 910.5
145000 922.2
150000 938.6
155000 935.1
160000 940.8
165000 941.7
170000 952.3
175000 942.8
180000 943.8
185000 956.7
190000 975.0
195000 972.1
200000 975.2
205000 934.9
210000 969.3
215000 976.4
220000 974.7
225000 962.5
230000 974.7
235000 978.2
240000 958.6
245000 967.2
250000 966.7
255000 981.7
260000 979.4
265000 976.1
270000 977.9
275000 965.0
280000 981.3
285000 981.7
290000 979.6
295000 980.1
300000 975.7
305000 982.6
310000 980.1
315000 985.3
320000 979.9
325000 56.6
330000 852.3
335000 796.4
340000 921.2
345000 895.0
350000 877.3
355000 984.2
360000 981.7
365000 985.1
370000 989.6
375000 964.0
380000 980.9
385000 979.8
390000 987.3
395000 985.1
400000 981.9
405000 985.3
410000 986.0
415000 981.2
420000 983.6
425000 922.2
430000 986.4
435000 985.3
440000 986.7
445000 988.5
450000 985.0
455000 984.6
460000 987.9
465000 987.9
470000 980.6
475000 981.0
480000 975.8
485000 986.5
490000 986.6
495000 988.5
500000 989.2
505000 990.2
510000 990.6
515000 981.8
520000 984.8
525000 986.8
530000 986.8
535000 978.6
540000 988.3
545000 988.1
550000 983.7
555000 984.8
560000 988.8
565000 986.3
570000 984.1
575000 983.8
580000 987.1
585000 987.2
590000 987.7
595000 983.5
600000 888.5
605000 983.7
610000 989.9
615000 985.2
620000 983.6
625000 989.0
630000 987.5
635000 989.2
640000 987.0
645000 83.2
650000 839.0
655000 785.7
660000 861.5
665000 940.6
670000 974.7
675000 981.8
680000 981.4
685000 979.8
690000 985.5
695000 983.8
700000 986.0
705000 983.9
710000 985.5
715000 986.4
720000 987.0
725000 984.8
730000 972.6
735000 983.7
740000 990.6
745000 988.3
750000 986.1
755000 983.4
760000 969.9
765000 986.1
770000 987.4
775000 987.3
780000 987.2
785000 986.3
790000 986.4
795000 988.4
800000 988.7
805000 983.9
810000 985.5
815000 988.8
820000 982.8
825000 987.2
830000 987.3
835000 986.6
840000 984.1
845000 988.4
850000 987.0
855000 985.7
860000 989.0
865000 987.0
870000 985.3
875000 987.4
880000 986.7
885000 987.6
890000 988.6
895000 989.2
900000 988.3
905000 988.9
910000 987.6
915000 987.9
920000 988.6
925000 986.7
930000 987.3
935000 986.5
940000 987.3
945000 984.8
950000 986.3
955000 985.7
960000 987.1
965000 122.0
970000 833.2
975000 887.4
980000 899.3
985000 900.7
990000 923.6
995000 979.2
1000000 972.7
1005000 975.2
1010000 970.5
1015000 984.1
1020000 986.7
1025000 977.3
1030000 979.1
1035000 986.7
1040000 985.9
1045000 989.6
1050000 989.2
1055000 987.0
1060000 979.8
1065000 985.0
1070000 983.4
1075000 986.8
1080000 987.7
1085000 987.0
1090000 987.3
1095000 986.2
1100000 986.0
1105000 985.4
1110000 986.8
1115000 988.3
1120000 986.1
1125000 890.8
1130000 986.6
1135000 989.0
1140000 985.6
1145000 983.6
1150000 988.2
1155000 990.0
1160000 985.7
1165000 989.1
1170000 983.9
1175000 988.4
1180000 989.4
1185000 987.4
1190000 984.4
1195000 985.9
1200000 984.7
1205000 989.8
1210000 989.6
1215000 988.5
1220000 988.6
1225000 987.0
1230000 984.7
1235000 984.8
1240000 989.8
1245000 985.1
1250000 986.4
1255000 986.8
1260000 989.5
1265000 986.6
1270000 988.4
1275000 988.9
1280000 988.8
1285000 467.7
1290000 696.1
1295000 833.7
1300000 900.2
1305000 881.6
1310000 881.7
1315000 945.6
1320000 986.5
1325000 987.8
1330000 983.1
1335000 967.9
1340000 888.0
1345000 976.1
1350000 987.5
1355000 988.5
1360000 985.9
1365000 952.7
1370000 891.1
1375000 984.2
1380000 986.0
1385000 990.7
1390000 987.0
1395000 989.7
1400000 987.4
1405000 986.3
1410000 986.5
1415000 982.6
1420000 989.4
1425000 987.9
1430000 991.3
1435000 985.7
1440000 990.8
1445000 987.6
1450000 988.9
1455000 988.5
1460000 988.9
1465000 984.5
1470000 989.0
1475000 987.4
1480000 987.4
1485000 988.8
1490000 987.7
1495000 990.5
1500000 987.7
1505000 989.5
1510000 989.4
1515000 987.3
1520000 988.1
1525000 991.2
1530000 987.0
1535000 987.1
1540000 989.5
1545000 988.4
1550000 989.8
1555000 986.9
1560000 986.0
1565000 989.9
1570000 990.3
1575000 986.1
1580000 986.8
1585000 985.6
1590000 985.4
1595000 986.9
1600000 989.7
1605000 152.9
1610000 779.9
1615000 861.0
1620000 977.7
1625000 981.9
1630000 977.9
1635000 953.4
1640000 988.6
1645000 981.1
1650000 987.0
1655000 985.9
1660000 986.4
1665000 989.5
1670000 985.5
1675000 972.9
1680000 989.0
1685000 988.4
1690000 988.1
1695000 982.8
1700000 987.5
1705000 982.9
1710000 986.5
1715000 988.4
1720000 984.8
1725000 986.6
1730000 989.2
1735000 986.6
1740000 988.2
1745000 987.5
1750000 989.1
1755000 990.9
1760000 992.7
1765000 988.1
1770000 988.5
1775000 986.8
1780000 991.1
1785000 985.2
1790000 987.2
1795000 990.6
1800000 988.9
1805000 988.7
1810000 990.0
1815000 989.3
1820000 986.2
1825000 989.6
1830000 987.9
1835000 990.2
1840000 988.5
1845000 990.1
1850000 987.1
1855000 988.4
1860000 987.2
1865000 988.9
1870000 987.9
1875000 984.0
1880000 984.9
1885000 987.7
1890000 989.1
1895000 985.0
1900000 989.0
1905000 989.3
1910000 989.3
1915000 989.4
1920000 989.1
1925000 986.9
1930000 988.7
1935000 990.2
1940000 989.2
1945000 988.8
1950000 988.0
1955000 990.1
1960000 987.2
1965000 985.8
1970000 991.5
1975000 989.7
1980000 991.0
1985000 988.0
1990000 988.2
1995000 988.3
2000000 989.7
