5000 0.0
10000 0.6
15000 135.6
20000 379.6
25000 570.6
30000 769.0
35000 811.2
40000 804.4
45000 804.2
50000 828.5
55000 813.5
60000 830.1
65000 840.5
70000 840.8
75000 858.3
80000 858.0
85000 851.2
90000 860.2
95000 872.3
100000 873.4
105000 864.0
110000 860.1
115000 863.5
120000 878.6
125000 875.6
130000 916.4
135000 890.2
140000 911.1
145000 907.4
150000 921.6
155000 909.1
160000 911.6
165000 922.3
170000 921.1
175000 925.0
180000 912.9
185000 937.7
190000 931.9
195000 926.6
200000 938.0
205000 925.1
210000 934.0
215000 939.1
220000 934.5
225000 952.8
230000 933.4
235000 946.6
240000 932.3
245000 946.0
250000 958.9
255000 981.3
260000 977.6
265000 980.6
270000 940.7
275000 947.6
280000 981.9
285000 960.9
290000 976.8
295000 983.2
300000 984.5
305000 978.0
310000 971.8
315000 982.3
320000 982.6
325000 108.2
330000 810.8
335000 879.7
340000 926.0
345000 949.3
350000 981.2
355000 982.0
360000 984.7
365000 983.9
370000 976.3
375000 869.3
380000 961.3
385000 986.2
390000 980.7
395000 986.2
400000 963.3
405000 975.4
410000 987.5
415000 983.8
420000 988.0
425000 984.1
430000 981.4
435000 984.4
440000 982.0
445000 986.2
450000 982.5
455000 986.0
460000 982.1
465000 984.1
470000 987.2
475000 989.5
480000 985.9
485000 988.1
490000 985.9
495000 987.6
500000 987.6
505000 984.1
510000 981.1
515000 984.6
520000 985.7
525000 985.7
530000 984.8
535000 987.2
540000 987.4
545000 986.5
550000 987.0
555000 988.0
560000 984.6
565000 984.1
570000 985.2
575000 985.1
580000 984.9
585000 985.0
590000 988.6
595000 988.6
600000 988.6
605000 988.7
610000 984.1
615000 985.5
620000 987.4
625000 985.8
630000 985.3
635000 983.5
640000 986.5
645000 189.6
650000 822.3
655000 919.0
660000 834.9
665000 958.0
670000 982.0
675000 986.6
680000 971.0
685000 985.1
690000 983.9
695000 986.5
700000 990.6
705000 989.9
710000 988.8
715000 982.3
720000 989.6
725000 985.1
730000 986.4
735000 985.1
740000 987.3
745000 989.8
750000 990.0
755000 977.9
760000 979.8
765000 990.0
770000 985.7
775000 985.5
780000 988.1
785000 985.5
790000 988.9
795000 987.4
800000 988.6
805000 986.0
810000 984.4
815000 983.4
820000 989.7
825000 990.6
830000 990.6
835000 988.5
840000 982.6
845000 990.6
850000 989.5
855000 987.1
860000 985.7
865000 989.7
870000 987.0
875000 987.7
880000 990.3
885000 987.7
890000 983.5
895000 982.5
900000 987.5
905000 987.9
910000 985.9
915000 987.8
920000 987.7
925000 985.2
930000 988.2
935000 985.5
940000 986.3
945000 984.3
950000 986.4
955000 984.5
960000 987.5
965000 156.4
970000 809.7
975000 795.9
980000 898.6
985000 898.9
990000 985.2
995000 985.0
1000000 975.4
1005000 986.6
1010000 986.3
1015000 978.0
1020000 985.4
1025000 983.4
1030000 988.2
1035000 983.6
1040000 984.9
1045000 978.4
1050000 987.6
1055000 990.2
1060000 972.5
1065000 888.6
1070000 986.2
1075000 986.4
1080000 988.8
1085000 988.3
1090000 985.0
1095000 988.6
1100000 988.6
1105000 988.7
1110000 986.5
1115000 986.7
1120000 988.5
1125000 987.1
1130000 986.2
1135000 988.6
1140000 988.1
1145000 985.2
1150000 990.2
1155000 988.9
1160000 987.5
1165000 987.2
1170000 988.9
1175000 985.7
1180000 985.1
1185000 987.4
1190000 990.1
1195000 988.3
1200000 989.0
1205000 986.6
1210000 988.2
1215000 987.5
1220000 987.9
1225000 989.4
1230000 983.9
1235000 986.4
1240000 989.5
1245000 986.2
1250000 988.4
1255000 986.3
1260000 986.1
1265000 986.2
1270000 983.0
1275000 986.6
1280000 990.0
1285000 432.3
1290000 815.5
1295000 856.7
1300000 854.4
1305000 890.3
1310000 894.3
1315000 979.4
1320000 972.5
1325000 977.5
1330000 982.9
1335000 989.1
1340000 988.1
1345000 984.2
1350000 988.7
1355000 986.6
1360000 985.2
1365000 987.8
1370000 970.5
1375000 985.1
1380000 988.7
1385000 987.6
1390000 985.1
1395000 988.9
1400000 987.5
1405000 986.7
1410000 984.8
1415000 984.3
1420000 984.7
1425000 986.7
1430000 988.8
1435000 984.0
1440000 987.6
1445000 988.4
1450000 988.5
1455000 988.4
1460000 985.0
1465000 987.7
1470000 987.1
1475000 986.5
1480000 986.7
1485000 985.4
1490000 985.3
1495000 987.0
1500000 986.9
1505000 989.2
1510000 989.6
1515000 988.1
1520000 983.0
1525000 987.0
1530000 984.8
1535000 990.7
1540000 988.1
1545000 987.1
1550000 988.4
1555000 985.3
1560000 990.1
1565000 989.1
1570000 988.7
1575000 989.0
1580000 987.7
1585000 989.8
1590000 988.8
1595000 986.4
1600000 989.2
1605000 29.6
1610000 778.6
1615000 770.3
1620000 878.2
1625000 887.4
1630000 909.9
1635000 940.5
1640000 943.3
1645000 983.5
1650000 979.3
1655000 983.7
1660000 985.9
1665000 984.6
1670000 988.9
1675000 981.4
1680000 985.1
1685000 986.3
1690000 987.5
1695000 984.4
1700000 987.6
1705000 988.5
1710000 986.2
1715000 986.5
1720000 986.4
1725000 988.2
1730000 985.5
1735000 986.8
1740000 989.1
1745000 988.0
1750000 989.7
1755000 981.3
1760000 991.6
1765000 985.4
1770000 979.6
1775000 989.2
1780000 987.5
1785000 891.6
1790000 987.0
1795000 986.1
1800000 989.1
1805000 986.3
1810000 990.6
1815000 987.6
1820000 986.5
1825000 991.8
1830000 988.3
1835000 988.6
1840000 985.4
1845000 990.3
1850000 987.1
1855000 986.0
1860000 987.9
1865000 985.4
1870000 986.2
1875000 989.2
1880000 988.1
1885000 990.1
1890000 990.1
1895000 987.5
1900000 985.2
1905000 988.6
1910000 992.0
1915000 988.7
1920000 988.4
1925000 988.9
1930000 990.8
1935000 988.4
1940000 990.2
1945000 986.5
1950000 990.8
1955000 987.1
1960000 990.3
1965000 989.3
1970000 989.8
1975000 989.3
1980000 989.3
1985000 988.6
1990000 985.6
1995000 988.4
2000000 988.7
