5000 0.0
10000 0.0
15000 174.5
20000 264.2
25000 445.2
30000 614.1
35000 644.3
40000 758.0
45000 760.2
50000 783.7
55000 780.7
60000 796.2
65000 779.8
70000 797.4
75000 812.0
80000 810.3
85000 811.5
90000 819.2
95000 808.3
100000 830.4
105000 820.5
110000 823.9
115000 833.9
120000 840.0
125000 857.1
130000 847.7
135000 868.0
140000 861.5
145000 866.2
150000 860.9
155000 858.2
160000 861.1
165000 880.0
170000 879.2
175000 880.5
180000 879.8
185000 885.8
190000 966.5
195000 876.9
200000 913.7
205000 886.6
210000 910.2
215000 909.1
220000 911.2
225000 915.6
230000 976.9
235000 912.8
240000 904.1
245000 982.1
250000 977.5
255000 929.1
260000 968.9
265000 940.1
270000 978.0
275000 958.3
280000 983.6
285000 979.8
290000 973.0
295000 979.6
300000 975.6
305000 980.4
310000 968.9
315000 949.4
320000 981.4
325000 396.7
330000 742.1
335000 983.0
340000 899.6
345000 976.1
350000 955.9
355000 977.6
360000 973.7
365000 985.2
370000 978.2
375000 881.9
380000 975.2
385000 981.6
390000 985.6
395000 967.8
400000 974.5
405000 982.4
410000 981.0
415000 787.3
420000 985.8
425000 986.3
430000 986.5
435000 983.0
440000 984.2
445000 982.4
450000 879.8
455000 982.9
460000 983.2
465000 982.6
470000 983.7
475000 986.4
480000 988.8
485000 983.1
490000 983.9
495000 981.4
500000 984.2
505000 984.2
510000 984.6
515000 984.0
520000 977.0
525000 983.7
530000 985.3
535000 982.2
540000 985.3
545000 982.9
550000 987.9
555000 985.7
560000 982.9
565000 983.1
570000 981.1
575000 985.1
580000 989.7
585000 986.2
590000 984.6
595000 982.9
600000 986.0
605000 986.6
610000 987.6
615000 979.0
620000 981.0
625000 984.7
630000 984.0
635000 986.2
640000 982.8
645000 367.0
650000 735.2
655000 689.2
660000 910.9
665000 973.9
670000 938.7
675000 979.5
680000 984.0
685000 965.3
690000 983.4
695000 983.8
700000 975.4
705000 985.1
710000 980.3
715000 985.8
720000 984.0
725000 984.9
730000 983.2
735000 988.7
740000 980.6
745000 986.1
750000 985.1
755000 887.7
760000 987.0
765000 985.2
770000 985.7
775000 980.6
780000 985.2
785000 986.3
790000 987.8
795000 985.3
800000 988.9
805000 982.3
810000 981.3
815000 986.3
820000 985.3
825000 985.9
830000 985.8
835000 887.3
840000 988.9
845000 990.3
850000 986.1
855000 986.4
860000 985.8
865000 984.8
870000 984.3
875000 984.5
880000 988.1
885000 988.7
890000 986.1
895000 987.1
900000 985.7
905000 984.6
910000 987.5
915000 978.4
920000 988.5
925000 987.2
930000 988.1
935000 985.1
940000 987.1
945000 987.0
950000 987.0
955000 987.0
960000 985.9
965000 111.7
970000 815.8
975000 818.6
980000 908.6
985000 944.6
990000 908.7
995000 959.5
1000000 984.9
1005000 985.1
1010000 987.0
1015000 985.6
1020000 984.7
1025000 988.5
1030000 983.8
1035000 981.9
1040000 983.4
1045000 981.2
1050000 988.3
1055000 987.5
1060000 986.9
1065000 990.4
1070000 988.4
1075000 891.5
1080000 991.6
1085000 989.3
1090000 986.0
1095000 988.1
1100000 983.3
1105000 986.1
1110000 985.3
1115000 984.7
1120000 988.5
1125000 987.2
1130000 986.3
1135000 987.3
1140000 987.5
1145000 989.4
1150000 986.3
1155000 986.7
1160000 985.7
1165000 887.8
1170000 984.4
1175000 883.9
1180000 988.0
1185000 989.7
1190000 987.8
1195000 985.0
1200000 987.4
1205000 987.3
1210000 985.9
1215000 988.3
1220000 987.4
1225000 988.7
1230000 985.2
1235000 990.5
1240000 984.7
1245000 988.2
1250000 987.1
1255000 991.4
1260000 985.7
1265000 990.1
1270000 987.8
1275000 987.7
1280000 985.1
1285000 361.1
1290000 698.4
1295000 800.6
1300000 824.5
1305000 833.7
1310000 977.1
1315000 973.0
1320000 984.8
1325000 987.0
1330000 675.4
1335000 786.3
1340000 983.1
1345000 983.5
1350000 982.5
1355000 985.2
1360000 987.2
1365000 890.8
1370000 986.5
1375000 985.6
1380000 983.3
1385000 986.1
1390000 991.2
1395000 985.3
1400000 987.1
1405000 990.2
1410000 987.9
1415000 989.9
1420000 988.7
1425000 985.7
1430000 987.5
1435000 984.7
1440000 984.2
1445000 983.9
1450000 987.7
1455000 988.9
1460000 986.6
1465000 989.5
1470000 985.6
1475000 986.7
1480000 987.7
1485000 989.2
1490000 988.0
1495000 988.9
1500000 991.1
1505000 983.3
1510000 987.5
1515000 990.0
1520000 987.0
1525000 988.0
1530000 988.4
1535000 987.4
1540000 989.9
1545000 984.5
1550000 989.3
1555000 989.0
1560000 987.8
1565000 988.0
1570000 986.3
1575000 988.6
1580000 989.0
1585000 986.7
1590000 988.0
1595000 986.5
1600000 983.9
1605000 467.7
1610000 288.7
1615000 817.1
1620000 875.6
1625000 897.9
1630000 962.5
1635000 979.9
1640000 855.4
1645000 984.1
1650000 989.8
1655000 985.1
1660000 970.9
1665000 971.4
1670000 985.5
1675000 985.5
1680000 986.6
1685000 986.3
1690000 985.0
1695000 987.5
1700000 988.9
1705000 984.8
1710000 985.5
1715000 986.6
1720000 990.4
1725000 986.4
1730000 984.7
1735000 985.6
1740000 989.2
1745000 985.5
1750000 988.7
1755000 987.9
1760000 989.0
1765000 985.5
1770000 986.1
1775000 990.6
1780000 987.5
1785000 987.3
1790000 987.7
1795000 985.5
1800000 985.1
1805000 984.5
1810000 988.5
1815000 986.4
1820000 990.9
1825000 986.6
1830000 988.1
1835000 988.7
1840000 988.8
1845000 990.1
1850000 989.3
1855000 988.7
1860000 991.0
1865000 991.1
1870000 985.2
1875000 987.7
1880000 991.1
1885000 990.5
1890000 986.0
1895000 984.4
1900000 990.4
1905000 987.3
1910000 990.1
1915000 988.3
1920000 988.2
1925000 990.3
1930000 989.6
1935000 988.0
1940000 987.6
1945000 990.4
1950000 987.8
1955000 987.6
1960000 991.5
1965000 989.3
1970000 984.1
1975000 986.6
1980000 991.0
1985000 987.1
1990000 989.0
1995000 985.8
2000000 987.1
