5000 0.0
10000 0.0
15000 99.2
20000 207.8
25000 354.1
30000 587.4
35000 661.7
40000 722.9
45000 766.2
50000 813.0
55000 816.6
60000 830.4
65000 836.8
70000 847.1
75000 857.1
80000 847.0
85000 848.7
90000 859.9
95000 867.5
100000 854.8
105000 865.4
110000 858.4
115000 879.9
120000 877.4
125000 891.6
130000 891.9
135000 899.8
140000 891.5
145000 898.5
150000 933.1
155000 889.9
160000 950.4
165000 945.6
170000 939.5
175000 924.0
180000 973.0
185000 977.8
190000 973.0
195000 976.3
200000 970.5
205000 977.0
210000 982.3
215000 981.7
220000 964.0
225000 941.8
230000 978.3
235000 970.2
240000 966.0
245000 958.5
250000 963.1
255000 981.0
260000 980.0
265000 975.5
270000 979.6
275000 970.0
280000 962.2
285000 974.3
290000 973.2
295000 977.4
300000 981.0
305000 965.9
310000 969.2
315000 980.0
320000 978.6
325000 561.7
330000 771.1
335000 903.3
340000 929.7
345000 971.3
350000 961.9
355000 984.3
360000 982.0
365000 980.5
370000 982.7
375000 984.4
380000 979.1
385000 980.5
390000 982.5
395000 983.3
400000 986.4
405000 982.9
410000 985.1
415000 984.5
420000 885.3
425000 980.3
430000 987.0
435000 980.6
440000 985.6
445000 985.1
450000 984.0
455000 971.4
460000 987.1
465000 986.5
470000 984.4
475000 978.4
480000 988.7
485000 986.8
490000 984.1
495000 982.7
500000 982.9
505000 987.2
510000 985.8
515000 983.7
520000 986.6
525000 985.1
530000 985.3
535000 983.2
540000 983.6
545000 981.6
550000 979.9
555000 987.2
560000 985.3
565000 985.2
570000 988.5
575000 983.6
580000 986.2
585000 985.7
590000 988.4
595000 986.2
600000 987.9
605000 983.2
610000 984.3
615000 987.8
620000 981.0
625000 985.9
630000 989.7
635000 988.9
640000 988.2
645000 492.3
650000 793.0
655000 890.9
660000 876.6
665000 931.4
670000 977.1
675000 949.6
680000 987.4
685000 982.0
690000 965.5
695000 983.3
700000 949.6
705000 987.7
710000 978.0
715000 983.7
720000 988.3
725000 965.9
730000 981.7
735000 987.3
740000 986.7
745000 989.4
750000 982.0
755000 988.6
760000 987.7
765000 986.9
770000 987.4
775000 985.0
780000 988.1
785000 984.6
790000 986.2
795000 986.3
800000 991.9
805000 984.9
810000 986.8
815000 991.6
820000 986.9
825000 988.4
830000 986.2
835000 984.6
840000 988.8
845000 990.1
850000 985.1
855000 983.4
860000 976.5
865000 988.8
870000 987.4
875000 987.3
880000 985.1
885000 983.8
890000 984.1
895000 987.9
900000 989.2
905000 991.0
910000 989.2
915000 986.7
920000 986.8
925000 986.1
930000 986.8
935000 987.9
940000 988.4
945000 987.2
950000 990.0
955000 990.5
960000 988.8
965000 455.4
970000 736.3
975000 893.0
980000 910.3
985000 963.7
990000 986.7
995000 985.6
1000000 984.2
1005000 985.2
1010000 986.5
1015000 990.2
1020000 984.9
1025000 989.4
1030000 948.3
1035000 984.4
1040000 987.6
1045000 889.8
1050000 989.1
1055000 988.7
1060000 987.9
1065000 986.1
1070000 985.5
1075000 984.7
1080000 986.8
1085000 983.4
1090000 985.6
1095000 987.0
1100000 981.9
1105000 987.2
1110000 990.5
1115000 988.9
1120000 988.2
1125000 984.6
1130000 987.0
1135000 986.8
1140000 988.0
1145000 986.3
1150000 982.4
1155000 984.0
1160000 984.5
1165000 984.4
1170000 975.1
1175000 984.3
1180000 987.4
1185000 989.0
1190000 987.2
1195000 988.4
1200000 986.2
1205000 990.4
1210000 986.2
1215000 981.3
1220000 987.1
1225000 989.2
1230000 888.4
1235000 986.7
1240000 988.8
1245000 986.8
1250000 987.9
1255000 987.9
1260000 987.1
1265000 986.5
1270000 988.0
1275000 986.6
1280000 990.2
1285000 202.1
1290000 788.5
1295000 599.8
1300000 667.4
1305000 907.1
1310000 804.2
1315000 838.5
1320000 982.9
1325000 969.9
1330000 977.1
1335000 984.1
1340000 985.1
1345000 985.9
1350000 982.9
1355000 986.1
1360000 988.6
1365000 984.9
1370000 987.2
1375000 984.3
1380000 987.9
1385000 984.7
1390000 986.8
1395000 985.9
1400000 984.4
1405000 988.7
1410000 975.7
1415000 987.8
1420000 987.7
1425000 984.6
1430000 986.5
1435000 984.1
1440000 980.6
1445000 985.6
1450000 987.5
1455000 986.0
1460000 987.0
1465000 985.1
1470000 988.4
1475000 990.2
1480000 987.4
1485000 887.8
1490000 984.4
1495000 987.4
1500000 986.8
1505000 986.4
1510000 985.2
1515000 985.2
1520000 987.5
1525000 987.5
1530000 987.0
1535000 989.3
1540000 987.9
1545000 990.1
1550000 988.5
1555000 890.2
1560000 989.0
1565000 987.2
1570000 986.6
1575000 988.2
1580000 988.1
1585000 988.2
1590000 989.3
1595000 986.9
1600000 987.9
1605000 64.1
1610000 841.8
1615000 846.3
1620000 900.9
1625000 885.3
1630000 950.9
1635000 962.4
1640000 856.1
1645000 885.5
1650000 981.1
1655000 988.1
1660000 987.0
1665000 983.5
1670000 986.6
1675000 955.6
1680000 987.0
1685000 985.6
1690000 988.9
1695000 978.9
1700000 987.0
1705000 984.8
1710000 986.8
1715000 983.4
1720000 988.5
1725000 987.1
1730000 984.7
1735000 986.9
1740000 987.6
1745000 990.2
1750000 989.0
1755000 986.5
1760000 986.5
1765000 983.7
1770000 987.7
1775000 987.9
1780000 987.2
1785000 985.1
1790000 985.5
1795000 987.3
1800000 989.1
1805000 987.3
1810000 984.1
1815000 990.7
1820000 987.5
1825000 988.2
1830000 988.6
1835000 985.8
1840000 990.7
1845000 986.2
1850000 989.9
1855000 990.6
1860000 987.7
1865000 988.8
1870000 986.8
1875000 988.1
1880000 988.6
1885000 987.3
1890000 988.2
1895000 989.1
1900000 988.0
1905000 987.5
1910000 989.5
1915000 989.4
1920000 989.6
1925000 989.0
1930000 986.7
1935000 991.7
1940000 985.8
1945000 986.0
1950000 984.4
1955000 987.3
1960000 988.3
1965000 989.3
1970000 987.8
1975000 988.3
1980000 987.7
1985000 991.7
1990000 988.8
1995000 988.7
2000000 988.3
