5000 0.9
10000 0.9
15000 1.3
20000 1.2
25000 1.2
30000 1.2
35000 1.2
40000 0.8
45000 1.1
50000 1.2
55000 0.9
60000 1.1
65000 2.2
70000 0.7
75000 1.2
80000 1.0
85000 1.1
90000 1.3
95000 1.4
100000 1.5
105000 0.9
110000 1.7
115000 1.7
120000 1.6
125000 1.4
130000 1.4
135000 1.8
140000 1.3
145000 2.5
150000 52.1
155000 48.6
160000 22.6
165000 4.5
170000 151.9
175000 159.3
180000 27.3
185000 134.6
190000 160.2
195000 51.1
200000 151.8
205000 190.3
210000 187.7
215000 3.6
220000 132.4
225000 174.4
230000 240.3
235000 257.5
240000 210.2
245000 165.0
250000 18.9
255000 229.3
260000 276.5
265000 267.2
270000 278.5
275000 59.3
280000 284.0
285000 317.2
290000 293.8
295000 323.5
300000 305.0
305000 370.2
310000 371.2
315000 356.8
320000 360.5
325000 380.9
330000 410.0
335000 407.1
340000 403.0
345000 436.4
350000 414.7
355000 417.5
360000 429.1
365000 468.6
370000 440.2
375000 451.8
380000 322.2
385000 454.9
390000 449.1
395000 459.9
400000 479.7
405000 480.8
410000 496.8
415000 483.3
420000 497.8
425000 448.4
430000 503.3
435000 511.7
440000 492.3
445000 508.9
450000 526.9
455000 516.6
460000 524.2
465000 520.2
470000 477.3
475000 544.8
480000 541.9
485000 565.8
490000 497.0
495000 555.3
500000 555.2
505000 557.3
510000 568.0
515000 546.3
520000 567.6
525000 557.1
530000 568.3
535000 569.3
540000 581.0
545000 574.4
550000 586.5
555000 575.6
560000 584.4
565000 567.7
570000 593.3
575000 595.5
580000 592.7
585000 556.2
590000 595.5
595000 595.1
600000 596.6
605000 602.2
610000 607.2
615000 626.1
620000 618.6
625000 617.3
630000 623.5
635000 618.9
640000 621.8
645000 626.0
650000 643.5
655000 651.5
660000 619.8
665000 613.2
670000 640.3
675000 573.5
680000 662.2
685000 629.1
690000 658.3
695000 673.9
700000 691.2
705000 676.7
710000 708.3
715000 704.6
720000 723.9
725000 716.7
730000 755.9
735000 764.1
740000 709.9
745000 772.5
750000 802.0
755000 748.0
760000 786.6
765000 748.7
770000 806.9
775000 818.3
780000 800.6
785000 798.3
790000 842.9
795000 850.2
800000 850.8
805000 819.1
810000 847.9
815000 856.7
820000 860.0
825000 832.6
830000 821.6
835000 843.7
840000 847.2
845000 816.1
850000 828.0
855000 828.7
860000 875.3
865000 848.8
870000 752.5
875000 867.5
880000 862.9
885000 823.4
890000 862.8
895000 858.7
900000 866.4
905000 865.9
910000 853.9
915000 855.6
920000 871.1
925000 780.3
930000 863.7
935000 860.2
940000 866.1
945000 871.4
950000 851.2
955000 869.1
960000 858.8
965000 828.6
970000 866.0
975000 856.6
980000 878.9
985000 811.2
990000 864.2
995000 876.9
1000000 873.3
1005000 868.9
1010000 873.2
1015000 874.6
1020000 869.9
1025000 778.5
1030000 866.3
1035000 816.0
1040000 876.2
1045000 839.4
1050000 880.9
1055000 868.8
1060000 855.9
1065000 791.8
1070000 870.3
1075000 858.9
1080000 876.7
1085000 861.6
1090000 878.5
1095000 872.2
1100000 872.3
1105000 855.4
1110000 864.1
1115000 882.3
1120000 879.1
1125000 871.8
1130000 871.1
1135000 877.6
1140000 861.8
1145000 772.5
1150000 876.3
1155000 874.0
1160000 878.4
1165000 873.8
1170000 850.3
1175000 1.0
1180000 877.4
1185000 837.1
1190000 850.9
1195000 865.5
1200000 607.4
1205000 869.2
1210000 845.4
1215000 871.0
1220000 864.6
1225000 866.9
1230000 874.0
1235000 848.9
1240000 874.0
1245000 871.6
1250000 874.8
1255000 852.7
1260000 875.7
1265000 876.1
1270000 241.6
1275000 869.4
1280000 795.2
1285000 1.4
1290000 876.1
1295000 344.6
1300000 758.5
1305000 810.6
1310000 876.4
1315000 858.2
1320000 873.5
1325000 866.9
1330000 878.0
1335000 883.7
1340000 3.0
1345000 829.2
1350000 826.2
1355000 861.2
1360000 869.9
1365000 863.3
1370000 699.9
1375000 869.4
1380000 878.5
1385000 867.6
1390000 665.3
1395000 870.7
1400000 890.7
1405000 723.6
1410000 843.8
1415000 730.9
1420000 844.4
1425000 861.3
1430000 874.3
1435000 869.2
1440000 835.4
1445000 860.6
1450000 867.2
1455000 853.3
1460000 880.4
1465000 868.9
1470000 743.1
1475000 877.6
1480000 880.3
1485000 866.2
1490000 873.5
1495000 1.3
1500000 848.1
1505000 865.1
1510000 832.3
1515000 840.2
1520000 857.1
1525000 880.6
1530000 874.7
1535000 847.2
1540000 844.3
1545000 736.6
1550000 835.6
1555000 868.7
1560000 859.2
1565000 842.1
1570000 2.3
1575000 172.2
1580000 843.0
1585000 813.6
1590000 849.3
1595000 729.8
1600000 871.3
1605000 825.2
1610000 2.1
1615000 878.1
1620000 864.5
1625000 806.6
1630000 721.0
1635000 836.0
1640000 875.4
1645000 817.3
1650000 849.3
1655000 2.8
1660000 4.7
1665000 853.6
1670000 871.6
1675000 831.4
1680000 878.1
1685000 741.9
1690000 842.6
1695000 804.0
1700000 0.8
1705000 849.6
1710000 816.1
1715000 863.0
1720000 831.8
1725000 781.9
1730000 818.5
1735000 881.5
1740000 888.1
1745000 693.9
1750000 851.1
1755000 872.5
1760000 811.6
1765000 789.0
1770000 839.6
1775000 848.8
1780000 840.1
1785000 844.9
1790000 821.1
1795000 842.3
1800000 868.5
1805000 807.6
1810000 1.1
1815000 757.9
1820000 865.6
1825000 832.3
1830000 844.8
1835000 445.3
1840000 840.6
1845000 742.8
1850000 880.7
1855000 855.8
1860000 887.6
1865000 727.9
1870000 845.5
1875000 849.6
1880000 845.5
1885000 799.0
1890000 843.5
1895000 842.3
1900000 828.3
1905000 214.1
1910000 808.3
1915000 838.0
1920000 834.0
1925000 761.7
1930000 2.8
1935000 814.2
1940000 876.2
1945000 781.6
1950000 861.4
1955000 791.1
1960000 840.5
1965000 831.8
1970000 853.8
1975000 761.5
1980000 1.9
1985000 778.5
1990000 812.6
1995000 1.2
2000000 857.8
