5000 0.8
10000 1.0
15000 0.8
20000 1.2
25000 1.1
30000 0.6
35000 1.8
40000 1.1
45000 1.2
50000 1.8
55000 1.0
60000 1.0
65000 1.6
70000 1.0
75000 1.1
80000 1.6
85000 1.4
90000 1.4
95000 1.4
100000 0.9
105000 1.4
110000 1.1
115000 2.2
120000 2.4
125000 28.1
130000 2.1
135000 1.7
140000 5.0
145000 120.2
150000 39.2
155000 15.9
160000 25.2
165000 128.8
170000 79.0
175000 155.7
180000 183.8
185000 9.5
190000 184.1
195000 201.2
200000 1.3
205000 226.9
210000 185.8
215000 204.1
220000 188.1
225000 165.5
230000 208.7
235000 106.1
240000 1.2
245000 256.8
250000 273.9
255000 266.6
260000 318.3
265000 312.9
270000 340.0
275000 282.2
280000 285.8
285000 350.2
290000 334.5
295000 357.5
300000 342.8
305000 348.7
310000 370.5
315000 350.6
320000 346.9
325000 387.9
330000 407.8
335000 397.3
340000 372.1
345000 433.6
350000 385.4
355000 403.9
360000 421.8
365000 465.0
370000 434.3
375000 427.4
380000 445.7
385000 445.5
390000 466.2
395000 472.7
400000 462.0
405000 496.2
410000 488.8
415000 490.9
420000 431.5
425000 473.2
430000 487.6
435000 495.5
440000 496.5
445000 492.8
450000 511.8
455000 503.5
460000 518.8
465000 524.3
470000 528.0
475000 520.5
480000 490.7
485000 497.6
490000 544.5
495000 541.8
500000 554.1
505000 534.2
510000 540.7
515000 550.4
520000 546.3
525000 526.5
530000 541.1
535000 548.5
540000 566.4
545000 534.9
550000 567.9
555000 562.1
560000 558.6
565000 528.2
570000 550.0
575000 582.6
580000 578.6
585000 575.9
590000 572.2
595000 584.0
600000 592.5
605000 567.0
610000 582.8
615000 588.8
620000 592.0
625000 564.7
630000 582.1
635000 585.5
640000 574.0
645000 583.8
650000 592.6
655000 591.5
660000 594.3
665000 588.1
670000 577.8
675000 593.9
680000 595.0
685000 571.3
690000 592.7
695000 595.4
700000 601.4
705000 572.6
710000 567.4
715000 608.9
720000 606.5
725000 580.0
730000 611.6
735000 600.5
740000 606.6
745000 583.8
750000 604.7
755000 610.1
760000 616.9
765000 595.5
770000 619.6
775000 623.4
780000 632.9
785000 600.1
790000 613.1
795000 604.6
800000 622.6
805000 589.3
810000 594.4
815000 594.1
820000 614.9
825000 564.4
830000 620.1
835000 627.4
840000 619.9
845000 588.2
850000 614.0
855000 625.9
860000 634.5
865000 608.7
870000 621.8
875000 620.0
880000 630.6
885000 610.7
890000 618.8
895000 621.6
900000 629.5
905000 590.9
910000 635.7
915000 646.3
920000 619.6
925000 596.1
930000 615.6
935000 625.6
940000 628.4
945000 628.3
950000 626.8
955000 626.6
960000 626.6
965000 624.6
970000 637.9
975000 648.7
980000 637.1
985000 603.7
990000 626.5
995000 629.9
1000000 648.3
1005000 597.8
1010000 627.0
1015000 569.7
1020000 623.1
1025000 617.5
1030000 644.7
1035000 629.2
1040000 635.7
1045000 601.0
1050000 589.3
1055000 594.0
1060000 642.0
1065000 621.2
1070000 622.6
1075000 640.7
1080000 632.3
1085000 593.6
1090000 630.3
1095000 644.4
1100000 651.7
1105000 615.4
1110000 636.1
1115000 633.4
1120000 644.8
1125000 528.8
1130000 648.6
1135000 637.1
1140000 655.8
1145000 626.7
1150000 631.6
1155000 632.5
1160000 630.3
1165000 630.7
1170000 632.6
1175000 585.1
1180000 631.2
1185000 615.6
1190000 584.6
1195000 645.9
1200000 647.3
1205000 619.6
1210000 637.4
1215000 652.0
1220000 642.3
1225000 557.7
1230000 627.7
1235000 631.8
1240000 627.1
1245000 520.9
1250000 642.1
1255000 660.8
1260000 659.0
1265000 609.0
1270000 645.6
1275000 660.5
1280000 650.0
1285000 639.4
1290000 647.1
1295000 655.0
1300000 668.5
1305000 352.4
1310000 652.8
1315000 1.1
1320000 645.7
1325000 620.0
1330000 657.2
1335000 689.0
1340000 607.0
1345000 602.0
1350000 643.5
1355000 673.8
1360000 666.2
1365000 572.7
1370000 677.7
1375000 656.5
1380000 675.1
1385000 639.0
1390000 676.9
1395000 653.0
1400000 500.6
1405000 569.7
1410000 666.1
1415000 683.5
1420000 678.4
1425000 617.3
1430000 638.1
1435000 652.4
1440000 688.1
1445000 604.7
1450000 664.2
1455000 641.8
1460000 689.3
1465000 611.6
1470000 669.7
1475000 624.4
1480000 425.2
1485000 666.4
1490000 607.8
1495000 686.9
1500000 704.5
1505000 658.1
1510000 676.9
1515000 714.9
1520000 719.5
1525000 2.7
1530000 681.6
1535000 719.4
1540000 481.2
1545000 620.4
1550000 616.9
1555000 701.3
1560000 87.7
1565000 621.9
1570000 669.0
1575000 1.8
1580000 636.4
1585000 699.3
1590000 722.0
1595000 699.7
1600000 725.5
1605000 689.5
1610000 669.8
1615000 627.3
1620000 689.2
1625000 683.9
1630000 720.4
1635000 773.0
1640000 737.1
1645000 632.7
1650000 1.7
1655000 733.3
1660000 749.7
1665000 669.3
1670000 714.5
1675000 750.9
1680000 760.2
1685000 677.7
1690000 670.3
1695000 692.6
1700000 745.9
1705000 659.4
1710000 726.4
1715000 784.4
1720000 777.3
1725000 723.3
1730000 742.0
1735000 792.7
1740000 786.8
1745000 613.0
1750000 730.4
1755000 771.7
1760000 816.9
1765000 680.2
1770000 776.5
1775000 801.4
1780000 811.3
1785000 615.3
1790000 750.9
1795000 830.0
1800000 802.4
1805000 723.6
1810000 810.7
1815000 809.7
1820000 781.6
1825000 751.9
1830000 824.5
1835000 746.7
1840000 842.8
1845000 779.2
1850000 822.6
1855000 757.6
1860000 863.4
1865000 800.2
1870000 854.8
1875000 854.2
1880000 861.5
1885000 765.7
1890000 864.6
1895000 863.0
1900000 848.2
1905000 787.5
1910000 851.1
1915000 872.9
1920000 851.4
1925000 791.1
1930000 849.6
1935000 867.9
1940000 426.6
1945000 828.9
1950000 694.1
1955000 879.9
1960000 865.0
1965000 821.3
1970000 853.5
1975000 845.4
1980000 850.4
1985000 794.4
1990000 865.4
1995000 884.5
2000000 879.9
