5000 1.0
10000 1.0
15000 1.0
20000 1.4
25000 1.0
30000 0.8
35000 1.2
40000 0.9
45000 0.9
50000 1.4
55000 1.2
60000 0.7
65000 1.3
70000 1.5
75000 0.8
80000 1.2
85000 1.1
90000 1.0
95000 1.1
100000 1.2
105000 1.3
110000 1.7
115000 1.1
120000 1.5
125000 2.3
130000 1.1
135000 3.4
140000 8.3
145000 5.2
150000 39.6
155000 8.8
160000 1.6
165000 125.4
170000 69.4
175000 94.5
180000 17.7
185000 152.6
190000 84.7
195000 164.3
200000 94.5
205000 152.6
210000 167.3
215000 9.5
220000 239.7
225000 188.4
230000 190.3
235000 266.5
240000 218.9
245000 210.1
250000 213.1
255000 249.5
260000 257.9
265000 259.3
270000 252.3
275000 244.9
280000 257.8
285000 292.2
290000 268.1
295000 286.5
300000 267.0
305000 324.6
310000 320.4
315000 319.8
320000 333.4
325000 334.3
330000 330.9
335000 344.2
340000 347.8
345000 379.3
350000 400.5
355000 371.9
360000 382.9
365000 394.1
370000 441.6
375000 408.1
380000 407.4
385000 416.2
390000 444.9
395000 430.8
400000 427.8
405000 451.6
410000 452.1
415000 450.0
420000 456.0
425000 455.4
430000 467.3
435000 464.1
440000 470.5
445000 456.8
450000 467.2
455000 469.1
460000 493.1
465000 501.5
470000 496.7
475000 488.0
480000 486.6
485000 491.3
490000 488.8
495000 501.6
500000 499.5
505000 504.1
510000 503.2
515000 535.2
520000 534.2
525000 517.2
530000 529.8
535000 542.2
540000 529.1
545000 520.9
550000 515.4
555000 542.9
560000 536.3
565000 520.1
570000 535.7
575000 538.9
580000 533.8
585000 528.7
590000 536.5
595000 566.2
600000 552.6
605000 534.2
610000 557.0
615000 559.2
620000 567.2
625000 535.3
630000 560.5
635000 562.8
640000 576.5
645000 550.3
650000 565.7
655000 562.0
660000 572.3
665000 549.6
670000 573.6
675000 572.1
680000 579.7
685000 556.1
690000 551.5
695000 567.5
700000 579.2
705000 568.6
710000 551.5
715000 588.5
720000 589.7
725000 550.9
730000 586.4
735000 585.2
740000 596.7
745000 542.5
750000 590.3
755000 589.5
760000 595.4
765000 556.3
770000 594.5
775000 578.3
780000 582.0
785000 577.6
790000 591.9
795000 592.0
800000 591.3
805000 576.4
810000 604.2
815000 585.8
820000 611.3
825000 564.0
830000 593.0
835000 619.0
840000 596.7
845000 578.3
850000 590.0
855000 533.2
860000 550.8
865000 571.8
870000 585.7
875000 606.0
880000 605.6
885000 574.0
890000 594.8
895000 603.6
900000 600.4
905000 557.2
910000 613.9
915000 604.1
920000 617.9
925000 577.0
930000 624.2
935000 618.8
940000 605.6
945000 599.0
950000 625.1
955000 624.7
960000 638.3
965000 567.4
970000 599.7
975000 638.1
980000 609.2
985000 597.8
990000 603.1
995000 638.0
1000000 625.1
1005000 590.9
1010000 635.9
1015000 621.2
1020000 639.4
1025000 572.9
1030000 629.0
1035000 633.9
1040000 641.0
1045000 575.9
1050000 580.8
1055000 628.7
1060000 627.7
1065000 621.0
1070000 631.6
1075000 645.4
1080000 643.2
1085000 613.0
1090000 630.4
1095000 626.0
1100000 643.3
1105000 613.0
1110000 639.9
1115000 633.3
1120000 651.2
1125000 618.4
1130000 633.7
1135000 644.5
1140000 651.6
1145000 605.8
1150000 638.4
1155000 643.5
1160000 645.2
1165000 629.2
1170000 653.9
1175000 644.3
1180000 667.2
1185000 606.3
1190000 625.5
1195000 650.9
1200000 650.5
1205000 625.4
1210000 637.3
1215000 655.1
1220000 584.8
1225000 614.9
1230000 636.4
1235000 616.5
1240000 654.9
1245000 598.6
1250000 664.7
1255000 655.5
1260000 670.0
1265000 597.2
1270000 627.4
1275000 667.0
1280000 667.3
1285000 607.1
1290000 634.9
1295000 640.2
1300000 666.0
1305000 583.5
1310000 640.5
1315000 654.4
1320000 654.0
1325000 630.1
1330000 640.8
1335000 645.8
1340000 582.1
1345000 630.1
1350000 632.0
1355000 652.6
1360000 670.3
1365000 597.8
1370000 637.3
1375000 663.6
1380000 671.4
1385000 610.1
1390000 644.3
1395000 641.7
1400000 648.9
1405000 598.1
1410000 613.4
1415000 672.3
1420000 658.9
1425000 573.0
1430000 644.1
1435000 664.7
1440000 651.3
1445000 571.9
1450000 623.8
1455000 672.6
1460000 16.2
1465000 601.9
1470000 584.4
1475000 674.0
1480000 663.4
1485000 602.4
1490000 647.3
1495000 652.1
1500000 645.4
1505000 627.7
1510000 640.0
1515000 663.2
1520000 654.1
1525000 621.4
1530000 670.9
1535000 671.1
1540000 664.1
1545000 640.8
1550000 652.5
1555000 666.4
1560000 687.3
1565000 525.9
1570000 612.4
1575000 654.4
1580000 645.9
1585000 632.4
1590000 590.8
1595000 669.2
1600000 667.8
1605000 617.0
1610000 658.9
1615000 655.1
1620000 688.3
1625000 626.2
1630000 671.3
1635000 698.7
1640000 721.9
1645000 605.3
1650000 653.9
1655000 656.4
1660000 679.5
1665000 633.0
1670000 653.7
1675000 632.1
1680000 703.2
1685000 637.9
1690000 660.2
1695000 673.7
1700000 706.2
1705000 656.5
1710000 622.6
1715000 698.6
1720000 701.4
1725000 627.4
1730000 675.9
1735000 702.4
1740000 711.3
1745000 634.0
1750000 680.5
1755000 670.7
1760000 690.8
1765000 640.8
1770000 671.2
1775000 692.3
1780000 723.0
1785000 512.8
1790000 625.7
1795000 653.8
1800000 714.9
1805000 678.4
1810000 711.3
1815000 415.6
1820000 723.2
1825000 623.8
1830000 745.2
1835000 649.1
1840000 507.2
1845000 642.3
1850000 705.2
1855000 720.6
1860000 723.9
1865000 657.2
1870000 725.4
1875000 702.3
1880000 757.2
1885000 630.3
1890000 699.7
1895000 724.4
1900000 648.0
1905000 666.2
1910000 674.3
1915000 714.3
1920000 717.5
1925000 668.3
1930000 712.1
1935000 355.0
1940000 736.0
1945000 628.0
1950000 733.4
1955000 764.5
1960000 772.2
1965000 660.8
1970000 715.9
1975000 625.7
1980000 784.9
1985000 658.4
1990000 682.3
1995000 689.6
2000000 749.3
