5000 1.3
10000 0.9
15000 1.1
20000 1.4
25000 1.0
30000 1.4
35000 1.4
40000 1.5
45000 1.2
50000 1.1
55000 1.1
60000 1.2
65000 1.6
70000 1.4
75000 1.4
80000 1.1
85000 1.6
90000 1.2
95000 1.3
100000 1.2
105000 1.3
110000 1.4
115000 1.3
120000 1.9
125000 1.7
130000 3.1
135000 1.0
140000 1.7
145000 78.2
150000 13.4
155000 2.8
160000 117.9
165000 95.0
170000 51.6
175000 117.2
180000 1.6
185000 47.2
190000 1.7
195000 115.2
200000 124.2
205000 95.3
210000 174.8
215000 3.2
220000 85.2
225000 194.1
230000 119.5
235000 30.9
240000 137.9
245000 173.9
250000 270.9
255000 249.6
260000 243.0
265000 271.8
270000 204.0
275000 125.8
280000 186.3
285000 319.4
290000 267.1
295000 300.5
300000 327.2
305000 342.3
310000 301.4
315000 336.4
320000 334.0
325000 362.9
330000 382.5
335000 379.4
340000 389.3
345000 387.9
350000 396.2
355000 378.5
360000 398.4
365000 401.2
370000 405.1
375000 401.0
380000 416.0
385000 455.9
390000 429.4
395000 424.8
400000 453.4
405000 442.4
410000 444.0
415000 460.4
420000 457.4
425000 471.2
430000 472.2
435000 484.1
440000 457.2
445000 487.4
450000 495.6
455000 467.2
460000 451.8
465000 446.0
470000 507.1
475000 483.7
480000 502.2
485000 520.7
490000 500.3
495000 518.9
500000 529.9
505000 516.1
510000 537.4
515000 525.2
520000 525.9
525000 522.5
530000 522.4
535000 542.1
540000 530.7
545000 517.9
550000 529.7
555000 526.2
560000 532.8
565000 511.6
570000 543.2
575000 543.3
580000 548.0
585000 566.1
590000 562.5
595000 547.1
600000 550.8
605000 569.7
610000 552.1
615000 559.6
620000 557.0
625000 581.7
630000 584.1
635000 584.1
640000 612.7
645000 591.2
650000 594.7
655000 638.1
660000 653.3
665000 618.0
670000 599.0
675000 618.4
680000 637.0
685000 628.3
690000 697.1
695000 706.5
700000 715.4
705000 675.4
710000 763.7
715000 755.7
720000 795.4
725000 730.0
730000 716.1
735000 768.1
740000 771.9
745000 738.1
750000 809.4
755000 789.3
760000 813.1
765000 737.9
770000 807.5
775000 824.0
780000 843.7
785000 748.2
790000 796.8
795000 825.1
800000 815.3
805000 790.7
810000 826.6
815000 781.9
820000 845.6
825000 826.1
830000 835.5
835000 860.2
840000 863.1
845000 689.3
850000 855.9
855000 836.4
860000 845.0
865000 838.5
870000 848.5
875000 851.7
880000 880.9
885000 870.3
890000 835.5
895000 844.1
900000 879.4
905000 756.6
910000 865.9
915000 864.5
920000 888.3
925000 824.2
930000 827.0
935000 876.4
940000 871.8
945000 787.1
950000 846.8
955000 769.9
960000 867.6
965000 815.6
970000 873.2
975000 884.5
980000 871.0
985000 844.9
990000 866.8
995000 873.5
1000000 879.9
1005000 855.8
1010000 876.2
1015000 856.7
1020000 884.6
1025000 827.4
1030000 881.9
1035000 887.9
1040000 886.4
1045000 866.9
1050000 872.3
1055000 859.6
1060000 886.1
1065000 814.3
1070000 832.4
1075000 891.9
1080000 896.2
1085000 815.9
1090000 865.2
1095000 876.6
1100000 885.7
1105000 859.9
1110000 875.1
1115000 889.7
1120000 895.0
1125000 873.1
1130000 798.0
1135000 877.5
1140000 884.7
1145000 852.8
1150000 876.4
1155000 891.6
1160000 892.6
1165000 886.9
1170000 875.6
1175000 893.7
1180000 830.5
1185000 795.9
1190000 871.6
1195000 872.6
1200000 884.2
1205000 750.1
1210000 2.7
1215000 833.3
1220000 880.8
1225000 867.9
1230000 887.2
1235000 788.5
1240000 1.2
1245000 840.2
1250000 4.9
1255000 853.0
1260000 1.6
1265000 882.0
1270000 717.6
1275000 889.0
1280000 886.5
1285000 845.6
1290000 860.0
1295000 867.4
1300000 892.6
1305000 851.8
1310000 887.5
1315000 2.9
1320000 894.2
1325000 840.5
1330000 861.0
1335000 902.3
1340000 889.4
1345000 862.4
1350000 3.0
1355000 888.4
1360000 884.0
1365000 821.0
1370000 861.3
1375000 861.7
1380000 884.7
1385000 807.8
1390000 1.7
1395000 449.9
1400000 498.1
1405000 833.5
1410000 877.0
1415000 879.0
1420000 15.3
1425000 761.7
1430000 844.0
1435000 889.0
1440000 870.0
1445000 763.8
1450000 856.3
1455000 799.0
1460000 882.5
1465000 758.6
1470000 870.9
1475000 872.6
1480000 865.1
1485000 816.8
1490000 814.4
1495000 812.6
1500000 813.2
1505000 870.8
1510000 1.2
1515000 769.0
1520000 885.0
1525000 830.6
1530000 854.4
1535000 867.8
1540000 885.2
1545000 811.1
1550000 876.9
1555000 846.0
1560000 793.8
1565000 599.2
1570000 830.7
1575000 869.0
1580000 881.2
1585000 812.4
1590000 876.6
1595000 892.0
1600000 1.3
1605000 848.8
1610000 812.8
1615000 879.7
1620000 887.2
1625000 823.5
1630000 1.7
1635000 799.5
1640000 880.3
1645000 783.8
1650000 809.1
1655000 850.2
1660000 875.2
1665000 848.9
1670000 1.2
1675000 776.2
1680000 623.8
1685000 779.8
1690000 476.5
1695000 768.0
1700000 893.4
1705000 475.3
1710000 786.3
1715000 870.5
1720000 845.7
1725000 681.6
1730000 860.6
1735000 869.5
1740000 890.7
1745000 866.3
1750000 887.7
1755000 786.1
1760000 267.9
1765000 727.0
1770000 887.0
1775000 809.5
1780000 869.6
1785000 675.5
1790000 863.3
1795000 861.4
1800000 855.2
1805000 851.6
1810000 859.3
1815000 832.8
1820000 888.6
1825000 820.7
1830000 867.1
1835000 785.9
1840000 769.5
1845000 791.2
1850000 857.2
1855000 890.2
1860000 832.8
1865000 843.4
1870000 871.9
1875000 842.9
1880000 872.7
1885000 841.6
1890000 869.1
1895000 806.9
1900000 798.9
1905000 872.4
1910000 851.1
1915000 876.0
1920000 885.4
1925000 836.3
1930000 837.9
1935000 876.5
1940000 699.4
1945000 716.0
1950000 869.7
1955000 798.7
1960000 881.6
1965000 720.1
1970000 883.6
1975000 600.3
1980000 886.2
1985000 782.6
1990000 863.3
1995000 839.1
2000000 867.1
