5000 1.2
10000 1.0
15000 1.3
20000 1.1
25000 1.3
30000 1.0
35000 0.9
40000 0.7
45000 2.3
50000 0.7
55000 0.6
60000 0.7
65000 1.6
70000 0.7
75000 1.2
80000 1.1
85000 1.3
90000 1.1
95000 1.1
100000 0.7
105000 1.3
110000 18.8
115000 1.9
120000 3.2
125000 19.5
130000 4.5
135000 6.3
140000 26.9
145000 76.7
150000 84.7
155000 74.7
160000 2.1
165000 130.7
170000 73.5
175000 113.9
180000 73.0
185000 133.1
190000 103.8
195000 84.0
200000 141.8
205000 147.3
210000 147.6
215000 130.1
220000 121.9
225000 136.2
230000 178.1
235000 122.6
240000 147.3
245000 214.4
250000 217.0
255000 196.7
260000 199.1
265000 244.4
270000 203.7
275000 270.1
280000 157.1
285000 302.1
290000 294.2
295000 319.8
300000 253.2
305000 325.1
310000 335.2
315000 347.9
320000 330.3
325000 357.8
330000 351.5
335000 353.5
340000 357.7
345000 417.2
350000 406.8
355000 395.7
360000 423.8
365000 423.7
370000 422.2
375000 417.8
380000 411.2
385000 440.2
390000 437.7
395000 422.8
400000 443.3
405000 454.6
410000 472.5
415000 465.0
420000 462.2
425000 471.1
430000 474.7
435000 472.2
440000 490.4
445000 439.0
450000 485.4
455000 481.5
460000 473.4
465000 482.2
470000 490.4
475000 477.8
480000 508.1
485000 490.4
490000 511.9
495000 507.6
500000 509.5
505000 501.0
510000 523.9
515000 465.4
520000 518.3
525000 530.9
530000 526.5
535000 534.4
540000 528.1
545000 526.2
550000 520.0
555000 539.7
560000 546.7
565000 529.3
570000 536.8
575000 552.2
580000 536.3
585000 529.6
590000 553.0
595000 544.8
600000 556.5
605000 563.8
610000 547.0
615000 550.9
620000 556.1
625000 570.1
630000 0.9
635000 584.2
640000 585.8
645000 551.0
650000 573.7
655000 586.0
660000 593.0
665000 568.2
670000 582.1
675000 540.8
680000 593.9
685000 562.8
690000 588.3
695000 596.5
700000 616.7
705000 591.7
710000 604.4
715000 623.9
720000 610.8
725000 585.0
730000 611.5
735000 622.7
740000 613.1
745000 602.1
750000 626.9
755000 622.9
760000 630.0
765000 586.8
770000 618.3
775000 573.2
780000 629.3
785000 564.2
790000 618.2
795000 632.7
800000 639.1
805000 577.7
810000 621.4
815000 639.8
820000 636.5
825000 597.0
830000 613.6
835000 638.7
840000 636.6
845000 587.5
850000 626.6
855000 627.4
860000 569.7
865000 600.1
870000 656.0
875000 652.8
880000 653.9
885000 621.9
890000 655.3
895000 691.0
900000 690.5
905000 651.3
910000 679.8
915000 684.9
920000 692.3
925000 667.3
930000 702.4
935000 689.7
940000 711.1
945000 680.9
950000 692.5
955000 727.2
960000 715.3
965000 665.7
970000 653.1
975000 706.0
980000 705.5
985000 657.3
990000 729.7
995000 682.7
1000000 754.7
1005000 643.7
1010000 705.7
1015000 756.0
1020000 777.5
1025000 690.0
1030000 682.2
1035000 756.1
1040000 757.8
1045000 645.8
1050000 697.9
1055000 749.2
1060000 775.4
1065000 766.2
1070000 770.7
1075000 787.4
1080000 765.4
1085000 691.5
1090000 792.0
1095000 863.4
1100000 810.2
1105000 788.4
1110000 786.9
1115000 818.0
1120000 853.3
1125000 766.5
1130000 834.8
1135000 812.8
1140000 830.7
1145000 743.9
1150000 825.8
1155000 858.5
1160000 865.2
1165000 759.5
1170000 845.2
1175000 862.3
1180000 856.9
1185000 704.4
1190000 806.0
1195000 855.9
1200000 840.3
1205000 751.1
1210000 799.4
1215000 856.0
1220000 871.7
1225000 813.5
1230000 864.7
1235000 841.8
1240000 875.6
1245000 844.5
1250000 861.6
1255000 816.5
1260000 873.4
1265000 800.7
1270000 865.3
1275000 782.7
1280000 872.4
1285000 834.8
1290000 875.8
1295000 887.8
1300000 878.7
1305000 809.8
1310000 851.4
1315000 858.9
1320000 851.9
1325000 772.9
1330000 874.2
1335000 862.6
1340000 883.4
1345000 816.4
1350000 860.2
1355000 798.8
1360000 881.1
1365000 856.3
1370000 1.0
1375000 776.2
1380000 831.9
1385000 644.5
1390000 859.5
1395000 812.0
1400000 852.0
1405000 858.4
1410000 877.6
1415000 874.3
1420000 795.2
1425000 839.3
1430000 877.6
1435000 41.2
1440000 877.3
1445000 846.2
1450000 874.6
1455000 874.1
1460000 865.8
1465000 819.4
1470000 864.2
1475000 850.7
1480000 865.3
1485000 850.1
1490000 873.2
1495000 879.8
1500000 880.0
1505000 800.2
1510000 874.9
1515000 857.6
1520000 872.7
1525000 755.1
1530000 848.6
1535000 869.8
1540000 879.6
1545000 787.4
1550000 876.8
1555000 883.7
1560000 877.3
1565000 805.7
1570000 860.0
1575000 879.9
1580000 884.8
1585000 826.7
1590000 881.5
1595000 885.9
1600000 4.6
1605000 819.2
1610000 835.6
1615000 878.1
1620000 887.1
1625000 837.8
1630000 860.0
1635000 873.6
1640000 888.6
1645000 861.9
1650000 873.9
1655000 880.9
1660000 882.9
1665000 809.8
1670000 853.0
1675000 887.4
1680000 877.3
1685000 818.6
1690000 862.4
1695000 884.2
1700000 871.3
1705000 806.8
1710000 884.7
1715000 869.7
1720000 883.6
1725000 800.7
1730000 886.7
1735000 522.5
1740000 886.7
1745000 861.9
1750000 570.8
1755000 868.3
1760000 880.0
1765000 823.3
1770000 875.3
1775000 879.1
1780000 879.6
1785000 779.8
1790000 172.9
1795000 874.6
1800000 885.1
1805000 848.5
1810000 698.5
1815000 801.1
1820000 870.6
1825000 834.1
1830000 859.6
1835000 868.6
1840000 872.7
1845000 818.2
1850000 857.9
1855000 872.5
1860000 888.2
1865000 854.1
1870000 879.7
1875000 869.7
1880000 877.4
1885000 833.6
1890000 877.5
1895000 869.2
1900000 543.2
1905000 854.9
1910000 838.3
1915000 784.8
1920000 879.0
1925000 762.2
1930000 871.6
1935000 852.4
1940000 882.4
1945000 847.5
1950000 860.6
1955000 774.9
1960000 881.9
1965000 16.2
1970000 848.0
1975000 862.4
1980000 865.3
1985000 861.4
1990000 10.6
1995000 797.4
2000000 886.0
