5000 0.9
10000 1.2
15000 1.2
20000 1.3
25000 1.1
30000 1.2
35000 1.6
40000 1.1
45000 0.8
50000 1.1
55000 1.1
60000 1.2
65000 1.8
70000 0.8
75000 1.5
80000 1.5
85000 1.7
90000 1.5
95000 1.4
100000 2.0
105000 1.3
110000 1.7
115000 1.1
120000 1.6
125000 1.3
130000 1.9
135000 1.5
140000 1.7
145000 1.5
150000 2.2
155000 4.2
160000 1.4
165000 1.8
170000 13.2
175000 48.5
180000 24.2
185000 61.9
190000 62.7
195000 1.1
200000 78.8
205000 111.2
210000 130.8
215000 133.5
220000 109.8
225000 121.4
230000 120.3
235000 155.0
240000 174.4
245000 185.1
250000 147.1
255000 145.0
260000 196.7
265000 189.0
270000 213.2
275000 202.0
280000 187.9
285000 200.5
290000 100.8
295000 226.5
300000 222.8
305000 192.3
310000 258.1
315000 254.8
320000 222.3
325000 10.3
330000 177.0
335000 254.4
340000 285.1
345000 273.6
350000 294.3
355000 283.8
360000 291.1
365000 307.5
370000 329.4
375000 333.1
380000 42.6
385000 352.9
390000 344.2
395000 339.4
400000 372.3
405000 314.2
410000 347.6
415000 126.5
420000 377.7
425000 389.8
430000 396.8
435000 385.5
440000 403.7
445000 364.8
450000 409.2
455000 392.6
460000 420.1
465000 416.2
470000 424.4
475000 422.5
480000 342.7
485000 3.4
490000 355.6
495000 389.9
500000 389.9
505000 426.1
510000 432.3
515000 436.0
520000 453.6
525000 443.0
530000 406.4
535000 401.3
540000 438.5
545000 428.5
550000 469.5
555000 461.7
560000 454.4
565000 484.7
570000 471.1
575000 468.7
580000 488.3
585000 476.2
590000 479.1
595000 486.1
600000 489.9
605000 492.0
610000 499.6
615000 495.8
620000 515.9
625000 504.0
630000 501.3
635000 506.3
640000 511.7
645000 51.9
650000 392.6
655000 472.3
660000 415.4
665000 516.9
670000 518.2
675000 530.7
680000 474.0
685000 528.1
690000 540.6
695000 537.3
700000 538.7
705000 546.5
710000 563.7
715000 555.7
720000 549.1
725000 553.1
730000 563.0
735000 557.1
740000 561.9
745000 563.6
750000 570.0
755000 561.9
760000 566.8
765000 552.4
770000 582.5
775000 586.8
780000 576.5
785000 567.5
790000 585.0
795000 566.4
800000 589.1
805000 84.1
810000 462.7
815000 491.8
820000 536.9
825000 554.1
830000 564.8
835000 562.7
840000 556.7
845000 580.4
850000 573.2
855000 572.3
860000 578.2
865000 575.8
870000 589.5
875000 585.7
880000 603.0
885000 585.1
890000 598.7
895000 597.2
900000 589.5
905000 594.1
910000 606.1
915000 614.8
920000 610.8
925000 601.9
930000 614.0
935000 619.2
940000 618.8
945000 611.6
950000 608.2
955000 616.3
960000 611.2
965000 148.8
970000 478.8
975000 552.0
980000 546.3
985000 580.4
990000 587.9
995000 600.6
1000000 605.9
1005000 623.0
1010000 609.7
1015000 613.7
1020000 628.3
1025000 614.9
1030000 624.0
1035000 624.8
1040000 575.8
1045000 618.1
1050000 627.1
1055000 629.2
1060000 634.2
1065000 636.7
1070000 645.5
1075000 635.4
1080000 632.1
1085000 627.5
1090000 637.8
1095000 633.5
1100000 635.7
1105000 636.6
1110000 1.4
1115000 510.1
1120000 631.7
1125000 127.4
1130000 419.4
1135000 477.7
1140000 602.7
1145000 554.0
1150000 624.8
1155000 633.5
1160000 632.0
1165000 632.7
1170000 638.7
1175000 640.5
1180000 650.2
1185000 635.6
1190000 646.5
1195000 650.2
1200000 646.3
1205000 644.0
1210000 644.6
1215000 648.2
1220000 642.6
1225000 650.6
1230000 656.2
1235000 644.2
1240000 642.5
1245000 646.5
1250000 1.5
1255000 18.8
1260000 611.2
1265000 640.4
1270000 630.8
1275000 653.1
1280000 657.2
1285000 27.5
1290000 385.5
1295000 538.7
1300000 557.7
1305000 617.0
1310000 630.1
1315000 630.5
1320000 625.3
1325000 644.3
1330000 649.4
1335000 657.2
1340000 635.3
1345000 655.0
1350000 659.6
1355000 660.7
1360000 1.4
1365000 645.0
1370000 654.3
1375000 652.7
1380000 655.0
1385000 658.8
1390000 646.2
1395000 596.7
1400000 664.3
1405000 665.3
1410000 601.2
1415000 591.7
1420000 670.8
1425000 666.2
1430000 648.9
1435000 665.8
1440000 661.7
1445000 32.1
1450000 389.1
1455000 569.7
1460000 620.6
1465000 634.9
1470000 590.9
1475000 660.0
1480000 624.7
1485000 656.9
1490000 666.9
1495000 652.7
1500000 663.2
1505000 672.6
1510000 659.8
1515000 669.5
1520000 672.2
1525000 660.5
1530000 674.7
1535000 656.4
1540000 660.9
1545000 659.0
1550000 669.4
1555000 668.8
1560000 672.3
1565000 671.9
1570000 677.4
1575000 676.2
1580000 685.6
1585000 679.0
1590000 671.0
1595000 678.5
1600000 680.6
1605000 42.6
1610000 195.1
1615000 530.4
1620000 539.0
1625000 623.9
1630000 648.2
1635000 654.2
1640000 656.9
1645000 660.2
1650000 660.2
1655000 664.7
1660000 669.8
1665000 673.6
1670000 673.4
1675000 672.6
1680000 656.9
1685000 669.1
1690000 657.0
1695000 681.9
1700000 663.1
1705000 685.2
1710000 692.0
1715000 679.8
1720000 689.6
1725000 683.4
1730000 675.1
1735000 682.9
1740000 684.7
1745000 675.6
1750000 673.3
1755000 684.9
1760000 691.1
1765000 61.2
1770000 312.7
1775000 412.7
1780000 446.6
1785000 557.3
1790000 585.8
1795000 642.8
1800000 626.2
1805000 643.9
1810000 660.2
1815000 665.1
1820000 620.8
1825000 655.9
1830000 664.2
1835000 653.6
1840000 644.2
1845000 639.0
1850000 666.6
1855000 232.2
1860000 665.4
1865000 687.4
1870000 686.7
1875000 679.1
1880000 678.2
1885000 677.1
1890000 601.1
1895000 478.0
1900000 669.9
1905000 693.9
1910000 693.1
1915000 612.3
1920000 554.9
1925000 671.1
1930000 686.6
1935000 617.0
1940000 692.0
1945000 683.7
1950000 22.4
1955000 668.6
1960000 4.2
1965000 665.2
1970000 650.6
1975000 679.3
1980000 670.8
1985000 654.7
1990000 667.8
1995000 687.3
2000000 688.7
