5000 0.8
10000 1.4
15000 1.0
20000 1.1
25000 1.3
30000 0.6
35000 1.8
40000 1.0
45000 1.1
50000 0.7
55000 1.2
60000 1.4
65000 1.8
70000 1.7
75000 1.8
80000 1.5
85000 1.2
90000 1.6
95000 1.8
100000 1.5
105000 1.8
110000 3.2
115000 1.3
120000 2.0
125000 2.0
130000 3.7
135000 1.9
140000 2.9
145000 2.5
150000 2.3
155000 2.2
160000 1.4
165000 2.3
170000 1.8
175000 2.0
180000 1.8
185000 1.7
190000 3.2
195000 1.7
200000 1.4
205000 2.1
210000 7.8
215000 59.3
220000 26.3
225000 39.5
230000 1.6
235000 17.6
240000 31.3
245000 41.7
250000 8.0
255000 27.9
260000 40.5
265000 43.0
270000 4.4
275000 45.6
280000 10.1
285000 34.7
290000 6.2
295000 93.5
300000 43.4
305000 107.1
310000 65.4
315000 108.9
320000 165.9
325000 57.0
330000 157.5
335000 201.1
340000 205.5
345000 197.0
350000 222.3
355000 234.1
360000 238.8
365000 236.0
370000 243.3
375000 263.6
380000 274.1
385000 269.6
390000 289.3
395000 305.3
400000 303.8
405000 300.7
410000 325.5
415000 308.5
420000 305.3
425000 315.0
430000 292.9
435000 347.0
440000 363.3
445000 334.8
450000 368.7
455000 2.0
460000 359.2
465000 367.9
470000 365.4
475000 10.1
480000 389.2
485000 196.8
490000 366.1
495000 394.8
500000 409.8
505000 417.3
510000 436.9
515000 444.3
520000 443.9
525000 438.7
530000 409.2
535000 465.7
540000 456.0
545000 450.3
550000 431.4
555000 455.4
560000 481.4
565000 471.2
570000 481.7
575000 484.9
580000 435.8
585000 475.2
590000 482.1
595000 493.5
600000 501.6
605000 510.9
610000 511.3
615000 509.3
620000 524.1
625000 489.0
630000 526.2
635000 504.3
640000 504.1
645000 203.9
650000 422.7
655000 470.6
660000 470.1
665000 517.8
670000 531.0
675000 516.8
680000 533.3
685000 525.7
690000 558.2
695000 542.2
700000 551.3
705000 540.4
710000 531.0
715000 549.5
720000 531.8
725000 542.4
730000 551.5
735000 558.2
740000 566.5
745000 557.5
750000 571.4
755000 552.1
760000 572.3
765000 555.0
770000 518.3
775000 556.5
780000 570.9
785000 568.4
790000 587.5
795000 591.1
800000 491.0
805000 214.2
810000 422.6
815000 507.4
820000 542.5
825000 557.6
830000 552.7
835000 580.9
840000 578.6
845000 577.6
850000 575.2
855000 590.1
860000 582.5
865000 584.1
870000 591.3
875000 590.2
880000 593.0
885000 606.1
890000 596.8
895000 615.4
900000 614.7
905000 608.2
910000 595.7
915000 614.5
920000 616.6
925000 605.0
930000 601.0
935000 603.1
940000 605.3
945000 602.3
950000 593.3
955000 614.2
960000 610.9
965000 249.5
970000 427.3
975000 528.8
980000 561.2
985000 571.3
990000 588.6
995000 590.5
1000000 598.9
1005000 601.9
1010000 606.4
1015000 624.6
1020000 605.6
1025000 635.3
1030000 611.5
1035000 614.2
1040000 632.8
1045000 627.9
1050000 598.3
1055000 640.9
1060000 615.2
1065000 614.8
1070000 630.8
1075000 623.0
1080000 629.4
1085000 631.6
1090000 637.0
1095000 641.1
1100000 630.8
1105000 616.6
1110000 637.2
1115000 637.0
1120000 633.0
1125000 110.1
1130000 417.8
1135000 526.4
1140000 519.2
1145000 561.2
1150000 568.0
1155000 611.9
1160000 625.5
1165000 620.0
1170000 550.2
1175000 626.1
1180000 640.2
1185000 649.6
1190000 615.9
1195000 636.9
1200000 636.0
1205000 628.6
1210000 619.9
1215000 635.1
1220000 640.4
1225000 641.6
1230000 640.5
1235000 643.0
1240000 634.8
1245000 654.6
1250000 651.1
1255000 652.0
1260000 647.9
1265000 638.0
1270000 651.2
1275000 647.4
1280000 651.8
1285000 11.8
1290000 453.9
1295000 560.5
1300000 577.6
1305000 612.2
1310000 623.8
1315000 634.7
1320000 633.4
1325000 629.9
1330000 651.3
1335000 648.4
1340000 637.3
1345000 639.0
1350000 1.5
1355000 567.6
1360000 637.8
1365000 646.7
1370000 623.7
1375000 635.2
1380000 637.3
1385000 12.0
1390000 648.5
1395000 587.5
1400000 653.5
1405000 660.7
1410000 670.1
1415000 663.8
1420000 41.4
1425000 674.9
1430000 666.7
1435000 643.4
1440000 666.3
1445000 8.5
1450000 234.0
1455000 407.6
1460000 564.0
1465000 607.9
1470000 638.1
1475000 647.5
1480000 30.4
1485000 584.9
1490000 629.1
1495000 659.4
1500000 661.8
1505000 659.5
1510000 590.0
1515000 658.6
1520000 658.5
1525000 663.6
1530000 667.7
1535000 679.7
1540000 672.7
1545000 678.2
1550000 672.8
1555000 655.7
1560000 665.5
1565000 673.1
1570000 667.0
1575000 23.8
1580000 680.6
1585000 687.9
1590000 677.1
1595000 3.4
1600000 655.4
1605000 43.3
1610000 369.4
1615000 444.1
1620000 518.5
1625000 564.8
1630000 633.9
1635000 636.1
1640000 602.3
1645000 680.6
1650000 653.2
1655000 648.1
1660000 647.3
1665000 660.0
1670000 678.4
1675000 1.7
1680000 2.2
1685000 629.6
1690000 642.3
1695000 663.5
1700000 652.7
1705000 649.8
1710000 681.7
1715000 675.0
1720000 672.0
1725000 590.4
1730000 686.2
1735000 673.1
1740000 680.7
1745000 691.2
1750000 674.6
1755000 690.5
1760000 667.4
1765000 98.2
1770000 299.6
1775000 456.6
1780000 528.9
1785000 498.9
1790000 578.4
1795000 550.2
1800000 564.7
1805000 596.5
1810000 602.7
1815000 583.0
1820000 600.3
1825000 629.2
1830000 588.6
1835000 609.5
1840000 648.0
1845000 637.0
1850000 666.9
1855000 649.1
1860000 644.0
1865000 645.4
1870000 672.0
1875000 672.2
1880000 671.2
1885000 658.2
1890000 662.2
1895000 1.4
1900000 659.0
1905000 679.7
1910000 679.8
1915000 1.7
1920000 574.4
1925000 683.0
1930000 672.7
1935000 696.0
1940000 692.5
1945000 680.3
1950000 677.8
1955000 676.4
1960000 662.0
1965000 671.7
1970000 678.7
1975000 666.9
1980000 685.6
1985000 692.4
1990000 701.0
1995000 679.2
2000000 696.3
