5000 1.0
10000 1.4
15000 1.3
20000 1.2
25000 1.1
30000 1.0
35000 1.3
40000 1.2
45000 1.0
50000 1.3
55000 1.0
60000 0.7
65000 1.4
70000 2.2
75000 1.5
80000 1.8
85000 1.2
90000 1.4
95000 1.8
100000 1.1
105000 1.6
110000 0.8
115000 1.2
120000 1.2
125000 1.2
130000 1.9
135000 1.4
140000 1.7
145000 3.8
150000 5.0
155000 4.4
160000 20.8
165000 2.7
170000 38.5
175000 111.5
180000 16.4
185000 75.1
190000 118.9
195000 158.8
200000 82.1
205000 53.4
210000 90.5
215000 156.2
220000 172.3
225000 201.3
230000 34.5
235000 237.9
240000 228.9
245000 220.6
250000 218.3
255000 79.4
260000 124.9
265000 251.5
270000 267.4
275000 1.4
280000 283.5
285000 304.9
290000 242.6
295000 283.4
300000 288.0
305000 280.6
310000 203.8
315000 305.7
320000 334.5
325000 172.2
330000 375.5
335000 357.6
340000 368.1
345000 402.1
350000 381.9
355000 392.7
360000 396.9
365000 417.2
370000 393.8
375000 415.9
380000 403.7
385000 421.2
390000 439.9
395000 438.0
400000 429.2
405000 449.8
410000 417.3
415000 428.0
420000 463.3
425000 435.6
430000 466.8
435000 458.7
440000 462.3
445000 476.3
450000 474.9
455000 484.1
460000 488.3
465000 478.6
470000 482.6
475000 490.6
480000 477.0
485000 226.2
490000 449.1
495000 465.3
500000 507.9
505000 511.1
510000 461.1
515000 497.9
520000 511.7
525000 490.3
530000 535.3
535000 519.0
540000 519.2
545000 518.8
550000 537.0
555000 549.5
560000 530.7
565000 536.3
570000 536.5
575000 529.8
580000 546.9
585000 558.1
590000 543.6
595000 547.2
600000 544.1
605000 548.3
610000 529.3
615000 551.5
620000 542.3
625000 567.1
630000 546.9
635000 562.7
640000 564.3
645000 333.1
650000 444.9
655000 493.4
660000 546.5
665000 538.3
670000 561.4
675000 553.1
680000 563.7
685000 575.2
690000 568.8
695000 569.9
700000 574.7
705000 567.6
710000 553.7
715000 578.7
720000 553.1
725000 578.9
730000 581.3
735000 578.0
740000 598.5
745000 579.3
750000 588.5
755000 585.8
760000 606.1
765000 566.8
770000 588.0
775000 583.9
780000 593.5
785000 576.2
790000 594.8
795000 599.4
800000 586.0
805000 320.2
810000 488.3
815000 534.8
820000 569.1
825000 573.6
830000 562.0
835000 571.5
840000 596.2
845000 588.5
850000 594.1
855000 607.6
860000 615.7
865000 600.8
870000 608.2
875000 600.8
880000 614.4
885000 617.0
890000 623.4
895000 615.3
900000 617.8
905000 612.0
910000 618.3
915000 605.8
920000 613.8
925000 621.5
930000 627.8
935000 625.3
940000 614.7
945000 608.0
950000 635.8
955000 629.9
960000 627.5
965000 278.3
970000 452.7
975000 559.5
980000 558.6
985000 587.1
990000 605.8
995000 603.8
1000000 602.1
1005000 598.6
1010000 541.2
1015000 613.6
1020000 611.9
1025000 614.1
1030000 646.7
1035000 621.4
1040000 627.1
1045000 630.6
1050000 632.5
1055000 643.2
1060000 631.3
1065000 634.5
1070000 633.6
1075000 631.7
1080000 643.2
1085000 649.2
1090000 631.1
1095000 638.3
1100000 645.4
1105000 642.6
1110000 628.2
1115000 607.4
1120000 631.7
1125000 189.9
1130000 464.4
1135000 541.4
1140000 578.0
1145000 595.9
1150000 600.7
1155000 612.0
1160000 625.2
1165000 632.9
1170000 637.6
1175000 628.4
1180000 640.6
1185000 645.9
1190000 639.3
1195000 644.3
1200000 654.2
1205000 645.3
1210000 636.4
1215000 658.8
1220000 649.7
1225000 658.8
1230000 661.1
1235000 663.5
1240000 657.2
1245000 652.6
1250000 646.7
1255000 666.1
1260000 591.5
1265000 525.5
1270000 668.0
1275000 662.8
1280000 534.0
1285000 12.8
1290000 426.7
1295000 561.7
1300000 611.2
1305000 595.6
1310000 622.4
1315000 619.2
1320000 649.2
1325000 634.3
1330000 657.1
1335000 616.9
1340000 650.9
1345000 641.8
1350000 658.5
1355000 659.5
1360000 666.6
1365000 658.5
1370000 659.2
1375000 658.6
1380000 661.1
1385000 662.2
1390000 651.3
1395000 669.0
1400000 665.4
1405000 665.8
1410000 661.6
1415000 671.9
1420000 19.0
1425000 664.7
1430000 651.8
1435000 673.2
1440000 661.5
1445000 7.4
1450000 368.3
1455000 450.1
1460000 518.9
1465000 591.3
1470000 609.0
1475000 592.5
1480000 606.3
1485000 643.6
1490000 653.8
1495000 646.3
1500000 626.5
1505000 653.4
1510000 651.3
1515000 668.2
1520000 652.2
1525000 668.6
1530000 658.7
1535000 674.9
1540000 671.5
1545000 679.6
1550000 683.9
1555000 677.5
1560000 685.2
1565000 685.6
1570000 670.5
1575000 652.2
1580000 687.0
1585000 681.0
1590000 683.3
1595000 683.4
1600000 621.4
1605000 31.6
1610000 369.2
1615000 491.4
1620000 566.1
1625000 606.4
1630000 650.7
1635000 629.7
1640000 639.5
1645000 648.8
1650000 611.0
1655000 681.1
1660000 650.4
1665000 674.3
1670000 660.3
1675000 684.4
1680000 672.1
1685000 607.6
1690000 658.8
1695000 667.9
1700000 32.4
1705000 673.6
1710000 681.8
1715000 675.0
1720000 692.4
1725000 674.5
1730000 679.1
1735000 692.9
1740000 696.3
1745000 687.4
1750000 689.6
1755000 609.2
1760000 678.0
1765000 1.4
1770000 294.3
1775000 498.5
1780000 575.3
1785000 584.8
1790000 574.2
1795000 600.9
1800000 634.6
1805000 651.5
1810000 644.3
1815000 647.2
1820000 646.0
1825000 676.0
1830000 683.0
1835000 672.4
1840000 694.8
1845000 689.2
1850000 705.7
1855000 704.1
1860000 709.6
1865000 695.0
1870000 699.7
1875000 693.5
1880000 709.3
1885000 697.9
1890000 696.3
1895000 694.2
1900000 39.2
1905000 699.8
1910000 696.4
1915000 686.2
1920000 690.9
1925000 699.8
1930000 700.3
1935000 703.9
1940000 0.9
1945000 691.8
1950000 697.4
1955000 704.9
1960000 696.9
1965000 719.3
1970000 721.9
1975000 697.4
1980000 706.2
1985000 696.3
1990000 725.6
1995000 720.3
2000000 313.7
