5000 1.3
10000 1.1
15000 1.0
20000 1.0
25000 0.9
30000 1.0
35000 1.2
40000 1.3
45000 1.4
50000 1.3
55000 1.6
60000 1.5
65000 1.4
70000 1.5
75000 1.2
80000 1.1
85000 1.1
90000 1.5
95000 2.4
100000 2.4
105000 1.8
110000 1.7
115000 1.2
120000 1.5
125000 1.0
130000 1.7
135000 1.3
140000 1.7
145000 1.7
150000 2.9
155000 2.2
160000 2.5
165000 1.9
170000 0.9
175000 2.1
180000 2.2
185000 1.8
190000 2.6
195000 1.9
200000 2.4
205000 2.2
210000 2.6
215000 2.5
220000 1.7
225000 3.1
230000 2.8
235000 2.3
240000 1.8
245000 2.1
250000 2.0
255000 1.7
260000 3.0
265000 2.2
270000 2.4
275000 1.4
280000 2.2
285000 3.3
290000 2.1
295000 2.4
300000 1.8
305000 3.1
310000 2.3
315000 3.6
320000 3.5
325000 2.4
330000 1.9
335000 2.8
340000 83.0
345000 129.3
350000 99.2
355000 130.2
360000 146.6
365000 188.5
370000 243.0
375000 164.1
380000 246.3
385000 14.7
390000 280.4
395000 273.9
400000 249.7
405000 271.7
410000 279.7
415000 260.9
420000 280.2
425000 95.5
430000 287.8
435000 225.1
440000 326.1
445000 6.9
450000 285.1
455000 359.8
460000 310.2
465000 186.3
470000 85.6
475000 237.3
480000 373.5
485000 157.8
490000 272.5
495000 410.6
500000 399.5
505000 396.7
510000 411.5
515000 422.6
520000 429.4
525000 442.7
530000 456.2
535000 432.5
540000 461.9
545000 463.5
550000 456.0
555000 470.3
560000 472.7
565000 434.7
570000 472.5
575000 468.1
580000 470.8
585000 473.2
590000 468.3
595000 476.6
600000 485.7
605000 482.2
610000 465.9
615000 484.6
620000 460.3
625000 485.0
630000 481.6
635000 474.3
640000 496.5
645000 142.3
650000 414.9
655000 473.2
660000 489.0
665000 506.8
670000 499.0
675000 506.1
680000 480.1
685000 468.9
690000 513.2
695000 505.6
700000 513.0
705000 525.1
710000 528.4
715000 537.3
720000 523.1
725000 546.8
730000 534.3
735000 534.1
740000 517.0
745000 529.9
750000 533.6
755000 556.4
760000 547.7
765000 549.2
770000 541.3
775000 553.5
780000 543.0
785000 546.6
790000 544.7
795000 537.2
800000 550.2
805000 217.0
810000 432.4
815000 522.5
820000 520.2
825000 511.4
830000 520.7
835000 522.9
840000 543.1
845000 550.2
850000 550.2
855000 541.2
860000 552.0
865000 552.1
870000 566.9
875000 547.2
880000 566.3
885000 561.9
890000 563.5
895000 571.8
900000 560.3
905000 560.3
910000 570.6
915000 555.2
920000 556.1
925000 562.1
930000 582.4
935000 557.6
940000 556.7
945000 573.4
950000 569.4
955000 564.2
960000 563.1
965000 254.7
970000 444.5
975000 535.7
980000 539.7
985000 549.6
990000 562.4
995000 566.3
1000000 556.2
1005000 561.3
1010000 549.2
1015000 572.4
1020000 570.7
1025000 549.0
1030000 557.3
1035000 575.5
1040000 563.1
1045000 550.8
1050000 589.1
1055000 564.6
1060000 574.8
1065000 580.0
1070000 585.1
1075000 591.3
1080000 586.0
1085000 575.1
1090000 592.4
1095000 582.3
1100000 585.0
1105000 584.9
1110000 580.7
1115000 584.7
1120000 572.6
1125000 228.9
1130000 379.8
1135000 533.5
1140000 528.1
1145000 537.1
1150000 566.8
1155000 579.1
1160000 584.5
1165000 566.6
1170000 585.7
1175000 595.2
1180000 581.1
1185000 580.4
1190000 578.7
1195000 577.0
1200000 605.4
1205000 581.8
1210000 595.5
1215000 592.0
1220000 602.8
1225000 584.3
1230000 613.9
1235000 600.5
1240000 565.4
1245000 615.9
1250000 593.2
1255000 600.3
1260000 602.3
1265000 610.7
1270000 601.9
1275000 598.3
1280000 615.6
1285000 205.7
1290000 426.6
1295000 494.4
1300000 536.3
1305000 564.5
1310000 596.3
1315000 616.7
1320000 602.6
1325000 595.8
1330000 592.6
1335000 604.3
1340000 597.8
1345000 594.9
1350000 11.7
1355000 595.9
1360000 599.5
1365000 593.5
1370000 630.1
1375000 599.5
1380000 617.5
1385000 608.9
1390000 619.9
1395000 611.3
1400000 616.8
1405000 593.0
1410000 610.6
1415000 619.2
1420000 612.5
1425000 628.1
1430000 616.3
1435000 621.2
1440000 627.7
1445000 11.9
1450000 383.6
1455000 552.8
1460000 546.5
1465000 585.9
1470000 551.9
1475000 608.6
1480000 610.9
1485000 607.6
1490000 617.9
1495000 623.5
1500000 550.4
1505000 574.3
1510000 632.8
1515000 622.9
1520000 628.8
1525000 634.7
1530000 633.2
1535000 648.0
1540000 640.5
1545000 650.0
1550000 633.0
1555000 656.9
1560000 661.7
1565000 639.9
1570000 646.3
1575000 652.1
1580000 644.8
1585000 645.7
1590000 674.6
1595000 653.0
1600000 630.2
1605000 2.6
1610000 250.5
1615000 468.7
1620000 575.0
1625000 581.4
1630000 608.6
1635000 626.3
1640000 634.8
1645000 667.7
1650000 644.1
1655000 681.6
1660000 678.4
1665000 667.2
1670000 690.2
1675000 655.3
1680000 675.5
1685000 669.8
1690000 674.3
1695000 693.5
1700000 684.4
1705000 680.9
1710000 684.8
1715000 742.4
1720000 779.1
1725000 706.4
1730000 752.0
1735000 706.6
1740000 759.0
1745000 782.1
1750000 766.7
1755000 809.0
1760000 845.4
1765000 82.1
1770000 356.3
1775000 506.7
1780000 491.1
1785000 782.4
1790000 790.7
1795000 772.8
1800000 811.2
1805000 854.9
1810000 839.4
1815000 1.4
1820000 552.8
1825000 817.7
1830000 815.0
1835000 865.9
1840000 861.0
1845000 861.7
1850000 815.9
1855000 855.3
1860000 859.9
1865000 872.2
1870000 858.4
1875000 830.9
1880000 3.8
1885000 867.3
1890000 867.3
1895000 846.9
1900000 88.2
1905000 867.4
1910000 872.4
1915000 832.4
1920000 865.1
1925000 876.0
1930000 867.9
1935000 16.5
1940000 839.7
1945000 854.8
1950000 856.9
1955000 850.5
1960000 855.3
1965000 881.2
1970000 886.0
1975000 847.4
1980000 887.2
1985000 880.4
1990000 892.3
1995000 1.2
2000000 879.7
