5000 1.2
10000 1.1
15000 0.9
20000 0.9
25000 1.4
30000 0.7
35000 0.8
40000 1.0
45000 1.3
50000 0.8
55000 0.8
60000 1.0
65000 1.0
70000 1.1
75000 1.3
80000 1.5
85000 1.5
90000 1.5
95000 1.5
100000 0.8
105000 1.2
110000 1.9
115000 1.6
120000 2.6
125000 0.6
130000 3.3
135000 2.5
140000 6.8
145000 5.6
150000 1.6
155000 1.3
160000 1.5
165000 2.0
170000 8.4
175000 8.3
180000 40.7
185000 4.4
190000 49.1
195000 8.6
200000 3.4
205000 2.1
210000 110.8
215000 4.2
220000 54.7
225000 1.8
230000 90.9
235000 70.8
240000 102.9
245000 157.1
250000 91.7
255000 94.6
260000 1.9
265000 133.2
270000 141.4
275000 12.8
280000 170.3
285000 21.1
290000 251.2
295000 2.7
300000 124.5
305000 183.5
310000 1.2
315000 211.6
320000 183.7
325000 89.8
330000 149.6
335000 209.9
340000 266.8
345000 134.1
350000 279.7
355000 234.1
360000 240.3
365000 251.6
370000 300.3
375000 293.4
380000 303.7
385000 288.2
390000 282.9
395000 349.3
400000 346.1
405000 321.3
410000 360.8
415000 99.7
420000 368.4
425000 384.3
430000 359.5
435000 360.3
440000 351.4
445000 400.1
450000 393.4
455000 394.3
460000 393.2
465000 414.0
470000 358.2
475000 409.3
480000 407.1
485000 283.7
490000 358.1
495000 390.2
500000 403.7
505000 425.2
510000 414.8
515000 449.4
520000 444.9
525000 459.2
530000 417.8
535000 465.8
540000 468.2
545000 471.1
550000 446.6
555000 476.5
560000 478.7
565000 493.2
570000 491.2
575000 491.9
580000 495.0
585000 490.7
590000 491.6
595000 502.0
600000 503.2
605000 506.7
610000 499.0
615000 494.8
620000 488.4
625000 485.3
630000 516.2
635000 509.5
640000 501.4
645000 277.6
650000 376.8
655000 473.5
660000 495.9
665000 501.0
670000 498.9
675000 502.9
680000 516.6
685000 500.0
690000 513.0
695000 505.6
700000 536.3
705000 533.3
710000 529.6
715000 521.9
720000 545.9
725000 534.2
730000 546.2
735000 528.7
740000 542.3
745000 549.3
750000 535.8
755000 564.8
760000 556.5
765000 556.1
770000 551.2
775000 570.6
780000 560.8
785000 565.0
790000 563.7
795000 561.8
800000 573.0
805000 276.1
810000 431.8
815000 493.6
820000 549.9
825000 545.0
830000 538.6
835000 562.8
840000 544.3
845000 562.6
850000 587.0
855000 564.9
860000 596.2
865000 566.8
870000 591.7
875000 581.1
880000 585.9
885000 568.1
890000 608.9
895000 605.2
900000 644.6
905000 615.3
910000 630.2
915000 633.6
920000 630.0
925000 657.1
930000 634.8
935000 660.2
940000 640.5
945000 680.2
950000 645.7
955000 681.3
960000 683.1
965000 201.3
970000 457.8
975000 542.8
980000 564.4
985000 579.6
990000 637.0
995000 637.9
1000000 663.5
1005000 636.1
1010000 638.9
1015000 679.3
1020000 675.3
1025000 689.8
1030000 683.1
1035000 677.8
1040000 706.6
1045000 678.8
1050000 708.7
1055000 687.5
1060000 734.6
1065000 714.7
1070000 700.0
1075000 724.9
1080000 767.2
1085000 752.2
1090000 764.5
1095000 812.6
1100000 774.1
1105000 780.1
1110000 821.2
1115000 792.0
1120000 795.1
1125000 184.0
1130000 529.8
1135000 562.1
1140000 704.5
1145000 658.9
1150000 754.9
1155000 783.6
1160000 789.1
1165000 749.1
1170000 842.9
1175000 845.9
1180000 835.6
1185000 837.2
1190000 836.8
1195000 839.8
1200000 846.7
1205000 840.0
1210000 847.5
1215000 828.4
1220000 854.2
1225000 823.9
1230000 854.6
1235000 843.5
1240000 810.1
1245000 831.1
1250000 847.3
1255000 858.2
1260000 848.6
1265000 860.6
1270000 866.0
1275000 849.0
1280000 861.0
1285000 167.3
1290000 464.4
1295000 647.3
1300000 679.8
1305000 810.4
1310000 851.8
1315000 846.4
1320000 848.5
1325000 861.4
1330000 859.1
1335000 861.0
1340000 863.3
1345000 870.4
1350000 858.4
1355000 862.5
1360000 863.5
1365000 872.9
1370000 868.9
1375000 870.5
1380000 860.3
1385000 339.0
1390000 769.6
1395000 849.1
1400000 868.4
1405000 1.9
1410000 803.1
1415000 849.3
1420000 784.4
1425000 870.9
1430000 685.6
1435000 784.8
1440000 863.4
1445000 100.1
1450000 537.7
1455000 648.3
1460000 829.6
1465000 839.4
1470000 738.0
1475000 799.0
1480000 777.4
1485000 841.8
1490000 436.2
1495000 865.6
1500000 859.8
1505000 871.0
1510000 875.5
1515000 868.5
1520000 864.9
1525000 871.4
1530000 867.0
1535000 884.5
1540000 882.1
1545000 872.1
1550000 887.8
1555000 791.7
1560000 871.3
1565000 879.0
1570000 832.9
1575000 692.7
1580000 881.7
1585000 707.1
1590000 66.1
1595000 802.7
1600000 879.1
1605000 135.9
1610000 529.8
1615000 674.3
1620000 760.6
1625000 805.7
1630000 665.8
1635000 762.3
1640000 856.0
1645000 877.3
1650000 871.3
1655000 281.9
1660000 877.3
1665000 866.6
1670000 863.6
1675000 787.7
1680000 875.2
1685000 864.7
1690000 878.4
1695000 886.7
1700000 877.0
1705000 859.9
1710000 795.6
1715000 798.4
1720000 874.0
1725000 797.0
1730000 801.8
1735000 882.1
1740000 853.7
1745000 873.5
1750000 802.8
1755000 886.2
1760000 885.3
1765000 39.0
1770000 434.0
1775000 537.8
1780000 693.6
1785000 824.2
1790000 743.2
1795000 779.6
1800000 820.2
1805000 837.6
1810000 851.0
1815000 852.5
1820000 862.2
1825000 880.5
1830000 873.2
1835000 876.6
1840000 879.5
1845000 863.9
1850000 803.5
1855000 787.8
1860000 891.3
1865000 884.4
1870000 870.6
1875000 880.1
1880000 880.0
1885000 882.9
1890000 876.2
1895000 862.9
1900000 882.6
1905000 880.4
1910000 883.7
1915000 866.0
1920000 189.5
1925000 877.8
1930000 877.4
1935000 868.4
1940000 880.8
1945000 799.5
1950000 783.6
1955000 880.5
1960000 868.9
1965000 885.9
1970000 797.7
1975000 889.4
1980000 873.8
1985000 17.3
1990000 890.9
1995000 886.2
2000000 884.3
