5000 133.5
10000 128.5
15000 174.5
20000 498.8
25000 800.6
30000 813.3
35000 862.8
40000 928.2
45000 879.2
50000 918.1
55000 949.2
60000 900.5
65000 940.6
70000 869.1
75000 932.5
80000 963.7
85000 952.0
90000 939.4
95000 962.4
100000 965.7
105000 958.0
110000 968.6
115000 974.1
120000 964.2
125000 964.2
130000 958.8
135000 954.5
140000 976.1
145000 967.0
150000 967.2
155000 916.5
160000 928.5
165000 939.9
170000 924.7
175000 965.7
180000 963.9
185000 963.7
190000 952.2
195000 973.7
200000 964.9
205000 983.1
210000 978.6
215000 972.4
220000 912.1
225000 983.3
230000 970.7
235000 976.8
240000 974.9
245000 972.1
250000 982.1
255000 974.9
260000 966.0
265000 960.6
270000 965.3
275000 967.7
280000 967.3
285000 972.1
290000 975.4
295000 968.7
300000 962.5
305000 977.4
310000 979.7
315000 985.4
320000 974.1
325000 743.2
330000 966.9
335000 982.1
340000 991.9
345000 983.4
350000 988.5
355000 983.4
360000 989.9
365000 985.9
370000 984.7
375000 985.9
380000 979.3
385000 987.8
390000 989.6
395000 984.5
400000 988.4
405000 992.7
410000 981.8
415000 978.2
420000 988.4
425000 985.0
430000 985.7
435000 988.2
440000 986.9
445000 979.6
450000 984.2
455000 991.2
460000 992.0
465000 986.2
470000 983.8
475000 987.9
480000 984.8
485000 977.4
490000 984.5
495000 984.1
500000 982.9
505000 986.7
510000 986.2
515000 986.1
520000 988.9
525000 982.0
530000 989.8
535000 986.3
540000 986.5
545000 986.3
550000 987.3
555000 977.6
560000 985.4
565000 996.1
570000 980.2
575000 987.9
580000 991.0
585000 980.5
590000 986.2
595000 988.1
600000 985.4
605000 993.5
610000 988.2
615000 991.9
620000 983.7
625000 985.6
630000 991.3
635000 987.1
640000 994.5
645000 893.0
650000 984.3
655000 990.5
660000 986.1
665000 988.7
670000 988.1
675000 985.0
680000 991.0
685000 985.3
690000 987.3
695000 992.2
700000 982.3
705000 988.5
710000 986.0
715000 986.0
720000 992.8
725000 993.2
730000 981.8
735000 989.3
740000 986.3
745000 988.6
750000 984.3
755000 989.2
760000 986.7
765000 982.1
770000 988.3
775000 985.8
780000 988.5
785000 993.3
790000 990.7
795000 991.1
800000 988.9
805000 984.6
810000 989.7
815000 994.6
820000 989.3
825000 996.4
830000 988.0
835000 990.3
840000 983.5
845000 984.8
850000 987.1
855000 990.8
860000 986.6
865000 988.9
870000 986.0
875000 987.6
880000 992.4
885000 988.3
890000 987.5
895000 988.1
900000 983.9
905000 987.0
910000 988.7
915000 986.5
920000 982.9
925000 995.3
930000 978.7
935000 990.2
940000 986.6
945000 985.6
950000 978.6
955000 989.0
960000 986.6
965000 899.4
970000 935.4
975000 983.6
980000 985.3
985000 986.1
990000 988.5
995000 990.2
1000000 991.9
1005000 988.0
1010000 990.4
1015000 983.9
1020000 984.4
1025000 986.6
1030000 986.4
1035000 989.9
1040000 986.7
1045000 990.2
1050000 987.7
1055000 988.6
1060000 995.9
1065000 923.5
1070000 989.8
1075000 990.0
1080000 980.7
1085000 993.4
1090000 986.1
1095000 992.1
1100000 988.2
1105000 988.6
1110000 988.4
1115000 990.1
1120000 996.7
1125000 990.1
1130000 987.5
1135000 989.5
1140000 983.6
1145000 995.2
1150000 990.6
1155000 992.9
1160000 987.8
1165000 991.4
1170000 993.6
1175000 994.4
1180000 994.3
1185000 993.7
1190000 991.9
1195000 993.0
1200000 994.4
1205000 993.1
1210000 987.6
1215000 988.5
1220000 989.5
1225000 993.5
1230000 995.1
1235000 996.1
1240000 989.1
1245000 990.7
1250000 990.2
1255000 993.7
1260000 990.4
1265000 992.4
1270000 987.2
1275000 983.3
1280000 992.3
1285000 158.6
1290000 864.0
1295000 968.0
1300000 970.8
1305000 983.1
1310000 991.5
1315000 987.5
1320000 989.1
1325000 985.8
1330000 989.2
1335000 986.8
1340000 988.3
1345000 985.6
1350000 991.1
1355000 993.8
1360000 989.3
1365000 995.0
1370000 987.1
1375000 993.2
1380000 987.6
1385000 997.8
1390000 988.6
1395000 989.7
1400000 988.5
1405000 988.3
1410000 990.9
1415000 993.9
1420000 987.9
1425000 988.6
1430000 985.9
1435000 988.6
1440000 983.7
1445000 994.2
1450000 989.9
1455000 986.0
1460000 988.9
1465000 990.2
1470000 992.0
1475000 987.2
1480000 998.0
1485000 990.4
1490000 988.3
1495000 991.6
1500000 985.5
1505000 984.1
1510000 990.3
1515000 990.8
1520000 985.3
1525000 991.2
1530000 994.9
1535000 988.6
1540000 986.5
1545000 991.8
1550000 983.8
1555000 994.2
1560000 988.6
1565000 989.5
1570000 988.2
1575000 980.5
1580000 985.3
1585000 992.1
1590000 989.4
1595000 990.0
1600000 991.5
1605000 774.8
1610000 964.3
1615000 986.2
1620000 981.1
1625000 985.4
1630000 931.6
1635000 987.2
1640000 988.7
1645000 983.9
1650000 989.6
1655000 994.9
1660000 991.5
1665000 983.8
1670000 991.7
1675000 988.6
1680000 986.7
1685000 989.3
1690000 992.3
1695000 984.4
1700000 991.5
1705000 986.6
1710000 990.7
1715000 992.8
1720000 990.6
1725000 992.4
1730000 987.5
1735000 991.6
1740000 988.5
1745000 987.3
1750000 986.9
1755000 985.9
1760000 992.5
1765000 989.0
1770000 989.2
1775000 993.4
1780000 977.9
1785000 986.1
1790000 990.5
1795000 979.5
1800000 984.0
1805000 991.9
1810000 987.8
1815000 993.7
1820000 987.1
1825000 980.7
1830000 991.2
1835000 992.1
1840000 983.0
1845000 989.0
1850000 992.4
1855000 984.4
1860000 979.6
1865000 992.2
1870000 990.7
1875000 989.4
1880000 990.0
1885000 989.8
1890000 982.7
1895000 993.7
1900000 989.3
1905000 985.4
1910000 990.6
1915000 995.6
1920000 992.4
1925000 989.5
1930000 988.2
1935000 987.8
1940000 937.8
1945000 993.4
1950000 987.2
1955000 981.8
1960000 984.1
1965000 985.3
1970000 991.2
1975000 988.1
1980000 983.4
1985000 981.7
1990000 989.0
1995000 987.6
2000000 992.0
