5000 113.2
10000 147.5
15000 418.1
20000 509.3
25000 826.9
30000 849.9
35000 927.4
40000 865.6
45000 927.9
50000 895.3
55000 945.8
60000 942.5
65000 855.3
70000 949.0
75000 937.5
80000 938.9
85000 948.9
90000 932.6
95000 967.8
100000 942.8
105000 947.2
110000 953.1
115000 949.1
120000 950.7
125000 956.9
130000 965.1
135000 960.9
140000 962.4
145000 973.8
150000 955.3
155000 947.3
160000 968.8
165000 956.4
170000 970.5
175000 951.0
180000 939.7
185000 970.1
190000 967.3
195000 915.5
200000 963.0
205000 967.5
210000 976.3
215000 968.1
220000 967.2
225000 971.6
230000 963.4
235000 973.7
240000 985.9
245000 989.6
250000 976.0
255000 975.0
260000 963.2
265000 985.7
270000 877.1
275000 966.2
280000 968.2
285000 982.0
290000 966.5
295000 968.2
300000 978.1
305000 970.2
310000 972.7
315000 962.8
320000 970.9
325000 836.7
330000 968.7
335000 980.9
340000 979.0
345000 974.2
350000 992.3
355000 986.6
360000 982.0
365000 982.0
370000 979.8
375000 982.2
380000 990.7
385000 985.4
390000 979.0
395000 975.6
400000 992.4
405000 979.1
410000 982.0
415000 979.9
420000 986.0
425000 985.6
430000 983.8
435000 983.6
440000 989.5
445000 984.5
450000 978.8
455000 989.8
460000 985.0
465000 981.3
470000 980.1
475000 987.4
480000 987.2
485000 983.7
490000 983.0
495000 986.2
500000 993.9
505000 978.1
510000 984.1
515000 980.0
520000 983.0
525000 979.8
530000 984.8
535000 975.7
540000 991.2
545000 990.0
550000 990.1
555000 991.7
560000 982.9
565000 984.2
570000 985.4
575000 986.1
580000 980.9
585000 987.4
590000 986.7
595000 980.1
600000 982.3
605000 986.5
610000 974.7
615000 983.3
620000 984.6
625000 981.8
630000 980.3
635000 985.6
640000 989.5
645000 864.3
650000 931.4
655000 984.8
660000 985.5
665000 977.1
670000 986.3
675000 984.3
680000 992.3
685000 989.8
690000 979.1
695000 983.7
700000 986.6
705000 989.4
710000 992.8
715000 991.4
720000 988.5
725000 985.0
730000 988.1
735000 990.6
740000 986.6
745000 984.9
750000 986.7
755000 989.4
760000 981.8
765000 988.0
770000 986.4
775000 988.5
780000 985.3
785000 981.7
790000 991.6
795000 988.6
800000 991.0
805000 989.7
810000 992.2
815000 988.8
820000 984.8
825000 988.3
830000 991.5
835000 989.8
840000 991.0
845000 987.3
850000 989.3
855000 994.1
860000 992.9
865000 990.8
870000 991.5
875000 996.3
880000 988.0
885000 990.1
890000 993.1
895000 986.6
900000 989.7
905000 992.9
910000 988.9
915000 994.3
920000 991.2
925000 982.8
930000 991.5
935000 986.4
940000 992.0
945000 991.3
950000 988.8
955000 993.7
960000 986.7
965000 949.8
970000 926.4
975000 986.0
980000 928.9
985000 982.7
990000 990.8
995000 990.6
1000000 985.7
1005000 940.7
1010000 984.1
1015000 986.3
1020000 992.6
1025000 993.0
1030000 987.6
1035000 988.0
1040000 993.5
1045000 996.8
1050000 992.6
1055000 950.4
1060000 994.3
1065000 989.1
1070000 989.1
1075000 993.8
1080000 993.2
1085000 993.7
1090000 987.3
1095000 985.7
1100000 992.0
1105000 986.4
1110000 987.1
1115000 990.7
1120000 990.6
1125000 991.8
1130000 986.4
1135000 988.8
1140000 985.9
1145000 989.7
1150000 992.7
1155000 987.6
1160000 994.5
1165000 989.8
1170000 988.6
1175000 986.9
1180000 993.3
1185000 990.6
1190000 985.6
1195000 991.4
1200000 989.5
1205000 991.4
1210000 986.7
1215000 992.6
1220000 990.3
1225000 992.3
1230000 987.0
1235000 991.0
1240000 992.0
1245000 985.4
1250000 992.7
1255000 992.1
1260000 992.2
1265000 984.0
1270000 992.7
1275000 989.2
1280000 993.1
1285000 457.7
1290000 839.9
1295000 977.9
1300000 940.3
1305000 983.2
1310000 986.4
1315000 986.5
1320000 983.2
1325000 992.1
1330000 975.2
1335000 986.7
1340000 974.8
1345000 987.1
1350000 984.7
1355000 992.9
1360000 989.0
1365000 994.2
1370000 986.1
1375000 984.2
1380000 991.7
1385000 993.7
1390000 992.4
1395000 993.8
1400000 988.2
1405000 989.4
1410000 983.9
1415000 989.4
1420000 982.1
1425000 994.3
1430000 989.6
1435000 992.1
1440000 986.1
1445000 986.4
1450000 981.4
1455000 988.9
1460000 989.1
1465000 995.1
1470000 992.7
1475000 989.4
1480000 988.2
1485000 992.6
1490000 994.7
1495000 995.5
1500000 993.1
1505000 989.6
1510000 985.8
1515000 992.3
1520000 986.9
1525000 984.3
1530000 988.6
1535000 990.0
1540000 981.3
1545000 983.6
1550000 988.2
1555000 985.1
1560000 992.2
1565000 987.4
1570000 988.9
1575000 986.6
1580000 996.0
1585000 992.9
1590000 987.7
1595000 989.3
1600000 989.2
1605000 421.8
1610000 809.9
1615000 978.2
1620000 974.6
1625000 989.2
1630000 987.3
1635000 988.2
1640000 965.8
1645000 987.0
1650000 988.8
1655000 991.4
1660000 993.5
1665000 990.8
1670000 990.1
1675000 992.1
1680000 980.8
1685000 990.7
1690000 989.6
1695000 988.4
1700000 986.6
1705000 986.6
1710000 990.9
1715000 991.9
1720000 990.0
1725000 991.3
1730000 988.1
1735000 980.8
1740000 995.8
1745000 987.3
1750000 987.0
1755000 991.3
1760000 985.2
1765000 988.1
1770000 987.5
1775000 990.7
1780000 992.3
1785000 987.1
1790000 993.0
1795000 992.1
1800000 990.4
1805000 992.0
1810000 984.4
1815000 995.6
1820000 986.8
1825000 992.6
1830000 985.1
1835000 988.1
1840000 985.7
1845000 991.2
1850000 990.4
1855000 992.0
1860000 992.9
1865000 990.5
1870000 990.2
1875000 998.6
1880000 984.1
1885000 991.6
1890000 984.9
1895000 993.6
1900000 989.2
1905000 990.4
1910000 988.7
1915000 988.9
1920000 991.6
1925000 990.5
1930000 990.6
1935000 995.5
1940000 992.2
1945000 984.3
1950000 990.0
1955000 987.9
1960000 990.8
1965000 987.2
1970000 992.4
1975000 991.6
1980000 989.1
1985000 982.3
1990000 992.4
1995000 982.7
2000000 992.7
