5000 136.4
10000 121.4
15000 147.9
20000 539.0
25000 898.0
30000 837.8
35000 892.1
40000 925.8
45000 789.7
50000 846.3
55000 931.1
60000 950.4
65000 935.1
70000 938.0
75000 940.2
80000 944.6
85000 900.5
90000 932.7
95000 922.9
100000 936.1
105000 939.7
110000 936.6
115000 927.5
120000 965.9
125000 940.3
130000 902.3
135000 943.1
140000 917.0
145000 959.9
150000 954.5
155000 962.2
160000 893.4
165000 861.7
170000 846.9
175000 958.1
180000 977.5
185000 960.5
190000 972.5
195000 959.0
200000 972.9
205000 972.8
210000 957.6
215000 967.0
220000 967.4
225000 966.6
230000 975.4
235000 980.7
240000 956.4
245000 966.9
250000 969.9
255000 975.3
260000 965.2
265000 966.2
270000 863.4
275000 962.7
280000 973.1
285000 977.2
290000 983.7
295000 967.6
300000 980.5
305000 922.7
310000 978.7
315000 933.4
320000 971.6
325000 949.1
330000 969.2
335000 973.6
340000 979.1
345000 980.1
350000 976.0
355000 985.0
360000 984.7
365000 988.7
370000 974.6
375000 980.4
380000 986.1
385000 978.0
390000 985.6
395000 991.1
400000 986.5
405000 985.0
410000 976.7
415000 978.6
420000 986.0
425000 985.7
430000 989.8
435000 975.4
440000 981.8
445000 982.7
450000 989.6
455000 986.1
460000 976.5
465000 981.0
470000 987.2
475000 991.4
480000 983.8
485000 984.8
490000 981.3
495000 984.4
500000 986.3
505000 987.3
510000 983.0
515000 985.8
520000 987.6
525000 979.7
530000 979.7
535000 988.6
540000 978.5
545000 982.9
550000 991.4
555000 985.0
560000 973.2
565000 974.9
570000 983.3
575000 988.3
580000 985.1
585000 984.0
590000 975.8
595000 982.9
600000 990.0
605000 982.6
610000 990.8
615000 982.9
620000 988.0
625000 990.5
630000 988.4
635000 978.7
640000 990.8
645000 594.2
650000 977.2
655000 982.3
660000 986.1
665000 988.8
670000 988.2
675000 985.3
680000 994.5
685000 991.5
690000 987.4
695000 987.1
700000 984.9
705000 984.6
710000 986.6
715000 979.2
720000 992.8
725000 988.4
730000 987.8
735000 987.8
740000 977.9
745000 989.5
750000 984.5
755000 987.8
760000 988.6
765000 988.6
770000 992.3
775000 988.0
780000 990.6
785000 986.6
790000 989.2
795000 986.1
800000 987.7
805000 983.3
810000 989.8
815000 987.5
820000 986.2
825000 990.9
830000 991.2
835000 990.5
840000 993.7
845000 987.5
850000 992.7
855000 997.9
860000 988.2
865000 986.9
870000 982.6
875000 994.3
880000 987.4
885000 993.0
890000 994.0
895000 993.8
900000 979.7
905000 988.0
910000 984.0
915000 986.9
920000 989.3
925000 986.6
930000 986.2
935000 992.8
940000 990.6
945000 991.7
950000 994.1
955000 987.2
960000 986.3
965000 659.8
970000 978.5
975000 893.3
980000 988.9
985000 985.8
990000 992.6
995000 985.0
1000000 988.3
1005000 982.2
1010000 986.8
1015000 993.1
1020000 988.0
1025000 990.2
1030000 991.7
1035000 984.3
1040000 987.7
1045000 990.2
1050000 992.0
1055000 986.9
1060000 985.6
1065000 982.7
1070000 986.1
1075000 990.6
1080000 990.2
1085000 987.8
1090000 988.2
1095000 990.8
1100000 995.3
1105000 991.2
1110000 989.9
1115000 991.2
1120000 990.0
1125000 991.7
1130000 992.5
1135000 989.4
1140000 988.9
1145000 988.5
1150000 989.3
1155000 992.3
1160000 986.8
1165000 989.4
1170000 988.4
1175000 985.8
1180000 989.8
1185000 989.1
1190000 988.7
1195000 990.8
1200000 991.7
1205000 942.3
1210000 992.3
1215000 995.2
1220000 996.0
1225000 939.1
1230000 990.4
1235000 981.6
1240000 990.8
1245000 988.8
1250000 990.4
1255000 992.0
1260000 988.2
1265000 985.6
1270000 985.7
1275000 991.6
1280000 990.7
1285000 842.2
1290000 927.6
1295000 985.6
1300000 974.6
1305000 969.9
1310000 987.3
1315000 984.4
1320000 989.3
1325000 986.4
1330000 980.6
1335000 979.1
1340000 984.8
1345000 978.2
1350000 982.0
1355000 987.2
1360000 989.3
1365000 927.5
1370000 988.4
1375000 989.8
1380000 992.7
1385000 991.1
1390000 988.9
1395000 990.0
1400000 992.1
1405000 988.9
1410000 993.4
1415000 990.6
1420000 988.2
1425000 985.6
1430000 992.9
1435000 990.8
1440000 990.2
1445000 985.9
1450000 982.6
1455000 989.1
1460000 990.6
1465000 983.5
1470000 992.6
1475000 991.5
1480000 988.9
1485000 992.5
1490000 993.4
1495000 991.8
1500000 989.5
1505000 992.5
1510000 987.1
1515000 990.4
1520000 988.1
1525000 989.8
1530000 987.9
1535000 992.9
1540000 993.8
1545000 992.7
1550000 990.2
1555000 988.3
1560000 991.0
1565000 984.2
1570000 990.5
1575000 991.1
1580000 983.0
1585000 986.7
1590000 976.8
1595000 985.8
1600000 986.0
1605000 735.3
1610000 882.3
1615000 954.6
1620000 985.2
1625000 984.7
1630000 986.6
1635000 915.1
1640000 986.4
1645000 989.3
1650000 976.8
1655000 986.7
1660000 983.6
1665000 988.8
1670000 989.9
1675000 985.8
1680000 989.0
1685000 981.6
1690000 988.2
1695000 979.8
1700000 986.3
1705000 988.5
1710000 993.3
1715000 992.1
1720000 988.6
1725000 991.9
1730000 988.0
1735000 987.2
1740000 989.5
1745000 992.5
1750000 989.0
1755000 997.3
1760000 988.4
1765000 987.0
1770000 990.9
1775000 992.2
1780000 991.1
1785000 988.9
1790000 988.5
1795000 994.6
1800000 995.3
1805000 982.8
1810000 986.1
1815000 991.2
1820000 993.6
1825000 990.8
1830000 993.6
1835000 993.6
1840000 994.3
1845000 985.7
1850000 930.6
1855000 988.3
1860000 988.1
1865000 995.7
1870000 992.6
1875000 991.9
1880000 990.6
1885000 990.4
1890000 987.3
1895000 990.6
1900000 988.0
1905000 988.9
1910000 990.4
1915000 992.2
1920000 990.7
1925000 994.6
1930000 984.6
1935000 989.7
1940000 992.8
1945000 988.7
1950000 993.7
1955000 994.1
1960000 983.2
1965000 995.7
1970000 988.1
1975000 989.9
1980000 989.3
1985000 989.4
1990000 991.9
1995000 990.3
2000000 989.5
