5000 96.5
10000 126.8
15000 278.4
20000 522.8
25000 712.4
30000 706.7
35000 924.9
40000 920.3
45000 947.0
50000 789.4
55000 918.5
60000 909.2
65000 933.5
70000 936.0
75000 914.8
80000 925.8
85000 916.4
90000 952.4
95000 952.3
100000 925.0
105000 960.0
110000 946.2
115000 965.0
120000 960.6
125000 955.7
130000 941.5
135000 947.3
140000 952.6
145000 959.1
150000 901.4
155000 953.4
160000 970.8
165000 963.9
170000 964.7
175000 970.8
180000 965.4
185000 961.9
190000 953.0
195000 965.3
200000 967.9
205000 972.1
210000 958.9
215000 971.4
220000 966.2
225000 959.3
230000 966.0
235000 974.8
240000 973.1
245000 977.3
250000 976.2
255000 976.8
260000 976.7
265000 976.3
270000 897.5
275000 974.2
280000 966.2
285000 976.1
290000 965.1
295000 974.6
300000 957.4
305000 970.1
310000 981.9
315000 975.8
320000 987.1
325000 907.5
330000 984.2
335000 938.0
340000 982.6
345000 978.2
350000 983.2
355000 984.2
360000 987.0
365000 989.4
370000 980.4
375000 991.9
380000 985.9
385000 983.0
390000 984.7
395000 992.6
400000 986.3
405000 983.2
410000 982.0
415000 991.7
420000 991.6
425000 986.6
430000 987.5
435000 986.7
440000 991.5
445000 978.8
450000 982.4
455000 988.7
460000 991.7
465000 983.5
470000 985.5
475000 984.2
480000 982.9
485000 987.2
490000 982.4
495000 986.4
500000 989.3
505000 989.5
510000 989.5
515000 983.7
520000 992.0
525000 984.5
530000 988.5
535000 987.3
540000 990.2
545000 988.6
550000 985.6
555000 989.3
560000 992.4
565000 990.5
570000 984.5
575000 984.4
580000 987.3
585000 990.9
590000 987.7
595000 988.3
600000 987.3
605000 984.4
610000 990.4
615000 985.3
620000 981.9
625000 990.2
630000 985.3
635000 983.3
640000 984.2
645000 840.4
650000 946.1
655000 991.8
660000 987.5
665000 985.1
670000 986.1
675000 990.1
680000 983.1
685000 984.0
690000 996.1
695000 983.6
700000 984.7
705000 993.3
710000 988.4
715000 990.1
720000 988.2
725000 987.2
730000 987.0
735000 991.1
740000 987.1
745000 988.3
750000 990.3
755000 981.1
760000 982.1
765000 985.8
770000 989.5
775000 987.2
780000 977.8
785000 973.2
790000 981.4
795000 993.1
800000 987.0
805000 989.0
810000 989.3
815000 986.5
820000 987.2
825000 982.5
830000 984.1
835000 988.8
840000 984.7
845000 987.3
850000 992.6
855000 982.5
860000 985.9
865000 991.6
870000 992.3
875000 991.1
880000 991.4
885000 986.8
890000 992.5
895000 988.2
900000 990.8
905000 993.7
910000 982.1
915000 979.0
920000 989.0
925000 995.4
930000 987.4
935000 991.8
940000 991.6
945000 986.3
950000 986.1
955000 985.3
960000 983.0
965000 829.3
970000 907.3
975000 984.9
980000 986.4
985000 990.9
990000 984.1
995000 980.9
1000000 982.5
1005000 991.2
1010000 990.1
1015000 993.8
1020000 988.5
1025000 994.4
1030000 992.5
1035000 985.2
1040000 994.0
1045000 989.6
1050000 986.2
1055000 990.4
1060000 990.3
1065000 990.4
1070000 993.1
1075000 988.9
1080000 995.0
1085000 990.2
1090000 989.0
1095000 993.9
1100000 988.9
1105000 991.5
1110000 990.6
1115000 988.5
1120000 983.2
1125000 992.1
1130000 983.9
1135000 991.9
1140000 991.0
1145000 988.3
1150000 990.8
1155000 990.7
1160000 991.4
1165000 899.0
1170000 985.9
1175000 983.9
1180000 987.8
1185000 988.5
1190000 987.2
1195000 988.1
1200000 989.6
1205000 978.6
1210000 987.1
1215000 989.8
1220000 990.7
1225000 990.1
1230000 995.1
1235000 986.1
1240000 990.0
1245000 983.0
1250000 989.8
1255000 991.6
1260000 990.8
1265000 993.4
1270000 992.0
1275000 989.3
1280000 992.9
1285000 110.1
1290000 807.0
1295000 893.8
1300000 981.0
1305000 987.8
1310000 916.2
1315000 985.3
1320000 988.2
1325000 986.6
1330000 987.3
1335000 989.2
1340000 984.9
1345000 988.3
1350000 987.4
1355000 976.5
1360000 988.2
1365000 988.8
1370000 992.5
1375000 988.5
1380000 995.9
1385000 989.8
1390000 978.9
1395000 982.6
1400000 991.1
1405000 984.1
1410000 990.6
1415000 991.2
1420000 983.0
1425000 984.0
1430000 985.7
1435000 990.4
1440000 991.6
1445000 986.3
1450000 990.0
1455000 984.5
1460000 990.6
1465000 988.3
1470000 994.2
1475000 985.0
1480000 992.7
1485000 987.6
1490000 992.8
1495000 987.4
1500000 990.7
1505000 993.1
1510000 993.3
1515000 988.3
1520000 992.0
1525000 969.6
1530000 989.8
1535000 993.7
1540000 989.6
1545000 989.3
1550000 993.0
1555000 987.2
1560000 987.5
1565000 990.6
1570000 979.1
1575000 983.5
1580000 985.5
1585000 986.8
1590000 991.1
1595000 991.4
1600000 990.6
1605000 483.1
1610000 728.9
1615000 918.9
1620000 985.1
1625000 982.9
1630000 985.3
1635000 981.6
1640000 989.2
1645000 974.3
1650000 985.1
1655000 987.0
1660000 992.7
1665000 987.8
1670000 986.9
1675000 989.4
1680000 989.2
1685000 985.1
1690000 988.1
1695000 991.5
1700000 992.1
1705000 991.2
1710000 987.7
1715000 996.1
1720000 991.6
1725000 992.2
1730000 989.5
1735000 987.8
1740000 989.2
1745000 994.6
1750000 925.5
1755000 984.4
1760000 984.1
1765000 979.0
1770000 987.3
1775000 994.6
1780000 993.8
1785000 987.1
1790000 989.5
1795000 986.4
1800000 989.5
1805000 993.3
1810000 991.5
1815000 989.8
1820000 990.2
1825000 986.8
1830000 991.4
1835000 990.4
1840000 990.4
1845000 990.7
1850000 995.3
1855000 996.0
1860000 987.5
1865000 991.2
1870000 991.2
1875000 989.8
1880000 991.7
1885000 987.5
1890000 991.8
1895000 989.9
1900000 989.3
1905000 989.7
1910000 987.0
1915000 992.2
1920000 987.4
1925000 992.4
1930000 989.7
1935000 994.7
1940000 988.8
1945000 988.7
1950000 983.9
1955000 990.7
1960000 989.6
1965000 990.7
1970000 986.3
1975000 984.1
1980000 985.1
1985000 989.9
1990000 988.9
1995000 991.3
2000000 993.3
