5000 105.1
10000 170.9
15000 264.5
20000 224.8
25000 396.6
30000 536.7
35000 631.1
40000 690.2
45000 806.7
50000 928.6
55000 928.1
60000 886.0
65000 927.0
70000 940.4
75000 939.5
80000 933.8
85000 948.9
90000 942.8
95000 936.0
100000 959.6
105000 931.5
110000 930.1
115000 938.2
120000 919.7
125000 944.1
130000 951.5
135000 934.2
140000 959.8
145000 948.3
150000 957.2
155000 958.1
160000 937.6
165000 957.0
170000 950.9
175000 964.0
180000 952.6
185000 933.7
190000 953.7
195000 964.1
200000 942.2
205000 956.0
210000 940.7
215000 944.7
220000 957.0
225000 954.3
230000 960.8
235000 956.1
240000 976.6
245000 958.2
250000 946.9
255000 964.4
260000 968.6
265000 970.1
270000 972.2
275000 966.5
280000 966.0
285000 978.5
290000 976.4
295000 967.3
300000 978.1
305000 969.9
310000 986.8
315000 969.4
320000 969.2
325000 797.7
330000 971.8
335000 977.8
340000 985.7
345000 941.7
350000 987.7
355000 980.1
360000 982.4
365000 977.7
370000 985.6
375000 990.5
380000 977.3
385000 989.0
390000 990.0
395000 978.9
400000 982.8
405000 983.3
410000 981.5
415000 984.9
420000 978.3
425000 985.0
430000 984.2
435000 976.1
440000 986.0
445000 992.8
450000 978.0
455000 984.9
460000 987.8
465000 987.0
470000 983.0
475000 989.2
480000 978.0
485000 977.9
490000 977.2
495000 981.4
500000 983.7
505000 978.6
510000 986.7
515000 993.9
520000 993.0
525000 980.4
530000 985.4
535000 984.9
540000 986.1
545000 974.6
550000 979.4
555000 982.3
560000 988.4
565000 810.9
570000 976.7
575000 992.4
580000 819.8
585000 990.6
590000 986.2
595000 990.9
600000 987.7
605000 980.9
610000 984.4
615000 983.5
620000 985.4
625000 983.7
630000 983.3
635000 986.2
640000 987.0
645000 800.8
650000 972.4
655000 981.9
660000 988.2
665000 987.9
670000 987.5
675000 981.2
680000 989.7
685000 979.5
690000 983.2
695000 986.4
700000 982.1
705000 991.0
710000 988.8
715000 980.4
720000 993.2
725000 986.8
730000 990.6
735000 985.2
740000 992.2
745000 989.5
750000 988.1
755000 988.3
760000 984.9
765000 990.5
770000 990.5
775000 987.4
780000 987.2
785000 987.8
790000 992.3
795000 990.1
800000 985.7
805000 991.2
810000 985.3
815000 976.8
820000 988.4
825000 988.0
830000 993.2
835000 983.5
840000 993.3
845000 986.1
850000 981.6
855000 985.7
860000 991.3
865000 990.9
870000 983.1
875000 989.7
880000 988.8
885000 992.3
890000 984.2
895000 988.8
900000 995.5
905000 989.4
910000 986.5
915000 991.5
920000 990.2
925000 992.9
930000 989.6
935000 989.8
940000 990.9
945000 991.3
950000 990.5
955000 996.6
960000 984.7
965000 784.4
970000 896.9
975000 990.2
980000 992.7
985000 989.6
990000 989.9
995000 991.7
1000000 986.1
1005000 989.0
1010000 989.9
1015000 982.9
1020000 988.7
1025000 992.0
1030000 987.8
1035000 986.3
1040000 992.0
1045000 987.8
1050000 989.1
1055000 993.2
1060000 992.5
1065000 993.7
1070000 988.3
1075000 987.5
1080000 976.3
1085000 989.6
1090000 989.2
1095000 987.0
1100000 992.7
1105000 992.2
1110000 987.9
1115000 996.0
1120000 991.0
1125000 987.0
1130000 991.6
1135000 988.2
1140000 990.2
1145000 993.2
1150000 987.2
1155000 992.0
1160000 990.1
1165000 991.6
1170000 990.1
1175000 996.8
1180000 989.2
1185000 995.5
1190000 994.9
1195000 988.2
1200000 988.3
1205000 995.2
1210000 987.8
1215000 986.0
1220000 987.9
1225000 991.4
1230000 989.6
1235000 991.9
1240000 992.2
1245000 993.1
1250000 991.7
1255000 984.2
1260000 993.6
1265000 985.8
1270000 986.0
1275000 989.0
1280000 990.6
1285000 353.2
1290000 892.6
1295000 685.7
1300000 979.9
1305000 924.3
1310000 931.0
1315000 984.2
1320000 972.1
1325000 982.6
1330000 991.7
1335000 993.4
1340000 981.6
1345000 990.2
1350000 986.4
1355000 990.7
1360000 968.1
1365000 991.2
1370000 989.2
1375000 985.8
1380000 989.1
1385000 992.0
1390000 988.3
1395000 985.8
1400000 979.0
1405000 992.6
1410000 981.7
1415000 987.8
1420000 993.1
1425000 990.1
1430000 982.2
1435000 986.8
1440000 988.1
1445000 991.3
1450000 981.5
1455000 985.4
1460000 989.1
1465000 982.4
1470000 991.4
1475000 990.4
1480000 990.0
1485000 988.8
1490000 991.4
1495000 990.6
1500000 990.1
1505000 993.4
1510000 987.9
1515000 987.4
1520000 992.8
1525000 991.0
1530000 985.8
1535000 994.0
1540000 992.8
1545000 987.3
1550000 960.3
1555000 994.3
1560000 988.8
1565000 986.8
1570000 987.4
1575000 990.0
1580000 986.9
1585000 986.2
1590000 994.2
1595000 934.2
1600000 934.1
1605000 639.0
1610000 922.6
1615000 973.9
1620000 984.5
1625000 983.7
1630000 983.6
1635000 988.5
1640000 989.2
1645000 981.5
1650000 993.7
1655000 984.6
1660000 990.3
1665000 990.7
1670000 994.1
1675000 981.4
1680000 985.2
1685000 992.2
1690000 981.3
1695000 991.2
1700000 993.2
1705000 986.7
1710000 986.6
1715000 992.6
1720000 988.0
1725000 915.7
1730000 994.7
1735000 988.3
1740000 983.6
1745000 989.6
1750000 989.4
1755000 938.1
1760000 988.6
1765000 980.2
1770000 987.5
1775000 988.4
1780000 988.1
1785000 927.6
1790000 991.5
1795000 989.7
1800000 987.0
1805000 994.0
1810000 988.9
1815000 993.5
1820000 993.3
1825000 986.3
1830000 990.6
1835000 990.7
1840000 989.5
1845000 994.4
1850000 987.5
1855000 982.9
1860000 976.7
1865000 939.8
1870000 990.0
1875000 989.6
1880000 982.9
1885000 989.7
1890000 986.8
1895000 988.3
1900000 986.1
1905000 987.7
1910000 987.4
1915000 988.8
1920000 992.7
1925000 994.0
1930000 992.2
1935000 985.2
1940000 991.2
1945000 992.4
1950000 987.4
1955000 992.2
1960000 993.6
1965000 988.4
1970000 996.6
1975000 992.3
1980000 986.7
1985000 994.4
1990000 989.1
1995000 993.1
2000000 988.9
