5000 4.4
10000 4.9
15000 97.5
20000 292.3
25000 281.9
30000 290.7
35000 0.5
40000 386.4
45000 480.9
50000 0.6
55000 672.2
60000 678.6
65000 685.2
70000 682.0
75000 382.8
80000 757.9
85000 948.5
90000 974.4
95000 777.7
100000 779.6
105000 968.1
110000 774.6
115000 969.3
120000 772.5
125000 967.0
130000 771.4
135000 677.8
140000 676.8
145000 778.9
150000 872.5
155000 961.8
160000 872.3
165000 778.0
170000 876.8
175000 777.6
180000 962.7
185000 680.6
190000 981.4
195000 776.1
200000 878.2
205000 879.4
210000 883.6
215000 970.3
220000 882.6
225000 981.6
230000 781.0
235000 782.1
240000 876.0
245000 875.6
250000 976.3
255000 780.5
260000 974.1
265000 780.5
270000 849.8
275000 876.5
280000 877.3
285000 978.6
290000 878.2
295000 592.0
300000 588.4
305000 883.8
310000 981.5
315000 980.5
320000 882.4
325000 968.1
330000 744.2
335000 973.5
340000 880.0
345000 972.4
350000 975.5
355000 710.1
360000 833.1
365000 967.1
370000 876.9
375000 976.9
380000 985.3
385000 983.7
390000 982.6
395000 771.5
400000 970.7
405000 780.8
410000 886.0
415000 979.2
420000 980.8
425000 974.8
430000 979.0
435000 886.1
440000 977.2
445000 881.7
450000 886.0
455000 984.8
460000 881.3
465000 936.4
470000 984.2
475000 887.3
480000 979.1
485000 883.6
490000 971.1
495000 879.6
500000 980.7
505000 975.3
510000 980.9
515000 780.9
520000 879.0
525000 974.9
530000 978.2
535000 979.9
540000 878.8
545000 973.2
550000 975.2
555000 977.4
560000 981.8
565000 928.9
570000 888.6
575000 877.6
580000 974.1
585000 882.9
590000 879.5
595000 980.7
600000 977.1
605000 984.7
610000 975.3
615000 981.5
620000 977.6
625000 980.2
630000 979.9
635000 980.2
640000 983.6
645000 882.6
650000 980.5
655000 978.8
660000 974.5
665000 976.3
670000 975.2
675000 977.1
680000 980.2
685000 896.4
690000 981.5
695000 980.5
700000 984.7
705000 976.4
710000 979.0
715000 977.5
720000 976.7
725000 971.2
730000 979.4
735000 973.6
740000 981.3
745000 787.5
750000 881.3
755000 876.7
760000 978.2
765000 981.1
770000 879.0
775000 980.5
780000 981.3
785000 979.1
790000 983.2
795000 981.0
800000 979.8
805000 975.2
810000 985.0
815000 976.5
820000 977.2
825000 979.9
830000 978.1
835000 975.1
840000 979.9
845000 982.4
850000 984.0
855000 882.3
860000 979.3
865000 974.7
870000 947.5
875000 981.5
880000 986.6
885000 970.4
890000 979.4
895000 881.5
900000 879.6
905000 983.3
910000 987.2
915000 976.9
920000 977.7
925000 877.4
930000 975.2
935000 976.3
940000 982.3
945000 984.9
950000 983.3
955000 979.9
960000 979.4
965000 973.8
970000 883.0
975000 975.3
980000 983.0
985000 933.6
990000 980.2
995000 983.3
1000000 986.9
1005000 979.9
1010000 984.2
1015000 977.3
1020000 971.9
1025000 978.0
1030000 983.2
1035000 981.2
1040000 981.6
1045000 780.9
1050000 977.7
1055000 972.4
1060000 684.7
1065000 982.0
1070000 980.5
1075000 977.8
1080000 876.9
1085000 978.3
1090000 979.3
1095000 978.4
1100000 881.7
1105000 972.6
1110000 976.8
1115000 979.2
1120000 981.0
1125000 875.4
1130000 880.3
1135000 968.3
1140000 977.6
1145000 978.4
1150000 982.1
1155000 980.2
1160000 978.5
1165000 980.5
1170000 981.5
1175000 979.4
1180000 980.8
1185000 978.7
1190000 975.8
1195000 786.3
1200000 939.0
1205000 806.9
1210000 975.5
1215000 978.6
1220000 958.8
1225000 981.7
1230000 979.3
1235000 977.2
1240000 980.3
1245000 890.0
1250000 981.1
1255000 889.4
1260000 980.8
1265000 979.4
1270000 987.1
1275000 976.8
1280000 983.7
1285000 881.4
1290000 978.2
1295000 978.5
1300000 982.3
1305000 974.3
1310000 983.1
1315000 978.8
1320000 981.7
1325000 880.5
1330000 972.1
1335000 974.2
1340000 887.9
1345000 984.0
1350000 981.6
1355000 978.1
1360000 976.4
1365000 874.3
1370000 690.1
1375000 978.3
1380000 668.0
1385000 964.2
1390000 947.5
1395000 978.1
1400000 979.3
1405000 981.0
1410000 695.3
1415000 988.4
1420000 978.0
1425000 979.3
1430000 979.8
1435000 981.9
1440000 879.2
1445000 687.5
1450000 941.2
1455000 974.9
1460000 982.8
1465000 885.7
1470000 989.2
1475000 970.1
1480000 884.6
1485000 983.0
1490000 979.4
1495000 979.1
1500000 983.1
1505000 981.0
1510000 981.3
1515000 975.5
1520000 882.1
1525000 772.9
1530000 668.5
1535000 969.1
1540000 972.3
1545000 982.0
1550000 883.5
1555000 980.5
1560000 973.0
1565000 878.2
1570000 981.8
1575000 975.9
1580000 975.3
1585000 974.1
1590000 975.0
1595000 986.2
1600000 982.8
1605000 682.7
1610000 972.6
1615000 853.4
1620000 978.9
1625000 973.2
1630000 920.2
1635000 982.9
1640000 979.0
1645000 968.7
1650000 982.3
1655000 977.8
1660000 959.3
1665000 983.1
1670000 975.6
1675000 984.6
1680000 982.2
1685000 878.4
1690000 965.5
1695000 979.5
1700000 974.8
1705000 977.3
1710000 973.2
1715000 887.6
1720000 983.9
1725000 981.4
1730000 984.7
1735000 980.9
1740000 976.0
1745000 979.4
1750000 879.2
1755000 980.5
1760000 982.1
1765000 861.3
1770000 981.1
1775000 984.7
1780000 973.9
1785000 889.5
1790000 978.7
1795000 885.0
1800000 982.2
1805000 880.2
1810000 981.7
1815000 980.2
1820000 978.7
1825000 978.9
1830000 981.0
1835000 981.5
1840000 881.6
1845000 886.2
1850000 982.7
1855000 841.9
1860000 974.1
1865000 976.5
1870000 978.6
1875000 985.5
1880000 979.8
1885000 976.7
1890000 982.2
1895000 885.9
1900000 980.7
1905000 979.0
1910000 985.9
1915000 975.8
1920000 972.6
1925000 883.4
1930000 876.0
1935000 979.9
1940000 983.1
1945000 980.3
1950000 883.5
1955000 978.5
1960000 976.2
1965000 983.6
1970000 979.4
1975000 933.8
1980000 981.9
1985000 981.0
1990000 979.8
1995000 976.7
2000000 981.6
