5000 0.0
10000 1.9
15000 97.6
20000 650.3
25000 667.1
30000 770.9
35000 659.9
40000 672.4
45000 914.8
50000 671.7
55000 780.1
60000 963.8
65000 873.5
70000 971.4
75000 960.5
80000 958.1
85000 843.2
90000 860.2
95000 746.0
100000 866.1
105000 978.1
110000 979.5
115000 774.9
120000 965.4
125000 683.3
130000 809.7
135000 962.0
140000 968.4
145000 780.5
150000 834.4
155000 981.5
160000 877.1
165000 667.7
170000 676.7
175000 973.5
180000 972.1
185000 860.7
190000 968.6
195000 864.6
200000 962.1
205000 964.0
210000 974.8
215000 966.4
220000 868.3
225000 971.0
230000 977.6
235000 960.8
240000 973.2
245000 925.7
250000 804.5
255000 773.7
260000 963.8
265000 586.6
270000 976.4
275000 876.3
280000 874.5
285000 972.9
290000 975.3
295000 973.3
300000 775.4
305000 965.0
310000 976.6
315000 875.6
320000 970.2
325000 841.4
330000 913.0
335000 969.3
340000 866.9
345000 879.1
350000 978.4
355000 871.9
360000 974.3
365000 977.7
370000 960.8
375000 970.4
380000 944.3
385000 974.2
390000 977.9
395000 972.6
400000 975.8
405000 974.3
410000 969.5
415000 971.4
420000 969.4
425000 972.3
430000 968.1
435000 971.7
440000 963.8
445000 975.8
450000 868.2
455000 971.0
460000 931.2
465000 976.8
470000 875.5
475000 970.1
480000 785.8
485000 971.9
490000 965.0
495000 974.3
500000 973.1
505000 956.9
510000 876.0
515000 972.8
520000 970.8
525000 981.2
530000 877.6
535000 973.7
540000 976.5
545000 976.4
550000 783.8
555000 972.9
560000 972.6
565000 878.6
570000 970.7
575000 974.1
580000 969.6
585000 974.2
590000 976.1
595000 975.6
600000 976.0
605000 971.9
610000 736.6
615000 977.8
620000 981.7
625000 971.2
630000 968.3
635000 976.2
640000 878.9
645000 937.4
650000 783.7
655000 977.9
660000 966.8
665000 971.7
670000 964.5
675000 975.8
680000 880.4
685000 784.8
690000 975.3
695000 954.7
700000 947.9
705000 975.8
710000 972.0
715000 778.9
720000 976.1
725000 897.4
730000 870.6
735000 972.5
740000 876.3
745000 978.6
750000 928.4
755000 970.5
760000 969.7
765000 879.4
770000 974.6
775000 975.4
780000 964.6
785000 972.9
790000 972.6
795000 980.2
800000 980.0
805000 972.1
810000 973.5
815000 976.0
820000 881.1
825000 971.7
830000 981.4
835000 971.3
840000 973.2
845000 954.5
850000 980.7
855000 978.9
860000 970.5
865000 977.9
870000 967.5
875000 975.6
880000 967.5
885000 684.3
890000 975.9
895000 976.6
900000 879.5
905000 976.9
910000 978.9
915000 971.2
920000 976.2
925000 977.7
930000 977.0
935000 973.6
940000 964.5
945000 973.8
950000 964.7
955000 977.7
960000 878.2
965000 924.9
970000 969.9
975000 966.6
980000 972.8
985000 977.2
990000 971.3
995000 985.4
1000000 970.2
1005000 873.4
1010000 977.3
1015000 970.8
1020000 972.1
1025000 967.7
1030000 969.1
1035000 878.3
1040000 972.3
1045000 902.3
1050000 973.5
1055000 878.1
1060000 974.8
1065000 880.2
1070000 970.9
1075000 973.6
1080000 978.4
1085000 877.5
1090000 972.3
1095000 973.7
1100000 968.9
1105000 970.7
1110000 975.1
1115000 978.2
1120000 983.1
1125000 871.9
1130000 875.8
1135000 587.8
1140000 102.6
1145000 781.4
1150000 681.7
1155000 745.3
1160000 971.0
1165000 975.0
1170000 922.2
1175000 981.1
1180000 925.3
1185000 977.5
1190000 970.8
1195000 980.2
1200000 980.7
1205000 971.7
1210000 977.4
1215000 963.3
1220000 968.6
1225000 880.2
1230000 974.0
1235000 975.3
1240000 971.7
1245000 974.3
1250000 977.1
1255000 971.2
1260000 972.2
1265000 969.8
1270000 967.6
1275000 972.0
1280000 971.5
1285000 974.2
1290000 967.8
1295000 911.8
1300000 929.8
1305000 976.1
1310000 975.1
1315000 967.8
1320000 966.2
1325000 977.4
1330000 964.2
1335000 971.5
1340000 978.6
1345000 970.0
1350000 974.6
1355000 969.5
1360000 977.9
1365000 770.3
1370000 859.4
1375000 912.8
1380000 975.2
1385000 975.5
1390000 963.9
1395000 969.7
1400000 881.4
1405000 872.8
1410000 871.3
1415000 980.1
1420000 970.8
1425000 976.3
1430000 970.3
1435000 975.0
1440000 973.7
1445000 774.1
1450000 972.2
1455000 971.4
1460000 972.0
1465000 973.8
1470000 975.2
1475000 976.1
1480000 974.7
1485000 975.0
1490000 969.5
1495000 969.5
1500000 973.8
1505000 974.3
1510000 876.2
1515000 971.8
1520000 977.5
1525000 972.8
1530000 972.1
1535000 978.5
1540000 978.7
1545000 970.6
1550000 969.1
1555000 970.3
1560000 969.9
1565000 872.1
1570000 976.9
1575000 976.4
1580000 970.5
1585000 972.8
1590000 980.6
1595000 967.7
1600000 973.6
1605000 912.2
1610000 978.1
1615000 976.8
1620000 980.1
1625000 966.7
1630000 971.2
1635000 975.8
1640000 967.8
1645000 977.0
1650000 975.3
1655000 977.9
1660000 971.6
1665000 963.5
1670000 976.7
1675000 967.8
1680000 972.5
1685000 770.0
1690000 965.7
1695000 970.0
1700000 973.4
1705000 968.6
1710000 970.5
1715000 974.9
1720000 973.2
1725000 971.6
1730000 970.1
1735000 977.2
1740000 972.7
1745000 973.2
1750000 971.0
1755000 979.6
1760000 972.6
1765000 969.6
1770000 980.8
1775000 980.1
1780000 977.8
1785000 971.2
1790000 970.5
1795000 972.1
1800000 964.4
1805000 973.5
1810000 971.6
1815000 972.6
1820000 968.5
1825000 978.1
1830000 968.1
1835000 973.9
1840000 972.7
1845000 840.7
1850000 923.9
1855000 975.8
1860000 975.3
1865000 967.7
1870000 974.4
1875000 974.4
1880000 973.8
1885000 973.5
1890000 978.2
1895000 969.3
1900000 971.3
1905000 973.4
1910000 972.7
1915000 972.8
1920000 967.4
1925000 965.3
1930000 868.9
1935000 976.0
1940000 879.0
1945000 974.5
1950000 682.1
1955000 972.5
1960000 969.8
1965000 976.1
1970000 973.9
1975000 972.2
1980000 965.9
1985000 977.4
1990000 974.6
1995000 976.5
2000000 976.5
