5000 0.5
10000 0.8
15000 1.2
20000 383.5
25000 285.1
30000 873.3
35000 861.6
40000 670.9
45000 760.9
50000 869.2
55000 672.5
60000 869.1
65000 966.2
70000 958.2
75000 871.3
80000 970.8
85000 592.2
90000 907.9
95000 962.4
100000 969.2
105000 956.5
110000 977.7
115000 969.8
120000 962.8
125000 977.6
130000 878.6
135000 736.1
140000 875.6
145000 969.2
150000 883.2
155000 973.8
160000 975.8
165000 828.8
170000 974.0
175000 964.1
180000 970.7
185000 970.6
190000 970.7
195000 969.9
200000 881.8
205000 976.4
210000 970.9
215000 968.9
220000 966.8
225000 968.4
230000 970.9
235000 976.6
240000 967.5
245000 797.3
250000 970.1
255000 845.9
260000 971.1
265000 972.1
270000 966.9
275000 971.0
280000 900.2
285000 870.8
290000 973.1
295000 974.9
300000 977.5
305000 877.0
310000 976.1
315000 973.8
320000 972.3
325000 969.3
330000 973.6
335000 976.3
340000 973.0
345000 965.6
350000 970.0
355000 968.6
360000 967.7
365000 966.3
370000 874.5
375000 970.4
380000 970.3
385000 966.1
390000 975.6
395000 968.1
400000 887.4
405000 842.6
410000 974.6
415000 968.3
420000 973.8
425000 982.8
430000 974.4
435000 880.0
440000 972.8
445000 967.9
450000 977.0
455000 978.8
460000 978.0
465000 970.2
470000 978.2
475000 959.9
480000 968.4
485000 897.3
490000 969.1
495000 970.8
500000 967.5
505000 976.5
510000 978.3
515000 968.3
520000 978.5
525000 971.3
530000 972.8
535000 883.9
540000 975.2
545000 972.8
550000 971.3
555000 977.7
560000 969.6
565000 880.5
570000 914.9
575000 966.8
580000 974.3
585000 973.0
590000 976.6
595000 977.2
600000 968.7
605000 969.1
610000 974.3
615000 976.9
620000 972.7
625000 911.1
630000 978.5
635000 977.5
640000 967.1
645000 874.5
650000 968.0
655000 973.7
660000 956.0
665000 877.0
670000 978.8
675000 969.1
680000 968.7
685000 973.4
690000 981.3
695000 981.0
700000 976.6
705000 971.5
710000 973.0
715000 969.7
720000 981.1
725000 962.6
730000 889.0
735000 975.7
740000 876.9
745000 966.8
750000 969.9
755000 973.6
760000 973.6
765000 970.8
770000 965.8
775000 975.8
780000 974.5
785000 974.3
790000 906.5
795000 977.3
800000 970.2
805000 964.7
810000 976.7
815000 965.8
820000 973.3
825000 969.3
830000 972.6
835000 970.3
840000 970.1
845000 979.2
850000 974.9
855000 973.9
860000 975.8
865000 972.8
870000 979.6
875000 969.7
880000 976.4
885000 974.7
890000 967.0
895000 976.4
900000 972.0
905000 974.4
910000 978.0
915000 969.3
920000 979.1
925000 970.3
930000 971.9
935000 968.1
940000 779.6
945000 978.5
950000 974.5
955000 978.1
960000 966.5
965000 918.2
970000 879.4
975000 978.2
980000 968.0
985000 878.7
990000 972.3
995000 973.8
1000000 969.6
1005000 973.7
1010000 978.8
1015000 969.1
1020000 976.6
1025000 973.8
1030000 976.7
1035000 974.0
1040000 969.2
1045000 868.8
1050000 967.1
1055000 943.3
1060000 969.6
1065000 971.6
1070000 978.7
1075000 976.9
1080000 970.9
1085000 977.2
1090000 974.9
1095000 974.1
1100000 969.5
1105000 978.3
1110000 983.0
1115000 971.4
1120000 975.5
1125000 578.8
1130000 873.9
1135000 973.9
1140000 976.5
1145000 965.8
1150000 971.2
1155000 972.9
1160000 969.7
1165000 966.1
1170000 968.9
1175000 974.4
1180000 980.6
1185000 977.3
1190000 973.4
1195000 976.1
1200000 975.5
1205000 946.6
1210000 933.6
1215000 876.9
1220000 975.8
1225000 980.8
1230000 974.9
1235000 970.3
1240000 974.4
1245000 973.0
1250000 974.1
1255000 975.8
1260000 965.8
1265000 971.2
1270000 971.8
1275000 973.3
1280000 972.6
1285000 922.3
1290000 872.6
1295000 880.1
1300000 971.2
1305000 975.6
1310000 966.2
1315000 973.3
1320000 974.0
1325000 968.4
1330000 882.6
1335000 881.0
1340000 972.0
1345000 975.2
1350000 975.1
1355000 884.3
1360000 979.9
1365000 975.5
1370000 872.9
1375000 980.2
1380000 979.0
1385000 971.2
1390000 972.7
1395000 969.8
1400000 972.5
1405000 982.0
1410000 972.0
1415000 977.2
1420000 969.8
1425000 972.1
1430000 969.2
1435000 975.1
1440000 976.8
1445000 971.3
1450000 873.2
1455000 978.0
1460000 962.2
1465000 968.1
1470000 969.4
1475000 979.1
1480000 971.7
1485000 968.1
1490000 876.2
1495000 881.7
1500000 976.4
1505000 970.4
1510000 977.5
1515000 970.9
1520000 970.7
1525000 697.9
1530000 894.1
1535000 968.6
1540000 970.0
1545000 973.4
1550000 979.0
1555000 975.2
1560000 974.2
1565000 969.3
1570000 975.5
1575000 974.5
1580000 978.7
1585000 965.0
1590000 876.2
1595000 978.5
1600000 978.0
1605000 958.9
1610000 973.2
1615000 976.6
1620000 971.9
1625000 884.0
1630000 974.2
1635000 977.0
1640000 969.7
1645000 977.5
1650000 977.1
1655000 967.4
1660000 882.9
1665000 973.2
1670000 977.1
1675000 971.9
1680000 971.2
1685000 744.5
1690000 975.6
1695000 974.6
1700000 971.0
1705000 973.8
1710000 969.0
1715000 970.9
1720000 970.7
1725000 973.2
1730000 982.9
1735000 978.8
1740000 908.6
1745000 970.4
1750000 978.2
1755000 971.0
1760000 968.5
1765000 970.5
1770000 979.2
1775000 686.4
1780000 972.8
1785000 977.6
1790000 970.1
1795000 969.3
1800000 970.1
1805000 972.6
1810000 970.0
1815000 981.1
1820000 987.3
1825000 934.5
1830000 873.5
1835000 970.4
1840000 977.9
1845000 875.0
1850000 964.9
1855000 972.1
1860000 969.1
1865000 975.2
1870000 978.1
1875000 973.6
1880000 969.4
1885000 975.6
1890000 874.8
1895000 975.3
1900000 970.7
1905000 972.9
1910000 968.5
1915000 975.5
1920000 975.9
1925000 727.4
1930000 897.3
1935000 784.9
1940000 862.4
1945000 976.1
1950000 978.7
1955000 973.0
1960000 980.4
1965000 970.9
1970000 973.2
1975000 973.3
1980000 971.0
1985000 582.0
1990000 872.0
1995000 879.0
2000000 973.8
