5000 5.1
10000 6.6
15000 195.5
20000 95.6
25000 0.2
30000 378.9
35000 491.0
40000 286.8
45000 668.0
50000 567.5
55000 478.0
60000 476.6
65000 479.6
70000 776.8
75000 963.5
80000 872.0
85000 765.2
90000 772.7
95000 869.2
100000 675.9
105000 976.8
110000 972.3
115000 975.1
120000 770.0
125000 966.9
130000 969.4
135000 897.0
140000 789.6
145000 979.3
150000 773.6
155000 876.5
160000 886.8
165000 877.0
170000 977.9
175000 778.7
180000 872.6
185000 683.2
190000 874.6
195000 786.4
200000 783.5
205000 980.4
210000 785.4
215000 780.8
220000 978.1
225000 878.8
230000 978.7
235000 785.4
240000 979.0
245000 884.2
250000 969.5
255000 963.4
260000 785.0
265000 979.0
270000 976.9
275000 792.5
280000 973.6
285000 781.3
290000 973.9
295000 881.0
300000 821.4
305000 878.2
310000 980.5
315000 877.7
320000 882.3
325000 878.9
330000 877.4
335000 974.1
340000 955.8
345000 976.5
350000 781.1
355000 979.4
360000 981.2
365000 980.0
370000 981.4
375000 981.0
380000 981.9
385000 983.5
390000 887.1
395000 985.0
400000 878.1
405000 975.1
410000 978.3
415000 967.2
420000 881.6
425000 883.1
430000 924.1
435000 959.1
440000 982.0
445000 977.4
450000 971.3
455000 974.8
460000 983.5
465000 983.5
470000 926.1
475000 974.5
480000 976.9
485000 971.9
490000 980.3
495000 982.9
500000 982.3
505000 975.1
510000 881.4
515000 883.3
520000 979.9
525000 982.6
530000 883.2
535000 976.9
540000 972.2
545000 982.1
550000 975.9
555000 977.9
560000 885.3
565000 980.5
570000 980.3
575000 979.6
580000 980.8
585000 986.6
590000 980.4
595000 975.4
600000 882.2
605000 883.1
610000 778.6
615000 981.3
620000 780.9
625000 982.5
630000 977.8
635000 983.0
640000 877.8
645000 966.3
650000 978.4
655000 980.3
660000 979.5
665000 977.4
670000 981.9
675000 981.2
680000 983.8
685000 974.3
690000 980.4
695000 981.9
700000 976.4
705000 984.2
710000 885.7
715000 981.9
720000 983.4
725000 878.8
730000 979.1
735000 977.4
740000 977.8
745000 878.7
750000 972.4
755000 975.4
760000 883.9
765000 979.0
770000 977.1
775000 989.1
780000 984.4
785000 983.6
790000 881.5
795000 886.5
800000 979.8
805000 834.6
810000 977.7
815000 970.1
820000 980.8
825000 979.0
830000 968.9
835000 787.6
840000 983.8
845000 981.2
850000 974.3
855000 980.3
860000 884.1
865000 975.7
870000 974.9
875000 985.3
880000 983.8
885000 964.7
890000 953.9
895000 982.7
900000 982.9
905000 978.7
910000 982.7
915000 983.1
920000 980.9
925000 983.9
930000 978.0
935000 979.4
940000 983.6
945000 974.5
950000 983.1
955000 975.8
960000 975.6
965000 844.4
970000 980.1
975000 977.9
980000 983.9
985000 942.2
990000 977.7
995000 978.2
1000000 980.7
1005000 982.1
1010000 982.9
1015000 980.0
1020000 986.9
1025000 988.2
1030000 978.9
1035000 979.8
1040000 982.2
1045000 813.7
1050000 871.9
1055000 978.7
1060000 880.5
1065000 973.2
1070000 874.0
1075000 985.3
1080000 979.1
1085000 885.3
1090000 878.4
1095000 978.2
1100000 983.5
1105000 883.8
1110000 788.0
1115000 970.4
1120000 883.2
1125000 749.3
1130000 970.0
1135000 973.8
1140000 978.5
1145000 956.8
1150000 984.4
1155000 975.1
1160000 974.5
1165000 985.0
1170000 940.9
1175000 979.5
1180000 981.1
1185000 953.9
1190000 884.4
1195000 977.1
1200000 977.9
1205000 677.1
1210000 971.1
1215000 933.7
1220000 982.1
1225000 984.0
1230000 831.9
1235000 980.0
1240000 966.5
1245000 975.8
1250000 872.7
1255000 984.3
1260000 981.3
1265000 883.8
1270000 976.0
1275000 983.9
1280000 979.7
1285000 875.1
1290000 882.2
1295000 976.7
1300000 981.7
1305000 979.6
1310000 953.6
1315000 980.9
1320000 975.1
1325000 980.9
1330000 888.2
1335000 981.8
1340000 984.6
1345000 887.8
1350000 977.0
1355000 986.7
1360000 984.1
1365000 678.2
1370000 977.9
1375000 980.5
1380000 977.7
1385000 971.7
1390000 980.8
1395000 881.2
1400000 982.0
1405000 978.6
1410000 975.5
1415000 977.2
1420000 966.6
1425000 977.3
1430000 983.6
1435000 980.1
1440000 980.0
1445000 856.6
1450000 979.2
1455000 982.1
1460000 981.9
1465000 981.8
1470000 978.5
1475000 938.4
1480000 976.1
1485000 978.4
1490000 985.5
1495000 880.7
1500000 983.5
1505000 976.0
1510000 981.0
1515000 982.6
1520000 978.2
1525000 874.8
1530000 965.6
1535000 982.2
1540000 975.6
1545000 971.5
1550000 888.7
1555000 979.6
1560000 979.4
1565000 980.4
1570000 984.5
1575000 978.7
1580000 982.6
1585000 980.6
1590000 979.3
1595000 975.5
1600000 971.5
1605000 980.3
1610000 978.5
1615000 981.2
1620000 978.3
1625000 987.2
1630000 883.6
1635000 981.3
1640000 982.7
1645000 977.9
1650000 916.6
1655000 881.4
1660000 985.5
1665000 981.2
1670000 984.6
1675000 985.0
1680000 979.2
1685000 884.6
1690000 962.8
1695000 980.8
1700000 974.1
1705000 883.0
1710000 977.2
1715000 981.6
1720000 982.7
1725000 984.7
1730000 884.7
1735000 979.3
1740000 976.4
1745000 982.0
1750000 978.1
1755000 977.0
1760000 881.9
1765000 882.8
1770000 882.1
1775000 886.8
1780000 884.2
1785000 975.7
1790000 981.7
1795000 980.9
1800000 924.1
1805000 886.1
1810000 982.0
1815000 981.5
1820000 981.3
1825000 985.6
1830000 944.8
1835000 985.3
1840000 879.9
1845000 965.7
1850000 983.2
1855000 978.7
1860000 880.7
1865000 982.9
1870000 880.9
1875000 977.1
1880000 975.8
1885000 980.1
1890000 977.7
1895000 882.4
1900000 980.3
1905000 981.1
1910000 973.5
1915000 979.3
1920000 974.8
1925000 966.1
1930000 968.4
1935000 978.0
1940000 984.9
1945000 981.0
1950000 984.8
1955000 982.7
1960000 884.2
1965000 983.2
1970000 978.5
1975000 984.6
1980000 911.6
1985000 886.0
1990000 886.5
1995000 986.2
2000000 979.6
