5000 2.5
10000 66.1
15000 0.4
20000 373.0
25000 497.8
30000 827.6
35000 822.9
40000 644.6
45000 735.2
50000 833.1
55000 917.6
60000 663.3
65000 743.8
70000 748.0
75000 858.6
80000 912.2
85000 624.0
90000 827.3
95000 937.6
100000 830.2
105000 939.4
110000 945.7
115000 945.6
120000 944.0
125000 887.6
130000 927.3
135000 941.5
140000 946.5
145000 767.8
150000 854.2
155000 865.8
160000 861.1
165000 674.0
170000 960.6
175000 863.5
180000 954.6
185000 665.0
190000 964.8
195000 769.7
200000 864.6
205000 962.2
210000 862.4
215000 866.1
220000 971.8
225000 961.9
230000 964.1
235000 855.8
240000 949.5
245000 938.0
250000 963.6
255000 955.9
260000 968.6
265000 962.6
270000 873.0
275000 965.0
280000 873.3
285000 972.2
290000 965.4
295000 676.4
300000 973.9
305000 974.5
310000 978.6
315000 969.9
320000 975.8
325000 683.1
330000 872.6
335000 781.5
340000 967.9
345000 978.6
350000 970.7
355000 970.9
360000 972.5
365000 973.8
370000 972.5
375000 975.9
380000 970.0
385000 962.9
390000 973.4
395000 966.9
400000 974.1
405000 970.1
410000 759.8
415000 872.9
420000 969.2
425000 775.4
430000 973.4
435000 969.2
440000 979.6
445000 966.8
450000 975.8
455000 976.1
460000 977.1
465000 872.6
470000 970.8
475000 973.1
480000 968.0
485000 782.0
490000 869.0
495000 880.3
500000 969.2
505000 976.2
510000 980.3
515000 973.3
520000 973.0
525000 971.4
530000 976.7
535000 972.6
540000 972.6
545000 967.8
550000 968.5
555000 965.3
560000 968.8
565000 897.1
570000 843.4
575000 906.8
580000 973.4
585000 971.0
590000 967.2
595000 974.9
600000 972.8
605000 969.8
610000 970.5
615000 972.5
620000 978.4
625000 981.5
630000 974.5
635000 978.2
640000 965.9
645000 966.9
650000 969.9
655000 973.2
660000 969.9
665000 970.9
670000 975.2
675000 971.5
680000 975.7
685000 976.2
690000 970.9
695000 974.5
700000 975.5
705000 976.8
710000 975.6
715000 973.4
720000 971.2
725000 871.3
730000 809.9
735000 973.8
740000 974.0
745000 832.8
750000 978.8
755000 976.7
760000 974.4
765000 973.6
770000 968.3
775000 970.7
780000 975.4
785000 973.8
790000 977.8
795000 968.3
800000 972.8
805000 814.1
810000 971.8
815000 967.0
820000 970.0
825000 982.1
830000 969.0
835000 976.9
840000 971.6
845000 972.8
850000 973.2
855000 974.1
860000 872.5
865000 968.2
870000 975.7
875000 975.5
880000 973.8
885000 878.8
890000 962.8
895000 855.5
900000 871.1
905000 869.3
910000 970.4
915000 971.3
920000 972.9
925000 975.6
930000 976.0
935000 969.0
940000 971.3
945000 970.6
950000 976.8
955000 974.2
960000 977.7
965000 744.6
970000 965.5
975000 973.1
980000 975.1
985000 970.7
990000 974.9
995000 975.8
1000000 977.6
1005000 972.6
1010000 970.6
1015000 975.3
1020000 980.3
1025000 977.6
1030000 979.4
1035000 981.5
1040000 980.5
1045000 894.2
1050000 972.0
1055000 975.3
1060000 978.0
1065000 974.5
1070000 972.6
1075000 968.5
1080000 974.9
1085000 966.8
1090000 976.1
1095000 982.5
1100000 892.8
1105000 979.8
1110000 971.0
1115000 974.5
1120000 981.9
1125000 967.7
1130000 862.0
1135000 974.1
1140000 974.7
1145000 974.4
1150000 965.9
1155000 972.8
1160000 973.5
1165000 874.9
1170000 981.2
1175000 970.7
1180000 916.9
1185000 977.0
1190000 981.0
1195000 967.7
1200000 971.7
1205000 527.7
1210000 976.2
1215000 976.9
1220000 968.2
1225000 976.2
1230000 974.9
1235000 970.7
1240000 975.6
1245000 878.7
1250000 974.2
1255000 974.7
1260000 973.3
1265000 980.5
1270000 976.7
1275000 974.6
1280000 971.2
1285000 683.1
1290000 969.7
1295000 969.8
1300000 974.3
1305000 970.0
1310000 974.5
1315000 877.7
1320000 972.5
1325000 977.4
1330000 977.1
1335000 975.2
1340000 929.0
1345000 873.5
1350000 969.8
1355000 979.1
1360000 972.8
1365000 871.3
1370000 957.7
1375000 976.4
1380000 978.5
1385000 978.3
1390000 971.2
1395000 975.0
1400000 972.7
1405000 972.2
1410000 972.2
1415000 878.7
1420000 971.0
1425000 976.6
1430000 969.3
1435000 779.8
1440000 972.1
1445000 706.9
1450000 971.1
1455000 924.8
1460000 972.2
1465000 978.2
1470000 876.9
1475000 879.5
1480000 778.7
1485000 880.6
1490000 980.0
1495000 975.4
1500000 978.8
1505000 971.8
1510000 972.9
1515000 975.1
1520000 970.8
1525000 972.1
1530000 960.9
1535000 966.9
1540000 973.1
1545000 979.0
1550000 974.7
1555000 974.5
1560000 977.2
1565000 975.4
1570000 978.7
1575000 974.3
1580000 975.2
1585000 971.8
1590000 975.0
1595000 980.8
1600000 973.3
1605000 732.0
1610000 871.5
1615000 974.6
1620000 974.8
1625000 970.2
1630000 979.1
1635000 972.5
1640000 981.8
1645000 974.4
1650000 972.0
1655000 972.3
1660000 975.4
1665000 976.6
1670000 977.2
1675000 971.4
1680000 968.4
1685000 939.5
1690000 901.0
1695000 979.5
1700000 978.2
1705000 970.7
1710000 975.4
1715000 972.3
1720000 973.5
1725000 973.8
1730000 892.2
1735000 979.7
1740000 973.1
1745000 972.0
1750000 978.2
1755000 976.2
1760000 975.0
1765000 838.8
1770000 913.4
1775000 966.4
1780000 973.2
1785000 969.3
1790000 975.7
1795000 976.4
1800000 971.8
1805000 975.1
1810000 974.0
1815000 970.5
1820000 980.3
1825000 983.6
1830000 975.4
1835000 967.0
1840000 881.6
1845000 815.4
1850000 972.3
1855000 968.6
1860000 976.8
1865000 968.9
1870000 972.6
1875000 970.2
1880000 977.8
1885000 980.3
1890000 970.6
1895000 975.3
1900000 952.7
1905000 973.6
1910000 977.1
1915000 972.0
1920000 975.2
1925000 329.5
1930000 971.0
1935000 880.0
1940000 980.5
1945000 976.2
1950000 979.6
1955000 969.0
1960000 968.3
1965000 977.9
1970000 879.7
1975000 972.9
1980000 976.0
1985000 969.7
1990000 974.0
1995000 978.3
2000000 980.0
