5000 28.6
10000 26.1
15000 30.9
20000 394.7
25000 469.7
30000 513.9
35000 557.5
40000 638.6
45000 659.6
50000 709.9
55000 717.7
60000 731.7
65000 707.6
70000 677.5
75000 740.7
80000 758.4
85000 748.4
90000 769.2
95000 754.5
100000 780.2
105000 790.2
110000 783.3
115000 783.4
120000 698.1
125000 766.3
130000 814.0
135000 746.2
140000 892.4
145000 905.4
150000 826.1
155000 911.3
160000 913.8
165000 922.7
170000 924.7
175000 932.2
180000 935.4
185000 940.4
190000 930.5
195000 948.3
200000 954.0
205000 953.9
210000 944.6
215000 944.1
220000 943.6
225000 948.2
230000 939.3
235000 954.2
240000 950.3
245000 943.8
250000 954.3
255000 957.9
260000 958.9
265000 949.4
270000 945.9
275000 952.3
280000 959.0
285000 945.5
290000 859.7
295000 950.9
300000 943.0
305000 956.0
310000 957.2
315000 967.5
320000 941.4
325000 563.3
330000 743.3
335000 930.7
340000 879.2
345000 957.5
350000 959.6
355000 958.4
360000 962.6
365000 961.5
370000 951.6
375000 950.8
380000 949.7
385000 958.0
390000 960.6
395000 960.5
400000 959.3
405000 971.0
410000 961.5
415000 953.9
420000 965.3
425000 963.1
430000 966.6
435000 967.0
440000 962.7
445000 962.5
450000 957.9
455000 971.5
460000 957.6
465000 957.0
470000 954.8
475000 964.2
480000 960.4
485000 965.8
490000 960.7
495000 962.3
500000 958.7
505000 959.7
510000 966.4
515000 964.6
520000 968.6
525000 963.6
530000 964.2
535000 956.4
540000 963.0
545000 967.0
550000 964.1
555000 955.3
560000 959.6
565000 974.9
570000 956.1
575000 966.7
580000 971.6
585000 965.1
590000 964.6
595000 969.1
600000 961.5
605000 964.2
610000 965.2
615000 971.7
620000 966.0
625000 956.5
630000 965.2
635000 961.3
640000 969.6
645000 743.8
650000 940.3
655000 959.6
660000 963.0
665000 968.6
670000 955.1
675000 965.3
680000 964.1
685000 969.9
690000 966.2
695000 967.2
700000 963.2
705000 965.5
710000 963.9
715000 961.5
720000 966.1
725000 964.8
730000 963.6
735000 965.9
740000 968.9
745000 964.4
750000 964.4
755000 973.5
760000 967.9
765000 966.1
770000 967.5
775000 967.3
780000 966.9
785000 970.3
790000 971.3
795000 969.8
800000 966.0
805000 965.0
810000 968.6
815000 973.1
820000 968.5
825000 974.3
830000 971.9
835000 971.3
840000 964.9
845000 969.0
850000 968.5
855000 969.7
860000 962.1
865000 968.5
870000 966.7
875000 967.6
880000 966.3
885000 967.8
890000 959.7
895000 968.1
900000 967.2
905000 963.8
910000 964.4
915000 967.1
920000 964.9
925000 971.0
930000 957.9
935000 971.0
940000 969.7
945000 963.0
950000 966.8
955000 969.6
960000 969.4
965000 557.4
970000 944.3
975000 966.4
980000 931.4
985000 965.2
990000 964.4
995000 966.1
1000000 970.9
1005000 963.2
1010000 960.5
1015000 969.5
1020000 961.7
1025000 968.8
1030000 965.5
1035000 965.9
1040000 967.4
1045000 969.2
1050000 975.0
1055000 973.0
1060000 973.2
1065000 973.5
1070000 976.0
1075000 970.2
1080000 968.3
1085000 973.9
1090000 964.3
1095000 972.1
1100000 974.7
1105000 977.0
1110000 969.3
1115000 971.0
1120000 980.8
1125000 967.6
1130000 971.2
1135000 972.6
1140000 961.7
1145000 979.0
1150000 977.6
1155000 975.7
1160000 971.2
1165000 971.7
1170000 980.0
1175000 977.8
1180000 977.7
1185000 979.2
1190000 977.2
1195000 975.0
1200000 976.8
1205000 981.1
1210000 971.0
1215000 973.6
1220000 978.4
1225000 980.8
1230000 976.2
1235000 981.0
1240000 971.1
1245000 971.2
1250000 977.2
1255000 980.1
1260000 976.3
1265000 979.0
1270000 978.2
1275000 974.4
1280000 972.9
1285000 131.2
1290000 883.5
1295000 928.6
1300000 952.3
1305000 942.8
1310000 968.3
1315000 968.4
1320000 975.4
1325000 978.5
1330000 966.3
1335000 973.4
1340000 978.6
1345000 967.8
1350000 975.3
1355000 979.1
1360000 980.6
1365000 977.8
1370000 979.3
1375000 982.6
1380000 974.3
1385000 979.8
1390000 970.8
1395000 979.8
1400000 963.2
1405000 977.2
1410000 974.4
1415000 980.9
1420000 977.3
1425000 973.6
1430000 971.8
1435000 967.6
1440000 972.5
1445000 983.1
1450000 979.9
1455000 980.6
1460000 976.5
1465000 979.9
1470000 976.5
1475000 974.3
1480000 986.2
1485000 981.6
1490000 972.8
1495000 975.1
1500000 974.3
1505000 972.6
1510000 982.0
1515000 973.8
1520000 969.4
1525000 975.9
1530000 976.2
1535000 977.4
1540000 971.9
1545000 976.1
1550000 973.0
1555000 978.5
1560000 978.4
1565000 977.2
1570000 976.5
1575000 974.7
1580000 972.8
1585000 982.7
1590000 974.1
1595000 972.7
1600000 977.0
1605000 87.4
1610000 915.9
1615000 962.4
1620000 976.1
1625000 976.1
1630000 967.9
1635000 967.9
1640000 977.6
1645000 973.8
1650000 973.8
1655000 981.2
1660000 983.3
1665000 972.4
1670000 982.0
1675000 970.1
1680000 972.3
1685000 979.0
1690000 983.2
1695000 970.5
1700000 980.7
1705000 975.3
1710000 977.5
1715000 983.7
1720000 979.6
1725000 974.4
1730000 974.0
1735000 981.8
1740000 975.5
1745000 976.1
1750000 968.7
1755000 976.4
1760000 981.6
1765000 969.3
1770000 970.3
1775000 981.3
1780000 969.6
1785000 978.2
1790000 977.6
1795000 975.2
1800000 975.3
1805000 979.4
1810000 970.0
1815000 982.4
1820000 972.6
1825000 978.8
1830000 975.0
1835000 972.2
1840000 971.9
1845000 973.1
1850000 980.9
1855000 981.1
1860000 965.1
1865000 980.2
1870000 978.7
1875000 976.1
1880000 973.1
1885000 971.5
1890000 980.7
1895000 985.2
1900000 981.2
1905000 974.4
1910000 980.8
1915000 985.3
1920000 981.3
1925000 976.6
1930000 979.9
1935000 978.5
1940000 980.4
1945000 984.4
1950000 972.7
1955000 972.7
1960000 969.3
1965000 982.8
1970000 983.5
1975000 974.8
1980000 979.0
1985000 978.4
1990000 972.0
1995000 976.8
2000000 979.6
