5000 20.6
10000 29.5
15000 68.1
20000 472.1
25000 462.1
30000 422.0
35000 579.9
40000 631.1
45000 465.7
50000 566.7
55000 804.8
60000 935.9
65000 925.5
70000 941.5
75000 925.9
80000 945.9
85000 940.5
90000 936.9
95000 956.3
100000 945.0
105000 925.6
110000 942.2
115000 937.9
120000 936.8
125000 934.1
130000 944.4
135000 948.7
140000 910.6
145000 960.4
150000 951.4
155000 955.0
160000 939.1
165000 937.7
170000 916.1
175000 948.6
180000 841.9
185000 944.9
190000 940.2
195000 930.7
200000 936.0
205000 954.5
210000 958.2
215000 949.0
220000 948.5
225000 947.1
230000 947.5
235000 948.0
240000 859.3
245000 964.8
250000 941.9
255000 950.1
260000 929.7
265000 960.9
270000 944.1
275000 949.7
280000 956.3
285000 963.6
290000 949.9
295000 951.3
300000 952.6
305000 943.8
310000 956.7
315000 954.6
320000 941.5
325000 600.9
330000 949.9
335000 952.0
340000 964.4
345000 958.0
350000 974.4
355000 970.2
360000 969.2
365000 956.0
370000 962.8
375000 963.8
380000 969.1
385000 965.9
390000 968.9
395000 957.7
400000 967.3
405000 953.7
410000 959.8
415000 968.5
420000 964.0
425000 967.8
430000 964.7
435000 954.6
440000 966.4
445000 965.5
450000 961.6
455000 968.1
460000 957.2
465000 961.6
470000 964.1
475000 960.3
480000 957.2
485000 964.3
490000 962.8
495000 965.8
500000 972.1
505000 963.7
510000 956.9
515000 961.1
520000 961.5
525000 962.0
530000 952.9
535000 961.5
540000 972.2
545000 962.0
550000 973.4
555000 967.9
560000 956.4
565000 961.9
570000 967.2
575000 968.9
580000 965.5
585000 964.5
590000 958.3
595000 964.9
600000 959.9
605000 967.2
610000 965.1
615000 962.3
620000 966.0
625000 958.6
630000 963.0
635000 965.2
640000 967.2
645000 559.9
650000 950.3
655000 954.1
660000 967.6
665000 955.3
670000 970.0
675000 959.4
680000 970.2
685000 968.2
690000 962.8
695000 961.1
700000 966.7
705000 968.2
710000 974.9
715000 969.0
720000 969.0
725000 966.0
730000 967.5
735000 965.1
740000 934.2
745000 970.9
750000 966.4
755000 969.4
760000 958.5
765000 971.3
770000 969.6
775000 973.0
780000 963.1
785000 937.9
790000 967.6
795000 969.4
800000 977.0
805000 969.7
810000 970.9
815000 967.9
820000 963.7
825000 969.5
830000 971.4
835000 972.4
840000 967.3
845000 965.1
850000 973.1
855000 979.0
860000 973.6
865000 975.6
870000 973.3
875000 977.1
880000 973.9
885000 968.8
890000 974.1
895000 969.7
900000 967.0
905000 977.5
910000 970.8
915000 974.9
920000 972.7
925000 966.5
930000 974.8
935000 968.7
940000 972.8
945000 968.9
950000 962.1
955000 973.8
960000 965.8
965000 678.0
970000 963.1
975000 974.1
980000 955.2
985000 969.4
990000 964.9
995000 970.6
1000000 970.1
1005000 970.8
1010000 967.6
1015000 970.3
1020000 971.4
1025000 971.6
1030000 966.8
1035000 969.9
1040000 888.1
1045000 979.3
1050000 973.8
1055000 966.4
1060000 975.1
1065000 976.2
1070000 973.6
1075000 974.4
1080000 977.2
1085000 974.5
1090000 974.1
1095000 967.5
1100000 978.5
1105000 964.4
1110000 969.7
1115000 973.3
1120000 969.7
1125000 977.5
1130000 968.5
1135000 971.0
1140000 967.7
1145000 974.7
1150000 972.3
1155000 967.7
1160000 978.8
1165000 971.9
1170000 969.8
1175000 965.6
1180000 978.1
1185000 966.8
1190000 963.6
1195000 971.6
1200000 976.5
1205000 978.5
1210000 969.4
1215000 975.7
1220000 974.3
1225000 971.7
1230000 969.0
1235000 971.6
1240000 973.0
1245000 975.7
1250000 974.4
1255000 972.8
1260000 971.6
1265000 969.2
1270000 971.7
1275000 968.9
1280000 976.1
1285000 154.0
1290000 926.7
1295000 958.2
1300000 971.0
1305000 968.3
1310000 976.0
1315000 973.4
1320000 962.1
1325000 971.9
1330000 960.7
1335000 967.8
1340000 963.4
1345000 966.0
1350000 966.6
1355000 976.9
1360000 972.5
1365000 981.1
1370000 958.2
1375000 972.8
1380000 974.0
1385000 975.8
1390000 971.7
1395000 978.3
1400000 972.7
1405000 973.9
1410000 977.3
1415000 969.3
1420000 973.0
1425000 973.6
1430000 972.1
1435000 979.8
1440000 974.0
1445000 965.7
1450000 964.2
1455000 972.7
1460000 974.1
1465000 976.3
1470000 976.3
1475000 970.9
1480000 965.1
1485000 977.9
1490000 979.2
1495000 980.3
1500000 974.0
1505000 970.7
1510000 967.4
1515000 976.5
1520000 964.5
1525000 970.3
1530000 972.4
1535000 970.5
1540000 967.1
1545000 967.2
1550000 975.0
1555000 964.1
1560000 976.3
1565000 966.2
1570000 972.6
1575000 971.2
1580000 973.2
1585000 977.1
1590000 966.9
1595000 971.0
1600000 975.8
1605000 316.3
1610000 958.9
1615000 942.4
1620000 969.8
1625000 983.4
1630000 972.0
1635000 970.7
1640000 979.3
1645000 971.2
1650000 975.6
1655000 970.8
1660000 978.1
1665000 972.6
1670000 972.7
1675000 975.2
1680000 972.6
1685000 974.1
1690000 973.2
1695000 973.1
1700000 972.9
1705000 975.3
1710000 966.4
1715000 970.3
1720000 969.6
1725000 976.0
1730000 964.4
1735000 967.8
1740000 979.5
1745000 971.2
1750000 966.4
1755000 981.6
1760000 969.1
1765000 971.3
1770000 973.2
1775000 975.1
1780000 976.1
1785000 966.0
1790000 971.6
1795000 977.1
1800000 978.0
1805000 982.2
1810000 962.9
1815000 980.6
1820000 974.9
1825000 977.1
1830000 971.0
1835000 967.0
1840000 973.1
1845000 973.3
1850000 974.4
1855000 980.0
1860000 978.1
1865000 974.2
1870000 975.6
1875000 985.5
1880000 969.2
1885000 969.7
1890000 974.9
1895000 980.0
1900000 974.4
1905000 971.4
1910000 973.0
1915000 977.2
1920000 971.0
1925000 977.5
1930000 972.9
1935000 977.3
1940000 977.7
1945000 972.3
1950000 971.0
1955000 974.4
1960000 972.3
1965000 974.0
1970000 978.1
1975000 974.7
1980000 973.6
1985000 968.3
1990000 976.7
1995000 968.1
2000000 976.4
