5000 25.0
10000 24.0
15000 56.7
20000 297.9
25000 415.6
30000 433.7
35000 504.0
40000 590.4
45000 715.5
50000 884.0
55000 906.1
60000 943.6
65000 936.2
70000 956.0
75000 857.2
80000 953.8
85000 949.4
90000 947.7
95000 957.9
100000 946.6
105000 941.5
110000 951.8
115000 945.4
120000 953.2
125000 964.4
130000 909.2
135000 957.9
140000 943.5
145000 944.4
150000 971.3
155000 948.7
160000 957.4
165000 963.4
170000 956.1
175000 954.1
180000 953.0
185000 966.3
190000 961.0
195000 958.6
200000 959.4
205000 959.6
210000 961.7
215000 958.3
220000 950.2
225000 953.5
230000 963.4
235000 952.9
240000 945.5
245000 962.3
250000 947.4
255000 972.0
260000 952.4
265000 960.0
270000 961.9
275000 959.8
280000 948.2
285000 965.0
290000 969.5
295000 948.6
300000 956.3
305000 966.9
310000 966.7
315000 959.5
320000 958.9
325000 955.3
330000 964.4
335000 962.1
340000 972.8
345000 967.9
350000 965.3
355000 962.6
360000 973.0
365000 972.1
370000 964.3
375000 963.4
380000 970.8
385000 966.8
390000 972.5
395000 977.8
400000 970.1
405000 969.7
410000 964.0
415000 970.0
420000 967.6
425000 970.5
430000 973.7
435000 962.9
440000 970.6
445000 968.0
450000 976.0
455000 971.6
460000 969.3
465000 966.9
470000 971.6
475000 969.4
480000 966.8
485000 974.8
490000 970.6
495000 972.8
500000 968.9
505000 974.7
510000 963.2
515000 972.8
520000 973.4
525000 971.7
530000 962.9
535000 973.7
540000 964.9
545000 973.2
550000 975.3
555000 969.0
560000 978.2
565000 961.4
570000 972.7
575000 972.7
580000 966.9
585000 973.0
590000 970.6
595000 976.9
600000 972.9
605000 969.5
610000 973.5
615000 967.5
620000 972.4
625000 968.5
630000 970.6
635000 968.2
640000 972.4
645000 940.0
650000 965.9
655000 966.6
660000 975.0
665000 972.3
670000 977.4
675000 968.7
680000 979.7
685000 978.4
690000 970.8
695000 974.4
700000 966.6
705000 973.5
710000 974.5
715000 970.0
720000 977.0
725000 966.8
730000 973.3
735000 974.1
740000 974.9
745000 975.4
750000 969.0
755000 973.4
760000 976.6
765000 970.7
770000 978.1
775000 971.3
780000 975.6
785000 976.9
790000 967.1
795000 972.8
800000 970.8
805000 970.7
810000 976.4
815000 971.4
820000 967.4
825000 977.6
830000 976.4
835000 977.6
840000 976.4
845000 969.9
850000 979.5
855000 986.5
860000 973.7
865000 974.4
870000 970.1
875000 977.6
880000 974.0
885000 977.1
890000 978.3
895000 984.0
900000 974.2
905000 973.4
910000 964.2
915000 971.2
920000 974.6
925000 974.8
930000 966.3
935000 973.3
940000 979.2
945000 973.9
950000 982.3
955000 974.4
960000 972.7
965000 699.4
970000 962.3
975000 964.7
980000 974.6
985000 976.3
990000 980.8
995000 972.7
1000000 974.1
1005000 972.7
1010000 976.5
1015000 977.7
1020000 971.8
1025000 972.6
1030000 978.9
1035000 978.5
1040000 975.5
1045000 977.1
1050000 977.5
1055000 975.0
1060000 975.8
1065000 970.0
1070000 965.3
1075000 979.2
1080000 979.3
1085000 975.4
1090000 972.8
1095000 977.9
1100000 981.8
1105000 978.4
1110000 982.5
1115000 980.0
1120000 978.5
1125000 978.7
1130000 976.9
1135000 971.0
1140000 975.9
1145000 968.5
1150000 977.6
1155000 980.4
1160000 967.3
1165000 975.7
1170000 974.0
1175000 974.9
1180000 971.0
1185000 977.7
1190000 974.8
1195000 975.4
1200000 978.5
1205000 979.8
1210000 974.9
1215000 980.4
1220000 983.4
1225000 977.4
1230000 975.7
1235000 971.8
1240000 976.6
1245000 972.3
1250000 977.7
1255000 981.8
1260000 971.6
1265000 976.2
1270000 972.5
1275000 981.0
1280000 980.1
1285000 195.7
1290000 868.7
1295000 960.2
1300000 966.8
1305000 976.3
1310000 973.6
1315000 969.0
1320000 973.6
1325000 980.0
1330000 972.5
1335000 977.1
1340000 974.9
1345000 968.7
1350000 963.6
1355000 973.9
1360000 975.3
1365000 977.9
1370000 974.6
1375000 974.1
1380000 984.6
1385000 976.5
1390000 980.3
1395000 973.1
1400000 978.0
1405000 972.3
1410000 977.3
1415000 976.8
1420000 976.8
1425000 974.6
1430000 974.8
1435000 970.2
1440000 975.6
1445000 975.3
1450000 974.7
1455000 972.8
1460000 975.8
1465000 975.7
1470000 977.6
1475000 980.9
1480000 975.3
1485000 894.1
1490000 974.7
1495000 978.2
1500000 980.8
1505000 978.7
1510000 979.1
1515000 976.3
1520000 977.2
1525000 974.3
1530000 977.4
1535000 984.2
1540000 979.3
1545000 982.3
1550000 978.0
1555000 976.0
1560000 977.5
1565000 969.9
1570000 981.7
1575000 976.5
1580000 965.7
1585000 975.8
1590000 970.4
1595000 974.4
1600000 971.1
1605000 257.1
1610000 959.4
1615000 970.9
1620000 952.2
1625000 967.4
1630000 961.5
1635000 973.7
1640000 975.3
1645000 975.7
1650000 971.4
1655000 976.8
1660000 974.0
1665000 976.3
1670000 973.6
1675000 974.4
1680000 971.2
1685000 976.6
1690000 975.2
1695000 973.6
1700000 973.4
1705000 977.0
1710000 980.1
1715000 981.9
1720000 973.9
1725000 979.6
1730000 971.8
1735000 971.8
1740000 977.8
1745000 980.8
1750000 978.4
1755000 986.3
1760000 979.5
1765000 974.0
1770000 976.2
1775000 981.1
1780000 978.0
1785000 976.4
1790000 976.9
1795000 981.9
1800000 983.8
1805000 973.7
1810000 979.9
1815000 978.7
1820000 979.7
1825000 976.0
1830000 976.1
1835000 979.8
1840000 982.0
1845000 979.7
1850000 978.7
1855000 967.8
1860000 974.7
1865000 986.3
1870000 972.3
1875000 971.5
1880000 979.5
1885000 975.6
1890000 972.4
1895000 977.6
1900000 973.3
1905000 969.9
1910000 977.8
1915000 976.1
1920000 982.4
1925000 980.9
1930000 977.1
1935000 979.2
1940000 982.7
1945000 983.3
1950000 982.5
1955000 982.5
1960000 977.3
1965000 974.2
1970000 974.6
1975000 977.9
1980000 981.3
1985000 978.2
1990000 978.3
1995000 977.8
2000000 981.2
