5000 17.4
10000 18.5
15000 191.7
20000 391.1
25000 664.5
30000 653.1
35000 717.6
40000 707.4
45000 808.1
50000 791.8
55000 826.7
60000 813.3
65000 835.9
70000 835.3
75000 842.3
80000 816.9
85000 845.7
90000 840.3
95000 849.3
100000 847.0
105000 845.4
110000 762.3
115000 855.9
120000 854.0
125000 776.8
130000 856.6
135000 856.7
140000 852.6
145000 857.1
150000 856.8
155000 859.1
160000 856.9
165000 860.7
170000 889.5
175000 895.5
180000 917.2
185000 934.5
190000 951.2
195000 935.0
200000 957.2
205000 947.8
210000 955.0
215000 948.3
220000 952.3
225000 954.6
230000 955.6
235000 959.3
240000 955.4
245000 961.1
250000 952.0
255000 947.0
260000 960.3
265000 944.8
270000 957.3
275000 948.1
280000 967.3
285000 954.7
290000 953.5
295000 955.9
300000 956.2
305000 956.0
310000 950.2
315000 962.6
320000 965.7
325000 672.8
330000 961.4
335000 960.2
340000 965.7
345000 954.2
350000 960.6
355000 962.0
360000 964.5
365000 966.3
370000 965.7
375000 965.0
380000 960.2
385000 968.9
390000 960.2
395000 963.1
400000 966.2
405000 960.0
410000 962.3
415000 959.1
420000 965.7
425000 958.3
430000 960.9
435000 964.2
440000 689.2
445000 963.1
450000 960.4
455000 973.3
460000 969.7
465000 962.1
470000 965.3
475000 953.6
480000 962.5
485000 961.8
490000 965.7
495000 963.5
500000 963.2
505000 966.7
510000 962.2
515000 963.7
520000 975.4
525000 968.1
530000 976.6
535000 962.7
540000 971.0
545000 950.1
550000 957.1
555000 967.9
560000 970.4
565000 969.6
570000 963.7
575000 965.6
580000 971.0
585000 964.0
590000 963.4
595000 968.9
600000 971.9
605000 965.2
610000 969.3
615000 957.4
620000 965.9
625000 966.5
630000 972.0
635000 957.4
640000 961.0
645000 771.6
650000 954.2
655000 976.1
660000 953.7
665000 967.4
670000 975.2
675000 963.8
680000 966.2
685000 964.9
690000 971.4
695000 961.2
700000 968.5
705000 969.4
710000 968.6
715000 973.8
720000 971.3
725000 973.8
730000 968.4
735000 967.3
740000 956.0
745000 969.9
750000 964.2
755000 962.8
760000 962.3
765000 974.9
770000 975.0
775000 970.2
780000 960.7
785000 966.2
790000 963.7
795000 973.2
800000 966.8
805000 969.9
810000 967.6
815000 965.6
820000 969.7
825000 970.5
830000 959.4
835000 970.7
840000 966.5
845000 965.4
850000 974.2
855000 968.0
860000 964.8
865000 971.7
870000 967.3
875000 972.2
880000 972.5
885000 967.5
890000 975.6
895000 972.0
900000 876.0
905000 977.1
910000 971.4
915000 970.1
920000 966.0
925000 975.5
930000 969.4
935000 970.5
940000 968.5
945000 972.3
950000 967.0
955000 965.7
960000 964.0
965000 636.4
970000 959.1
975000 964.4
980000 969.4
985000 971.9
990000 968.0
995000 966.6
1000000 964.6
1005000 973.1
1010000 973.6
1015000 978.2
1020000 970.3
1025000 976.7
1030000 971.0
1035000 967.3
1040000 972.7
1045000 973.0
1050000 970.9
1055000 972.6
1060000 972.8
1065000 974.4
1070000 973.1
1075000 972.5
1080000 978.8
1085000 971.2
1090000 975.2
1095000 968.4
1100000 972.0
1105000 976.2
1110000 976.3
1115000 973.6
1120000 966.7
1125000 976.9
1130000 974.6
1135000 978.3
1140000 971.5
1145000 971.4
1150000 971.5
1155000 977.7
1160000 979.6
1165000 969.9
1170000 965.4
1175000 971.9
1180000 974.1
1185000 971.2
1190000 972.1
1195000 966.7
1200000 973.5
1205000 967.3
1210000 969.0
1215000 975.7
1220000 974.4
1225000 975.0
1230000 978.5
1235000 968.5
1240000 975.5
1245000 968.8
1250000 972.4
1255000 971.5
1260000 975.4
1265000 973.6
1270000 975.7
1275000 970.5
1280000 977.8
1285000 126.2
1290000 961.4
1295000 959.8
1300000 889.6
1305000 947.0
1310000 976.8
1315000 966.8
1320000 968.3
1325000 963.5
1330000 966.3
1335000 975.7
1340000 968.0
1345000 973.8
1350000 969.8
1355000 963.6
1360000 968.8
1365000 968.1
1370000 972.6
1375000 971.3
1380000 974.7
1385000 973.4
1390000 958.8
1395000 971.9
1400000 977.4
1405000 974.5
1410000 975.6
1415000 973.6
1420000 965.6
1425000 977.2
1430000 967.9
1435000 975.7
1440000 979.1
1445000 959.5
1450000 976.8
1455000 966.8
1460000 974.7
1465000 971.4
1470000 979.3
1475000 974.2
1480000 977.5
1485000 969.5
1490000 977.9
1495000 972.3
1500000 972.3
1505000 976.5
1510000 969.6
1515000 972.3
1520000 979.5
1525000 970.7
1530000 971.9
1535000 977.4
1540000 971.5
1545000 970.8
1550000 975.4
1555000 979.2
1560000 970.2
1565000 974.8
1570000 971.7
1575000 968.2
1580000 970.3
1585000 973.2
1590000 974.2
1595000 974.6
1600000 976.7
1605000 387.8
1610000 908.8
1615000 970.1
1620000 967.2
1625000 970.7
1630000 960.0
1635000 965.9
1640000 972.2
1645000 966.5
1650000 972.4
1655000 968.7
1660000 974.5
1665000 972.2
1670000 972.9
1675000 973.6
1680000 965.5
1685000 966.5
1690000 955.5
1695000 975.9
1700000 981.1
1705000 979.9
1710000 971.5
1715000 982.1
1720000 972.3
1725000 971.8
1730000 976.0
1735000 968.5
1740000 972.6
1745000 978.5
1750000 971.0
1755000 975.9
1760000 883.3
1765000 969.0
1770000 964.6
1775000 981.4
1780000 978.2
1785000 974.1
1790000 970.0
1795000 973.5
1800000 971.1
1805000 976.2
1810000 966.1
1815000 972.4
1820000 971.4
1825000 965.2
1830000 888.6
1835000 971.6
1840000 976.5
1845000 977.4
1850000 978.3
1855000 976.3
1860000 974.6
1865000 976.5
1870000 975.7
1875000 968.6
1880000 977.1
1885000 975.0
1890000 979.5
1895000 972.4
1900000 968.7
1905000 976.0
1910000 972.7
1915000 970.6
1920000 978.4
1925000 973.7
1930000 973.7
1935000 976.5
1940000 971.0
1945000 968.7
1950000 978.5
1955000 971.7
1960000 971.4
1965000 974.3
1970000 974.0
1975000 964.5
1980000 968.5
1985000 967.4
1990000 976.2
1995000 975.7
2000000 970.9
