5000 18.6
10000 28.9
15000 123.9
20000 243.5
25000 295.9
30000 310.2
35000 500.6
40000 653.0
45000 710.5
50000 742.0
55000 835.9
60000 899.7
65000 937.3
70000 947.4
75000 944.3
80000 919.0
85000 944.5
90000 940.1
95000 907.5
100000 936.6
105000 960.7
110000 930.3
115000 887.7
120000 945.6
125000 943.8
130000 945.5
135000 957.0
140000 967.3
145000 933.3
150000 955.0
155000 948.7
160000 954.3
165000 952.7
170000 959.6
175000 948.6
180000 950.5
185000 947.6
190000 947.0
195000 957.7
200000 955.2
205000 935.0
210000 961.3
215000 951.4
220000 961.9
225000 964.8
230000 963.7
235000 943.1
240000 953.6
245000 939.3
250000 950.5
255000 954.4
260000 956.3
265000 949.0
270000 954.3
275000 952.3
280000 946.1
285000 970.9
290000 947.2
295000 963.4
300000 973.5
305000 965.9
310000 977.9
315000 952.1
320000 953.3
325000 855.3
330000 969.9
335000 963.6
340000 973.6
345000 954.3
350000 969.0
355000 964.6
360000 965.3
365000 964.9
370000 974.5
375000 972.1
380000 960.8
385000 974.3
390000 979.7
395000 967.4
400000 970.7
405000 967.9
410000 965.4
415000 973.9
420000 961.8
425000 969.6
430000 972.7
435000 964.2
440000 967.4
445000 976.0
450000 972.9
455000 967.6
460000 968.1
465000 972.6
470000 962.0
475000 974.7
480000 964.5
485000 968.8
490000 969.3
495000 976.2
500000 965.6
505000 963.4
510000 970.7
515000 976.5
520000 976.3
525000 969.9
530000 976.0
535000 967.7
540000 971.3
545000 962.4
550000 972.0
555000 965.8
560000 976.6
565000 978.2
570000 969.4
575000 979.3
580000 977.5
585000 973.4
590000 973.4
595000 967.1
600000 972.7
605000 968.0
610000 968.3
615000 965.5
620000 977.9
625000 971.5
630000 972.1
635000 974.9
640000 973.4
645000 620.7
650000 972.5
655000 962.9
660000 970.5
665000 971.5
670000 973.2
675000 970.8
680000 977.7
685000 974.1
690000 962.7
695000 973.6
700000 974.9
705000 972.7
710000 973.9
715000 967.2
720000 977.1
725000 972.7
730000 976.4
735000 970.3
740000 981.0
745000 974.0
750000 978.0
755000 977.7
760000 970.1
765000 976.1
770000 976.1
775000 969.2
780000 968.6
785000 974.3
790000 980.6
795000 974.4
800000 967.2
805000 977.2
810000 973.2
815000 964.1
820000 967.9
825000 980.8
830000 972.5
835000 960.3
840000 982.3
845000 973.0
850000 968.4
855000 962.6
860000 978.0
865000 976.4
870000 973.7
875000 976.1
880000 976.6
885000 975.7
890000 970.6
895000 971.4
900000 982.7
905000 975.8
910000 977.8
915000 979.0
920000 974.8
925000 973.7
930000 977.1
935000 978.1
940000 980.1
945000 978.9
950000 973.0
955000 978.8
960000 974.1
965000 758.4
970000 873.4
975000 957.7
980000 971.4
985000 974.8
990000 969.8
995000 977.6
1000000 972.1
1005000 977.5
1010000 967.1
1015000 969.0
1020000 971.8
1025000 974.0
1030000 970.3
1035000 971.8
1040000 976.5
1045000 973.1
1050000 976.8
1055000 976.8
1060000 975.3
1065000 980.8
1070000 970.5
1075000 969.7
1080000 974.6
1085000 977.7
1090000 974.0
1095000 973.5
1100000 976.7
1105000 977.2
1110000 974.0
1115000 980.7
1120000 972.9
1125000 966.7
1130000 978.2
1135000 971.5
1140000 977.3
1145000 980.3
1150000 975.5
1155000 978.6
1160000 976.1
1165000 980.7
1170000 980.2
1175000 984.8
1180000 983.3
1185000 984.0
1190000 981.1
1195000 979.3
1200000 973.4
1205000 985.0
1210000 977.9
1215000 972.0
1220000 973.8
1225000 974.3
1230000 974.5
1235000 979.9
1240000 980.5
1245000 979.9
1250000 980.5
1255000 969.1
1260000 978.2
1265000 969.0
1270000 974.5
1275000 973.3
1280000 977.0
1285000 31.3
1290000 174.0
1295000 957.4
1300000 967.6
1305000 964.6
1310000 970.1
1315000 975.7
1320000 968.3
1325000 974.1
1330000 978.1
1335000 973.7
1340000 963.4
1345000 974.7
1350000 976.5
1355000 977.2
1360000 970.7
1365000 984.0
1370000 978.4
1375000 971.5
1380000 977.7
1385000 975.7
1390000 978.7
1395000 979.9
1400000 973.7
1405000 980.8
1410000 978.1
1415000 975.6
1420000 983.8
1425000 975.0
1430000 975.3
1435000 977.7
1440000 970.7
1445000 976.9
1450000 976.9
1455000 975.6
1460000 979.5
1465000 978.9
1470000 982.4
1475000 977.6
1480000 976.9
1485000 979.0
1490000 977.0
1495000 983.6
1500000 979.6
1505000 980.5
1510000 975.4
1515000 975.8
1520000 980.4
1525000 984.2
1530000 977.2
1535000 978.8
1540000 975.8
1545000 972.7
1550000 971.4
1555000 982.1
1560000 976.3
1565000 970.5
1570000 970.9
1575000 980.0
1580000 977.0
1585000 980.4
1590000 983.9
1595000 981.8
1600000 979.0
1605000 178.8
1610000 948.6
1615000 976.0
1620000 965.0
1625000 970.6
1630000 968.3
1635000 975.0
1640000 969.4
1645000 972.6
1650000 985.2
1655000 977.0
1660000 979.0
1665000 981.7
1670000 889.9
1675000 971.2
1680000 974.3
1685000 978.5
1690000 968.0
1695000 980.5
1700000 980.7
1705000 973.6
1710000 973.0
1715000 981.0
1720000 971.2
1725000 980.6
1730000 977.5
1735000 975.7
1740000 901.9
1745000 974.5
1750000 979.8
1755000 977.0
1760000 974.9
1765000 977.8
1770000 977.2
1775000 975.9
1780000 976.2
1785000 977.9
1790000 983.2
1795000 970.9
1800000 979.3
1805000 982.2
1810000 972.6
1815000 978.1
1820000 980.4
1825000 980.7
1830000 978.0
1835000 977.6
1840000 973.2
1845000 978.7
1850000 978.2
1855000 973.9
1860000 973.5
1865000 977.2
1870000 980.4
1875000 975.5
1880000 982.0
1885000 977.8
1890000 974.6
1895000 977.2
1900000 975.1
1905000 976.3
1910000 979.1
1915000 978.5
1920000 978.2
1925000 983.6
1930000 984.5
1935000 971.8
1940000 981.4
1945000 975.7
1950000 969.0
1955000 983.1
1960000 982.8
1965000 976.8
1970000 984.2
1975000 977.6
1980000 977.7
1985000 972.0
1990000 976.2
1995000 981.1
2000000 980.1
