5000 28.6
10000 26.9
15000 161.7
20000 203.6
25000 283.2
30000 475.0
35000 513.2
40000 474.5
45000 541.5
50000 676.0
55000 821.7
60000 729.1
65000 929.9
70000 923.8
75000 916.9
80000 933.2
85000 951.2
90000 954.6
95000 958.5
100000 959.6
105000 955.3
110000 955.7
115000 946.6
120000 939.0
125000 961.6
130000 964.0
135000 935.7
140000 867.7
145000 953.1
150000 948.1
155000 939.4
160000 942.1
165000 968.8
170000 968.7
175000 960.2
180000 960.9
185000 962.4
190000 954.8
195000 972.5
200000 959.9
205000 973.4
210000 962.2
215000 958.7
220000 949.5
225000 955.9
230000 965.7
235000 974.1
240000 954.2
245000 952.5
250000 974.6
255000 960.1
260000 967.7
265000 962.8
270000 965.9
275000 957.4
280000 973.2
285000 961.9
290000 961.1
295000 970.4
300000 959.9
305000 964.0
310000 970.1
315000 981.6
320000 959.8
325000 974.3
330000 967.6
335000 967.0
340000 980.0
345000 963.8
350000 969.3
355000 960.1
360000 971.7
365000 963.7
370000 963.1
375000 967.3
380000 959.6
385000 954.0
390000 966.9
395000 967.1
400000 971.7
405000 980.8
410000 967.3
415000 966.1
420000 973.9
425000 971.0
430000 963.8
435000 974.5
440000 964.9
445000 962.3
450000 966.1
455000 978.9
460000 949.7
465000 968.8
470000 964.4
475000 969.4
480000 962.1
485000 964.0
490000 972.9
495000 964.2
500000 974.2
505000 978.9
510000 975.3
515000 963.2
520000 972.0
525000 974.4
530000 976.3
535000 969.5
540000 968.8
545000 975.2
550000 974.4
555000 965.9
560000 966.1
565000 979.6
570000 964.6
575000 977.2
580000 977.8
585000 975.6
590000 972.8
595000 975.8
600000 972.4
605000 979.5
610000 976.6
615000 980.4
620000 974.7
625000 970.2
630000 978.0
635000 971.4
640000 982.5
645000 978.1
650000 972.0
655000 969.1
660000 971.9
665000 977.1
670000 972.6
675000 973.8
680000 972.0
685000 977.2
690000 972.3
695000 976.2
700000 970.9
705000 975.3
710000 963.8
715000 973.3
720000 972.7
725000 891.9
730000 972.5
735000 978.1
740000 974.9
745000 975.1
750000 973.4
755000 976.8
760000 974.2
765000 973.8
770000 980.3
775000 969.3
780000 973.9
785000 980.6
790000 977.9
795000 976.3
800000 971.2
805000 962.0
810000 974.4
815000 979.5
820000 971.8
825000 980.0
830000 973.0
835000 978.1
840000 969.5
845000 977.5
850000 976.5
855000 975.7
860000 966.2
865000 969.4
870000 963.0
875000 973.2
880000 976.9
885000 972.5
890000 974.6
895000 970.8
900000 973.1
905000 973.3
910000 975.0
915000 975.9
920000 970.9
925000 979.1
930000 966.2
935000 979.4
940000 974.4
945000 970.7
950000 970.8
955000 975.9
960000 974.2
965000 973.2
970000 972.9
975000 971.5
980000 977.4
985000 978.3
990000 974.2
995000 980.2
1000000 979.8
1005000 974.6
1010000 978.6
1015000 973.9
1020000 978.2
1025000 979.8
1030000 973.6
1035000 972.0
1040000 972.9
1045000 971.7
1050000 976.1
1055000 974.4
1060000 984.2
1065000 975.9
1070000 969.2
1075000 979.1
1080000 967.2
1085000 983.2
1090000 974.4
1095000 974.9
1100000 967.3
1105000 974.2
1110000 970.6
1115000 968.8
1120000 984.6
1125000 967.7
1130000 973.6
1135000 970.9
1140000 969.9
1145000 979.5
1150000 974.2
1155000 979.0
1160000 974.3
1165000 973.8
1170000 979.9
1175000 980.7
1180000 979.8
1185000 979.0
1190000 973.0
1195000 980.1
1200000 980.4
1205000 963.2
1210000 975.4
1215000 974.2
1220000 972.0
1225000 980.5
1230000 979.8
1235000 982.8
1240000 973.8
1245000 973.6
1250000 968.8
1255000 973.8
1260000 981.5
1265000 977.5
1270000 978.1
1275000 973.4
1280000 976.4
1285000 971.9
1290000 971.2
1295000 980.2
1300000 968.0
1305000 977.9
1310000 981.8
1315000 980.1
1320000 976.5
1325000 980.6
1330000 978.0
1335000 973.8
1340000 971.6
1345000 974.6
1350000 974.0
1355000 978.6
1360000 974.8
1365000 966.0
1370000 974.5
1375000 884.3
1380000 969.2
1385000 982.2
1390000 977.8
1395000 980.9
1400000 971.7
1405000 985.0
1410000 972.8
1415000 981.0
1420000 975.7
1425000 975.5
1430000 973.9
1435000 974.6
1440000 974.6
1445000 976.0
1450000 977.1
1455000 977.3
1460000 975.5
1465000 970.5
1470000 976.1
1475000 973.9
1480000 986.5
1485000 977.7
1490000 972.3
1495000 976.1
1500000 972.3
1505000 973.6
1510000 981.0
1515000 975.0
1520000 971.2
1525000 969.7
1530000 977.3
1535000 973.0
1540000 972.7
1545000 982.3
1550000 975.4
1555000 976.9
1560000 975.2
1565000 981.6
1570000 977.4
1575000 973.4
1580000 977.5
1585000 980.5
1590000 981.4
1595000 974.1
1600000 978.2
1605000 966.0
1610000 979.7
1615000 974.9
1620000 976.8
1625000 980.2
1630000 978.3
1635000 974.7
1640000 983.6
1645000 977.7
1650000 979.3
1655000 989.1
1660000 978.1
1665000 969.4
1670000 980.8
1675000 977.8
1680000 972.8
1685000 977.0
1690000 980.4
1695000 969.6
1700000 979.7
1705000 977.7
1710000 976.8
1715000 984.3
1720000 977.1
1725000 979.4
1730000 975.8
1735000 982.4
1740000 978.8
1745000 970.2
1750000 978.0
1755000 973.2
1760000 979.4
1765000 969.3
1770000 971.7
1775000 984.3
1780000 956.4
1785000 974.6
1790000 977.0
1795000 974.8
1800000 973.1
1805000 981.3
1810000 972.6
1815000 979.7
1820000 970.7
1825000 975.9
1830000 977.0
1835000 980.1
1840000 977.0
1845000 968.6
1850000 974.9
1855000 978.8
1860000 965.0
1865000 980.1
1870000 979.4
1875000 975.8
1880000 970.7
1885000 975.6
1890000 976.7
1895000 985.3
1900000 982.9
1905000 968.1
1910000 978.9
1915000 984.3
1920000 979.8
1925000 974.6
1930000 971.2
1935000 971.7
1940000 973.8
1945000 984.5
1950000 976.7
1955000 968.2
1960000 969.4
1965000 984.3
1970000 980.3
1975000 976.4
1980000 979.3
1985000 974.9
1990000 982.2
1995000 970.6
2000000 978.1
