5000 20.6
10000 27.4
15000 181.5
20000 284.0
25000 399.0
30000 427.4
35000 408.7
40000 531.1
45000 461.1
50000 889.6
55000 911.0
60000 783.8
65000 886.7
70000 938.1
75000 916.1
80000 950.6
85000 955.8
90000 958.0
95000 951.2
100000 951.6
105000 947.6
110000 949.9
115000 949.7
120000 955.4
125000 949.6
130000 959.6
135000 909.7
140000 955.7
145000 968.1
150000 963.1
155000 967.7
160000 951.4
165000 965.0
170000 966.1
175000 971.5
180000 955.0
185000 960.9
190000 966.6
195000 963.3
200000 954.2
205000 958.7
210000 966.5
215000 950.2
220000 956.3
225000 965.4
230000 960.3
235000 948.4
240000 959.4
245000 971.0
250000 967.5
255000 970.9
260000 953.0
265000 971.4
270000 968.8
275000 970.1
280000 960.3
285000 965.0
290000 956.9
295000 964.2
300000 960.3
305000 955.7
310000 962.5
315000 965.2
320000 965.1
325000 971.0
330000 965.2
335000 960.7
340000 968.2
345000 964.0
350000 974.1
355000 972.8
360000 971.3
365000 966.7
370000 969.3
375000 966.3
380000 973.7
385000 972.8
390000 976.5
395000 957.7
400000 975.0
405000 965.2
410000 968.3
415000 973.4
420000 968.7
425000 973.9
430000 971.2
435000 970.0
440000 975.5
445000 962.4
450000 966.2
455000 975.3
460000 966.5
465000 957.1
470000 964.0
475000 967.8
480000 970.2
485000 972.1
490000 974.9
495000 974.4
500000 981.1
505000 968.8
510000 970.5
515000 969.9
520000 974.1
525000 972.8
530000 968.7
535000 969.2
540000 974.3
545000 974.2
550000 969.5
555000 977.8
560000 967.8
565000 968.4
570000 972.3
575000 972.6
580000 973.8
585000 975.8
590000 976.5
595000 974.0
600000 962.6
605000 973.2
610000 972.1
615000 966.8
620000 973.7
625000 964.8
630000 971.1
635000 975.8
640000 976.4
645000 972.3
650000 972.4
655000 965.9
660000 976.7
665000 968.9
670000 974.7
675000 969.7
680000 979.3
685000 978.8
690000 965.7
695000 976.7
700000 975.9
705000 970.8
710000 971.5
715000 967.1
720000 977.1
725000 964.9
730000 976.3
735000 975.7
740000 964.5
745000 972.0
750000 975.6
755000 980.7
760000 960.0
765000 979.2
770000 975.5
775000 980.7
780000 976.3
785000 970.8
790000 976.1
795000 976.5
800000 980.2
805000 977.2
810000 980.5
815000 975.1
820000 969.7
825000 976.7
830000 978.0
835000 980.5
840000 974.2
845000 975.1
850000 975.1
855000 983.1
860000 976.8
865000 980.1
870000 982.1
875000 986.7
880000 979.9
885000 970.1
890000 977.0
895000 973.5
900000 973.9
905000 982.2
910000 979.5
915000 981.2
920000 981.9
925000 977.2
930000 978.4
935000 978.3
940000 980.5
945000 975.7
950000 970.6
955000 978.8
960000 973.4
965000 979.9
970000 977.1
975000 977.2
980000 970.8
985000 973.0
990000 978.7
995000 979.6
1000000 975.2
1005000 975.7
1010000 976.3
1015000 978.4
1020000 981.1
1025000 976.3
1030000 970.3
1035000 976.9
1040000 982.7
1045000 970.4
1050000 970.9
1055000 971.6
1060000 974.3
1065000 980.5
1070000 980.0
1075000 978.9
1080000 979.5
1085000 975.8
1090000 976.5
1095000 972.4
1100000 982.5
1105000 970.3
1110000 975.6
1115000 969.6
1120000 968.1
1125000 973.5
1130000 965.9
1135000 968.4
1140000 968.3
1145000 976.6
1150000 983.2
1155000 955.3
1160000 974.0
1165000 971.7
1170000 981.4
1175000 968.9
1180000 980.3
1185000 976.8
1190000 972.1
1195000 978.8
1200000 977.6
1205000 978.2
1210000 973.9
1215000 977.6
1220000 972.7
1225000 972.7
1230000 969.8
1235000 975.3
1240000 982.3
1245000 979.3
1250000 976.7
1255000 979.3
1260000 971.3
1265000 975.6
1270000 975.1
1275000 971.4
1280000 978.8
1285000 970.2
1290000 966.5
1295000 972.9
1300000 979.3
1305000 980.5
1310000 982.3
1315000 892.9
1320000 973.3
1325000 983.3
1330000 971.8
1335000 976.4
1340000 967.9
1345000 976.1
1350000 973.3
1355000 981.6
1360000 968.8
1365000 980.6
1370000 966.6
1375000 970.9
1380000 980.0
1385000 980.5
1390000 981.5
1395000 977.8
1400000 976.5
1405000 974.2
1410000 977.4
1415000 978.9
1420000 971.8
1425000 975.8
1430000 971.7
1435000 982.4
1440000 976.2
1445000 970.3
1450000 966.8
1455000 973.6
1460000 974.6
1465000 982.0
1470000 980.0
1475000 971.8
1480000 976.8
1485000 974.0
1490000 975.3
1495000 985.5
1500000 979.8
1505000 977.5
1510000 972.6
1515000 981.9
1520000 973.4
1525000 971.9
1530000 970.5
1535000 967.0
1540000 964.0
1545000 966.8
1550000 977.9
1555000 964.8
1560000 978.8
1565000 976.1
1570000 980.4
1575000 972.3
1580000 983.3
1585000 980.3
1590000 968.6
1595000 970.7
1600000 979.0
1605000 966.1
1610000 973.8
1615000 967.7
1620000 972.5
1625000 985.8
1630000 978.3
1635000 974.9
1640000 984.9
1645000 960.1
1650000 982.7
1655000 979.3
1660000 983.0
1665000 980.5
1670000 977.2
1675000 978.5
1680000 975.7
1685000 964.8
1690000 967.9
1695000 966.3
1700000 976.6
1705000 977.4
1710000 980.8
1715000 979.5
1720000 972.6
1725000 978.0
1730000 974.1
1735000 967.2
1740000 985.9
1745000 964.8
1750000 971.6
1755000 982.5
1760000 980.4
1765000 962.9
1770000 972.3
1775000 972.3
1780000 977.2
1785000 971.3
1790000 978.8
1795000 981.4
1800000 976.1
1805000 986.2
1810000 979.5
1815000 981.9
1820000 980.3
1825000 980.1
1830000 973.9
1835000 976.4
1840000 973.4
1845000 964.0
1850000 978.5
1855000 972.7
1860000 968.1
1865000 976.7
1870000 980.6
1875000 990.1
1880000 967.3
1885000 970.4
1890000 975.5
1895000 980.5
1900000 980.9
1905000 980.4
1910000 972.3
1915000 980.6
1920000 971.7
1925000 878.1
1930000 977.2
1935000 977.2
1940000 888.3
1945000 977.3
1950000 977.3
1955000 979.1
1960000 979.2
1965000 976.8
1970000 975.5
1975000 974.4
1980000 976.8
1985000 975.6
1990000 977.5
1995000 970.7
2000000 976.3
