5000 25.0
10000 30.0
15000 108.3
20000 232.3
25000 238.1
30000 380.4
35000 377.5
40000 446.7
45000 604.7
50000 579.9
55000 762.6
60000 824.4
65000 822.2
70000 876.5
75000 913.8
80000 942.3
85000 960.8
90000 960.6
95000 956.7
100000 954.5
105000 951.6
110000 955.2
115000 959.7
120000 968.9
125000 967.8
130000 960.3
135000 949.5
140000 945.5
145000 980.2
150000 969.6
155000 963.1
160000 949.0
165000 966.1
170000 963.2
175000 970.3
180000 975.1
185000 962.1
190000 961.3
195000 972.6
200000 978.4
205000 969.3
210000 966.8
215000 967.3
220000 963.7
225000 960.2
230000 969.3
235000 958.8
240000 962.8
245000 963.1
250000 974.8
255000 971.4
260000 964.2
265000 961.7
270000 963.7
275000 968.1
280000 963.4
285000 976.4
290000 972.1
295000 958.2
300000 964.5
305000 975.0
310000 970.1
315000 961.8
320000 966.2
325000 969.0
330000 974.8
335000 971.8
340000 974.3
345000 967.2
350000 969.9
355000 972.2
360000 975.9
365000 974.9
370000 962.6
375000 970.6
380000 966.4
385000 958.7
390000 963.1
395000 973.6
400000 971.1
405000 978.5
410000 963.0
415000 969.4
420000 974.3
425000 971.5
430000 978.2
435000 962.4
440000 968.4
445000 963.7
450000 972.8
455000 964.5
460000 969.1
465000 970.7
470000 971.5
475000 972.1
480000 970.4
485000 970.1
490000 973.2
495000 970.1
500000 959.4
505000 972.6
510000 965.6
515000 977.8
520000 981.4
525000 968.7
530000 967.4
535000 974.9
540000 962.4
545000 972.6
550000 973.5
555000 973.1
560000 977.7
565000 964.9
570000 975.5
575000 979.0
580000 969.9
585000 977.2
590000 973.2
595000 978.6
600000 979.1
605000 965.7
610000 978.4
615000 969.8
620000 983.8
625000 975.9
630000 967.5
635000 964.6
640000 979.2
645000 971.9
650000 977.2
655000 977.8
660000 974.6
665000 979.4
670000 978.1
675000 975.2
680000 981.4
685000 980.7
690000 974.9
695000 977.8
700000 965.6
705000 970.3
710000 976.8
715000 971.4
720000 980.8
725000 971.9
730000 977.0
735000 974.9
740000 974.8
745000 977.8
750000 969.3
755000 975.5
760000 979.6
765000 974.6
770000 980.3
775000 976.9
780000 978.6
785000 979.4
790000 974.7
795000 966.3
800000 971.4
805000 964.4
810000 977.1
815000 974.8
820000 970.1
825000 977.5
830000 980.0
835000 981.5
840000 974.2
845000 973.1
850000 982.4
855000 987.2
860000 974.2
865000 976.3
870000 967.9
875000 981.6
880000 974.2
885000 977.3
890000 981.6
895000 986.9
900000 976.3
905000 979.1
910000 972.3
915000 978.0
920000 977.3
925000 974.4
930000 980.6
935000 980.5
940000 981.3
945000 982.1
950000 981.3
955000 978.2
960000 977.3
965000 971.7
970000 980.8
975000 972.0
980000 977.0
985000 977.1
990000 981.4
995000 975.6
1000000 977.3
1005000 977.6
1010000 979.1
1015000 984.1
1020000 975.7
1025000 976.8
1030000 979.1
1035000 978.3
1040000 978.6
1045000 973.1
1050000 971.6
1055000 979.8
1060000 976.0
1065000 973.5
1070000 971.9
1075000 979.1
1080000 980.2
1085000 974.8
1090000 973.9
1095000 973.9
1100000 980.9
1105000 979.3
1110000 982.3
1115000 976.5
1120000 980.7
1125000 963.7
1130000 977.7
1135000 949.8
1140000 978.3
1145000 971.0
1150000 973.2
1155000 980.3
1160000 972.1
1165000 973.6
1170000 971.7
1175000 970.2
1180000 976.1
1185000 978.3
1190000 975.3
1195000 980.9
1200000 978.2
1205000 974.0
1210000 976.5
1215000 980.1
1220000 985.1
1225000 972.4
1230000 973.0
1235000 970.1
1240000 979.0
1245000 975.5
1250000 973.3
1255000 977.0
1260000 978.1
1265000 975.7
1270000 973.0
1275000 972.4
1280000 974.4
1285000 967.9
1290000 977.1
1295000 972.2
1300000 978.8
1305000 981.5
1310000 979.8
1315000 973.7
1320000 981.6
1325000 977.3
1330000 964.2
1335000 982.3
1340000 978.6
1345000 972.0
1350000 972.7
1355000 979.0
1360000 973.8
1365000 976.4
1370000 977.3
1375000 965.2
1380000 979.2
1385000 983.5
1390000 980.8
1395000 978.6
1400000 982.1
1405000 971.9
1410000 972.3
1415000 981.1
1420000 978.2
1425000 970.7
1430000 982.0
1435000 974.0
1440000 975.3
1445000 967.6
1450000 969.8
1455000 975.6
1460000 977.8
1465000 977.4
1470000 981.2
1475000 979.7
1480000 976.9
1485000 978.9
1490000 974.2
1495000 979.1
1500000 981.5
1505000 982.1
1510000 979.3
1515000 976.0
1520000 976.6
1525000 970.3
1530000 972.7
1535000 982.4
1540000 980.4
1545000 984.2
1550000 976.4
1555000 970.9
1560000 973.7
1565000 970.8
1570000 982.2
1575000 977.7
1580000 967.5
1585000 973.9
1590000 967.4
1595000 969.3
1600000 974.9
1605000 975.5
1610000 974.9
1615000 978.6
1620000 978.7
1625000 969.0
1630000 978.0
1635000 978.9
1640000 976.6
1645000 978.5
1650000 977.6
1655000 980.7
1660000 975.8
1665000 976.2
1670000 975.2
1675000 976.0
1680000 975.4
1685000 963.8
1690000 973.2
1695000 975.2
1700000 975.1
1705000 978.6
1710000 981.6
1715000 982.7
1720000 974.5
1725000 977.6
1730000 972.4
1735000 974.3
1740000 981.3
1745000 974.1
1750000 981.2
1755000 985.1
1760000 977.1
1765000 959.5
1770000 976.7
1775000 974.7
1780000 973.9
1785000 974.8
1790000 966.8
1795000 982.3
1800000 986.9
1805000 971.0
1810000 893.0
1815000 983.0
1820000 977.3
1825000 979.0
1830000 978.1
1835000 974.5
1840000 980.3
1845000 970.6
1850000 978.8
1855000 973.9
1860000 977.3
1865000 988.3
1870000 879.7
1875000 974.2
1880000 977.8
1885000 974.7
1890000 970.4
1895000 976.2
1900000 972.6
1905000 963.5
1910000 980.1
1915000 969.5
1920000 979.1
1925000 976.1
1930000 974.6
1935000 978.2
1940000 981.2
1945000 983.1
1950000 983.2
1955000 981.4
1960000 978.0
1965000 976.9
1970000 973.3
1975000 984.0
1980000 976.5
1985000 979.6
1990000 977.1
1995000 981.2
2000000 978.1
