5000 17.4
10000 22.6
15000 168.7
20000 321.8
25000 427.1
30000 659.5
35000 890.4
40000 891.7
45000 915.0
50000 896.4
55000 846.7
60000 808.9
65000 725.7
70000 908.3
75000 940.1
80000 913.7
85000 955.1
90000 950.5
95000 960.6
100000 945.6
105000 945.1
110000 952.5
115000 962.9
120000 951.4
125000 960.0
130000 926.2
135000 793.7
140000 929.2
145000 955.6
150000 918.3
155000 936.2
160000 919.5
165000 967.9
170000 966.7
175000 959.8
180000 959.3
185000 965.6
190000 935.1
195000 955.3
200000 956.9
205000 959.4
210000 942.1
215000 949.7
220000 961.0
225000 959.7
230000 962.4
235000 953.9
240000 957.1
245000 969.8
250000 971.9
255000 957.9
260000 973.3
265000 965.6
270000 964.9
275000 960.1
280000 964.0
285000 964.5
290000 953.7
295000 955.4
300000 956.9
305000 958.2
310000 969.1
315000 874.1
320000 971.0
325000 968.3
330000 968.1
335000 968.5
340000 972.2
345000 966.1
350000 973.0
355000 974.6
360000 976.7
365000 971.3
370000 963.7
375000 976.4
380000 972.1
385000 968.6
390000 967.7
395000 976.2
400000 973.7
405000 970.9
410000 966.5
415000 973.2
420000 975.2
425000 975.6
430000 976.5
435000 973.7
440000 975.4
445000 964.9
450000 972.0
455000 978.4
460000 975.7
465000 969.5
470000 974.1
475000 968.3
480000 970.3
485000 969.8
490000 973.9
495000 979.8
500000 975.1
505000 977.6
510000 974.0
515000 969.0
520000 976.1
525000 975.8
530000 985.4
535000 973.3
540000 973.8
545000 971.1
550000 973.0
555000 975.0
560000 980.3
565000 975.1
570000 977.2
575000 968.3
580000 975.2
585000 979.2
590000 973.8
595000 969.7
600000 980.6
605000 974.6
610000 974.9
615000 976.3
620000 978.5
625000 977.6
630000 975.8
635000 966.5
640000 974.7
645000 968.2
650000 972.6
655000 981.6
660000 978.2
665000 976.3
670000 979.8
675000 978.9
680000 973.6
685000 971.2
690000 980.5
695000 972.0
700000 974.1
705000 979.4
710000 979.4
715000 978.1
720000 977.7
725000 978.4
730000 976.0
735000 981.7
740000 976.5
745000 981.6
750000 978.9
755000 972.0
760000 976.0
765000 981.0
770000 982.3
775000 976.4
780000 970.6
785000 974.8
790000 976.3
795000 978.9
800000 974.7
805000 971.2
810000 970.2
815000 978.9
820000 977.0
825000 977.6
830000 972.3
835000 976.0
840000 973.3
845000 977.9
850000 984.8
855000 979.9
860000 976.1
865000 980.1
870000 983.5
875000 977.7
880000 978.8
885000 974.4
890000 977.7
895000 979.8
900000 978.7
905000 981.9
910000 972.9
915000 976.8
920000 978.0
925000 985.7
930000 976.2
935000 980.3
940000 972.5
945000 981.5
950000 977.1
955000 972.6
960000 976.6
965000 973.9
970000 974.7
975000 974.6
980000 977.1
985000 981.5
990000 974.6
995000 973.7
1000000 973.2
1005000 977.3
1010000 981.3
1015000 985.0
1020000 980.3
1025000 984.1
1030000 983.4
1035000 969.6
1040000 981.6
1045000 977.1
1050000 971.9
1055000 978.0
1060000 971.3
1065000 977.8
1070000 980.5
1075000 979.4
1080000 983.9
1085000 979.8
1090000 981.6
1095000 982.5
1100000 980.5
1105000 979.8
1110000 979.2
1115000 976.4
1120000 973.2
1125000 977.6
1130000 976.0
1135000 978.9
1140000 975.7
1145000 976.9
1150000 962.5
1155000 982.5
1160000 983.0
1165000 979.7
1170000 964.5
1175000 968.5
1180000 979.4
1185000 973.5
1190000 976.9
1195000 978.0
1200000 977.3
1205000 880.4
1210000 879.9
1215000 977.2
1220000 975.0
1225000 978.8
1230000 984.2
1235000 966.0
1240000 978.0
1245000 969.9
1250000 975.0
1255000 976.3
1260000 966.6
1265000 981.3
1270000 885.7
1275000 975.6
1280000 980.6
1285000 974.4
1290000 974.7
1295000 953.7
1300000 975.4
1305000 975.5
1310000 983.3
1315000 978.9
1320000 978.7
1325000 970.9
1330000 974.8
1335000 972.0
1340000 977.5
1345000 979.8
1350000 974.3
1355000 973.0
1360000 981.6
1365000 969.0
1370000 980.1
1375000 879.0
1380000 982.9
1385000 978.8
1390000 971.8
1395000 977.7
1400000 986.2
1405000 981.2
1410000 983.5
1415000 979.3
1420000 978.0
1425000 979.8
1430000 973.0
1435000 974.2
1440000 981.9
1445000 965.4
1450000 976.5
1455000 977.0
1460000 981.4
1465000 974.7
1470000 985.6
1475000 981.3
1480000 978.9
1485000 976.6
1490000 981.1
1495000 977.0
1500000 976.6
1505000 982.3
1510000 976.9
1515000 978.9
1520000 984.7
1525000 960.1
1530000 975.9
1535000 982.0
1540000 979.6
1545000 976.8
1550000 979.0
1555000 978.5
1560000 976.4
1565000 978.4
1570000 975.8
1575000 976.9
1580000 981.1
1585000 971.5
1590000 970.7
1595000 975.4
1600000 983.1
1605000 974.5
1610000 977.2
1615000 977.6
1620000 981.9
1625000 974.0
1630000 978.6
1635000 974.6
1640000 979.9
1645000 972.7
1650000 980.0
1655000 978.6
1660000 981.6
1665000 967.3
1670000 979.0
1675000 979.4
1680000 981.5
1685000 971.5
1690000 977.9
1695000 979.5
1700000 985.1
1705000 980.7
1710000 981.2
1715000 986.2
1720000 980.7
1725000 978.6
1730000 982.4
1735000 976.4
1740000 973.8
1745000 984.1
1750000 976.3
1755000 984.9
1760000 976.9
1765000 962.4
1770000 966.1
1775000 982.6
1780000 979.3
1785000 973.4
1790000 973.3
1795000 975.1
1800000 973.2
1805000 985.0
1810000 984.0
1815000 980.9
1820000 977.1
1825000 972.9
1830000 978.7
1835000 979.0
1840000 975.1
1845000 969.4
1850000 979.9
1855000 980.8
1860000 977.8
1865000 980.1
1870000 981.4
1875000 973.1
1880000 978.2
1885000 978.2
1890000 984.2
1895000 978.7
1900000 974.9
1905000 978.6
1910000 975.1
1915000 973.9
1920000 980.6
1925000 971.0
1930000 977.2
1935000 982.4
1940000 976.4
1945000 974.6
1950000 980.9
1955000 980.1
1960000 971.7
1965000 977.9
1970000 974.7
1975000 971.6
1980000 977.3
1985000 981.6
1990000 976.7
1995000 975.7
2000000 976.0
