5000 18.6
10000 29.7
15000 122.6
20000 253.7
25000 372.0
30000 367.7
35000 414.9
40000 494.5
45000 654.0
50000 753.0
55000 936.0
60000 909.7
65000 928.2
70000 936.3
75000 934.5
80000 856.9
85000 944.5
90000 968.5
95000 951.5
100000 596.4
105000 953.7
110000 952.2
115000 969.9
120000 966.0
125000 857.9
130000 955.3
135000 961.1
140000 962.8
145000 945.1
150000 969.7
155000 959.4
160000 950.0
165000 971.2
170000 967.0
175000 973.7
180000 962.7
185000 962.0
190000 960.5
195000 954.8
200000 967.8
205000 956.8
210000 954.9
215000 956.2
220000 966.4
225000 972.0
230000 965.8
235000 954.8
240000 963.6
245000 958.0
250000 958.6
255000 963.4
260000 966.5
265000 962.9
270000 974.1
275000 965.8
280000 965.1
285000 978.6
290000 966.5
295000 970.9
300000 964.7
305000 970.9
310000 977.0
315000 971.3
320000 964.8
325000 975.8
330000 974.7
335000 969.7
340000 973.6
345000 964.4
350000 974.5
355000 964.9
360000 966.4
365000 968.8
370000 970.1
375000 968.3
380000 966.7
385000 967.8
390000 974.1
395000 964.9
400000 971.2
405000 965.0
410000 965.9
415000 976.0
420000 953.2
425000 966.9
430000 974.7
435000 961.4
440000 966.5
445000 979.7
450000 971.6
455000 966.0
460000 971.9
465000 973.3
470000 961.1
475000 975.6
480000 964.7
485000 960.9
490000 973.7
495000 971.7
500000 973.4
505000 963.3
510000 975.6
515000 979.2
520000 980.2
525000 976.1
530000 975.9
535000 967.0
540000 963.8
545000 966.6
550000 969.1
555000 973.1
560000 978.2
565000 977.2
570000 972.1
575000 979.8
580000 974.4
585000 983.0
590000 974.9
595000 977.6
600000 971.1
605000 970.4
610000 967.3
615000 972.8
620000 973.4
625000 966.8
630000 964.4
635000 976.6
640000 972.8
645000 963.9
650000 977.2
655000 966.6
660000 976.5
665000 971.7
670000 974.9
675000 975.6
680000 970.4
685000 975.8
690000 972.7
695000 977.5
700000 973.4
705000 976.8
710000 976.6
715000 968.8
720000 973.2
725000 973.6
730000 974.7
735000 974.5
740000 979.8
745000 976.0
750000 978.7
755000 978.4
760000 974.8
765000 978.1
770000 981.2
775000 975.6
780000 969.2
785000 972.7
790000 977.8
795000 968.9
800000 966.2
805000 974.5
810000 971.0
815000 972.2
820000 976.5
825000 981.3
830000 977.2
835000 972.7
840000 981.7
845000 976.8
850000 967.6
855000 974.9
860000 977.8
865000 976.1
870000 978.1
875000 976.1
880000 976.1
885000 973.1
890000 974.1
895000 976.6
900000 983.4
905000 977.7
910000 979.2
915000 979.1
920000 975.5
925000 976.8
930000 975.6
935000 975.6
940000 979.2
945000 979.5
950000 980.5
955000 984.8
960000 977.6
965000 972.1
970000 974.8
975000 978.0
980000 980.2
985000 979.1
990000 980.4
995000 979.6
1000000 975.0
1005000 978.1
1010000 976.7
1015000 973.5
1020000 974.2
1025000 978.5
1030000 973.6
1035000 976.5
1040000 933.8
1045000 969.8
1050000 972.3
1055000 977.2
1060000 976.1
1065000 985.2
1070000 972.3
1075000 974.3
1080000 975.7
1085000 973.4
1090000 976.5
1095000 973.8
1100000 973.9
1105000 976.3
1110000 974.8
1115000 982.7
1120000 871.8
1125000 961.1
1130000 975.0
1135000 973.6
1140000 975.6
1145000 976.9
1150000 975.8
1155000 977.2
1160000 970.6
1165000 980.8
1170000 977.8
1175000 977.9
1180000 977.6
1185000 982.7
1190000 981.5
1195000 976.7
1200000 977.2
1205000 962.1
1210000 968.3
1215000 974.0
1220000 979.3
1225000 966.1
1230000 979.4
1235000 978.6
1240000 969.2
1245000 983.4
1250000 975.9
1255000 971.4
1260000 977.9
1265000 962.6
1270000 967.6
1275000 970.9
1280000 976.1
1285000 979.7
1290000 980.7
1295000 974.2
1300000 978.2
1305000 972.4
1310000 975.4
1315000 976.7
1320000 970.2
1325000 968.2
1330000 974.6
1335000 981.4
1340000 977.5
1345000 972.6
1350000 979.6
1355000 973.8
1360000 976.5
1365000 956.0
1370000 972.5
1375000 973.4
1380000 973.7
1385000 979.1
1390000 975.2
1395000 972.9
1400000 972.1
1405000 980.0
1410000 978.8
1415000 966.7
1420000 985.3
1425000 974.0
1430000 973.5
1435000 974.2
1440000 971.0
1445000 971.5
1450000 967.8
1455000 975.7
1460000 975.2
1465000 981.6
1470000 981.0
1475000 979.2
1480000 972.1
1485000 969.4
1490000 979.5
1495000 981.1
1500000 979.5
1505000 980.8
1510000 968.5
1515000 969.7
1520000 978.3
1525000 977.1
1530000 971.4
1535000 980.1
1540000 980.0
1545000 974.8
1550000 972.1
1555000 981.6
1560000 975.4
1565000 981.2
1570000 977.6
1575000 977.9
1580000 972.9
1585000 978.8
1590000 981.7
1595000 974.9
1600000 977.0
1605000 973.2
1610000 973.6
1615000 982.8
1620000 973.6
1625000 975.3
1630000 975.1
1635000 979.7
1640000 974.8
1645000 966.0
1650000 984.0
1655000 978.2
1660000 981.2
1665000 978.7
1670000 984.0
1675000 970.0
1680000 973.5
1685000 966.9
1690000 961.3
1695000 978.5
1700000 980.7
1705000 973.9
1710000 974.5
1715000 977.2
1720000 977.5
1725000 981.1
1730000 982.0
1735000 970.2
1740000 977.7
1745000 976.1
1750000 974.4
1755000 976.0
1760000 978.1
1765000 975.7
1770000 978.6
1775000 972.1
1780000 978.0
1785000 976.0
1790000 984.1
1795000 976.5
1800000 976.0
1805000 983.6
1810000 973.4
1815000 975.6
1820000 980.5
1825000 979.2
1830000 980.4
1835000 974.5
1840000 894.1
1845000 974.0
1850000 976.9
1855000 972.7
1860000 972.3
1865000 976.5
1870000 981.3
1875000 976.6
1880000 979.9
1885000 979.5
1890000 975.1
1895000 966.9
1900000 976.8
1905000 972.2
1910000 976.4
1915000 977.2
1920000 975.1
1925000 969.8
1930000 980.2
1935000 971.5
1940000 969.7
1945000 974.5
1950000 973.5
1955000 984.1
1960000 984.0
1965000 974.1
1970000 983.5
1975000 968.7
1980000 977.5
1985000 975.3
1990000 977.8
1995000 981.4
2000000 973.2
