5000 300.0
10000 102.4
15000 99.6
20000 0.0
25000 252.0
30000 114.6
35000 122.0
40000 1.6
45000 296.5
50000 486.9
55000 378.9
60000 295.5
65000 396.8
70000 285.1
75000 294.0
80000 490.4
85000 243.0
90000 562.0
95000 469.1
100000 551.8
105000 483.4
110000 386.0
115000 547.2
120000 484.3
125000 438.6
130000 379.2
135000 574.3
140000 486.0
145000 869.8
150000 544.9
155000 662.2
160000 850.2
165000 542.3
170000 850.8
175000 776.8
180000 673.7
185000 672.2
190000 947.6
195000 875.4
200000 947.9
205000 865.4
210000 660.9
215000 775.2
220000 585.6
225000 680.1
230000 867.8
235000 685.1
240000 974.7
245000 959.4
250000 765.9
255000 694.6
260000 933.4
265000 863.0
270000 963.3
275000 959.7
280000 690.5
285000 968.3
290000 770.2
295000 777.4
300000 868.6
305000 769.4
310000 968.5
315000 959.1
320000 914.5
325000 978.0
330000 842.4
335000 864.9
340000 957.9
345000 970.2
350000 770.6
355000 963.7
360000 956.8
365000 969.6
370000 882.9
375000 964.6
380000 966.3
385000 975.6
390000 866.4
395000 978.1
400000 868.5
405000 974.0
410000 984.2
415000 960.7
420000 967.6
425000 883.6
430000 951.1
435000 967.4
440000 972.0
445000 963.6
450000 778.2
455000 853.9
460000 977.6
465000 871.4
470000 871.8
475000 679.6
480000 863.7
485000 961.6
490000 965.8
495000 977.4
500000 979.9
505000 967.3
510000 873.0
515000 964.8
520000 965.6
525000 976.0
530000 868.6
535000 874.8
540000 962.5
545000 968.9
550000 881.9
555000 964.8
560000 977.8
565000 982.9
570000 979.3
575000 949.5
580000 972.7
585000 976.3
590000 768.7
595000 973.4
600000 964.1
605000 975.4
610000 974.6
615000 865.6
620000 980.3
625000 980.6
630000 967.7
635000 866.2
640000 974.8
645000 980.9
650000 883.0
655000 972.2
660000 976.9
665000 870.2
670000 972.0
675000 972.7
680000 974.0
685000 980.4
690000 972.8
695000 977.7
700000 879.1
705000 875.9
710000 968.8
715000 974.7
720000 968.9
725000 968.1
730000 969.4
735000 779.6
740000 974.8
745000 970.3
750000 970.3
755000 982.8
760000 872.3
765000 972.3
770000 969.3
775000 878.0
780000 958.6
785000 865.7
790000 958.2
795000 968.1
800000 968.6
805000 980.7
810000 870.0
815000 971.9
820000 967.5
825000 928.7
830000 975.1
835000 980.1
840000 978.4
845000 972.9
850000 883.2
855000 961.4
860000 872.6
865000 980.2
870000 969.4
875000 974.7
880000 967.3
885000 974.3
890000 972.1
895000 969.4
900000 971.8
905000 967.7
910000 965.5
915000 980.6
920000 979.1
925000 968.2
930000 979.1
935000 975.4
940000 968.8
945000 970.4
950000 974.0
955000 959.4
960000 967.3
965000 959.5
970000 868.3
975000 980.9
980000 880.7
985000 975.7
990000 879.1
995000 973.3
1000000 973.6
