5000 0.0
10000 0.0
15000 0.0
20000 100.5
25000 201.2
30000 3.9
35000 196.9
40000 100.5
45000 49.3
50000 308.7
55000 308.1
60000 195.8
65000 196.5
70000 486.7
75000 481.6
80000 379.4
85000 287.2
90000 115.4
95000 577.5
100000 582.2
105000 300.3
110000 453.8
115000 581.6
120000 287.2
125000 282.8
130000 579.6
135000 199.3
140000 479.6
145000 390.2
150000 671.0
155000 486.3
160000 481.2
165000 579.3
170000 573.0
175000 866.4
180000 766.2
185000 803.7
190000 483.3
195000 567.4
200000 852.0
205000 585.9
210000 675.4
215000 768.2
220000 860.8
225000 788.9
230000 567.5
235000 766.5
240000 570.0
245000 819.4
250000 875.6
255000 573.6
260000 959.6
265000 735.8
270000 865.0
275000 962.5
280000 954.5
285000 762.1
290000 876.2
295000 935.6
300000 758.2
305000 778.7
310000 764.3
315000 579.4
320000 769.3
325000 781.7
330000 871.9
335000 860.8
340000 776.6
345000 771.9
350000 770.4
355000 888.6
360000 842.3
365000 962.0
370000 973.3
375000 854.1
380000 927.5
385000 974.3
390000 869.6
395000 953.4
400000 762.9
405000 867.5
410000 875.4
415000 873.1
420000 878.5
425000 577.1
430000 960.7
435000 958.7
440000 875.9
445000 861.9
450000 950.9
455000 772.9
460000 961.8
465000 774.7
470000 759.5
475000 871.5
480000 879.5
485000 870.9
490000 881.9
495000 968.8
500000 877.4
505000 955.5
510000 962.7
515000 947.1
520000 966.7
525000 970.9
530000 875.4
535000 962.6
540000 969.4
545000 952.4
550000 870.0
555000 972.3
560000 981.5
565000 867.4
570000 874.3
575000 973.2
580000 966.7
585000 967.0
590000 874.0
595000 949.9
600000 961.8
605000 967.2
610000 968.8
615000 766.9
620000 967.7
625000 871.3
630000 971.1
635000 973.6
640000 964.6
645000 970.2
650000 868.2
655000 957.1
660000 958.9
665000 969.7
670000 970.3
675000 962.8
680000 872.7
685000 978.6
690000 873.6
695000 967.2
700000 877.1
705000 770.3
710000 968.4
715000 961.1
720000 980.2
725000 879.1
730000 974.9
735000 971.6
740000 964.6
745000 960.1
750000 962.7
755000 964.7
760000 974.1
765000 965.3
770000 959.4
775000 969.9
780000 870.5
785000 968.4
790000 983.8
795000 976.4
800000 977.9
805000 875.4
810000 972.6
815000 972.2
820000 880.1
825000 883.0
830000 963.2
835000 974.8
840000 973.5
845000 977.5
850000 956.8
855000 974.8
860000 974.4
865000 969.9
870000 869.3
875000 881.3
880000 956.2
885000 965.9
890000 935.2
895000 981.3
900000 968.0
905000 961.8
910000 772.8
915000 975.0
920000 875.2
925000 974.7
930000 877.6
935000 978.9
940000 971.8
945000 981.3
950000 978.7
955000 976.0
960000 962.4
965000 973.2
970000 974.9
975000 967.8
980000 960.0
985000 878.7
990000 868.9
995000 965.6
1000000 986.2
