5000 0.0
10000 0.0
15000 8.2
20000 57.3
25000 0.8
30000 102.1
35000 456.6
40000 204.1
45000 217.4
50000 204.0
55000 384.4
60000 668.3
65000 584.4
70000 396.9
75000 488.0
80000 277.2
85000 456.8
90000 188.0
95000 292.5
100000 96.5
105000 677.2
110000 191.3
115000 395.9
120000 624.6
125000 483.6
130000 386.3
135000 577.3
140000 481.3
145000 765.0
150000 851.5
155000 574.7
160000 866.5
165000 379.1
170000 967.4
175000 670.4
180000 668.2
185000 766.0
190000 975.3
195000 962.8
200000 948.3
205000 960.6
210000 969.0
215000 569.6
220000 782.8
225000 862.9
230000 865.9
235000 670.7
240000 874.7
245000 864.9
250000 860.4
255000 675.3
260000 960.4
265000 867.8
270000 968.5
275000 766.4
280000 757.8
285000 966.4
290000 871.5
295000 972.8
300000 569.1
305000 774.7
310000 874.0
315000 782.9
320000 877.9
325000 777.6
330000 969.1
335000 872.9
340000 775.9
345000 944.7
350000 877.2
355000 962.1
360000 967.3
365000 771.3
370000 976.8
375000 954.8
380000 833.8
385000 961.7
390000 965.6
395000 859.2
400000 766.7
405000 979.9
410000 972.6
415000 972.1
420000 677.9
425000 780.2
430000 959.2
435000 963.3
440000 682.4
445000 871.1
450000 882.2
455000 954.1
460000 973.1
465000 867.5
470000 873.0
475000 873.5
480000 964.4
485000 881.7
490000 980.0
495000 974.6
500000 864.9
505000 880.6
510000 848.7
515000 971.0
520000 975.5
525000 967.5
530000 869.5
535000 981.4
540000 962.3
545000 962.2
550000 848.3
555000 779.5
560000 876.2
565000 872.4
570000 770.9
575000 868.6
580000 967.3
585000 977.3
590000 973.1
595000 968.9
600000 967.3
605000 958.5
610000 973.6
615000 975.6
620000 959.2
625000 789.8
630000 969.8
635000 975.2
640000 880.1
645000 883.3
650000 974.8
655000 981.8
660000 871.8
665000 868.3
670000 959.6
675000 973.2
680000 864.3
685000 967.7
690000 876.3
695000 865.8
700000 970.6
705000 880.6
710000 974.7
715000 974.3
720000 965.1
725000 958.9
730000 979.5
735000 961.4
740000 967.6
745000 878.6
750000 976.3
755000 970.3
760000 976.4
765000 876.7
770000 877.2
775000 960.1
780000 974.2
785000 889.3
790000 972.5
795000 977.4
800000 967.4
805000 970.3
810000 968.0
815000 962.5
820000 951.0
825000 780.1
830000 967.5
835000 970.5
840000 980.1
845000 975.2
850000 978.7
855000 960.7
860000 879.2
865000 981.2
870000 963.2
875000 971.3
880000 982.1
885000 975.1
890000 873.3
895000 967.9
900000 975.1
905000 884.6
910000 970.2
915000 966.6
920000 975.8
925000 973.8
930000 977.3
935000 961.6
940000 884.8
945000 972.6
950000 975.5
955000 976.8
960000 871.8
965000 979.4
970000 978.6
975000 978.1
980000 974.4
985000 973.6
990000 876.7
995000 971.2
1000000 972.5
