5000 100.0
10000 0.0
15000 123.4
20000 170.4
25000 215.3
30000 221.3
35000 167.5
40000 279.1
45000 34.6
50000 178.1
55000 0.0
60000 109.2
65000 464.1
70000 180.1
75000 490.7
80000 466.1
85000 291.3
90000 561.2
95000 214.2
100000 558.9
105000 375.3
110000 582.1
115000 578.7
120000 667.4
125000 562.2
130000 483.5
135000 852.5
140000 282.4
145000 682.3
150000 574.1
155000 677.5
160000 962.1
165000 578.5
170000 771.7
175000 675.6
180000 964.1
185000 964.3
190000 869.7
195000 742.1
200000 947.1
205000 874.9
210000 899.4
215000 866.5
220000 569.6
225000 883.0
230000 848.9
235000 961.0
240000 877.5
245000 765.8
250000 881.4
255000 874.5
260000 872.4
265000 858.0
270000 765.7
275000 970.3
280000 971.5
285000 857.9
290000 866.9
295000 971.1
300000 785.5
305000 877.4
310000 949.5
315000 663.9
320000 872.7
325000 869.8
330000 872.7
335000 835.8
340000 940.5
345000 961.4
350000 870.3
355000 952.8
360000 869.7
365000 972.1
370000 841.6
375000 959.0
380000 875.0
385000 945.6
390000 638.6
395000 958.6
400000 966.4
405000 971.0
410000 960.4
415000 861.3
420000 961.7
425000 973.7
430000 972.7
435000 821.8
440000 985.2
445000 970.0
450000 972.3
455000 867.2
460000 873.8
465000 855.0
470000 850.6
475000 875.3
480000 973.9
485000 951.1
490000 977.4
495000 970.9
500000 883.9
505000 975.1
510000 967.7
515000 962.1
520000 860.2
525000 964.3
530000 966.7
535000 973.6
540000 971.1
545000 870.5
550000 973.8
555000 870.4
560000 957.4
565000 971.6
570000 956.8
575000 970.2
580000 959.7
585000 958.1
590000 970.6
595000 866.1
600000 951.7
605000 850.5
610000 770.4
615000 973.9
620000 969.0
625000 963.4
630000 870.9
635000 972.5
640000 972.6
645000 965.2
650000 969.7
655000 967.0
660000 976.4
665000 970.2
670000 965.7
675000 967.4
680000 960.4
685000 967.4
690000 968.9
695000 973.9
700000 968.5
705000 969.8
710000 955.6
715000 977.9
720000 967.3
725000 961.6
730000 973.5
735000 968.9
740000 969.7
745000 953.1
750000 959.1
755000 976.8
760000 873.3
765000 966.1
770000 970.5
775000 965.4
780000 866.2
785000 969.3
790000 976.0
795000 963.7
800000 959.6
805000 957.4
810000 973.3
815000 969.0
820000 963.7
825000 967.0
830000 977.3
835000 967.0
840000 971.3
845000 972.9
850000 967.1
855000 972.9
860000 969.2
865000 963.7
870000 966.8
875000 881.8
880000 972.3
885000 962.0
890000 974.5
895000 962.1
900000 865.9
905000 866.3
910000 970.9
915000 953.7
920000 954.4
925000 950.3
930000 777.8
935000 973.8
940000 975.2
945000 960.0
950000 958.7
955000 972.3
960000 954.2
965000 972.7
970000 873.1
975000 960.3
980000 974.8
985000 888.3
990000 974.3
995000 967.6
1000000 970.8
