5000 0.0
10000 201.4
15000 3.8
20000 239.6
25000 94.1
30000 390.6
35000 98.8
40000 0.0
45000 160.4
50000 487.7
55000 577.3
60000 355.2
65000 377.8
70000 204.4
75000 393.8
80000 475.4
85000 286.2
90000 370.9
95000 388.9
100000 577.8
105000 573.3
110000 473.6
115000 375.4
120000 487.9
125000 579.6
130000 659.7
135000 659.6
140000 573.5
145000 767.7
150000 475.1
155000 941.6
160000 664.1
165000 873.4
170000 852.3
175000 750.7
180000 762.1
185000 672.9
190000 766.0
195000 769.3
200000 867.6
205000 784.4
210000 766.1
215000 962.7
220000 610.7
225000 852.7
230000 750.5
235000 856.3
240000 773.8
245000 961.6
250000 773.4
255000 745.1
260000 920.3
265000 857.7
270000 944.5
275000 874.4
280000 868.2
285000 971.3
290000 963.4
295000 770.1
300000 952.5
305000 585.8
310000 861.8
315000 841.2
320000 875.0
325000 766.0
330000 764.0
335000 968.0
340000 853.2
345000 978.8
350000 876.1
355000 954.4
360000 867.0
365000 773.6
370000 964.7
375000 967.0
380000 765.4
385000 771.5
390000 862.8
395000 777.6
400000 877.9
405000 972.9
410000 871.7
415000 974.3
420000 867.8
425000 965.0
430000 976.8
435000 967.5
440000 958.2
445000 963.9
450000 881.9
455000 880.1
460000 961.6
465000 973.2
470000 956.8
475000 959.9
480000 969.7
485000 886.9
490000 975.2
495000 961.8
500000 971.7
505000 967.2
510000 973.1
515000 864.6
520000 976.6
525000 777.9
530000 965.5
535000 828.9
540000 865.8
545000 946.7
550000 974.1
555000 976.5
560000 866.6
565000 979.5
570000 970.9
575000 965.9
580000 975.2
585000 971.3
590000 960.9
595000 976.9
600000 968.4
605000 966.3
610000 971.9
615000 967.9
620000 972.4
625000 981.6
630000 954.0
635000 970.2
640000 873.0
645000 971.3
650000 969.4
655000 963.7
660000 975.2
665000 971.9
670000 862.4
675000 965.4
680000 959.3
685000 965.4
690000 867.4
695000 972.6
700000 976.9
705000 956.6
710000 956.6
715000 978.7
720000 967.2
725000 970.8
730000 961.8
735000 874.1
740000 953.8
745000 955.4
750000 964.6
755000 977.6
760000 867.2
765000 973.3
770000 969.9
775000 963.9
780000 958.0
785000 982.1
790000 972.2
795000 973.0
800000 967.7
805000 965.2
810000 967.8
815000 965.2
820000 974.8
825000 966.8
830000 972.0
835000 970.6
840000 966.7
845000 975.3
850000 966.2
855000 961.0
860000 971.4
865000 965.1
870000 963.1
875000 950.1
880000 882.2
885000 970.2
890000 873.3
895000 974.1
900000 981.7
905000 964.8
910000 967.5
915000 962.4
920000 969.2
925000 974.2
930000 968.2
935000 867.9
940000 972.1
945000 973.2
950000 872.7
955000 977.8
960000 962.6
965000 967.2
970000 975.4
975000 978.8
980000 972.5
985000 974.4
990000 879.0
995000 970.7
1000000 972.2
