5000 0.0
10000 200.0
15000 0.0
20000 17.9
25000 100.0
30000 98.5
35000 1.7
40000 193.4
45000 104.1
50000 104.3
55000 106.6
60000 104.5
65000 262.9
70000 283.8
75000 197.3
80000 579.7
85000 224.4
90000 363.7
95000 371.9
100000 368.2
105000 575.3
110000 376.6
115000 418.6
120000 459.4
125000 387.1
130000 680.6
135000 290.9
140000 491.3
145000 565.9
150000 658.2
155000 293.7
160000 574.0
165000 386.6
170000 659.6
175000 474.7
180000 671.9
185000 493.6
190000 676.9
195000 389.3
200000 488.0
205000 394.9
210000 671.3
215000 771.0
220000 681.1
225000 575.2
230000 485.0
235000 296.7
240000 573.3
245000 396.6
250000 354.4
255000 667.4
260000 783.3
265000 484.5
270000 769.3
275000 874.3
280000 864.9
285000 770.5
290000 765.2
295000 862.2
300000 585.1
305000 762.4
310000 587.2
315000 775.0
320000 769.3
325000 673.0
330000 874.1
335000 975.9
340000 592.4
345000 879.7
350000 479.6
355000 675.1
360000 676.4
365000 876.5
370000 847.7
375000 955.8
380000 775.2
385000 660.8
390000 586.5
395000 768.2
400000 771.7
405000 868.6
410000 582.1
415000 748.3
420000 970.7
425000 975.0
430000 773.4
435000 584.7
440000 980.4
445000 961.1
450000 869.5
455000 775.6
460000 859.4
465000 765.6
470000 676.7
475000 854.4
480000 868.9
485000 762.9
490000 868.0
495000 874.7
500000 865.6
505000 940.9
510000 878.4
515000 956.9
520000 865.3
525000 960.8
530000 875.7
535000 862.6
540000 964.4
545000 768.0
550000 954.9
555000 873.4
560000 929.5
565000 961.2
570000 966.9
575000 963.4
580000 978.3
585000 860.8
590000 963.1
595000 871.1
600000 873.7
605000 867.0
610000 963.6
615000 959.6
620000 964.1
625000 870.2
630000 956.4
635000 970.7
640000 971.6
645000 977.8
650000 876.6
655000 971.4
660000 970.2
665000 971.6
670000 974.7
675000 984.2
680000 972.5
685000 874.8
690000 770.6
695000 971.2
700000 876.6
705000 966.3
710000 770.9
715000 978.4
720000 782.7
725000 866.4
730000 949.1
735000 765.7
740000 973.6
745000 964.5
750000 973.9
755000 972.3
760000 975.7
765000 878.1
770000 979.5
775000 976.9
780000 966.8
785000 878.2
790000 873.5
795000 779.9
800000 973.8
805000 970.9
810000 977.8
815000 960.4
820000 977.0
825000 870.6
830000 975.7
835000 965.5
840000 971.7
845000 772.5
850000 972.2
855000 976.6
860000 969.5
865000 868.8
870000 871.1
875000 870.8
880000 974.6
885000 971.5
890000 976.7
895000 971.5
900000 965.7
905000 976.1
910000 974.3
915000 965.5
920000 972.3
925000 875.1
930000 964.7
935000 976.2
940000 969.4
945000 961.5
950000 967.8
955000 969.5
960000 966.9
965000 970.9
970000 978.9
975000 973.5
980000 965.6
985000 979.2
990000 983.7
995000 965.8
1000000 974.1
