5000 200.0
10000 109.4
15000 0.0
20000 0.0
25000 0.0
30000 156.9
35000 295.2
40000 0.3
45000 102.6
50000 100.0
55000 101.3
60000 75.6
65000 272.9
70000 68.3
75000 292.1
80000 0.5
85000 202.8
90000 296.1
95000 567.3
100000 188.0
105000 199.2
110000 188.9
115000 190.3
120000 294.5
125000 184.0
130000 292.2
135000 294.4
140000 582.6
145000 381.2
150000 491.8
155000 629.6
160000 784.2
165000 344.9
170000 583.5
175000 396.3
180000 585.7
185000 679.4
190000 578.9
195000 487.1
200000 471.5
205000 609.2
210000 488.8
215000 582.8
220000 470.4
225000 477.0
230000 973.8
235000 851.3
240000 786.6
245000 584.2
250000 768.3
255000 765.5
260000 770.8
265000 773.9
270000 677.0
275000 790.5
280000 676.7
285000 850.0
290000 684.7
295000 875.3
300000 776.1
305000 759.0
310000 962.5
315000 872.7
320000 872.0
325000 870.6
330000 959.6
335000 869.8
340000 482.4
345000 764.2
350000 872.9
355000 976.9
360000 970.8
365000 971.0
370000 777.5
375000 953.2
380000 943.3
385000 766.8
390000 864.2
395000 864.9
400000 978.7
405000 950.3
410000 676.6
415000 775.8
420000 770.9
425000 879.3
430000 878.7
435000 774.8
440000 962.3
445000 770.7
450000 769.3
455000 874.2
460000 882.7
465000 964.7
470000 982.6
475000 883.5
480000 965.4
485000 962.4
490000 976.7
495000 870.7
500000 870.6
505000 673.7
510000 872.4
515000 959.4
520000 970.0
525000 956.1
530000 967.6
535000 974.9
540000 878.2
545000 769.9
550000 967.1
555000 951.6
560000 981.2
565000 964.9
570000 977.6
575000 985.2
580000 878.0
585000 969.4
590000 965.9
595000 965.4
600000 864.2
605000 876.2
610000 975.7
615000 975.1
620000 872.7
625000 970.5
630000 966.8
635000 877.3
640000 972.8
645000 962.3
650000 969.7
655000 969.9
660000 976.2
665000 868.7
670000 964.5
675000 776.7
680000 970.4
685000 774.1
690000 965.8
695000 873.7
700000 960.4
705000 976.4
710000 884.7
715000 975.1
720000 758.2
725000 966.6
730000 966.7
735000 971.7
740000 972.0
745000 876.1
750000 976.1
755000 969.0
760000 972.5
765000 979.8
770000 680.9
775000 966.7
780000 875.7
785000 973.2
790000 963.7
795000 972.9
800000 976.1
805000 963.3
810000 779.3
815000 965.2
820000 974.7
825000 959.5
830000 964.8
835000 975.6
840000 871.8
845000 982.2
850000 967.3
855000 970.6
860000 965.5
865000 980.9
870000 975.9
875000 973.1
880000 977.5
885000 982.4
890000 966.7
895000 970.0
900000 976.5
905000 877.7
910000 968.0
915000 875.8
920000 870.2
925000 979.3
930000 970.9
935000 874.1
940000 974.5
945000 878.3
950000 872.1
955000 971.6
960000 971.4
965000 875.3
970000 966.7
975000 971.5
980000 969.3
985000 976.0
990000 971.8
995000 966.2
1000000 974.1
