5000 0.0
10000 100.0
15000 0.0
20000 99.7
25000 2.5
30000 27.8
35000 8.6
40000 7.5
45000 104.4
50000 187.0
55000 388.3
60000 172.6
65000 292.1
70000 485.6
75000 193.8
80000 490.1
85000 195.2
90000 115.3
95000 191.2
100000 392.8
105000 273.2
110000 97.5
115000 397.8
120000 466.7
125000 546.5
130000 386.1
135000 574.4
140000 486.8
145000 665.6
150000 576.4
155000 296.2
160000 235.6
165000 484.0
170000 389.0
175000 782.3
180000 579.6
185000 572.2
190000 491.2
195000 772.9
200000 672.5
205000 390.9
210000 638.4
215000 765.7
220000 492.8
225000 488.0
230000 584.8
235000 787.1
240000 483.1
245000 666.5
250000 574.8
255000 863.4
260000 775.7
265000 981.2
270000 480.5
275000 669.6
280000 465.0
285000 570.5
290000 785.9
295000 611.3
300000 769.5
305000 682.8
310000 384.7
315000 571.8
320000 818.9
325000 867.1
330000 582.7
335000 668.4
340000 783.7
345000 869.3
350000 663.2
355000 682.4
360000 843.7
365000 858.2
370000 638.8
375000 764.3
380000 868.2
385000 773.8
390000 953.0
395000 969.8
400000 971.7
405000 852.1
410000 865.5
415000 968.0
420000 767.6
425000 838.3
430000 873.5
435000 956.8
440000 880.4
445000 966.8
450000 767.9
455000 950.3
460000 976.4
465000 969.1
470000 872.1
475000 861.3
480000 764.8
485000 857.0
490000 927.4
495000 663.5
500000 968.7
505000 964.0
510000 965.5
515000 963.1
520000 860.4
525000 959.2
530000 966.3
535000 774.0
540000 968.6
545000 963.2
550000 968.8
555000 962.7
560000 969.8
565000 963.0
570000 965.8
575000 972.9
580000 971.3
585000 975.5
590000 870.6
595000 961.4
600000 870.7
605000 977.4
610000 872.5
615000 968.9
620000 879.3
625000 970.2
630000 879.6
635000 968.6
640000 965.3
645000 963.7
650000 958.9
655000 980.5
660000 978.1
665000 955.0
670000 963.9
675000 974.9
680000 957.7
685000 977.5
690000 979.3
695000 787.9
700000 973.6
705000 859.8
710000 970.3
715000 877.2
720000 981.7
725000 972.5
730000 784.0
735000 969.0
740000 870.9
745000 978.9
750000 970.7
755000 777.2
760000 871.8
765000 977.6
770000 979.4
775000 973.9
780000 973.7
785000 880.1
790000 877.6
795000 974.4
800000 966.8
805000 969.9
810000 966.6
815000 951.2
820000 974.4
825000 971.2
830000 971.3
835000 967.7
840000 972.5
845000 974.8
850000 873.5
855000 980.6
860000 973.9
865000 981.8
870000 974.6
875000 968.8
880000 976.7
885000 972.1
890000 969.0
895000 971.1
900000 975.7
905000 975.8
910000 966.7
915000 976.1
920000 970.1
925000 975.0
930000 975.8
935000 967.2
940000 964.6
945000 980.7
950000 968.9
955000 968.9
960000 967.4
965000 974.3
970000 965.7
975000 970.0
980000 973.5
985000 970.1
990000 875.1
995000 973.2
1000000 969.2
