5000 4.7
10000 200.0
15000 0.0
20000 0.0
25000 109.5
30000 89.3
35000 0.0
40000 194.0
45000 0.3
50000 5.0
55000 325.3
60000 2.6
65000 9.2
70000 200.4
75000 100.0
80000 199.9
85000 194.6
90000 294.7
95000 103.0
100000 198.8
105000 91.4
110000 495.8
115000 443.4
120000 423.5
125000 190.5
130000 292.3
135000 685.6
140000 368.6
145000 584.2
150000 93.9
155000 293.5
160000 488.3
165000 395.7
170000 378.9
175000 489.2
180000 285.1
185000 384.3
190000 392.5
195000 672.0
200000 389.6
205000 295.5
210000 486.7
215000 298.8
220000 389.7
225000 187.6
230000 278.8
235000 492.1
240000 486.4
245000 569.6
250000 465.3
255000 536.6
260000 280.5
265000 551.7
270000 291.5
275000 478.5
280000 580.4
285000 481.4
290000 570.5
295000 677.0
300000 487.2
305000 386.7
310000 490.0
315000 390.1
320000 587.6
325000 771.4
330000 585.6
335000 586.5
340000 763.4
345000 483.1
350000 669.3
355000 584.1
360000 666.6
365000 459.7
370000 683.6
375000 478.6
380000 573.6
385000 676.0
390000 579.6
395000 761.7
400000 963.2
405000 586.1
410000 468.8
415000 680.4
420000 570.1
425000 775.4
430000 771.7
435000 671.0
440000 587.3
445000 564.4
450000 378.9
455000 768.5
460000 575.7
465000 768.0
470000 582.4
475000 775.9
480000 677.8
485000 582.7
490000 839.5
495000 776.2
500000 973.7
505000 664.0
510000 877.3
515000 972.1
520000 675.0
525000 879.8
530000 882.2
535000 669.1
540000 876.7
545000 763.6
550000 859.5
555000 680.8
560000 868.0
565000 570.9
570000 762.2
575000 971.1
580000 669.9
585000 968.3
590000 879.7
595000 671.7
600000 682.6
605000 778.2
610000 856.4
615000 963.6
620000 856.7
625000 966.5
630000 680.2
635000 965.1
640000 774.2
645000 541.7
650000 667.0
655000 933.4
660000 958.9
665000 867.2
670000 934.3
675000 756.6
680000 922.6
685000 877.7
690000 874.7
695000 869.1
700000 870.6
705000 964.1
710000 950.8
715000 965.4
720000 977.2
725000 878.8
730000 961.1
735000 977.2
740000 877.8
745000 946.4
750000 982.2
755000 964.4
760000 966.7
765000 968.5
770000 963.1
775000 970.3
780000 870.4
785000 770.4
790000 871.0
795000 972.6
800000 973.1
805000 881.3
810000 773.8
815000 773.7
820000 965.2
825000 966.6
830000 933.1
835000 873.8
840000 880.3
845000 766.8
850000 765.7
855000 966.6
860000 779.2
865000 869.7
870000 971.4
875000 969.3
880000 776.7
885000 831.8
890000 877.6
895000 960.7
900000 853.2
905000 854.9
910000 962.0
915000 959.2
920000 871.0
925000 966.5
930000 976.1
935000 974.1
940000 882.6
945000 908.1
950000 964.6
955000 884.3
960000 968.5
965000 973.2
970000 976.1
975000 853.9
980000 980.3
985000 879.0
990000 876.0
995000 871.2
1000000 974.1
