5000 100.0
10000 201.5
15000 18.8
20000 1.8
25000 175.0
30000 1.3
35000 321.7
40000 0.0
45000 100.6
50000 280.5
55000 83.5
60000 89.8
65000 343.8
70000 196.6
75000 84.9
80000 197.1
85000 472.1
90000 562.0
95000 540.7
100000 274.3
105000 201.3
110000 295.1
115000 462.2
120000 579.8
125000 763.9
130000 874.6
135000 673.5
140000 756.5
145000 481.2
150000 578.0
155000 672.2
160000 558.1
165000 663.9
170000 568.4
175000 568.8
180000 773.3
185000 761.9
190000 745.5
195000 854.7
200000 725.7
205000 754.2
210000 739.6
215000 670.7
220000 862.6
225000 860.9
230000 675.2
235000 759.3
240000 772.7
245000 853.0
250000 864.2
255000 766.2
260000 675.0
265000 661.4
270000 777.0
275000 779.1
280000 960.0
285000 955.5
290000 663.5
295000 944.7
300000 944.2
305000 948.2
310000 758.2
315000 771.4
320000 906.5
325000 867.5
330000 970.3
335000 870.8
340000 771.1
345000 770.4
350000 959.0
355000 862.3
360000 967.8
365000 963.6
370000 873.2
375000 864.6
380000 937.5
385000 966.7
390000 868.0
395000 955.8
400000 855.3
405000 678.6
410000 860.2
415000 801.8
420000 794.7
425000 961.6
430000 870.5
435000 937.9
440000 962.4
445000 866.1
450000 859.1
455000 861.6
460000 965.1
465000 970.1
470000 858.9
475000 963.5
480000 779.8
485000 873.0
490000 981.8
495000 959.5
500000 942.4
505000 874.9
510000 926.6
515000 872.5
520000 958.0
525000 968.6
530000 968.1
535000 875.6
540000 963.2
545000 969.6
550000 784.6
555000 964.7
560000 975.2
565000 966.7
570000 969.2
575000 966.0
580000 967.1
585000 866.6
590000 963.9
595000 973.7
600000 949.8
605000 976.8
610000 957.1
615000 971.0
620000 974.9
625000 964.2
630000 865.8
635000 964.3
640000 971.9
645000 965.8
650000 972.5
655000 945.4
660000 961.5
665000 969.7
670000 967.3
675000 872.0
680000 967.1
685000 974.3
690000 965.6
695000 969.2
700000 962.3
705000 975.2
710000 969.9
715000 967.1
720000 966.3
725000 859.4
730000 963.3
735000 971.4
740000 881.6
745000 976.0
750000 975.5
755000 972.5
760000 970.5
765000 966.3
770000 875.1
775000 975.6
780000 970.9
785000 981.8
790000 971.9
795000 968.7
800000 967.9
805000 964.2
810000 975.5
815000 876.8
820000 868.1
825000 964.6
830000 970.9
835000 976.6
840000 973.5
845000 973.4
850000 980.7
855000 925.9
860000 964.3
865000 962.9
870000 965.6
875000 959.6
880000 873.8
885000 970.8
890000 968.4
895000 875.3
900000 973.4
905000 968.0
910000 871.8
915000 966.0
920000 873.4
925000 967.4
930000 971.9
935000 877.5
940000 975.6
945000 977.1
950000 975.9
955000 978.9
960000 979.7
965000 968.9
970000 974.2
975000 978.3
980000 973.0
985000 977.0
990000 968.6
995000 976.4
1000000 962.7
