5000 200.0
10000 0.0
15000 92.2
20000 96.1
25000 91.5
30000 279.5
35000 245.7
40000 95.6
45000 207.6
50000 70.4
55000 95.9
60000 97.8
65000 100.0
70000 386.8
75000 583.5
80000 384.1
85000 473.7
90000 100.5
95000 387.4
100000 243.8
105000 570.1
110000 492.8
115000 277.8
120000 477.2
125000 298.4
130000 674.8
135000 857.4
140000 574.1
145000 770.7
150000 567.5
155000 672.1
160000 500.0
165000 659.9
170000 567.4
175000 750.2
180000 871.8
185000 665.2
190000 677.9
195000 781.1
200000 904.8
205000 714.4
210000 971.2
215000 768.0
220000 769.9
225000 871.0
230000 775.3
235000 937.5
240000 872.3
245000 959.5
250000 765.7
255000 866.2
260000 672.5
265000 866.4
270000 680.4
275000 776.1
280000 772.3
285000 952.5
290000 977.9
295000 844.5
300000 871.1
305000 836.1
310000 962.2
315000 776.8
320000 966.7
325000 950.0
330000 857.9
335000 670.1
340000 877.3
345000 958.7
350000 953.5
355000 871.0
360000 876.0
365000 882.2
370000 864.6
375000 774.0
380000 856.7
385000 972.6
390000 866.3
395000 960.3
400000 969.1
405000 973.8
410000 868.3
415000 968.4
420000 964.0
425000 972.6
430000 976.2
435000 960.3
440000 877.3
445000 947.5
450000 976.0
455000 963.1
460000 982.8
465000 972.0
470000 967.4
475000 971.1
480000 965.8
485000 974.9
490000 974.4
495000 970.5
500000 967.3
505000 976.5
510000 971.5
515000 864.2
520000 958.3
525000 776.9
530000 970.8
535000 971.0
540000 967.9
545000 946.2
550000 976.2
555000 878.1
560000 972.4
565000 975.1
570000 968.9
575000 982.1
580000 969.6
585000 959.7
590000 965.8
595000 970.1
600000 780.0
605000 975.6
610000 972.6
615000 976.2
620000 964.1
625000 965.5
630000 961.4
635000 971.6
640000 976.4
645000 968.4
650000 972.1
655000 967.0
660000 970.6
665000 984.5
670000 973.4
675000 970.8
680000 969.7
685000 969.1
690000 979.5
695000 970.2
700000 969.7
705000 971.2
710000 981.1
715000 968.4
720000 960.9
725000 972.6
730000 866.7
735000 964.3
740000 974.8
745000 976.3
750000 970.3
755000 965.9
760000 970.1
765000 975.7
770000 978.5
775000 958.7
780000 874.2
785000 970.4
790000 861.1
795000 938.8
800000 973.5
805000 970.5
810000 965.1
815000 970.0
820000 965.1
825000 962.3
830000 971.9
835000 977.2
840000 969.5
845000 976.1
850000 974.3
855000 970.9
860000 977.0
865000 980.4
870000 968.6
875000 875.3
880000 973.0
885000 963.8
890000 981.9
895000 980.4
900000 973.6
905000 970.8
910000 950.8
915000 961.3
920000 962.3
925000 968.2
930000 973.9
935000 979.4
940000 972.2
945000 967.1
950000 964.3
955000 976.8
960000 973.9
965000 778.7
970000 884.9
975000 982.6
980000 973.5
985000 886.8
990000 872.2
995000 877.3
1000000 966.5
