5000 0.0
10000 180.7
15000 9.1
20000 0.0
25000 13.5
30000 96.4
35000 101.4
40000 96.0
45000 199.1
50000 101.7
55000 0.0
60000 94.2
65000 196.3
70000 0.0
75000 292.2
80000 387.8
85000 184.3
90000 99.1
95000 198.5
100000 193.0
105000 196.4
110000 296.4
115000 98.2
120000 496.9
125000 489.9
130000 191.3
135000 197.1
140000 665.3
145000 197.5
150000 288.0
155000 429.8
160000 361.1
165000 291.2
170000 289.5
175000 289.6
180000 293.4
185000 393.2
190000 466.8
195000 271.6
200000 195.4
205000 487.5
210000 100.0
215000 194.4
220000 681.9
225000 371.2
230000 285.9
235000 493.1
240000 264.8
245000 287.3
250000 653.8
255000 380.4
260000 454.9
265000 670.2
270000 581.7
275000 685.6
280000 193.4
285000 195.3
290000 288.2
295000 395.8
300000 676.9
305000 563.6
310000 377.0
315000 581.2
320000 470.6
325000 573.4
330000 789.1
335000 419.2
340000 541.9
345000 655.9
350000 782.7
355000 470.6
360000 684.5
365000 573.7
370000 487.1
375000 485.2
380000 764.1
385000 485.2
390000 485.2
395000 476.4
400000 485.0
405000 735.1
410000 489.9
415000 669.7
420000 776.7
425000 768.7
430000 765.4
435000 679.4
440000 861.5
445000 869.8
450000 853.4
455000 871.7
460000 866.1
465000 746.5
470000 770.3
475000 960.4
480000 743.9
485000 868.9
490000 763.1
495000 957.3
500000 863.8
505000 873.1
510000 876.6
515000 882.4
520000 783.5
525000 956.7
530000 862.4
535000 851.9
540000 868.8
545000 867.5
550000 966.9
555000 946.4
560000 972.6
565000 969.7
570000 775.6
575000 864.2
580000 771.2
585000 867.6
590000 963.5
595000 879.6
600000 957.9
605000 857.9
610000 964.9
615000 868.5
620000 975.0
625000 973.1
630000 868.4
635000 951.9
640000 961.4
645000 867.3
650000 870.4
655000 844.9
660000 867.5
665000 764.7
670000 961.5
675000 955.1
680000 667.9
685000 961.1
690000 966.2
695000 980.6
700000 969.9
705000 871.1
710000 966.7
715000 971.4
720000 871.9
725000 976.3
730000 960.7
735000 960.3
740000 982.8
745000 966.9
750000 978.4
755000 959.7
760000 971.8
765000 969.3
770000 976.3
775000 957.3
780000 955.1
785000 964.8
790000 950.4
795000 974.8
800000 957.6
805000 977.2
810000 958.4
815000 877.0
820000 959.1
825000 967.3
830000 863.7
835000 972.7
840000 970.4
845000 872.8
850000 782.1
855000 960.6
860000 963.3
865000 879.8
870000 960.8
875000 958.4
880000 972.8
885000 965.1
890000 877.3
895000 967.4
900000 961.1
905000 976.4
910000 972.8
915000 871.2
920000 971.0
925000 973.5
930000 968.2
935000 964.8
940000 961.2
945000 868.8
950000 966.5
955000 967.3
960000 978.9
965000 976.1
970000 961.8
975000 978.4
980000 966.4
985000 953.4
990000 970.2
995000 971.5
1000000 864.7
