5000 100.0
10000 100.0
15000 1.6
20000 191.5
25000 200.0
30000 0.0
35000 101.5
40000 200.0
45000 285.7
50000 0.0
55000 184.7
60000 195.9
65000 102.6
70000 211.9
75000 168.6
80000 140.0
85000 185.7
90000 491.1
95000 278.2
100000 490.0
105000 487.4
110000 199.5
115000 386.8
120000 385.7
125000 190.6
130000 355.8
135000 345.7
140000 389.0
145000 389.9
150000 453.7
155000 530.9
160000 452.5
165000 291.0
170000 285.5
175000 489.2
180000 395.7
185000 295.7
190000 486.3
195000 626.0
200000 484.8
205000 280.0
210000 582.6
215000 587.3
220000 448.7
225000 579.2
230000 391.6
235000 480.8
240000 574.7
245000 680.6
250000 652.1
255000 387.6
260000 766.1
265000 495.2
270000 578.4
275000 679.9
280000 657.9
285000 758.5
290000 390.5
295000 573.8
300000 872.1
305000 481.2
310000 871.0
315000 490.6
320000 679.3
325000 387.2
330000 287.1
335000 671.9
340000 683.2
345000 586.9
350000 625.0
355000 774.4
360000 679.7
365000 670.9
370000 677.2
375000 681.5
380000 484.7
385000 827.2
390000 586.9
395000 679.7
400000 692.5
405000 579.6
410000 383.8
415000 966.0
420000 766.6
425000 872.5
430000 876.7
435000 855.7
440000 764.1
445000 863.7
450000 850.7
455000 583.3
460000 970.7
465000 970.9
470000 780.1
475000 763.0
480000 776.0
485000 672.0
490000 780.6
495000 959.5
500000 872.2
505000 873.9
510000 860.9
515000 959.9
520000 775.7
525000 941.5
530000 762.4
535000 733.6
540000 957.4
545000 875.7
550000 766.8
555000 878.7
560000 863.2
565000 880.7
570000 775.6
575000 872.3
580000 784.0
585000 871.7
590000 971.3
595000 869.9
600000 878.7
605000 862.6
610000 728.5
615000 971.0
620000 772.1
625000 975.9
630000 954.5
635000 967.9
640000 966.7
645000 877.0
650000 875.8
655000 883.3
660000 874.8
665000 958.7
670000 873.7
675000 524.2
680000 967.2
685000 871.8
690000 962.6
695000 969.5
700000 970.9
705000 969.5
710000 700.8
715000 879.6
720000 870.8
725000 951.3
730000 975.3
735000 968.0
740000 972.3
745000 862.7
750000 875.3
755000 972.8
760000 872.0
765000 878.4
770000 873.7
775000 968.1
780000 873.4
785000 881.2
790000 861.6
795000 850.2
800000 882.8
805000 974.1
810000 867.2
815000 967.7
820000 879.3
825000 959.3
830000 860.0
835000 967.8
840000 773.8
845000 969.5
850000 878.9
855000 961.3
860000 962.9
865000 967.0
870000 979.7
875000 970.2
880000 875.4
885000 773.0
890000 875.0
895000 967.7
900000 968.1
905000 967.4
910000 968.2
915000 984.2
920000 870.5
925000 975.9
930000 970.5
935000 975.1
940000 963.6
945000 879.7
950000 877.5
955000 976.2
960000 968.0
965000 968.0
970000 974.8
975000 878.3
980000 964.5
985000 974.9
990000 981.5
995000 974.6
1000000 861.3
