5000 0.0
10000 0.0
15000 98.4
20000 0.6
25000 197.6
30000 97.3
35000 159.7
40000 104.8
45000 95.8
50000 199.9
55000 282.5
60000 290.2
65000 202.1
70000 481.1
75000 283.9
80000 198.2
85000 382.0
90000 293.6
95000 582.6
100000 295.4
105000 475.8
110000 526.8
115000 297.8
120000 677.8
125000 575.6
130000 389.9
135000 562.0
140000 472.8
145000 461.1
150000 662.8
155000 483.3
160000 485.4
165000 493.6
170000 485.1
175000 571.4
180000 472.8
185000 757.2
190000 580.3
195000 579.4
200000 677.1
205000 475.2
210000 684.1
215000 743.4
220000 610.4
225000 473.4
230000 970.3
235000 674.4
240000 679.2
245000 672.1
250000 665.3
255000 676.5
260000 768.7
265000 857.6
270000 851.3
275000 960.5
280000 857.6
285000 869.3
290000 966.0
295000 761.3
300000 774.8
305000 767.1
310000 831.1
315000 947.0
320000 782.4
325000 875.9
330000 858.1
335000 761.0
340000 955.6
345000 976.8
350000 951.6
355000 870.2
360000 870.3
365000 867.8
370000 959.1
375000 960.5
380000 866.5
385000 990.4
390000 861.5
395000 955.9
400000 972.7
405000 778.0
410000 780.5
415000 772.6
420000 777.3
425000 777.6
430000 973.3
435000 877.5
440000 856.2
445000 763.9
450000 961.6
455000 876.8
460000 865.9
465000 868.2
470000 865.0
475000 871.5
480000 870.1
485000 945.4
490000 872.7
495000 780.2
500000 973.0
505000 869.8
510000 983.0
515000 970.2
520000 976.2
525000 966.0
530000 970.0
535000 967.8
540000 779.7
545000 972.5
550000 868.7
555000 972.6
560000 973.3
565000 969.5
570000 973.1
575000 778.2
580000 764.2
585000 972.2
590000 972.1
595000 980.2
600000 874.3
605000 974.7
610000 969.0
615000 853.9
620000 967.8
625000 876.7
630000 974.2
635000 972.3
640000 969.8
645000 984.3
650000 971.9
655000 957.5
660000 973.2
665000 973.7
670000 965.1
675000 975.0
680000 974.7
685000 923.5
690000 859.7
695000 977.6
700000 975.5
705000 961.9
710000 866.3
715000 972.3
720000 972.6
725000 973.1
730000 968.0
735000 973.0
740000 867.1
745000 974.3
750000 977.2
755000 870.5
760000 967.8
765000 974.0
770000 967.2
775000 973.8
780000 971.1
785000 976.5
790000 976.7
795000 877.8
800000 974.4
805000 975.2
810000 870.6
815000 959.1
820000 971.5
825000 860.2
830000 966.2
835000 970.3
840000 968.3
845000 966.5
850000 970.8
855000 975.3
860000 965.2
865000 873.8
870000 976.1
875000 865.1
880000 965.6
885000 966.0
890000 967.8
895000 977.0
900000 877.0
905000 974.2
910000 876.2
915000 975.3
920000 976.0
925000 979.5
930000 970.8
935000 978.0
940000 884.8
945000 980.5
950000 971.6
955000 976.0
960000 978.9
965000 970.1
970000 875.6
975000 973.3
980000 973.9
985000 976.3
990000 976.6
995000 973.7
1000000 875.0
