5000 0.0
10000 100.0
15000 39.6
20000 2.0
25000 8.8
30000 200.9
35000 25.3
40000 15.8
45000 98.7
50000 397.7
55000 85.9
60000 195.4
65000 195.0
70000 99.1
75000 296.8
80000 177.2
85000 296.0
90000 296.0
95000 189.9
100000 393.0
105000 381.5
110000 319.0
115000 295.5
120000 290.3
125000 545.6
130000 289.9
135000 309.3
140000 582.0
145000 581.6
150000 577.7
155000 193.9
160000 382.6
165000 196.5
170000 462.9
175000 392.1
180000 479.1
185000 292.7
190000 484.8
195000 770.5
200000 487.1
205000 684.1
210000 659.2
215000 968.5
220000 562.5
225000 674.9
230000 747.1
235000 669.1
240000 753.4
245000 684.2
250000 387.1
255000 677.8
260000 767.6
265000 768.3
270000 571.5
275000 879.5
280000 868.9
285000 580.5
290000 677.6
295000 578.8
300000 779.1
305000 876.0
310000 865.9
315000 960.8
320000 861.2
325000 583.5
330000 588.1
335000 766.0
340000 789.0
345000 777.7
350000 872.7
355000 684.6
360000 686.5
365000 778.0
370000 675.7
375000 741.9
380000 772.4
385000 771.0
390000 560.7
395000 972.6
400000 864.7
405000 877.6
410000 768.8
415000 884.9
420000 774.0
425000 769.2
430000 685.0
435000 778.1
440000 868.5
445000 782.7
450000 682.7
455000 961.6
460000 890.1
465000 873.6
470000 771.3
475000 869.7
480000 972.9
485000 867.2
490000 862.6
495000 865.7
500000 875.8
505000 978.3
510000 969.1
515000 673.8
520000 774.4
525000 976.4
530000 874.5
535000 978.9
540000 868.3
545000 874.3
550000 968.8
555000 871.4
560000 974.8
565000 883.0
570000 856.1
575000 976.9
580000 873.9
585000 874.9
590000 980.0
595000 938.6
600000 879.9
605000 961.0
610000 873.8
615000 978.3
620000 968.4
625000 876.1
630000 980.8
635000 973.5
640000 972.3
645000 972.2
650000 961.3
655000 879.2
660000 869.3
665000 973.3
670000 969.2
675000 968.5
680000 971.2
685000 976.0
690000 966.1
695000 964.6
700000 983.3
705000 950.6
710000 876.8
715000 974.9
720000 875.1
725000 867.9
730000 963.9
735000 970.2
740000 970.7
745000 970.3
750000 980.9
755000 968.6
760000 973.4
765000 885.9
770000 966.5
775000 882.2
780000 970.3
785000 964.2
790000 964.9
795000 977.5
800000 969.4
805000 974.1
810000 973.8
815000 961.5
820000 968.0
825000 976.7
830000 964.4
835000 973.0
840000 871.4
845000 970.7
850000 873.4
855000 972.7
860000 976.2
865000 971.1
870000 952.7
875000 972.3
880000 967.8
885000 976.7
890000 966.5
895000 963.8
900000 976.9
905000 972.5
910000 879.5
915000 778.9
920000 974.0
925000 878.4
930000 969.2
935000 938.6
940000 976.9
945000 975.4
950000 870.9
955000 965.0
960000 967.4
965000 975.5
970000 972.1
975000 965.3
980000 968.2
985000 973.4
990000 870.3
995000 835.3
1000000 860.0
