5000 116.7
10000 0.0
15000 0.4
20000 85.6
25000 194.3
30000 58.0
35000 197.6
40000 99.4
45000 385.1
50000 193.4
55000 416.5
60000 200.8
65000 389.7
70000 391.3
75000 89.6
80000 287.8
85000 114.4
90000 604.9
95000 198.4
100000 464.2
105000 392.5
110000 386.6
115000 287.8
120000 295.2
125000 383.8
130000 389.6
135000 193.2
140000 383.8
145000 560.2
150000 386.7
155000 586.2
160000 293.3
165000 682.5
170000 481.6
175000 294.0
180000 385.1
185000 488.9
190000 570.1
195000 100.0
200000 381.7
205000 482.6
210000 289.6
215000 483.9
220000 563.0
225000 577.9
230000 482.9
235000 465.4
240000 389.0
245000 387.5
250000 288.8
255000 484.6
260000 610.6
265000 770.7
270000 580.1
275000 675.3
280000 578.5
285000 682.1
290000 673.3
295000 655.3
300000 585.3
305000 671.4
310000 581.0
315000 671.1
320000 684.8
325000 751.6
330000 766.3
335000 776.2
340000 601.7
345000 864.2
350000 859.9
355000 581.9
360000 952.0
365000 671.0
370000 884.5
375000 887.0
380000 778.8
385000 883.4
390000 863.9
395000 778.3
400000 764.6
405000 964.0
410000 869.2
415000 969.1
420000 779.8
425000 874.7
430000 860.2
435000 882.3
440000 876.1
445000 869.0
450000 878.4
455000 781.5
460000 979.1
465000 872.0
470000 965.0
475000 955.7
480000 970.4
485000 870.0
490000 857.1
495000 953.8
500000 982.7
505000 961.4
510000 864.6
515000 776.1
520000 869.5
525000 878.7
530000 878.4
535000 864.4
540000 975.7
545000 943.4
550000 775.2
555000 973.9
560000 772.9
565000 974.4
570000 975.3
575000 970.5
580000 969.6
585000 875.3
590000 778.9
595000 970.4
600000 873.0
605000 872.3
610000 856.4
615000 973.0
620000 959.2
625000 971.2
630000 969.9
635000 876.5
640000 867.1
645000 871.6
650000 880.0
655000 778.4
660000 970.4
665000 974.5
670000 965.7
675000 970.7
680000 958.9
685000 873.5
690000 971.9
695000 873.9
700000 977.6
705000 975.1
710000 870.0
715000 975.6
720000 969.9
725000 878.9
730000 778.4
735000 971.9
740000 965.6
745000 969.6
750000 963.5
755000 965.1
760000 974.9
765000 969.8
770000 869.9
775000 971.6
780000 961.9
785000 762.9
790000 972.4
795000 948.0
800000 875.3
805000 966.2
810000 975.3
815000 866.1
820000 965.1
825000 965.5
830000 975.5
835000 781.3
840000 970.7
845000 958.5
850000 961.6
855000 973.1
860000 978.6
865000 972.0
870000 969.7
875000 972.9
880000 878.0
885000 872.1
890000 964.5
895000 872.5
900000 963.8
905000 880.5
910000 773.3
915000 974.3
920000 954.7
925000 873.6
930000 969.0
935000 968.6
940000 967.1
945000 972.7
950000 882.3
955000 978.2
960000 874.0
965000 857.9
970000 970.0
975000 974.8
980000 963.4
985000 968.1
990000 883.3
995000 972.6
1000000 974.6
