5000 205.5
10000 2.7
15000 19.5
20000 164.1
25000 93.4
30000 161.1
35000 199.5
40000 319.0
45000 193.9
50000 290.9
55000 199.3
60000 386.1
65000 288.0
70000 286.1
75000 199.6
80000 100.8
85000 374.2
90000 396.9
95000 386.8
100000 93.5
105000 118.9
110000 396.4
115000 489.0
120000 291.9
125000 398.8
130000 386.9
135000 383.3
140000 571.9
145000 774.4
150000 389.3
155000 189.3
160000 662.1
165000 847.7
170000 682.4
175000 480.5
180000 384.9
185000 487.6
190000 848.1
195000 575.2
200000 762.3
205000 770.0
210000 591.1
215000 725.1
220000 816.2
225000 880.2
230000 867.4
235000 868.3
240000 978.9
245000 855.0
250000 855.6
255000 964.5
260000 759.6
265000 777.3
270000 964.5
275000 964.2
280000 970.7
285000 875.2
290000 874.4
295000 863.6
300000 868.8
305000 770.1
310000 582.2
315000 867.3
320000 972.1
325000 970.7
330000 960.9
335000 869.7
340000 848.5
345000 858.8
350000 975.2
355000 872.6
360000 953.8
365000 974.7
370000 775.8
375000 971.4
380000 957.0
385000 872.5
390000 962.6
395000 869.7
400000 963.3
405000 771.3
410000 965.7
415000 958.7
420000 868.3
425000 871.9
430000 874.2
435000 976.1
440000 980.0
445000 965.1
450000 972.0
455000 908.0
460000 972.4
465000 863.7
470000 872.5
475000 967.6
480000 964.6
485000 962.6
490000 873.9
495000 782.4
500000 969.1
505000 956.5
510000 958.5
515000 978.2
520000 963.6
525000 974.1
530000 975.9
535000 971.4
540000 979.3
545000 782.2
550000 973.0
555000 948.4
560000 770.3
565000 881.3
570000 879.8
575000 962.4
580000 865.8
585000 777.9
590000 771.8
595000 978.5
600000 878.9
605000 862.8
610000 971.4
615000 973.5
620000 965.7
625000 974.6
630000 876.6
635000 980.7
640000 963.7
645000 875.5
650000 976.3
655000 979.1
660000 972.0
665000 960.4
670000 979.9
675000 855.5
680000 977.0
685000 977.5
690000 975.9
695000 974.4
700000 879.1
705000 972.1
710000 962.8
715000 967.2
720000 983.4
725000 978.7
730000 969.8
735000 974.6
740000 963.0
745000 871.0
750000 962.8
755000 872.3
760000 966.6
765000 973.1
770000 965.1
775000 975.6
780000 879.1
785000 877.7
790000 976.8
795000 968.4
800000 772.5
805000 971.9
810000 966.5
815000 979.5
820000 778.5
825000 972.5
830000 977.3
835000 865.8
840000 782.7
845000 972.5
850000 977.1
855000 784.3
860000 880.4
865000 979.0
870000 972.5
875000 969.7
880000 969.1
885000 968.0
890000 968.4
895000 876.4
900000 974.8
905000 972.4
910000 969.8
915000 972.0
920000 971.7
925000 968.4
930000 965.8
935000 978.6
940000 977.9
945000 875.6
950000 965.5
955000 969.8
960000 988.0
965000 873.8
970000 969.0
975000 977.6
980000 966.8
985000 981.9
990000 966.9
995000 973.5
1000000 975.0
