5000 0.0
10000 100.0
15000 4.7
20000 58.4
25000 101.3
30000 99.1
35000 90.6
40000 100.0
45000 441.1
50000 199.2
55000 293.9
60000 389.5
65000 290.5
70000 283.0
75000 0.0
80000 394.1
85000 494.4
90000 374.4
95000 552.4
100000 560.0
105000 344.7
110000 818.5
115000 579.2
120000 490.4
125000 775.7
130000 770.7
135000 295.1
140000 664.0
145000 883.5
150000 769.2
155000 861.7
160000 667.9
165000 657.9
170000 577.7
175000 768.5
180000 598.2
185000 775.9
190000 751.6
195000 861.1
200000 824.0
205000 669.0
210000 952.9
215000 866.6
220000 740.1
225000 877.4
230000 865.3
235000 879.9
240000 579.5
245000 771.9
250000 879.5
255000 778.9
260000 682.3
265000 955.1
270000 771.3
275000 766.8
280000 677.5
285000 768.6
290000 782.9
295000 963.8
300000 769.6
305000 934.7
310000 964.4
315000 868.1
320000 973.9
325000 953.1
330000 871.6
335000 779.8
340000 876.0
345000 970.7
350000 762.9
355000 874.7
360000 978.3
365000 975.4
370000 955.9
375000 861.9
380000 874.0
385000 873.0
390000 780.2
395000 973.3
400000 977.9
405000 973.1
410000 864.2
415000 962.5
420000 985.2
425000 877.2
430000 960.3
435000 872.9
440000 581.9
445000 970.2
450000 876.5
455000 973.3
460000 872.2
465000 970.2
470000 872.5
475000 773.6
480000 861.1
485000 676.4
490000 873.1
495000 876.7
500000 974.3
505000 965.1
510000 872.8
515000 969.5
520000 975.5
525000 881.4
530000 878.6
535000 972.2
540000 871.6
545000 975.7
550000 870.8
555000 963.7
560000 968.6
565000 981.2
570000 973.5
575000 974.3
580000 974.6
585000 973.7
590000 868.0
595000 971.7
600000 872.4
605000 974.2
610000 869.8
615000 983.6
620000 965.2
625000 881.7
630000 965.3
635000 973.6
640000 973.0
645000 879.2
650000 967.2
655000 975.2
660000 972.0
665000 964.9
670000 973.7
675000 969.7
680000 973.6
685000 975.8
690000 966.7
695000 957.9
700000 874.8
705000 770.8
710000 938.9
715000 963.3
720000 969.4
725000 968.7
730000 965.5
735000 970.9
740000 877.0
745000 979.1
750000 777.1
755000 882.2
760000 969.0
765000 875.6
770000 878.1
775000 971.7
780000 884.6
785000 972.0
790000 976.1
795000 975.9
800000 967.6
805000 980.0
810000 972.6
815000 976.4
820000 967.5
825000 973.8
830000 981.2
835000 956.9
840000 979.6
845000 960.0
850000 870.9
855000 976.4
860000 970.7
865000 975.3
870000 882.3
875000 973.2
880000 980.4
885000 967.8
890000 977.7
895000 953.9
900000 968.8
905000 966.8
910000 966.7
915000 984.6
920000 973.2
925000 983.6
930000 966.0
935000 875.3
940000 965.7
945000 967.1
950000 880.7
955000 960.2
960000 974.5
965000 968.5
970000 864.8
975000 976.0
980000 975.9
985000 975.6
990000 976.3
995000 969.0
1000000 975.7
