5000 156.6
10000 0.0
15000 100.0
20000 0.0
25000 101.5
30000 6.0
35000 96.6
40000 109.9
45000 288.9
50000 381.6
55000 187.9
60000 573.0
65000 481.0
70000 0.0
75000 381.8
80000 633.8
85000 563.8
90000 289.2
95000 291.1
100000 568.4
105000 580.8
110000 372.8
115000 301.4
120000 564.2
125000 367.2
130000 583.5
135000 291.1
140000 387.7
145000 576.0
150000 778.0
155000 495.2
160000 746.4
165000 579.5
170000 580.3
175000 572.6
180000 488.6
185000 656.9
190000 579.3
195000 486.0
200000 774.9
205000 311.7
210000 448.4
215000 776.9
220000 590.0
225000 763.7
230000 683.0
235000 556.5
240000 588.1
245000 879.7
250000 671.9
255000 776.3
260000 875.3
265000 663.5
270000 669.7
275000 671.4
280000 648.6
285000 980.8
290000 583.8
295000 749.5
300000 959.8
305000 574.4
310000 769.8
315000 761.3
320000 964.4
325000 774.6
330000 764.2
335000 768.7
340000 970.1
345000 773.0
350000 974.2
355000 957.6
360000 779.8
365000 573.7
370000 680.2
375000 878.8
380000 867.2
385000 875.8
390000 875.2
395000 762.6
400000 868.2
405000 764.9
410000 854.8
415000 873.8
420000 761.0
425000 962.0
430000 877.3
435000 861.9
440000 961.4
445000 873.5
450000 776.3
455000 966.0
460000 961.5
465000 867.4
470000 956.5
475000 953.5
480000 956.2
485000 949.1
490000 874.8
495000 865.1
500000 764.2
505000 862.0
510000 952.5
515000 770.4
520000 958.2
525000 963.1
530000 949.2
535000 871.4
540000 969.4
545000 865.1
550000 873.7
555000 960.1
560000 957.2
565000 970.8
570000 958.9
575000 969.3
580000 874.4
585000 985.3
590000 966.8
595000 974.8
600000 960.2
605000 970.2
610000 863.2
615000 870.6
620000 953.8
625000 964.6
630000 978.0
635000 959.1
640000 964.9
645000 966.4
650000 972.5
655000 967.2
660000 964.2
665000 966.5
670000 968.1
675000 969.5
680000 869.7
685000 877.2
690000 861.1
695000 972.2
700000 874.6
705000 874.5
710000 964.6
715000 969.9
720000 984.0
725000 967.8
730000 978.6
735000 968.8
740000 975.0
745000 970.6
750000 963.0
755000 981.8
760000 970.6
765000 960.4
770000 957.3
775000 980.2
780000 964.4
785000 868.2
790000 967.4
795000 976.2
800000 896.5
805000 980.3
810000 977.9
815000 958.7
820000 854.7
825000 969.0
830000 877.9
835000 875.2
840000 958.6
845000 980.4
850000 968.4
855000 969.4
860000 962.8
865000 976.8
870000 968.6
875000 964.1
880000 972.9
885000 975.8
890000 969.2
895000 972.5
900000 968.5
905000 966.0
910000 969.6
915000 968.2
920000 979.3
925000 957.7
930000 971.7
935000 980.0
940000 868.3
945000 964.8
950000 972.7
955000 966.6
960000 875.4
965000 873.5
970000 972.5
975000 969.5
980000 865.8
985000 876.5
990000 966.1
995000 967.3
1000000 980.5
