5000 0.0
10000 0.0
15000 32.9
20000 104.1
25000 212.6
30000 97.9
35000 75.6
40000 17.0
45000 252.1
50000 485.0
55000 376.3
60000 402.3
65000 95.1
70000 98.6
75000 293.3
80000 293.0
85000 453.8
90000 1.3
95000 295.0
100000 493.1
105000 277.0
110000 393.7
115000 653.8
120000 387.3
125000 576.1
130000 455.3
135000 428.3
140000 380.7
145000 474.3
150000 364.2
155000 193.9
160000 548.3
165000 583.8
170000 380.1
175000 658.6
180000 827.2
185000 881.4
190000 296.3
195000 843.0
200000 661.8
205000 296.4
210000 385.1
215000 769.4
220000 680.9
225000 447.4
230000 490.2
235000 865.1
240000 957.5
245000 672.4
250000 769.5
255000 770.9
260000 879.1
265000 872.6
270000 551.6
275000 473.7
280000 676.4
285000 855.8
290000 863.4
295000 674.0
300000 767.8
305000 953.1
310000 874.9
315000 964.2
320000 677.9
325000 876.8
330000 856.0
335000 971.4
340000 774.2
345000 779.4
350000 972.5
355000 955.6
360000 969.2
365000 759.4
370000 798.3
375000 962.6
380000 764.7
385000 773.2
390000 873.1
395000 970.7
400000 783.1
405000 965.2
410000 779.6
415000 976.5
420000 874.9
425000 965.9
430000 963.2
435000 782.4
440000 861.3
445000 960.5
450000 951.3
455000 972.7
460000 974.1
465000 931.1
470000 964.2
475000 873.7
480000 880.3
485000 969.7
490000 875.3
495000 878.3
500000 879.2
505000 941.1
510000 974.4
515000 970.3
520000 958.6
525000 967.1
530000 963.7
535000 964.3
540000 969.6
545000 960.6
550000 974.3
555000 873.5
560000 965.7
565000 867.9
570000 973.3
575000 863.2
580000 979.6
585000 973.5
590000 975.3
595000 968.3
600000 979.2
605000 967.7
610000 790.9
615000 963.7
620000 969.2
625000 972.8
630000 973.5
635000 977.1
640000 964.3
645000 971.0
650000 880.7
655000 969.5
660000 964.2
665000 980.7
670000 971.1
675000 969.6
680000 967.8
685000 971.6
690000 977.1
695000 974.9
700000 976.7
705000 965.2
710000 952.1
715000 979.0
720000 976.1
725000 963.6
730000 966.8
735000 970.8
740000 873.8
745000 974.3
750000 970.3
755000 977.4
760000 969.1
765000 968.0
770000 965.3
775000 974.7
780000 981.1
785000 969.0
790000 976.6
795000 984.1
800000 966.5
805000 879.4
810000 981.2
815000 973.1
820000 975.0
825000 976.8
830000 885.8
835000 972.6
840000 973.3
845000 873.9
850000 979.0
855000 976.2
860000 971.9
865000 876.8
870000 964.8
875000 966.7
880000 870.0
885000 880.2
890000 977.6
895000 982.8
900000 973.0
905000 972.7
910000 975.5
915000 971.1
920000 972.0
925000 974.4
930000 976.7
935000 935.4
940000 974.2
945000 981.5
950000 970.5
955000 971.3
960000 967.5
965000 967.1
970000 976.0
975000 966.5
980000 976.5
985000 884.8
990000 978.1
995000 872.9
1000000 969.7
