5000 47.3
10000 31.4
15000 89.2
20000 31.1
25000 63.0
30000 56.9
35000 109.6
40000 60.2
45000 185.3
50000 27.6
55000 42.9
60000 76.4
65000 19.7
70000 134.0
75000 66.4
80000 18.0
85000 112.1
90000 29.5
95000 38.2
100000 48.5
105000 73.1
110000 120.4
115000 138.2
120000 153.0
125000 114.7
130000 169.5
135000 122.7
140000 198.7
145000 155.9
150000 170.3
155000 239.4
160000 186.5
165000 178.5
170000 227.7
175000 142.9
180000 187.3
185000 171.6
190000 172.7
195000 150.6
200000 264.1
205000 269.1
210000 198.0
215000 201.3
220000 244.4
225000 289.2
230000 200.7
235000 225.6
240000 211.9
245000 251.9
250000 255.4
255000 240.3
260000 214.7
265000 221.1
270000 184.3
275000 259.7
280000 80.8
285000 151.4
290000 231.0
295000 223.5
300000 188.1
305000 153.0
310000 214.1
315000 206.2
320000 134.8
325000 340.7
330000 390.7
335000 445.5
340000 484.9
345000 483.2
350000 475.3
355000 441.4
360000 463.2
365000 484.7
370000 466.0
375000 462.6
380000 489.4
385000 478.6
390000 474.4
395000 492.0
400000 460.4
405000 472.7
410000 481.0
415000 479.6
420000 486.8
425000 487.6
430000 515.7
435000 541.4
440000 549.9
445000 533.9
450000 555.0
455000 542.8
460000 554.3
465000 569.5
470000 571.1
475000 541.5
480000 586.4
485000 574.2
490000 568.1
495000 590.7
500000 617.9
505000 624.0
510000 641.8
515000 614.8
520000 620.0
525000 633.2
530000 620.8
535000 558.6
540000 582.0
545000 579.4
550000 601.4
555000 653.3
560000 623.9
565000 611.1
570000 611.5
575000 631.6
580000 625.0
585000 673.0
590000 317.1
595000 595.7
600000 625.3
605000 582.9
610000 607.9
615000 618.3
620000 593.9
625000 652.3
630000 690.0
635000 663.2
640000 618.0
645000 273.2
650000 494.1
655000 479.0
660000 560.0
665000 615.8
670000 682.2
675000 690.2
680000 623.6
685000 655.6
690000 740.2
695000 724.3
700000 743.1
705000 743.6
710000 712.8
715000 721.1
720000 706.6
725000 747.0
730000 706.6
735000 745.6
740000 727.2
745000 735.7
750000 727.7
755000 757.2
760000 791.9
765000 719.8
770000 811.6
775000 755.1
780000 751.4
785000 775.6
790000 786.5
795000 788.0
800000 746.0
805000 798.1
810000 796.2
815000 769.4
820000 778.4
825000 814.5
830000 788.6
835000 823.7
840000 787.5
845000 780.9
850000 828.0
855000 785.4
860000 806.1
865000 807.5
870000 852.2
875000 783.4
880000 812.0
885000 830.8
890000 833.3
895000 826.5
900000 826.4
905000 810.8
910000 805.9
915000 804.0
920000 824.2
925000 829.2
930000 807.3
935000 840.6
940000 820.0
945000 812.0
950000 843.3
955000 825.2
960000 832.2
965000 455.4
970000 596.0
975000 809.0
980000 807.2
985000 795.2
990000 765.3
995000 814.6
1000000 823.9
1005000 828.4
1010000 833.2
1015000 834.4
1020000 837.9
1025000 838.8
1030000 847.5
1035000 853.8
1040000 838.4
1045000 840.1
1050000 857.0
1055000 839.4
1060000 856.6
1065000 841.5
1070000 849.1
1075000 838.5
1080000 859.7
1085000 850.3
1090000 834.5
1095000 841.0
1100000 826.7
1105000 838.8
1110000 832.1
1115000 846.1
1120000 857.0
1125000 854.7
1130000 843.6
1135000 866.2
1140000 841.8
1145000 848.9
1150000 849.1
1155000 846.3
1160000 866.6
1165000 871.7
1170000 873.3
1175000 863.7
1180000 858.7
1185000 889.2
1190000 865.3
1195000 862.0
1200000 858.9
1205000 865.7
1210000 872.7
1215000 873.4
1220000 885.2
1225000 887.1
1230000 874.4
1235000 829.7
1240000 852.2
1245000 867.7
1250000 892.6
1255000 894.6
1260000 879.5
1265000 895.7
1270000 893.0
1275000 877.8
1280000 843.4
1285000 544.7
1290000 536.1
1295000 817.3
1300000 804.5
1305000 857.3
1310000 775.8
1315000 830.9
1320000 873.7
1325000 838.4
1330000 846.3
1335000 856.6
1340000 887.2
1345000 882.3
1350000 875.5
1355000 863.7
1360000 856.6
1365000 855.5
1370000 895.7
1375000 884.3
1380000 861.2
1385000 866.7
1390000 853.6
1395000 881.1
1400000 832.4
1405000 907.3
1410000 913.6
1415000 877.0
1420000 880.2
1425000 879.2
1430000 870.0
1435000 900.8
1440000 878.9
1445000 879.6
1450000 885.1
1455000 857.2
1460000 883.5
1465000 896.1
1470000 889.9
1475000 889.5
1480000 865.2
1485000 894.3
1490000 916.3
1495000 904.0
1500000 892.6
1505000 917.3
1510000 891.6
1515000 874.8
1520000 901.0
1525000 900.2
1530000 908.1
1535000 920.9
1540000 887.1
1545000 891.1
1550000 882.3
1555000 882.7
1560000 914.4
1565000 887.8
1570000 879.0
1575000 888.1
1580000 924.8
1585000 900.6
1590000 906.9
1595000 911.5
1600000 917.9
1605000 253.3
1610000 549.1
1615000 770.4
1620000 850.1
1625000 875.5
1630000 892.8
1635000 866.0
1640000 850.7
1645000 868.3
1650000 867.3
1655000 866.1
1660000 871.1
1665000 892.9
1670000 880.9
1675000 897.0
1680000 882.8
1685000 893.1
1690000 878.3
1695000 899.3
1700000 863.6
1705000 867.2
1710000 907.5
1715000 809.1
1720000 890.0
1725000 908.1
1730000 887.8
1735000 915.9
1740000 908.4
1745000 901.1
1750000 885.7
1755000 902.6
1760000 883.3
1765000 897.7
1770000 894.3
1775000 922.2
1780000 903.5
1785000 895.5
1790000 903.0
1795000 901.0
1800000 895.6
1805000 917.1
1810000 896.1
1815000 902.4
1820000 916.6
1825000 896.7
1830000 894.9
1835000 912.7
1840000 910.8
1845000 902.1
1850000 914.6
1855000 902.5
1860000 874.7
1865000 918.1
1870000 903.0
1875000 911.5
1880000 915.9
1885000 924.8
1890000 909.5
1895000 932.9
1900000 923.4
1905000 943.4
1910000 916.5
1915000 929.4
1920000 928.8
1925000 937.3
1930000 922.4
1935000 918.6
1940000 929.0
1945000 916.2
1950000 930.1
1955000 937.5
1960000 925.8
1965000 930.8
1970000 936.2
1975000 927.6
1980000 916.8
1985000 919.6
1990000 931.6
1995000 923.5
2000000 930.8
