5000 40.1
10000 37.8
15000 104.5
20000 156.8
25000 59.8
30000 153.5
35000 106.1
40000 157.0
45000 57.9
50000 9.9
55000 96.2
60000 57.5
65000 18.6
70000 199.7
75000 120.0
80000 33.5
85000 14.6
90000 54.0
95000 9.2
100000 18.3
105000 24.2
110000 21.3
115000 24.4
120000 41.1
125000 40.0
130000 24.9
135000 20.9
140000 18.8
145000 14.5
150000 22.4
155000 41.0
160000 45.5
165000 19.9
170000 57.7
175000 91.4
180000 76.2
185000 39.5
190000 80.3
195000 37.6
200000 25.0
205000 60.6
210000 39.8
215000 14.6
220000 23.2
225000 29.2
230000 52.1
235000 30.4
240000 20.5
245000 21.5
250000 24.5
255000 26.4
260000 23.9
265000 19.6
270000 34.6
275000 63.3
280000 61.7
285000 55.8
290000 41.4
295000 40.3
300000 35.9
305000 59.9
310000 46.4
315000 31.3
320000 65.0
325000 24.5
330000 191.0
335000 272.5
340000 308.5
345000 453.8
350000 393.1
355000 494.8
360000 473.6
365000 426.8
370000 291.6
375000 431.2
380000 480.6
385000 495.2
390000 495.0
395000 461.5
400000 505.4
405000 526.0
410000 518.1
415000 518.6
420000 474.3
425000 417.3
430000 468.2
435000 482.3
440000 596.4
445000 627.1
450000 608.3
455000 565.6
460000 605.8
465000 658.4
470000 632.4
475000 604.1
480000 621.4
485000 639.3
490000 668.3
495000 644.1
500000 670.0
505000 667.3
510000 686.7
515000 698.2
520000 692.0
525000 696.8
530000 696.3
535000 689.5
540000 680.9
545000 710.3
550000 721.0
555000 676.6
560000 700.0
565000 698.3
570000 718.0
575000 702.2
580000 677.4
585000 691.5
590000 729.5
595000 719.2
600000 701.4
605000 727.9
610000 731.7
615000 732.1
620000 739.7
625000 728.2
630000 756.5
635000 726.4
640000 744.9
645000 466.2
650000 624.9
655000 626.5
660000 683.8
665000 663.0
670000 651.3
675000 747.1
680000 759.4
685000 737.6
690000 731.0
695000 730.9
700000 707.5
705000 740.9
710000 742.2
715000 758.6
720000 724.7
725000 745.4
730000 762.8
735000 780.5
740000 754.8
745000 776.2
750000 803.4
755000 785.1
760000 774.6
765000 788.1
770000 802.0
775000 789.7
780000 762.2
785000 796.5
790000 770.6
795000 778.2
800000 797.4
805000 795.8
810000 763.9
815000 799.0
820000 769.8
825000 801.7
830000 797.7
835000 824.5
840000 791.5
845000 803.1
850000 777.4
855000 805.6
860000 781.9
865000 819.1
870000 814.5
875000 799.0
880000 804.1
885000 805.6
890000 835.2
895000 821.6
900000 841.9
905000 817.1
910000 830.2
915000 844.4
920000 827.3
925000 828.4
930000 808.6
935000 828.8
940000 822.9
945000 822.0
950000 823.1
955000 814.3
960000 849.4
965000 468.2
970000 658.0
975000 709.7
980000 688.1
985000 739.1
990000 765.4
995000 799.0
1000000 747.4
1005000 794.8
1010000 768.0
1015000 807.7
1020000 802.9
1025000 827.1
1030000 778.3
1035000 811.9
1040000 830.6
1045000 823.9
1050000 812.5
1055000 804.5
1060000 837.0
1065000 837.2
1070000 837.6
1075000 821.6
1080000 845.2
1085000 834.1
1090000 817.2
1095000 834.8
1100000 840.7
1105000 832.0
1110000 845.4
1115000 815.2
1120000 841.5
1125000 839.3
1130000 830.9
1135000 843.8
1140000 808.1
1145000 834.6
1150000 832.1
1155000 856.5
1160000 833.6
1165000 833.7
1170000 825.7
1175000 844.5
1180000 844.6
1185000 829.4
1190000 835.3
1195000 861.2
1200000 868.9
1205000 846.7
1210000 823.1
1215000 863.0
1220000 837.7
1225000 854.5
1230000 856.3
1235000 865.2
1240000 855.4
1245000 849.1
1250000 838.4
1255000 836.0
1260000 862.6
1265000 825.7
1270000 859.6
1275000 833.3
1280000 834.6
1285000 284.8
1290000 719.2
1295000 749.7
1300000 780.6
1305000 719.7
1310000 796.6
1315000 797.1
1320000 834.3
1325000 822.0
1330000 834.5
1335000 837.1
1340000 840.2
1345000 851.9
1350000 852.8
1355000 864.9
1360000 872.6
1365000 861.0
1370000 840.0
1375000 848.1
1380000 837.1
1385000 833.5
1390000 842.0
1395000 867.9
1400000 853.5
1405000 857.9
1410000 850.3
1415000 836.9
1420000 842.6
1425000 847.9
1430000 854.3
1435000 846.3
1440000 858.6
1445000 853.7
1450000 865.6
1455000 855.1
1460000 850.2
1465000 850.6
1470000 864.6
1475000 857.6
1480000 864.2
1485000 844.3
1490000 878.0
1495000 864.7
1500000 862.5
1505000 868.0
1510000 858.1
1515000 851.5
1520000 848.2
1525000 853.5
1530000 853.3
1535000 886.2
1540000 883.0
1545000 874.2
1550000 799.0
1555000 856.9
1560000 871.1
1565000 860.1
1570000 883.3
1575000 870.0
1580000 876.3
1585000 886.0
1590000 900.8
1595000 884.3
1600000 883.9
1605000 291.6
1610000 338.6
1615000 825.3
1620000 833.0
1625000 834.8
1630000 851.3
1635000 813.3
1640000 827.3
1645000 868.4
1650000 865.8
1655000 839.9
1660000 871.3
1665000 867.8
1670000 868.9
1675000 878.9
1680000 881.4
1685000 887.6
1690000 844.5
1695000 857.4
1700000 865.1
1705000 896.8
1710000 876.5
1715000 880.1
1720000 877.3
1725000 875.7
1730000 902.8
1735000 893.5
1740000 901.9
1745000 895.5
1750000 886.5
1755000 893.5
1760000 900.4
1765000 889.2
1770000 880.9
1775000 797.6
1780000 881.5
1785000 883.8
1790000 872.2
1795000 886.9
1800000 897.5
1805000 894.2
1810000 892.4
1815000 858.0
1820000 898.8
1825000 888.6
1830000 887.7
1835000 908.4
1840000 903.0
1845000 883.0
1850000 878.0
1855000 849.4
1860000 884.1
1865000 496.9
1870000 897.1
1875000 889.4
1880000 904.8
1885000 892.2
1890000 491.3
1895000 890.4
1900000 879.4
1905000 891.8
1910000 905.0
1915000 904.3
1920000 908.0
1925000 893.6
1930000 907.8
1935000 891.5
1940000 890.9
1945000 900.7
1950000 871.2
1955000 885.8
1960000 888.5
1965000 895.4
1970000 901.8
1975000 901.3
1980000 895.0
1985000 899.1
1990000 902.1
1995000 907.0
2000000 880.3
