5000 113.3
10000 186.7
15000 251.4
20000 154.1
25000 57.5
30000 102.2
35000 150.0
40000 58.6
45000 114.0
50000 87.3
55000 14.2
60000 234.1
65000 78.1
70000 33.1
75000 62.6
80000 122.8
85000 71.3
90000 69.0
95000 182.2
100000 188.4
105000 144.7
110000 179.2
115000 215.1
120000 177.7
125000 202.0
130000 205.8
135000 343.1
140000 194.2
145000 191.9
150000 109.1
155000 129.5
160000 232.7
165000 175.1
170000 281.5
175000 120.8
180000 224.5
185000 187.2
190000 213.7
195000 166.1
200000 324.0
205000 175.3
210000 141.4
215000 132.2
220000 77.5
225000 130.4
230000 91.0
235000 225.8
240000 142.9
245000 65.7
250000 153.4
255000 57.6
260000 121.4
265000 55.0
270000 64.7
275000 220.9
280000 41.7
285000 35.5
290000 226.7
295000 118.8
300000 94.0
305000 154.2
310000 256.0
315000 297.5
320000 331.4
325000 42.6
330000 463.7
335000 476.5
340000 514.4
345000 474.8
350000 496.7
355000 480.4
360000 452.2
365000 487.4
370000 483.0
375000 475.0
380000 518.8
385000 498.0
390000 508.5
395000 499.1
400000 524.1
405000 485.8
410000 554.3
415000 576.9
420000 548.4
425000 591.0
430000 549.4
435000 548.2
440000 613.8
445000 575.2
450000 601.9
455000 598.7
460000 614.1
465000 592.4
470000 645.2
475000 585.7
480000 673.6
485000 655.0
490000 664.9
495000 683.7
500000 649.4
505000 677.6
510000 656.1
515000 651.6
520000 647.3
525000 333.2
530000 720.3
535000 647.6
540000 712.8
545000 657.6
550000 643.9
555000 687.0
560000 690.7
565000 712.3
570000 688.8
575000 679.6
580000 709.9
585000 684.7
590000 697.5
595000 714.5
600000 721.0
605000 674.0
610000 718.7
615000 688.6
620000 727.9
625000 684.4
630000 713.4
635000 735.0
640000 724.1
645000 386.9
650000 577.9
655000 699.5
660000 707.6
665000 686.4
670000 750.4
675000 744.9
680000 715.3
685000 747.9
690000 714.8
695000 781.4
700000 769.4
705000 769.9
710000 744.4
715000 763.9
720000 751.5
725000 729.5
730000 775.1
735000 803.6
740000 770.4
745000 769.1
750000 786.5
755000 791.9
760000 794.2
765000 821.9
770000 779.8
775000 797.2
780000 781.0
785000 772.8
790000 765.1
795000 766.3
800000 784.5
805000 787.2
810000 796.1
815000 818.1
820000 805.9
825000 785.8
830000 747.3
835000 792.4
840000 806.1
845000 765.6
850000 789.4
855000 765.0
860000 796.5
865000 802.0
870000 791.7
875000 815.9
880000 806.2
885000 793.8
890000 808.7
895000 798.3
900000 796.6
905000 802.3
910000 800.7
915000 795.1
920000 842.0
925000 808.7
930000 805.2
935000 787.8
940000 784.8
945000 836.3
950000 787.3
955000 812.5
960000 825.0
965000 289.6
970000 706.5
975000 746.8
980000 781.6
985000 793.7
990000 797.6
995000 811.2
1000000 795.9
1005000 814.7
1010000 808.8
1015000 806.6
1020000 824.5
1025000 777.5
1030000 791.5
1035000 804.8
1040000 853.3
1045000 830.2
1050000 826.1
1055000 828.9
1060000 825.2
1065000 818.1
1070000 857.4
1075000 828.3
1080000 840.7
1085000 838.7
1090000 842.2
1095000 852.6
1100000 847.6
1105000 797.4
1110000 811.1
1115000 838.5
1120000 845.4
1125000 830.6
1130000 833.4
1135000 864.7
1140000 821.1
1145000 832.5
1150000 847.2
1155000 833.7
1160000 817.5
1165000 832.1
1170000 855.4
1175000 853.2
1180000 859.9
1185000 837.6
1190000 843.5
1195000 827.0
1200000 847.0
1205000 830.5
1210000 819.6
1215000 828.0
1220000 836.6
1225000 853.2
1230000 846.1
1235000 853.3
1240000 807.3
1245000 763.9
1250000 838.5
1255000 854.9
1260000 845.6
1265000 844.8
1270000 864.8
1275000 830.3
1280000 852.6
1285000 66.4
1290000 350.5
1295000 793.3
1300000 825.0
1305000 817.2
1310000 814.6
1315000 854.9
1320000 843.8
1325000 842.2
1330000 858.2
1335000 856.2
1340000 838.7
1345000 830.2
1350000 845.7
1355000 846.4
1360000 864.1
1365000 829.7
1370000 875.1
1375000 857.1
1380000 874.7
1385000 843.1
1390000 857.4
1395000 856.1
1400000 880.2
1405000 875.8
1410000 875.1
1415000 869.2
1420000 852.4
1425000 876.5
1430000 882.1
1435000 865.4
1440000 890.0
1445000 866.6
1450000 882.4
1455000 851.6
1460000 899.4
1465000 853.4
1470000 879.8
1475000 871.3
1480000 876.4
1485000 886.3
1490000 861.1
1495000 868.2
1500000 873.3
1505000 877.3
1510000 884.6
1515000 880.9
1520000 859.9
1525000 860.1
1530000 883.1
1535000 888.0
1540000 904.9
1545000 879.6
1550000 874.9
1555000 853.0
1560000 879.9
1565000 877.1
1570000 874.0
1575000 886.8
1580000 884.0
1585000 876.8
1590000 884.4
1595000 888.6
1600000 851.9
1605000 175.1
1610000 520.3
1615000 795.5
1620000 701.3
1625000 823.7
1630000 843.8
1635000 843.4
1640000 830.4
1645000 876.8
1650000 868.5
1655000 877.8
1660000 882.6
1665000 865.8
1670000 898.3
1675000 885.0
1680000 886.2
1685000 876.5
1690000 879.2
1695000 852.2
1700000 891.1
1705000 883.4
1710000 876.5
1715000 889.8
1720000 871.9
1725000 896.6
1730000 907.9
1735000 890.5
1740000 893.6
1745000 903.8
1750000 893.8
1755000 899.6
1760000 873.6
1765000 900.8
1770000 900.8
1775000 894.9
1780000 875.0
1785000 895.8
1790000 877.8
1795000 899.5
1800000 918.6
1805000 908.5
1810000 898.3
1815000 900.6
1820000 892.4
1825000 879.6
1830000 870.5
1835000 892.1
1840000 887.6
1845000 912.1
1850000 905.4
1855000 897.7
1860000 899.7
1865000 876.7
1870000 907.3
1875000 899.7
1880000 837.6
1885000 913.6
1890000 898.0
1895000 911.4
1900000 910.5
1905000 896.7
1910000 884.8
1915000 914.3
1920000 887.3
1925000 907.1
1930000 891.3
1935000 910.4
1940000 891.8
1945000 897.6
1950000 906.9
1955000 796.4
1960000 885.2
1965000 906.7
1970000 893.0
1975000 902.9
1980000 909.5
1985000 908.8
1990000 910.1
1995000 913.0
2000000 903.7
