5000 71.1
10000 10.5
15000 55.7
20000 104.4
25000 253.1
30000 156.8
35000 57.6
40000 108.6
45000 58.2
50000 157.5
55000 57.1
60000 211.8
65000 60.1
70000 103.4
75000 240.3
80000 22.4
85000 21.4
90000 67.0
95000 19.0
100000 14.9
105000 63.0
110000 16.4
115000 63.9
120000 71.9
125000 37.5
130000 45.4
135000 52.7
140000 76.7
145000 55.9
150000 77.1
155000 98.1
160000 153.0
165000 151.1
170000 218.4
175000 113.7
180000 156.8
185000 168.3
190000 158.2
195000 140.3
200000 162.7
205000 46.8
210000 104.0
215000 112.1
220000 193.7
225000 207.9
230000 290.8
235000 211.5
240000 215.6
245000 230.3
250000 238.2
255000 227.8
260000 269.1
265000 249.8
270000 282.6
275000 278.6
280000 283.0
285000 129.8
290000 226.2
295000 199.1
300000 252.5
305000 203.1
310000 217.1
315000 100.3
320000 280.2
325000 368.3
330000 484.7
335000 472.4
340000 494.1
345000 483.9
350000 489.7
355000 535.6
360000 484.5
365000 492.6
370000 464.9
375000 476.9
380000 484.3
385000 480.8
390000 439.3
395000 477.5
400000 475.6
405000 478.3
410000 491.6
415000 489.7
420000 495.9
425000 505.1
430000 483.8
435000 567.3
440000 592.2
445000 531.5
450000 590.0
455000 575.2
460000 583.3
465000 596.1
470000 596.5
475000 612.1
480000 589.0
485000 614.8
490000 627.0
495000 618.9
500000 599.2
505000 644.2
510000 598.7
515000 624.1
520000 618.6
525000 628.9
530000 615.5
535000 630.8
540000 625.7
545000 619.0
550000 638.2
555000 612.8
560000 638.1
565000 646.2
570000 646.0
575000 640.4
580000 637.4
585000 652.5
590000 630.6
595000 619.2
600000 650.2
605000 644.6
610000 665.0
615000 662.7
620000 639.4
625000 662.8
630000 646.0
635000 658.0
640000 648.9
645000 319.3
650000 521.9
655000 654.3
660000 662.5
665000 695.3
670000 682.4
675000 705.3
680000 626.2
685000 655.1
690000 691.3
695000 628.7
700000 662.3
705000 701.3
710000 686.8
715000 705.9
720000 722.1
725000 732.5
730000 698.5
735000 747.7
740000 723.3
745000 725.5
750000 757.7
755000 669.1
760000 751.3
765000 758.0
770000 778.8
775000 743.7
780000 743.1
785000 724.8
790000 738.8
795000 711.9
800000 751.7
805000 724.6
810000 745.1
815000 724.2
820000 761.4
825000 767.1
830000 761.0
835000 756.9
840000 750.4
845000 752.5
850000 779.6
855000 778.1
860000 787.0
865000 782.7
870000 764.6
875000 774.8
880000 787.3
885000 775.4
890000 765.1
895000 780.9
900000 785.0
905000 794.7
910000 793.9
915000 797.8
920000 787.0
925000 771.9
930000 797.2
935000 779.3
940000 802.5
945000 801.5
950000 799.2
955000 796.0
960000 802.8
965000 277.9
970000 635.0
975000 692.6
980000 755.6
985000 761.9
990000 746.4
995000 750.2
1000000 772.6
1005000 796.8
1010000 787.5
1015000 810.2
1020000 776.1
1025000 785.5
1030000 803.6
1035000 790.7
1040000 824.1
1045000 811.1
1050000 800.5
1055000 815.3
1060000 794.0
1065000 818.4
1070000 805.3
1075000 820.9
1080000 793.5
1085000 823.3
1090000 804.8
1095000 816.4
1100000 830.4
1105000 833.9
1110000 817.1
1115000 816.5
1120000 807.5
1125000 833.9
1130000 832.4
1135000 836.7
1140000 827.5
1145000 815.5
1150000 807.1
1155000 837.7
1160000 835.7
1165000 814.2
1170000 824.8
1175000 821.5
1180000 848.1
1185000 828.6
1190000 837.7
1195000 821.3
1200000 846.8
1205000 818.3
1210000 855.5
1215000 822.8
1220000 824.8
1225000 828.1
1230000 851.1
1235000 829.0
1240000 818.5
1245000 848.1
1250000 847.8
1255000 831.8
1260000 845.1
1265000 823.2
1270000 843.6
1275000 836.9
1280000 819.3
1285000 44.6
1290000 585.6
1295000 724.6
1300000 791.6
1305000 801.9
1310000 803.4
1315000 783.3
1320000 809.5
1325000 823.4
1330000 837.6
1335000 799.8
1340000 818.4
1345000 813.6
1350000 852.6
1355000 847.2
1360000 831.8
1365000 845.7
1370000 860.9
1375000 865.8
1380000 832.8
1385000 874.1
1390000 843.1
1395000 859.5
1400000 853.2
1405000 864.6
1410000 843.3
1415000 849.4
1420000 865.0
1425000 874.3
1430000 830.9
1435000 873.4
1440000 842.4
1445000 186.0
1450000 855.7
1455000 835.7
1460000 823.7
1465000 862.3
1470000 849.3
1475000 895.1
1480000 870.9
1485000 872.1
1490000 881.4
1495000 839.5
1500000 884.3
1505000 884.1
1510000 903.9
1515000 854.5
1520000 875.9
1525000 893.4
1530000 888.5
1535000 883.8
1540000 851.1
1545000 879.0
1550000 889.2
1555000 896.4
1560000 891.3
1565000 886.2
1570000 868.5
1575000 891.6
1580000 856.5
1585000 860.9
1590000 875.4
1595000 905.4
1600000 886.9
1605000 353.1
1610000 394.8
1615000 746.8
1620000 811.6
1625000 816.9
1630000 815.8
1635000 806.6
1640000 829.0
1645000 800.8
1650000 851.9
1655000 862.7
1660000 867.4
1665000 840.3
1670000 862.1
1675000 852.7
1680000 859.0
1685000 891.6
1690000 869.7
1695000 879.6
1700000 863.6
1705000 870.0
1710000 863.3
1715000 867.8
1720000 879.7
1725000 854.2
1730000 863.4
1735000 860.8
1740000 882.3
1745000 870.0
1750000 881.7
1755000 868.8
1760000 875.9
1765000 875.3
1770000 780.6
1775000 887.6
1780000 860.2
1785000 879.1
1790000 885.2
1795000 876.8
1800000 878.3
1805000 882.7
1810000 872.1
1815000 875.8
1820000 882.2
1825000 894.6
1830000 868.6
1835000 890.6
1840000 895.7
1845000 884.9
1850000 889.9
1855000 895.2
1860000 887.5
1865000 869.3
1870000 871.6
1875000 874.2
1880000 877.1
1885000 877.2
1890000 882.4
1895000 872.0
1900000 864.6
1905000 892.2
1910000 898.5
1915000 892.2
1920000 887.1
1925000 905.6
1930000 897.5
1935000 901.2
1940000 895.1
1945000 893.9
1950000 896.8
1955000 879.3
1960000 858.6
1965000 897.6
1970000 884.8
1975000 882.9
1980000 901.9
1985000 879.8
1990000 891.2
1995000 896.3
2000000 898.2
