5000 119.6
10000 66.8
15000 155.2
20000 110.1
25000 103.2
30000 56.6
35000 9.4
40000 104.9
45000 161.4
50000 86.4
55000 95.0
60000 49.7
65000 77.7
70000 125.7
75000 201.4
80000 164.8
85000 192.9
90000 173.9
95000 155.9
100000 181.7
105000 166.4
110000 215.4
115000 169.5
120000 190.5
125000 209.2
130000 192.2
135000 196.0
140000 176.3
145000 165.8
150000 180.8
155000 153.0
160000 121.8
165000 163.7
170000 151.5
175000 145.4
180000 76.9
185000 169.8
190000 156.4
195000 144.8
200000 93.1
205000 130.6
210000 161.4
215000 83.1
220000 115.2
225000 187.5
230000 49.1
235000 94.1
240000 379.0
245000 264.0
250000 109.3
255000 265.3
260000 68.7
265000 423.9
270000 474.8
275000 271.0
280000 476.3
285000 458.5
290000 347.8
295000 434.6
300000 455.8
305000 415.9
310000 473.4
315000 431.1
320000 446.2
325000 369.0
330000 348.5
335000 480.9
340000 461.8
345000 509.1
350000 515.4
355000 546.1
360000 531.3
365000 577.7
370000 558.5
375000 563.8
380000 562.9
385000 613.9
390000 564.7
395000 557.6
400000 642.1
405000 606.2
410000 616.2
415000 662.8
420000 632.5
425000 614.3
430000 649.1
435000 660.9
440000 731.1
445000 736.3
450000 681.7
455000 648.6
460000 686.0
465000 625.5
470000 685.8
475000 747.6
480000 651.6
485000 682.0
490000 725.7
495000 707.6
500000 760.0
505000 738.6
510000 742.1
515000 760.0
520000 801.4
525000 811.8
530000 767.1
535000 785.4
540000 739.6
545000 794.9
550000 699.0
555000 862.8
560000 829.4
565000 855.7
570000 837.8
575000 845.8
580000 843.9
585000 837.3
590000 867.9
595000 747.6
600000 835.2
605000 809.6
610000 783.5
615000 710.4
620000 750.0
625000 857.8
630000 816.0
635000 908.0
640000 879.2
645000 227.9
650000 635.0
655000 741.6
660000 351.4
665000 778.8
670000 853.6
675000 894.9
680000 862.5
685000 926.5
690000 903.1
695000 910.6
700000 928.3
705000 948.8
710000 938.5
715000 906.5
720000 913.0
725000 899.5
730000 922.7
735000 881.5
740000 917.3
745000 845.1
750000 905.9
755000 909.8
760000 899.2
765000 910.2
770000 922.7
775000 945.7
780000 931.7
785000 893.2
790000 930.4
795000 920.4
800000 933.7
805000 913.7
810000 918.0
815000 920.5
820000 939.9
825000 929.9
830000 928.6
835000 925.6
840000 927.5
845000 918.6
850000 887.4
855000 932.5
860000 785.2
865000 930.6
870000 928.9
875000 939.6
880000 915.9
885000 930.6
890000 908.8
895000 885.3
900000 916.3
905000 910.0
910000 921.8
915000 909.9
920000 932.0
925000 903.8
930000 934.5
935000 912.7
940000 935.6
945000 919.5
950000 924.8
955000 933.5
960000 925.4
965000 523.2
970000 801.0
975000 768.0
980000 776.8
985000 865.5
990000 900.1
995000 878.7
1000000 896.6
1005000 878.1
1010000 895.9
1015000 877.2
1020000 912.4
1025000 878.0
1030000 933.5
1035000 919.1
1040000 919.2
1045000 931.9
1050000 807.5
1055000 923.5
1060000 896.1
1065000 922.5
1070000 902.0
1075000 915.3
1080000 920.8
1085000 911.6
1090000 899.2
1095000 918.6
1100000 910.3
1105000 910.5
1110000 875.9
1115000 886.1
1120000 924.3
1125000 913.5
1130000 918.8
1135000 915.7
1140000 916.9
1145000 929.5
1150000 934.6
1155000 924.4
1160000 924.4
1165000 909.9
1170000 926.1
1175000 928.5
1180000 926.2
1185000 897.2
1190000 925.7
1195000 918.5
1200000 939.3
1205000 921.9
1210000 929.2
1215000 923.7
1220000 926.3
1225000 898.9
1230000 914.1
1235000 931.1
1240000 916.3
1245000 916.4
1250000 917.1
1255000 909.4
1260000 933.6
1265000 904.6
1270000 929.7
1275000 931.2
1280000 930.9
1285000 361.3
1290000 663.1
1295000 734.1
1300000 665.3
1305000 893.6
1310000 920.3
1315000 761.7
1320000 925.3
1325000 905.6
1330000 863.4
1335000 916.3
1340000 901.2
1345000 916.3
1350000 909.4
1355000 887.4
1360000 900.9
1365000 936.4
1370000 904.5
1375000 922.3
1380000 936.3
1385000 908.4
1390000 927.7
1395000 896.2
1400000 941.4
1405000 930.3
1410000 897.3
1415000 930.6
1420000 924.6
1425000 924.7
1430000 902.6
1435000 935.1
1440000 932.1
1445000 917.1
1450000 911.4
1455000 926.2
1460000 942.2
1465000 932.8
1470000 943.6
1475000 898.0
1480000 915.9
1485000 927.8
1490000 948.7
1495000 938.0
1500000 914.4
1505000 921.5
1510000 940.2
1515000 948.2
1520000 916.6
1525000 895.9
1530000 923.7
1535000 905.2
1540000 899.1
1545000 913.6
1550000 938.0
1555000 925.7
1560000 912.0
1565000 918.5
1570000 923.1
1575000 925.1
1580000 927.7
1585000 939.5
1590000 929.5
1595000 928.8
1600000 922.2
1605000 90.6
1610000 335.7
1615000 577.9
1620000 734.1
1625000 782.4
1630000 881.2
1635000 904.9
1640000 932.4
1645000 904.9
1650000 806.4
1655000 884.8
1660000 857.9
1665000 907.9
1670000 919.2
1675000 926.2
1680000 930.3
1685000 941.7
1690000 938.6
1695000 919.6
1700000 914.4
1705000 942.3
1710000 940.9
1715000 915.6
1720000 938.7
1725000 929.8
1730000 930.6
1735000 917.2
1740000 919.2
1745000 945.5
1750000 936.3
1755000 935.7
1760000 930.2
1765000 914.5
1770000 931.0
1775000 949.4
1780000 911.0
1785000 940.8
1790000 937.3
1795000 936.3
1800000 916.7
1805000 901.6
1810000 929.6
1815000 926.8
1820000 912.8
1825000 921.3
1830000 937.1
1835000 944.0
1840000 938.4
1845000 904.7
1850000 927.1
1855000 913.0
1860000 936.8
1865000 928.9
1870000 908.6
1875000 934.1
1880000 917.7
1885000 915.0
1890000 926.0
1895000 936.4
1900000 941.4
1905000 935.8
1910000 908.9
1915000 932.2
1920000 939.1
1925000 952.4
1930000 944.7
1935000 934.6
1940000 916.4
1945000 920.0
1950000 938.6
1955000 933.8
1960000 940.1
1965000 960.5
1970000 943.1
1975000 937.7
1980000 931.2
1985000 936.3
1990000 919.5
1995000 928.5
2000000 945.2
