5000 251.2
10000 151.7
15000 219.1
20000 338.5
25000 64.5
30000 210.1
35000 206.2
40000 170.5
45000 94.4
50000 200.3
55000 112.6
60000 13.1
65000 112.8
70000 224.0
75000 204.8
80000 257.1
85000 13.6
90000 209.6
95000 86.5
100000 611.4
105000 18.7
110000 154.7
115000 397.0
120000 238.5
125000 109.4
130000 255.8
135000 362.7
140000 74.4
145000 340.4
150000 31.5
155000 391.7
160000 303.3
165000 130.0
170000 254.9
175000 77.7
180000 379.8
185000 251.3
190000 108.0
195000 281.0
200000 303.2
205000 108.9
210000 207.8
215000 112.6
220000 288.3
225000 194.9
230000 272.6
235000 314.3
240000 441.5
245000 662.4
250000 207.8
255000 447.6
260000 267.1
265000 539.8
270000 386.8
275000 337.8
280000 168.5
285000 436.7
290000 105.4
295000 304.6
300000 250.3
305000 296.5
310000 205.3
315000 113.2
320000 241.8
325000 270.5
330000 205.3
335000 274.7
340000 251.0
345000 360.2
350000 290.6
355000 343.0
360000 391.6
365000 563.1
370000 178.8
375000 161.1
380000 290.6
385000 231.2
390000 281.6
395000 207.7
400000 169.9
405000 464.5
410000 539.7
415000 639.6
420000 299.5
425000 556.7
430000 436.6
435000 466.4
440000 309.2
445000 367.3
450000 364.9
455000 375.6
460000 319.9
465000 360.6
470000 424.9
475000 82.2
480000 389.4
485000 264.2
490000 249.9
495000 573.5
500000 277.0
505000 528.2
510000 191.2
515000 200.9
520000 333.9
525000 343.0
530000 74.9
535000 576.1
540000 425.8
545000 184.6
550000 642.7
555000 476.2
560000 195.2
565000 431.1
570000 193.7
575000 382.8
580000 198.9
585000 587.0
590000 195.1
595000 173.9
600000 271.2
605000 162.5
610000 705.7
615000 690.6
620000 359.5
625000 207.6
630000 672.6
635000 521.6
640000 352.5
645000 525.0
650000 329.4
655000 189.8
660000 203.4
665000 367.5
670000 94.4
675000 402.5
680000 257.8
685000 704.8
690000 380.7
695000 270.8
700000 377.0
705000 448.3
710000 455.6
715000 659.1
720000 196.6
725000 252.7
730000 276.3
735000 465.9
740000 387.8
745000 544.6
750000 460.6
755000 379.0
760000 547.7
765000 302.1
770000 166.9
775000 447.5
780000 497.6
785000 300.1
790000 279.8
795000 184.5
800000 382.1
805000 327.7
810000 374.0
815000 96.2
820000 539.6
825000 367.2
830000 551.7
835000 501.6
840000 194.1
845000 547.5
850000 582.0
855000 95.4
860000 187.5
865000 92.9
870000 354.0
875000 365.8
880000 567.9
885000 84.2
890000 253.6
895000 184.2
900000 711.9
905000 370.8
910000 276.6
915000 375.8
920000 406.2
925000 11.1
930000 510.3
935000 565.2
940000 257.3
945000 204.2
950000 184.3
955000 168.0
960000 534.2
965000 178.5
970000 369.1
975000 522.7
980000 353.6
985000 404.5
990000 383.3
995000 223.0
1000000 480.7
1005000 200.6
1010000 409.8
1015000 425.7
1020000 375.7
1025000 309.6
1030000 513.7
1035000 207.3
1040000 356.7
1045000 514.8
1050000 305.5
1055000 344.0
1060000 525.0
1065000 604.5
1070000 395.4
1075000 110.9
1080000 316.7
1085000 244.8
1090000 428.1
1095000 507.6
1100000 299.8
1105000 79.7
1110000 320.2
1115000 416.3
1120000 342.5
1125000 221.6
1130000 432.2
1135000 403.0
1140000 294.2
1145000 266.0
1150000 578.0
1155000 306.3
1160000 441.7
1165000 248.4
1170000 449.0
1175000 419.7
1180000 287.3
1185000 108.8
1190000 267.6
1195000 505.3
1200000 756.4
1205000 368.8
1210000 382.0
1215000 431.4
1220000 217.5
1225000 407.8
1230000 114.4
1235000 462.7
1240000 546.6
1245000 149.9
1250000 446.8
1255000 249.9
1260000 360.4
1265000 468.1
1270000 442.7
1275000 238.8
1280000 578.8
1285000 397.3
1290000 210.3
1295000 279.2
1300000 471.9
1305000 257.5
1310000 365.1
1315000 491.4
1320000 484.2
1325000 169.2
1330000 190.6
1335000 305.8
1340000 562.8
1345000 587.7
1350000 289.2
1355000 467.3
1360000 629.9
1365000 316.6
1370000 186.8
1375000 771.5
1380000 332.9
1385000 259.5
1390000 250.9
1395000 277.7
1400000 208.1
1405000 675.3
1410000 361.5
1415000 523.3
1420000 744.7
1425000 544.8
1430000 530.2
1435000 622.4
1440000 387.4
1445000 212.9
1450000 111.4
1455000 306.6
1460000 262.9
1465000 288.6
1470000 170.7
1475000 265.7
1480000 366.8
1485000 280.3
1490000 472.5
1495000 299.0
1500000 273.2
1505000 373.0
1510000 454.1
1515000 274.2
1520000 584.3
1525000 448.7
1530000 564.2
1535000 575.3
1540000 495.3
1545000 319.4
1550000 273.9
1555000 482.9
1560000 299.9
1565000 547.9
1570000 452.0
1575000 462.7
1580000 268.3
1585000 514.9
1590000 482.7
1595000 300.7
1600000 220.0
1605000 245.6
1610000 334.2
1615000 277.0
1620000 392.2
1625000 403.7
1630000 572.4
1635000 478.2
1640000 424.6
1645000 186.9
1650000 159.7
1655000 462.3
1660000 173.5
1665000 171.6
1670000 464.7
1675000 631.0
1680000 158.3
1685000 106.5
1690000 564.6
1695000 368.3
1700000 253.8
1705000 555.7
1710000 277.2
1715000 230.2
1720000 132.7
1725000 388.9
1730000 216.9
1735000 300.3
1740000 132.4
1745000 396.4
1750000 325.7
1755000 265.8
1760000 290.1
1765000 193.1
1770000 516.3
1775000 347.1
1780000 384.3
1785000 445.2
1790000 173.3
1795000 598.9
1800000 190.3
1805000 355.1
1810000 450.3
1815000 420.5
1820000 401.9
1825000 355.0
1830000 424.7
1835000 534.6
1840000 285.4
1845000 152.4
1850000 558.5
1855000 360.8
1860000 345.0
1865000 440.5
1870000 278.5
1875000 453.3
1880000 592.7
1885000 303.8
1890000 295.7
1895000 361.3
1900000 465.8
1905000 476.6
1910000 595.5
1915000 401.1
1920000 350.5
1925000 563.5
1930000 421.0
1935000 304.4
1940000 109.1
1945000 430.3
1950000 322.8
1955000 211.4
1960000 560.6
1965000 456.8
1970000 407.2
1975000 186.8
1980000 401.3
1985000 342.9
1990000 238.4
1995000 561.6
2000000 536.1
