5000 47.5
10000 238.1
15000 176.3
20000 21.6
25000 351.3
30000 201.0
35000 30.1
40000 118.0
45000 202.8
50000 11.4
55000 109.2
60000 191.4
65000 44.3
70000 87.2
75000 381.3
80000 239.1
85000 199.9
90000 184.6
95000 183.2
100000 179.0
105000 201.6
110000 182.9
115000 211.9
120000 303.8
125000 438.7
130000 109.9
135000 91.4
140000 204.5
145000 210.6
150000 256.9
155000 115.5
160000 296.2
165000 17.5
170000 463.6
175000 212.0
180000 18.0
185000 99.0
190000 182.0
195000 495.5
200000 386.5
205000 266.7
210000 627.3
215000 435.4
220000 465.7
225000 292.7
230000 270.5
235000 293.1
240000 382.9
245000 321.0
250000 394.2
255000 194.8
260000 408.6
265000 207.5
270000 181.3
275000 329.9
280000 402.7
285000 541.3
290000 115.6
295000 547.2
300000 453.9
305000 206.1
310000 386.5
315000 369.5
320000 423.8
325000 262.2
330000 114.0
335000 467.2
340000 260.5
345000 267.9
350000 378.2
355000 498.7
360000 201.2
365000 396.0
370000 196.7
375000 286.4
380000 371.2
385000 182.8
390000 128.8
395000 175.3
400000 93.3
405000 488.3
410000 206.2
415000 307.7
420000 452.5
425000 402.1
430000 191.8
435000 286.9
440000 175.9
445000 453.6
450000 383.3
455000 510.4
460000 227.0
465000 275.9
470000 193.2
475000 425.1
480000 465.4
485000 367.3
490000 287.9
495000 9.8
500000 289.6
505000 296.1
510000 385.8
515000 363.3
520000 388.6
525000 233.8
530000 257.2
535000 499.9
540000 350.1
545000 439.7
550000 154.6
555000 402.6
560000 249.9
565000 316.2
570000 305.9
575000 610.0
580000 398.2
585000 170.3
590000 444.5
595000 431.3
600000 232.6
605000 660.4
610000 307.3
615000 638.5
620000 289.4
625000 364.6
630000 84.9
635000 366.6
640000 271.6
645000 281.2
650000 495.1
655000 285.5
660000 357.2
665000 477.4
670000 404.7
675000 347.3
680000 304.4
685000 448.4
690000 619.5
695000 384.9
700000 302.4
705000 509.4
710000 437.8
715000 673.5
720000 272.6
725000 329.3
730000 257.9
735000 464.7
740000 247.6
745000 362.7
750000 455.8
755000 301.8
760000 251.6
765000 378.8
770000 354.4
775000 497.1
780000 390.9
785000 355.7
790000 78.5
795000 388.7
800000 287.2
805000 188.8
810000 163.1
815000 203.7
820000 361.8
825000 442.2
830000 288.5
835000 313.7
840000 155.4
845000 277.4
850000 429.4
855000 266.2
860000 492.8
865000 303.4
870000 407.9
875000 318.3
880000 376.0
885000 306.6
890000 574.8
895000 355.6
900000 456.7
905000 204.9
910000 553.9
915000 300.8
920000 248.3
925000 581.2
930000 509.6
935000 606.7
940000 410.7
945000 547.9
950000 401.9
955000 350.0
960000 574.8
965000 295.3
970000 411.5
975000 386.5
980000 357.6
985000 446.8
990000 453.9
995000 144.6
1000000 451.1
1005000 359.2
1010000 349.8
1015000 584.6
1020000 584.3
1025000 349.6
1030000 397.7
1035000 302.4
1040000 450.3
1045000 538.3
1050000 257.3
1055000 454.1
1060000 288.1
1065000 312.2
1070000 285.2
1075000 553.0
1080000 560.2
1085000 547.8
1090000 358.5
1095000 251.3
1100000 676.6
1105000 215.8
1110000 338.9
1115000 494.2
1120000 556.7
1125000 196.2
1130000 461.2
1135000 296.6
1140000 330.8
1145000 206.8
1150000 598.0
1155000 347.9
1160000 320.0
1165000 194.8
1170000 474.5
1175000 650.9
1180000 181.3
1185000 443.1
1190000 285.0
1195000 387.6
1200000 344.8
1205000 313.8
1210000 347.4
1215000 526.1
1220000 647.8
1225000 298.3
1230000 267.9
1235000 333.9
1240000 290.3
1245000 425.2
1250000 286.4
1255000 304.7
1260000 722.9
1265000 322.0
1270000 224.1
1275000 287.8
1280000 285.6
1285000 380.5
1290000 395.3
1295000 290.2
1300000 488.8
1305000 394.8
1310000 279.5
1315000 324.8
1320000 543.5
1325000 349.8
1330000 466.7
1335000 271.4
1340000 369.1
1345000 432.1
1350000 478.6
1355000 340.7
1360000 636.5
1365000 426.0
1370000 488.2
1375000 653.4
1380000 681.1
1385000 387.8
1390000 9.1
1395000 411.9
1400000 490.9
1405000 199.9
1410000 439.2
1415000 303.9
1420000 196.8
1425000 107.0
1430000 476.0
1435000 437.4
1440000 292.1
1445000 131.8
1450000 282.1
1455000 373.1
1460000 317.7
1465000 375.5
1470000 167.1
1475000 185.5
1480000 300.1
1485000 255.8
1490000 364.1
1495000 320.5
1500000 336.9
1505000 189.4
1510000 692.2
1515000 711.7
1520000 227.9
1525000 264.7
1530000 297.3
1535000 474.9
1540000 383.4
1545000 524.1
1550000 337.6
1555000 335.6
1560000 673.7
1565000 222.6
1570000 240.4
1575000 316.2
1580000 459.3
1585000 253.2
1590000 337.1
1595000 290.4
1600000 259.4
1605000 476.0
1610000 489.9
1615000 468.8
1620000 465.8
1625000 318.6
1630000 368.8
1635000 534.9
1640000 96.0
1645000 306.8
1650000 333.3
1655000 275.8
1660000 323.8
1665000 491.5
1670000 467.1
1675000 532.7
1680000 262.5
1685000 282.7
1690000 467.7
1695000 660.3
1700000 351.7
1705000 352.7
1710000 270.4
1715000 255.6
1720000 209.0
1725000 509.5
1730000 597.9
1735000 336.3
1740000 346.6
1745000 167.2
1750000 678.8
1755000 298.3
1760000 462.3
1765000 254.4
1770000 282.5
1775000 447.5
1780000 583.2
1785000 411.6
1790000 627.5
1795000 330.0
1800000 495.0
1805000 256.8
1810000 346.1
1815000 448.1
1820000 589.5
1825000 504.9
1830000 280.7
1835000 298.8
1840000 389.2
1845000 332.1
1850000 264.8
1855000 268.3
1860000 450.2
1865000 329.0
1870000 407.1
1875000 351.5
1880000 251.0
1885000 502.0
1890000 307.2
1895000 343.9
1900000 180.6
1905000 467.4
1910000 426.0
1915000 421.1
1920000 375.3
1925000 377.6
1930000 594.1
1935000 605.0
1940000 417.2
1945000 682.5
1950000 433.4
1955000 395.6
1960000 136.9
1965000 343.6
1970000 581.5
1975000 606.9
1980000 783.9
1985000 477.7
1990000 172.8
1995000 448.2
2000000 574.3
