5000 80.5
10000 289.9
15000 190.0
20000 200.9
25000 280.6
30000 146.6
35000 113.3
40000 64.4
45000 138.2
50000 262.9
55000 111.5
60000 211.5
65000 342.4
70000 97.2
75000 330.2
80000 116.7
85000 198.4
90000 191.9
95000 183.2
100000 287.0
105000 355.2
110000 114.3
115000 181.4
120000 200.5
125000 62.2
130000 209.6
135000 110.6
140000 255.9
145000 441.0
150000 96.0
155000 118.4
160000 208.1
165000 270.4
170000 213.1
175000 101.7
180000 281.4
185000 306.1
190000 319.6
195000 295.7
200000 280.4
205000 338.9
210000 208.1
215000 207.1
220000 199.5
225000 374.6
230000 200.1
235000 188.2
240000 349.6
245000 211.6
250000 498.4
255000 182.7
260000 67.7
265000 206.9
270000 288.8
275000 595.6
280000 491.7
285000 400.6
290000 354.3
295000 186.5
300000 367.1
305000 383.9
310000 297.4
315000 299.0
320000 16.6
325000 31.2
330000 153.7
335000 201.8
340000 255.7
345000 186.2
350000 481.3
355000 115.1
360000 281.2
365000 188.0
370000 288.4
375000 200.8
380000 185.5
385000 197.4
390000 417.7
395000 478.2
400000 208.4
405000 261.1
410000 420.3
415000 380.7
420000 481.5
425000 196.5
430000 194.1
435000 373.9
440000 271.0
445000 499.7
450000 198.8
455000 361.3
460000 289.4
465000 205.3
470000 283.1
475000 108.1
480000 362.3
485000 155.0
490000 283.4
495000 657.7
500000 214.4
505000 256.2
510000 257.3
515000 415.0
520000 494.0
525000 405.2
530000 495.6
535000 221.0
540000 194.0
545000 287.4
550000 245.6
555000 238.6
560000 333.2
565000 517.9
570000 262.3
575000 203.5
580000 559.9
585000 387.6
590000 282.5
595000 209.7
600000 463.9
605000 502.6
610000 395.6
615000 290.9
620000 261.5
625000 342.9
630000 508.3
635000 790.9
640000 514.8
645000 293.3
650000 170.0
655000 338.1
660000 365.7
665000 258.2
670000 205.7
675000 253.6
680000 279.8
685000 480.9
690000 232.7
695000 465.1
700000 418.8
705000 615.2
710000 293.6
715000 363.0
720000 464.8
725000 241.1
730000 285.2
735000 204.3
740000 191.3
745000 195.8
750000 505.7
755000 469.7
760000 335.5
765000 179.9
770000 186.5
775000 365.0
780000 447.5
785000 493.1
790000 338.2
795000 405.0
800000 267.7
805000 197.8
810000 416.4
815000 296.2
820000 318.8
825000 497.9
830000 295.4
835000 289.7
840000 396.2
845000 403.5
850000 279.4
855000 484.8
860000 415.7
865000 340.4
870000 261.1
875000 373.8
880000 376.6
885000 384.3
890000 208.2
895000 308.7
900000 292.8
905000 98.8
910000 288.0
915000 633.2
920000 297.1
925000 363.8
930000 187.4
935000 377.9
940000 604.4
945000 341.7
950000 315.3
955000 199.0
960000 281.4
965000 365.2
970000 273.4
975000 235.4
980000 524.6
985000 294.2
990000 459.1
995000 304.4
1000000 10.9
1005000 347.6
1010000 273.8
1015000 465.3
1020000 279.7
1025000 470.5
1030000 611.4
1035000 289.3
1040000 300.9
1045000 364.0
1050000 209.9
1055000 348.8
1060000 419.5
1065000 466.0
1070000 351.6
1075000 440.9
1080000 321.2
1085000 486.8
1090000 108.3
1095000 460.0
1100000 622.1
1105000 456.0
1110000 298.4
1115000 708.0
1120000 476.1
1125000 190.1
1130000 390.8
1135000 111.4
1140000 256.0
1145000 332.0
1150000 281.6
1155000 153.1
1160000 436.0
1165000 321.3
1170000 596.4
1175000 286.8
1180000 409.4
1185000 160.6
1190000 368.2
1195000 317.1
1200000 420.8
1205000 591.5
1210000 292.5
1215000 325.3
1220000 299.0
1225000 377.8
1230000 207.5
1235000 107.7
1240000 190.4
1245000 177.3
1250000 271.3
1255000 468.6
1260000 374.9
1265000 419.7
1270000 204.7
1275000 440.4
1280000 207.1
1285000 349.6
1290000 348.0
1295000 225.9
1300000 568.0
1305000 95.1
1310000 209.8
1315000 297.4
1320000 197.1
1325000 462.3
1330000 336.0
1335000 456.8
1340000 121.9
1345000 448.8
1350000 280.3
1355000 417.0
1360000 626.1
1365000 368.8
1370000 427.1
1375000 177.6
1380000 491.1
1385000 391.6
1390000 291.6
1395000 350.2
1400000 675.0
1405000 725.1
1410000 267.0
1415000 261.2
1420000 306.3
1425000 255.9
1430000 556.6
1435000 638.7
1440000 804.0
1445000 450.2
1450000 373.6
1455000 208.0
1460000 205.6
1465000 224.4
1470000 234.1
1475000 187.2
1480000 392.4
1485000 318.3
1490000 399.7
1495000 294.6
1500000 254.6
1505000 302.5
1510000 164.3
1515000 514.1
1520000 335.0
1525000 220.5
1530000 467.8
1535000 78.4
1540000 616.5
1545000 657.5
1550000 203.8
1555000 532.5
1560000 251.8
1565000 463.2
1570000 143.3
1575000 279.4
1580000 434.5
1585000 506.3
1590000 455.8
1595000 338.8
1600000 265.9
1605000 394.1
1610000 289.0
1615000 420.6
1620000 75.5
1625000 189.0
1630000 456.3
1635000 298.8
1640000 142.6
1645000 144.2
1650000 197.6
1655000 575.0
1660000 364.4
1665000 347.9
1670000 495.5
1675000 585.2
1680000 356.1
1685000 230.2
1690000 352.7
1695000 367.9
1700000 13.6
1705000 433.3
1710000 387.2
1715000 484.7
1720000 546.4
1725000 365.2
1730000 619.5
1735000 299.9
1740000 271.3
1745000 175.8
1750000 412.1
1755000 294.5
1760000 627.9
1765000 379.6
1770000 439.0
1775000 286.4
1780000 99.2
1785000 455.6
1790000 564.8
1795000 466.1
1800000 200.9
1805000 435.6
1810000 563.1
1815000 513.8
1820000 422.6
1825000 458.5
1830000 578.9
1835000 413.0
1840000 491.4
1845000 184.3
1850000 464.8
1855000 388.9
1860000 395.5
1865000 103.7
1870000 420.1
1875000 467.9
1880000 324.0
1885000 291.3
1890000 288.4
1895000 326.3
1900000 166.8
1905000 619.0
1910000 332.7
1915000 380.7
1920000 486.2
1925000 355.2
1930000 646.0
1935000 83.5
1940000 389.8
1945000 610.8
1950000 519.7
1955000 433.7
1960000 395.2
1965000 270.5
1970000 239.3
1975000 364.3
1980000 336.1
1985000 341.1
1990000 237.9
1995000 357.0
2000000 303.1
