5000 180.6
10000 114.9
15000 122.2
20000 116.8
25000 219.0
30000 176.4
35000 174.6
40000 280.2
45000 322.5
50000 311.8
55000 265.4
60000 310.5
65000 121.9
70000 437.5
75000 18.0
80000 324.3
85000 157.5
90000 298.5
95000 477.6
100000 489.5
105000 17.7
110000 379.2
115000 241.9
120000 204.3
125000 368.1
130000 431.5
135000 401.1
140000 210.8
145000 117.5
150000 216.2
155000 302.1
160000 280.5
165000 396.1
170000 248.6
175000 119.0
180000 361.7
185000 111.6
190000 183.9
195000 389.5
200000 275.0
205000 41.4
210000 190.2
215000 401.2
220000 176.7
225000 290.0
230000 109.1
235000 315.8
240000 186.4
245000 237.8
250000 209.5
255000 225.5
260000 101.0
265000 472.4
270000 361.5
275000 530.5
280000 276.9
285000 477.1
290000 389.9
295000 397.8
300000 372.9
305000 192.8
310000 390.6
315000 373.9
320000 199.6
325000 171.1
330000 382.3
335000 544.4
340000 372.0
345000 471.1
350000 377.2
355000 445.4
360000 288.8
365000 472.2
370000 478.7
375000 329.4
380000 383.2
385000 401.9
390000 371.6
395000 305.0
400000 53.3
405000 218.1
410000 361.2
415000 280.3
420000 508.2
425000 103.8
430000 378.9
435000 390.4
440000 369.8
445000 367.2
450000 720.8
455000 485.8
460000 202.0
465000 415.9
470000 394.9
475000 279.0
480000 402.3
485000 274.1
490000 111.6
495000 296.2
500000 97.9
505000 473.5
510000 200.8
515000 216.9
520000 394.4
525000 444.1
530000 210.8
535000 455.7
540000 449.9
545000 547.9
550000 551.4
555000 178.2
560000 350.1
565000 379.2
570000 269.5
575000 376.0
580000 411.5
585000 448.7
590000 356.3
595000 633.5
600000 378.1
605000 517.1
610000 289.9
615000 456.7
620000 299.3
625000 653.1
630000 419.0
635000 513.7
640000 341.4
645000 404.6
650000 191.6
655000 518.2
660000 110.2
665000 209.2
670000 674.0
675000 449.6
680000 387.7
685000 273.9
690000 98.4
695000 197.4
700000 476.4
705000 79.7
710000 547.6
715000 420.1
720000 257.4
725000 358.7
730000 533.8
735000 298.7
740000 473.0
745000 198.8
750000 284.8
755000 361.9
760000 466.0
765000 387.7
770000 341.4
775000 107.1
780000 352.3
785000 314.1
790000 178.3
795000 93.1
800000 399.1
805000 305.2
810000 199.3
815000 270.2
820000 255.1
825000 279.2
830000 474.8
835000 486.5
840000 460.5
845000 582.0
850000 759.2
855000 257.3
860000 300.7
865000 367.5
870000 568.1
875000 383.0
880000 543.4
885000 458.4
890000 148.3
895000 382.3
900000 97.7
905000 470.8
910000 559.2
915000 347.1
920000 427.0
925000 546.8
930000 432.7
935000 280.4
940000 251.4
945000 552.2
950000 326.3
955000 231.4
960000 513.5
965000 365.9
970000 492.9
975000 303.7
980000 290.1
985000 343.8
990000 639.2
995000 291.8
1000000 180.4
1005000 500.2
1010000 309.9
1015000 381.1
1020000 388.6
1025000 371.8
1030000 377.1
1035000 173.7
1040000 477.3
1045000 433.6
1050000 428.2
1055000 534.4
1060000 419.5
1065000 454.5
1070000 267.4
1075000 294.7
1080000 355.2
1085000 475.2
1090000 385.6
1095000 623.5
1100000 414.0
1105000 637.9
1110000 557.7
1115000 327.6
1120000 404.5
1125000 250.3
1130000 207.9
1135000 241.2
1140000 366.8
1145000 363.0
1150000 571.9
1155000 359.2
1160000 530.4
1165000 435.2
1170000 186.7
1175000 290.0
1180000 402.7
1185000 395.0
1190000 579.3
1195000 328.0
1200000 449.9
1205000 457.8
1210000 527.4
1215000 547.8
1220000 296.5
1225000 177.8
1230000 176.5
1235000 108.4
1240000 305.4
1245000 324.3
1250000 327.6
1255000 402.2
1260000 234.8
1265000 520.8
1270000 526.5
1275000 293.0
1280000 562.4
1285000 160.6
1290000 167.1
1295000 585.0
1300000 272.2
1305000 232.6
1310000 538.8
1315000 178.5
1320000 290.6
1325000 267.7
1330000 212.7
1335000 818.1
1340000 421.7
1345000 303.5
1350000 184.5
1355000 156.4
1360000 256.6
1365000 204.4
1370000 396.3
1375000 559.9
1380000 521.8
1385000 427.3
1390000 428.6
1395000 462.8
1400000 509.4
1405000 487.8
1410000 284.5
1415000 243.5
1420000 368.2
1425000 453.6
1430000 357.0
1435000 380.1
1440000 460.3
1445000 412.2
1450000 455.1
1455000 535.4
1460000 205.3
1465000 290.3
1470000 537.8
1475000 276.3
1480000 579.5
1485000 313.3
1490000 362.1
1495000 281.9
1500000 388.8
1505000 300.1
1510000 426.7
1515000 548.2
1520000 493.9
1525000 378.2
1530000 506.1
1535000 265.5
1540000 528.5
1545000 488.8
1550000 562.1
1555000 544.3
1560000 360.3
1565000 544.8
1570000 629.5
1575000 245.4
1580000 469.3
1585000 253.2
1590000 276.8
1595000 579.3
1600000 260.0
1605000 337.8
1610000 380.4
1615000 386.6
1620000 338.3
1625000 435.1
1630000 205.7
1635000 293.6
1640000 340.2
1645000 544.5
1650000 364.7
1655000 452.2
1660000 641.7
1665000 252.2
1670000 468.9
1675000 280.1
1680000 441.1
1685000 398.8
1690000 307.7
1695000 241.5
1700000 658.7
1705000 371.2
1710000 311.1
1715000 314.1
1720000 643.8
1725000 250.1
1730000 458.9
1735000 489.8
1740000 185.0
1745000 508.6
1750000 450.0
1755000 436.4
1760000 572.2
1765000 234.5
1770000 284.1
1775000 336.3
1780000 203.1
1785000 350.8
1790000 457.1
1795000 187.6
1800000 308.4
1805000 426.1
1810000 254.7
1815000 476.2
1820000 562.2
1825000 355.3
1830000 215.0
1835000 285.6
1840000 412.5
1845000 318.6
1850000 446.9
1855000 295.2
1860000 352.1
1865000 341.1
1870000 350.2
1875000 431.5
1880000 320.0
1885000 352.0
1890000 277.5
1895000 322.5
1900000 332.2
1905000 63.2
1910000 428.0
1915000 397.9
1920000 532.3
1925000 601.0
1930000 420.0
1935000 588.4
1940000 188.2
1945000 411.1
1950000 195.2
1955000 508.6
1960000 387.6
1965000 355.2
1970000 161.1
1975000 507.7
1980000 135.6
1985000 439.0
1990000 313.3
1995000 173.6
2000000 475.5
