5000 178.9
10000 251.3
15000 105.0
20000 172.7
25000 138.8
30000 213.0
35000 111.6
40000 156.1
45000 15.6
50000 122.1
55000 98.0
60000 364.0
65000 9.0
70000 172.8
75000 180.4
80000 118.4
85000 128.8
90000 109.4
95000 177.2
100000 175.5
105000 114.9
110000 197.5
115000 277.7
120000 251.0
125000 184.5
130000 496.9
135000 112.5
140000 199.0
145000 107.0
150000 100.5
155000 88.1
160000 127.8
165000 201.4
170000 131.5
175000 283.6
180000 179.7
185000 107.6
190000 84.7
195000 382.9
200000 201.0
205000 278.0
210000 251.8
215000 192.3
220000 109.2
225000 285.2
230000 281.0
235000 375.8
240000 109.2
245000 302.5
250000 476.9
255000 174.7
260000 373.4
265000 203.2
270000 270.8
275000 302.6
280000 361.3
285000 392.4
290000 298.1
295000 307.6
300000 275.2
305000 532.2
310000 38.0
315000 505.4
320000 400.3
325000 447.4
330000 302.5
335000 377.7
340000 152.0
345000 113.4
350000 200.1
355000 280.9
360000 297.1
365000 193.3
370000 272.6
375000 434.7
380000 322.3
385000 277.4
390000 545.6
395000 186.8
400000 359.8
405000 370.1
410000 365.0
415000 206.7
420000 494.1
425000 204.0
430000 404.9
435000 202.7
440000 302.7
445000 426.9
450000 328.8
455000 265.7
460000 359.5
465000 615.6
470000 464.0
475000 296.0
480000 412.0
485000 205.5
490000 306.7
495000 418.2
500000 477.8
505000 471.0
510000 583.3
515000 389.7
520000 409.6
525000 361.5
530000 214.2
535000 370.1
540000 327.4
545000 187.6
550000 360.8
555000 347.3
560000 84.7
565000 206.4
570000 472.8
575000 201.5
580000 263.6
585000 391.2
590000 159.8
595000 431.3
600000 605.8
605000 280.3
610000 477.6
615000 308.1
620000 251.4
625000 367.6
630000 174.4
635000 502.6
640000 191.5
645000 193.6
650000 208.9
655000 587.2
660000 102.5
665000 622.8
670000 281.5
675000 574.5
680000 275.7
685000 167.5
690000 376.8
695000 176.4
700000 490.6
705000 488.0
710000 429.6
715000 577.7
720000 425.4
725000 232.9
730000 457.4
735000 476.6
740000 488.0
745000 385.6
750000 88.4
755000 561.7
760000 699.1
765000 367.7
770000 62.2
775000 566.0
780000 357.0
785000 190.3
790000 220.3
795000 387.8
800000 332.4
805000 329.3
810000 438.5
815000 92.5
820000 110.3
825000 445.3
830000 365.7
835000 475.5
840000 387.0
845000 111.5
850000 262.5
855000 107.2
860000 379.7
865000 256.5
870000 225.6
875000 194.8
880000 186.6
885000 375.4
890000 659.0
895000 465.9
900000 389.8
905000 319.2
910000 703.3
915000 595.0
920000 450.2
925000 433.5
930000 213.8
935000 328.9
940000 521.3
945000 360.5
950000 459.4
955000 334.7
960000 233.9
965000 209.0
970000 469.9
975000 517.4
980000 359.8
985000 264.4
990000 184.1
995000 491.9
1000000 414.9
1005000 461.4
1010000 469.3
1015000 399.2
1020000 345.3
1025000 427.3
1030000 379.1
1035000 271.4
1040000 451.0
1045000 502.8
1050000 181.0
1055000 228.5
1060000 548.3
1065000 290.7
1070000 464.0
1075000 349.0
1080000 467.1
1085000 518.8
1090000 264.1
1095000 365.5
1100000 249.2
1105000 378.6
1110000 96.2
1115000 691.7
1120000 392.4
1125000 367.5
1130000 331.8
1135000 511.1
1140000 497.0
1145000 276.3
1150000 480.2
1155000 162.7
1160000 416.9
1165000 363.1
1170000 353.4
1175000 403.1
1180000 460.3
1185000 265.3
1190000 397.7
1195000 286.6
1200000 525.2
1205000 347.9
1210000 351.0
1215000 539.4
1220000 240.2
1225000 461.9
1230000 207.2
1235000 299.3
1240000 377.7
1245000 277.4
1250000 318.9
1255000 156.9
1260000 268.9
1265000 427.3
1270000 459.9
1275000 86.9
1280000 577.3
1285000 374.3
1290000 304.3
1295000 306.3
1300000 302.9
1305000 285.6
1310000 343.1
1315000 555.6
1320000 464.5
1325000 198.7
1330000 369.8
1335000 101.2
1340000 109.9
1345000 346.1
1350000 241.4
1355000 107.2
1360000 171.7
1365000 398.1
1370000 511.4
1375000 533.5
1380000 433.9
1385000 479.7
1390000 553.4
1395000 525.8
1400000 641.5
1405000 422.8
1410000 104.7
1415000 622.1
1420000 420.0
1425000 535.1
1430000 481.3
1435000 320.5
1440000 457.7
1445000 182.0
1450000 348.7
1455000 519.8
1460000 150.8
1465000 584.3
1470000 85.0
1475000 319.7
1480000 354.2
1485000 370.0
1490000 346.7
1495000 283.4
1500000 304.3
1505000 391.7
1510000 401.9
1515000 556.4
1520000 284.4
1525000 556.4
1530000 392.6
1535000 638.2
1540000 621.3
1545000 179.4
1550000 558.9
1555000 260.8
1560000 417.4
1565000 376.8
1570000 342.2
1575000 578.7
1580000 202.4
1585000 649.9
1590000 511.0
1595000 239.2
1600000 529.8
1605000 383.2
1610000 364.2
1615000 263.8
1620000 340.0
1625000 461.3
1630000 417.9
1635000 374.3
1640000 563.1
1645000 385.2
1650000 14.4
1655000 565.1
1660000 563.0
1665000 166.7
1670000 514.2
1675000 566.1
1680000 510.3
1685000 474.4
1690000 434.0
1695000 490.6
1700000 540.5
1705000 227.3
1710000 268.6
1715000 745.9
1720000 489.9
1725000 430.4
1730000 705.3
1735000 582.8
1740000 468.0
1745000 509.6
1750000 348.2
1755000 187.4
1760000 356.5
1765000 216.4
1770000 275.0
1775000 309.0
1780000 463.5
1785000 171.5
1790000 471.4
1795000 452.9
1800000 145.7
1805000 293.1
1810000 261.3
1815000 520.7
1820000 627.8
1825000 412.1
1830000 369.2
1835000 348.6
1840000 556.8
1845000 382.1
1850000 581.8
1855000 437.0
1860000 378.2
1865000 499.8
1870000 367.3
1875000 406.9
1880000 692.4
1885000 295.6
1890000 868.7
1895000 487.2
1900000 250.0
1905000 479.8
1910000 516.9
1915000 208.6
1920000 351.7
1925000 396.9
1930000 456.8
1935000 516.9
1940000 421.9
1945000 386.7
1950000 169.6
1955000 417.8
1960000 206.6
1965000 500.8
1970000 135.0
1975000 553.8
1980000 336.5
1985000 492.0
1990000 369.1
1995000 440.1
2000000 467.8
