5000 0.0
10000 0.0
15000 0.0
20000 0.0
25000 0.5
30000 0.2
35000 0.3
40000 3.7
45000 3.2
50000 21.3
55000 16.2
60000 9.7
65000 46.1
70000 48.0
75000 82.7
80000 97.9
85000 119.3
90000 140.8
95000 171.7
100000 182.3
105000 189.3
110000 184.7
115000 186.0
120000 188.6
125000 172.5
130000 204.9
135000 231.8
140000 208.1
145000 237.4
150000 243.2
155000 240.0
160000 222.4
165000 225.7
170000 261.8
175000 261.6
180000 239.2
185000 279.5
190000 282.5
195000 285.1
200000 281.8
205000 276.2
210000 286.6
215000 287.9
220000 292.4
225000 291.6
230000 265.0
235000 299.6
240000 294.0
245000 281.1
250000 245.8
255000 298.9
260000 297.2
265000 302.0
270000 301.3
275000 310.4
280000 310.5
285000 307.5
290000 282.6
295000 312.9
300000 317.2
305000 312.2
310000 314.1
315000 313.4
320000 313.9
325000 264.1
330000 305.1
335000 317.1
340000 284.2
345000 284.3
350000 312.3
355000 318.8
360000 321.7
365000 322.6
370000 320.9
375000 321.2
380000 326.1
385000 323.2
390000 318.4
395000 322.8
400000 312.8
405000 245.8
410000 321.5
415000 325.8
420000 315.1
425000 336.9
430000 333.6
435000 325.9
440000 332.7
445000 332.0
450000 335.2
455000 331.2
460000 335.8
465000 331.9
470000 335.1
475000 338.1
480000 343.9
485000 278.2
490000 344.3
495000 352.9
500000 369.7
505000 373.6
510000 399.8
515000 354.3
520000 416.8
525000 438.0
530000 398.7
535000 481.6
540000 476.6
545000 475.8
550000 500.7
555000 487.9
560000 502.8
565000 405.1
570000 499.3
575000 506.3
580000 509.3
585000 533.5
590000 475.6
595000 529.8
600000 538.8
605000 536.0
610000 542.2
615000 533.6
620000 545.9
625000 551.6
630000 554.5
635000 551.3
640000 548.4
645000 466.3
650000 533.8
655000 545.8
660000 536.3
665000 554.5
670000 555.3
675000 554.6
680000 560.1
685000 551.3
690000 557.6
695000 567.1
700000 553.9
705000 556.4
710000 552.0
715000 564.4
720000 566.6
725000 469.0
730000 547.3
735000 550.4
740000 521.8
745000 561.1
750000 558.1
755000 557.0
760000 505.8
765000 565.6
770000 559.3
775000 563.2
780000 567.4
785000 561.2
790000 556.8
795000 569.0
800000 560.6
805000 515.4
810000 552.7
815000 564.6
820000 559.3
825000 554.8
830000 560.1
835000 560.0
840000 565.7
845000 554.4
850000 562.1
855000 563.0
860000 567.4
865000 565.9
870000 565.6
875000 568.9
880000 568.6
885000 454.0
890000 556.5
895000 554.7
900000 559.6
905000 561.8
910000 561.9
915000 561.0
920000 560.2
925000 563.4
930000 558.3
935000 554.6
940000 565.0
945000 559.0
950000 561.0
955000 562.7
960000 506.3
965000 470.8
970000 541.0
975000 565.8
980000 556.3
985000 553.0
990000 568.3
995000 562.7
1000000 557.5
1005000 556.5
1010000 569.7
1015000 568.3
1020000 564.5
1025000 561.4
1030000 574.1
1035000 574.0
1040000 563.0
1045000 426.3
1050000 541.6
1055000 567.5
1060000 562.3
1065000 559.4
1070000 562.6
1075000 563.1
1080000 572.7
1085000 566.1
1090000 578.8
1095000 578.8
1100000 573.8
1105000 565.1
1110000 560.3
1115000 569.7
1120000 570.0
1125000 427.8
1130000 493.7
1135000 567.7
1140000 571.0
1145000 573.8
1150000 561.1
1155000 570.8
1160000 569.9
1165000 567.8
1170000 568.6
1175000 511.9
1180000 571.0
1185000 567.8
1190000 576.1
1195000 452.6
1200000 572.0
1205000 422.0
1210000 551.1
1215000 502.7
1220000 564.5
1225000 556.4
1230000 569.4
1235000 61.1
1240000 558.5
1245000 583.4
1250000 568.8
1255000 514.1
1260000 574.8
1265000 577.8
1270000 572.6
1275000 563.5
1280000 574.5
1285000 483.6
1290000 569.7
1295000 575.6
1300000 454.6
1305000 580.4
1310000 586.5
1315000 597.8
1320000 534.2
1325000 601.7
1330000 592.6
1335000 600.6
1340000 597.3
1345000 546.1
1350000 605.1
1355000 598.7
1360000 294.1
1365000 274.9
1370000 538.6
1375000 530.0
1380000 598.5
1385000 605.1
1390000 611.7
1395000 598.4
1400000 537.2
1405000 611.2
1410000 608.9
1415000 619.0
1420000 612.8
1425000 601.5
1430000 623.1
1435000 608.7
1440000 624.2
1445000 408.8
1450000 617.7
1455000 626.0
1460000 614.3
1465000 607.3
1470000 621.4
1475000 624.5
1480000 622.9
1485000 614.9
1490000 624.7
1495000 558.2
1500000 559.0
1505000 608.4
1510000 627.2
1515000 540.6
1520000 632.0
1525000 298.5
1530000 546.0
1535000 613.0
1540000 616.7
1545000 624.1
1550000 617.8
1555000 628.6
1560000 623.9
1565000 624.2
1570000 617.5
1575000 616.3
1580000 622.2
1585000 619.2
1590000 555.9
1595000 621.6
1600000 630.9
1605000 130.5
1610000 597.9
1615000 605.4
1620000 614.2
1625000 613.8
1630000 614.2
1635000 611.0
1640000 618.7
1645000 611.9
1650000 619.4
1655000 617.5
1660000 623.2
1665000 615.5
1670000 612.1
1675000 608.5
1680000 607.8
1685000 199.2
1690000 596.7
1695000 614.1
1700000 602.1
1705000 591.1
1710000 610.1
1715000 612.1
1720000 482.1
1725000 607.7
1730000 604.2
1735000 608.2
1740000 538.8
1745000 591.9
1750000 603.7
1755000 604.2
1760000 547.9
1765000 438.3
1770000 585.6
1775000 611.8
1780000 600.9
1785000 629.6
1790000 620.8
1795000 622.2
1800000 617.1
1805000 628.0
1810000 610.0
1815000 553.6
1820000 546.9
1825000 615.4
1830000 624.8
1835000 618.0
1840000 621.1
1845000 221.9
1850000 609.2
1855000 586.5
1860000 611.7
1865000 607.3
1870000 616.2
1875000 620.9
1880000 621.5
1885000 618.4
1890000 610.6
1895000 606.4
1900000 601.8
1905000 607.4
1910000 605.7
1915000 599.3
1920000 609.9
1925000 487.5
1930000 562.4
1935000 602.8
1940000 592.8
1945000 579.3
1950000 491.2
1955000 617.4
1960000 617.9
1965000 549.8
1970000 528.6
1975000 616.5
1980000 613.0
1985000 615.6
1990000 614.5
1995000 602.7
2000000 620.7
