5000 0.0
10000 0.0
15000 0.2
20000 0.1
25000 0.0
30000 0.0
35000 0.1
40000 0.3
45000 0.3
50000 0.0
55000 0.0
60000 0.0
65000 2.7
70000 5.6
75000 4.9
80000 9.4
85000 56.7
90000 137.9
95000 180.1
100000 187.8
105000 212.1
110000 219.8
115000 204.9
120000 222.7
125000 199.8
130000 243.8
135000 242.3
140000 250.0
145000 243.5
150000 252.0
155000 238.0
160000 243.1
165000 237.9
170000 253.7
175000 250.3
180000 251.1
185000 228.3
190000 253.4
195000 257.1
200000 265.0
205000 256.1
210000 263.8
215000 258.3
220000 258.7
225000 253.4
230000 261.4
235000 252.1
240000 259.5
245000 207.7
250000 266.1
255000 272.5
260000 238.7
265000 276.4
270000 281.1
275000 274.9
280000 278.2
285000 254.0
290000 275.6
295000 278.6
300000 284.4
305000 279.9
310000 285.1
315000 284.2
320000 289.2
325000 225.4
330000 286.1
335000 287.2
340000 290.3
345000 282.7
350000 294.6
355000 292.6
360000 290.5
365000 298.0
370000 301.6
375000 305.8
380000 305.7
385000 308.5
390000 312.1
395000 314.2
400000 311.7
405000 278.4
410000 297.1
415000 317.1
420000 342.5
425000 351.3
430000 345.9
435000 354.1
440000 341.7
445000 351.6
450000 344.5
455000 357.3
460000 351.4
465000 357.0
470000 357.0
475000 359.2
480000 356.3
485000 298.2
490000 350.6
495000 356.5
500000 348.2
505000 353.1
510000 325.3
515000 329.3
520000 364.3
525000 369.8
530000 369.2
535000 376.2
540000 372.2
545000 365.9
550000 369.9
555000 376.3
560000 376.2
565000 253.3
570000 354.4
575000 366.7
580000 329.3
585000 377.2
590000 377.2
595000 379.9
600000 334.0
605000 385.3
610000 378.2
615000 383.4
620000 390.4
625000 378.9
630000 351.2
635000 396.7
640000 394.2
645000 325.6
650000 373.5
655000 387.0
660000 379.1
665000 359.4
670000 391.4
675000 404.5
680000 394.4
685000 390.6
690000 404.1
695000 395.7
700000 403.6
705000 403.4
710000 395.4
715000 398.7
720000 402.9
725000 307.8
730000 326.0
735000 320.1
740000 400.3
745000 402.9
750000 402.4
755000 368.4
760000 411.5
765000 364.0
770000 411.7
775000 413.7
780000 410.3
785000 404.6
790000 407.3
795000 406.2
800000 407.6
805000 318.6
810000 395.6
815000 391.4
820000 406.2
825000 404.4
830000 407.5
835000 402.4
840000 398.5
845000 373.6
850000 404.6
855000 418.3
860000 418.8
865000 414.1
870000 414.7
875000 421.8
880000 417.3
885000 333.8
890000 397.7
895000 374.7
900000 409.6
905000 405.5
910000 412.2
915000 414.3
920000 409.0
925000 413.7
930000 413.9
935000 408.2
940000 404.6
945000 413.2
950000 402.2
955000 411.6
960000 413.1
965000 355.7
970000 381.0
975000 403.0
980000 415.8
985000 419.1
990000 415.5
995000 413.4
1000000 412.2
1005000 415.7
1010000 412.4
1015000 422.6
1020000 412.7
1025000 419.3
1030000 372.5
1035000 404.5
1040000 413.7
1045000 337.5
1050000 384.2
1055000 408.5
1060000 419.5
1065000 412.2
1070000 414.7
1075000 405.2
1080000 400.6
1085000 416.4
1090000 407.3
1095000 406.9
1100000 412.3
1105000 417.3
1110000 411.9
1115000 182.7
1120000 412.1
1125000 307.8
1130000 399.9
1135000 402.9
1140000 411.5
1145000 413.6
1150000 406.9
1155000 412.8
1160000 414.0
1165000 424.2
1170000 415.4
1175000 410.4
1180000 414.4
1185000 411.8
1190000 414.8
1195000 379.2
1200000 412.9
1205000 325.6
1210000 360.5
1215000 422.2
1220000 416.1
1225000 406.7
1230000 407.7
1235000 370.9
1240000 414.0
1245000 373.3
1250000 414.2
1255000 414.3
1260000 413.7
1265000 413.4
1270000 421.7
1275000 415.7
1280000 420.7
1285000 293.0
1290000 391.3
1295000 402.7
1300000 406.3
1305000 411.6
1310000 415.7
1315000 426.0
1320000 415.6
1325000 376.7
1330000 422.7
1335000 417.3
1340000 419.8
1345000 422.9
1350000 422.0
1355000 419.2
1360000 417.1
1365000 232.6
1370000 398.1
1375000 399.8
1380000 412.0
1385000 413.6
1390000 423.6
1395000 418.4
1400000 415.5
1405000 424.0
1410000 421.5
1415000 429.7
1420000 417.0
1425000 420.5
1430000 423.3
1435000 422.3
1440000 379.1
1445000 217.1
1450000 399.0
1455000 408.4
1460000 421.8
1465000 418.6
1470000 424.2
1475000 425.7
1480000 418.2
1485000 424.2
1490000 426.0
1495000 425.1
1500000 422.7
1505000 425.2
1510000 424.1
1515000 426.7
1520000 424.1
1525000 307.2
1530000 350.5
1535000 367.2
1540000 419.0
1545000 416.5
1550000 416.9
1555000 418.0
1560000 377.2
1565000 423.3
1570000 378.0
1575000 420.8
1580000 423.9
1585000 426.0
1590000 421.9
1595000 426.6
1600000 425.5
1605000 322.0
1610000 383.2
1615000 410.8
1620000 410.3
1625000 376.0
1630000 422.8
1635000 424.7
1640000 420.3
1645000 426.9
1650000 425.3
1655000 422.0
1660000 421.3
1665000 428.7
1670000 425.2
1675000 422.9
1680000 426.8
1685000 265.3
1690000 400.0
1695000 427.9
1700000 421.4
1705000 421.2
1710000 422.6
1715000 387.9
1720000 419.1
1725000 428.1
1730000 422.9
1735000 425.6
1740000 428.5
1745000 425.0
1750000 427.1
1755000 425.1
1760000 425.5
1765000 301.0
1770000 336.1
1775000 416.5
1780000 419.4
1785000 428.0
1790000 427.4
1795000 431.3
1800000 432.1
1805000 427.4
1810000 426.1
1815000 422.9
1820000 362.0
1825000 432.9
1830000 425.4
1835000 427.5
1840000 424.4
1845000 333.3
1850000 390.8
1855000 412.6
1860000 414.8
1865000 419.7
1870000 426.2
1875000 428.4
1880000 426.3
1885000 342.7
1890000 431.4
1895000 427.2
1900000 429.9
1905000 430.4
1910000 428.5
1915000 424.5
1920000 429.1
1925000 180.0
1930000 351.0
1935000 421.8
1940000 425.3
1945000 428.9
1950000 433.1
1955000 425.3
1960000 434.6
1965000 427.9
1970000 427.0
1975000 431.0
1980000 433.1
1985000 431.5
1990000 427.7
1995000 431.0
2000000 427.1
