5000 0.0
10000 0.0
15000 0.1
20000 0.1
25000 0.0
30000 0.0
35000 0.0
40000 0.0
45000 1.3
50000 6.7
55000 66.4
60000 10.8
65000 105.2
70000 152.4
75000 136.4
80000 134.0
85000 161.0
90000 172.8
95000 188.6
100000 185.4
105000 215.0
110000 222.3
115000 219.2
120000 230.4
125000 228.0
130000 238.4
135000 235.3
140000 230.8
145000 242.5
150000 237.0
155000 248.5
160000 249.5
165000 242.5
170000 248.9
175000 230.1
180000 251.6
185000 255.1
190000 235.3
195000 254.1
200000 260.9
205000 238.2
210000 261.4
215000 238.3
220000 232.5
225000 248.5
230000 266.8
235000 271.3
240000 240.7
245000 230.9
250000 261.9
255000 268.0
260000 275.9
265000 274.5
270000 272.0
275000 281.2
280000 278.2
285000 281.9
290000 278.8
295000 280.1
300000 283.9
305000 291.3
310000 290.0
315000 285.0
320000 297.4
325000 260.6
330000 289.5
335000 296.7
340000 294.3
345000 296.9
350000 298.2
355000 302.6
360000 302.3
365000 304.9
370000 303.5
375000 310.0
380000 323.3
385000 333.0
390000 334.7
395000 335.8
400000 339.4
405000 282.6
410000 301.9
415000 331.7
420000 350.3
425000 354.6
430000 367.9
435000 365.0
440000 361.4
445000 373.6
450000 380.9
455000 409.9
460000 384.9
465000 468.6
470000 470.7
475000 490.2
480000 478.4
485000 170.5
490000 460.6
495000 466.4
500000 495.7
505000 491.1
510000 500.7
515000 507.7
520000 495.4
525000 510.4
530000 511.8
535000 529.9
540000 508.1
545000 520.1
550000 530.6
555000 531.4
560000 527.8
565000 271.7
570000 508.5
575000 512.5
580000 528.4
585000 482.5
590000 534.4
595000 541.8
600000 535.8
605000 550.6
610000 543.5
615000 545.5
620000 549.6
625000 549.6
630000 545.4
635000 553.8
640000 563.0
645000 310.0
650000 558.7
655000 557.4
660000 537.9
665000 555.2
670000 549.6
675000 542.6
680000 570.9
685000 584.2
690000 572.1
695000 565.3
700000 579.4
705000 569.8
710000 524.8
715000 555.8
720000 583.9
725000 424.9
730000 435.6
735000 464.0
740000 593.3
745000 575.3
750000 584.1
755000 589.0
760000 583.0
765000 595.4
770000 576.0
775000 539.0
780000 612.6
785000 604.8
790000 600.9
795000 599.2
800000 620.5
805000 293.7
810000 595.8
815000 520.6
820000 583.9
825000 622.4
830000 604.3
835000 601.0
840000 619.7
845000 641.0
850000 620.9
855000 618.7
860000 632.4
865000 614.9
870000 630.6
875000 606.8
880000 616.9
885000 448.9
890000 590.0
895000 503.6
900000 586.1
905000 599.7
910000 610.8
915000 623.6
920000 623.6
925000 627.5
930000 615.1
935000 549.3
940000 617.7
945000 622.5
950000 629.2
955000 630.8
960000 622.2
965000 274.2
970000 609.4
975000 625.6
980000 605.3
985000 642.8
990000 627.4
995000 631.2
1000000 572.5
1005000 623.2
1010000 642.2
1015000 623.5
1020000 633.4
1025000 639.6
1030000 629.9
1035000 636.1
1040000 646.3
1045000 215.5
1050000 552.1
1055000 576.6
1060000 548.1
1065000 641.6
1070000 603.7
1075000 643.1
1080000 634.1
1085000 624.8
1090000 643.8
1095000 622.4
1100000 620.9
1105000 637.2
1110000 608.6
1115000 634.2
1120000 627.0
1125000 279.5
1130000 591.4
1135000 583.3
1140000 629.8
1145000 565.6
1150000 616.7
1155000 602.0
1160000 621.3
1165000 625.7
1170000 601.0
1175000 617.1
1180000 614.1
1185000 634.1
1190000 638.8
1195000 615.8
1200000 613.1
1205000 248.1
1210000 566.9
1215000 621.3
1220000 621.6
1225000 619.3
1230000 620.4
1235000 601.7
1240000 625.1
1245000 644.7
1250000 617.0
1255000 621.0
1260000 623.7
1265000 611.5
1270000 591.0
1275000 604.8
1280000 604.1
1285000 244.8
1290000 514.9
1295000 609.9
1300000 598.6
1305000 603.6
1310000 601.5
1315000 602.4
1320000 607.4
1325000 605.7
1330000 612.3
1335000 592.8
1340000 599.6
1345000 576.8
1350000 599.1
1355000 594.9
1360000 511.8
1365000 299.0
1370000 528.0
1375000 574.6
1380000 598.3
1385000 605.8
1390000 598.9
1395000 590.1
1400000 581.7
1405000 586.8
1410000 569.3
1415000 505.7
1420000 551.1
1425000 563.8
1430000 554.8
1435000 570.2
1440000 545.7
1445000 207.1
1450000 496.6
1455000 550.6
1460000 551.9
1465000 559.2
1470000 558.4
1475000 498.8
1480000 538.7
1485000 533.5
1490000 529.7
1495000 480.6
1500000 459.1
1505000 501.1
1510000 458.3
1515000 505.1
1520000 491.1
1525000 178.3
1530000 483.7
1535000 441.7
1540000 532.3
1545000 512.7
1550000 440.6
1555000 530.5
1560000 472.2
1565000 522.8
1570000 516.7
1575000 539.5
1580000 470.0
1585000 508.8
1590000 518.6
1595000 516.5
1600000 503.2
1605000 93.4
1610000 218.9
1615000 273.8
1620000 404.1
1625000 425.3
1630000 420.7
1635000 431.2
1640000 372.5
1645000 468.2
1650000 377.6
1655000 465.0
1660000 421.9
1665000 471.4
1670000 371.0
1675000 425.6
1680000 319.9
1685000 32.4
1690000 497.0
1695000 534.7
1700000 486.3
1705000 486.8
1710000 528.0
1715000 487.3
1720000 477.1
1725000 379.8
1730000 509.7
1735000 536.5
1740000 470.3
1745000 355.5
1750000 361.0
1755000 539.0
1760000 535.0
1765000 113.9
1770000 452.0
1775000 522.1
1780000 465.1
1785000 537.6
1790000 477.2
1795000 468.9
1800000 483.1
1805000 533.5
1810000 511.2
1815000 525.6
1820000 528.1
1825000 469.9
1830000 514.3
1835000 521.8
1840000 518.8
1845000 394.9
1850000 511.1
1855000 573.8
1860000 508.9
1865000 517.6
1870000 568.4
1875000 551.3
1880000 503.6
1885000 498.2
1890000 486.9
1895000 550.5
1900000 551.5
1905000 566.8
1910000 567.0
1915000 577.3
1920000 583.9
1925000 476.2
1930000 511.1
1935000 552.2
1940000 420.6
1945000 557.8
1950000 564.1
1955000 573.3
1960000 590.3
1965000 582.9
1970000 597.6
1975000 601.6
1980000 586.5
1985000 588.7
1990000 577.5
1995000 579.9
2000000 579.6
