5000 0.0
10000 0.6
15000 0.0
20000 0.0
25000 0.0
30000 4.7
35000 4.3
40000 17.2
45000 8.6
50000 69.3
55000 51.2
60000 113.3
65000 125.3
70000 133.5
75000 159.7
80000 179.0
85000 199.0
90000 215.7
95000 233.2
100000 238.9
105000 236.5
110000 217.0
115000 235.5
120000 244.1
125000 246.8
130000 257.1
135000 230.7
140000 255.1
145000 267.6
150000 269.1
155000 254.4
160000 262.2
165000 237.7
170000 268.1
175000 264.4
180000 262.5
185000 268.2
190000 263.5
195000 264.4
200000 274.5
205000 272.4
210000 274.8
215000 269.1
220000 275.7
225000 280.1
230000 274.1
235000 277.1
240000 272.6
245000 259.6
250000 276.9
255000 282.2
260000 279.4
265000 275.8
270000 280.1
275000 280.6
280000 276.5
285000 280.3
290000 277.0
295000 274.8
300000 279.9
305000 280.8
310000 287.2
315000 284.2
320000 282.2
325000 220.6
330000 278.7
335000 280.6
340000 281.5
345000 281.5
350000 288.1
355000 282.8
360000 275.4
365000 283.4
370000 290.4
375000 289.5
380000 290.6
385000 286.6
390000 280.5
395000 260.4
400000 295.4
405000 258.6
410000 274.9
415000 218.8
420000 289.0
425000 290.1
430000 290.2
435000 286.7
440000 290.7
445000 295.4
450000 291.8
455000 288.7
460000 291.4
465000 295.1
470000 298.7
475000 293.7
480000 297.5
485000 251.0
490000 286.6
495000 288.7
500000 281.0
505000 289.2
510000 296.8
515000 263.8
520000 289.8
525000 298.3
530000 294.8
535000 298.1
540000 299.3
545000 300.5
550000 304.9
555000 296.7
560000 302.7
565000 253.8
570000 243.6
575000 291.2
580000 289.2
585000 294.0
590000 298.4
595000 292.5
600000 269.5
605000 295.9
610000 279.7
615000 302.5
620000 298.0
625000 300.2
630000 303.2
635000 303.6
640000 300.9
645000 229.8
650000 294.6
655000 290.1
660000 297.2
665000 300.5
670000 296.5
675000 295.8
680000 299.2
685000 301.2
690000 298.8
695000 304.6
700000 306.7
705000 306.8
710000 304.5
715000 305.2
720000 306.0
725000 262.3
730000 298.8
735000 261.9
740000 295.5
745000 268.6
750000 268.6
755000 303.5
760000 306.5
765000 301.6
770000 307.0
775000 303.9
780000 305.7
785000 311.1
790000 309.7
795000 308.3
800000 305.1
805000 198.5
810000 300.7
815000 300.0
820000 304.1
825000 302.4
830000 300.3
835000 306.5
840000 307.0
845000 280.0
850000 309.1
855000 306.9
860000 282.6
865000 303.2
870000 309.8
875000 309.4
880000 307.3
885000 257.7
890000 266.2
895000 307.0
900000 300.8
905000 296.8
910000 304.8
915000 299.3
920000 309.6
925000 312.6
930000 307.2
935000 311.9
940000 314.7
945000 315.6
950000 278.5
955000 311.1
960000 314.9
965000 204.2
970000 279.2
975000 292.8
980000 310.7
985000 313.1
990000 312.6
995000 312.4
1000000 310.9
1005000 314.0
1010000 310.8
1015000 313.1
1020000 311.4
1025000 314.4
1030000 315.0
1035000 278.4
1040000 316.2
1045000 191.3
1050000 306.6
1055000 309.1
1060000 310.0
1065000 315.6
1070000 316.2
1075000 311.0
1080000 311.5
1085000 311.5
1090000 317.9
1095000 315.1
1100000 315.7
1105000 319.1
1110000 318.7
1115000 284.2
1120000 321.5
1125000 213.6
1130000 231.9
1135000 289.4
1140000 310.0
1145000 318.5
1150000 287.1
1155000 316.6
1160000 319.6
1165000 317.3
1170000 319.0
1175000 320.5
1180000 320.6
1185000 308.7
1190000 295.5
1195000 323.8
1200000 318.2
1205000 221.8
1210000 271.3
1215000 290.7
1220000 309.6
1225000 278.2
1230000 320.9
1235000 318.9
1240000 316.9
1245000 319.5
1250000 310.9
1255000 323.8
1260000 319.4
1265000 318.2
1270000 316.5
1275000 318.3
1280000 316.4
1285000 249.8
1290000 242.1
1295000 300.9
1300000 311.0
1305000 322.4
1310000 312.3
1315000 311.9
1320000 321.6
1325000 315.2
1330000 322.9
1335000 316.1
1340000 322.3
1345000 320.6
1350000 315.2
1355000 321.0
1360000 322.5
1365000 268.7
1370000 287.4
1375000 276.2
1380000 316.4
1385000 311.7
1390000 320.9
1395000 320.1
1400000 291.2
1405000 322.9
1410000 320.8
1415000 288.3
1420000 317.0
1425000 322.2
1430000 316.1
1435000 321.9
1440000 324.9
1445000 169.0
1450000 296.4
1455000 314.5
1460000 284.8
1465000 315.0
1470000 320.7
1475000 314.1
1480000 321.2
1485000 321.3
1490000 318.5
1495000 321.3
1500000 325.2
1505000 318.6
1510000 321.6
1515000 322.9
1520000 316.7
1525000 251.9
1530000 298.7
1535000 311.6
1540000 319.8
1545000 321.9
1550000 320.4
1555000 318.7
1560000 322.1
1565000 324.4
1570000 326.8
1575000 323.1
1580000 326.4
1585000 321.9
1590000 322.7
1595000 317.1
1600000 293.9
1605000 232.0
1610000 312.2
1615000 281.3
1620000 314.8
1625000 317.2
1630000 323.1
1635000 315.0
1640000 290.0
1645000 324.0
1650000 313.1
1655000 319.6
1660000 319.5
1665000 315.1
1670000 317.8
1675000 321.9
1680000 326.2
1685000 226.8
1690000 230.4
1695000 318.2
1700000 317.7
1705000 317.9
1710000 317.8
1715000 322.1
1720000 286.7
1725000 290.7
1730000 321.7
1735000 319.0
1740000 282.5
1745000 316.5
1750000 311.4
1755000 327.0
1760000 324.4
1765000 248.8
1770000 261.6
1775000 319.6
1780000 310.0
1785000 317.6
1790000 321.0
1795000 266.2
1800000 322.4
1805000 321.4
1810000 322.0
1815000 327.2
1820000 317.9
1825000 321.6
1830000 290.3
1835000 323.0
1840000 253.5
1845000 260.5
1850000 287.2
1855000 309.7
1860000 323.5
1865000 326.2
1870000 324.7
1875000 311.2
1880000 327.2
1885000 324.8
1890000 331.1
1895000 330.1
1900000 333.0
1905000 323.5
1910000 334.4
1915000 327.7
1920000 334.2
1925000 180.0
1930000 287.0
1935000 319.0
1940000 319.0
1945000 292.8
1950000 324.2
1955000 289.1
1960000 328.3
1965000 331.2
1970000 335.1
1975000 329.6
1980000 328.9
1985000 335.9
1990000 323.9
1995000 328.7
2000000 331.5
