5000 0.0
10000 0.0
15000 0.0
20000 0.0
25000 1.2
30000 0.0
35000 1.3
40000 3.4
45000 5.7
50000 0.2
55000 0.0
60000 0.0
65000 0.0
70000 2.2
75000 0.5
80000 0.0
85000 85.1
90000 113.7
95000 124.6
100000 141.2
105000 155.5
110000 182.5
115000 177.6
120000 191.6
125000 182.5
130000 189.3
135000 205.0
140000 188.3
145000 207.7
150000 211.2
155000 213.2
160000 212.9
165000 211.8
170000 212.2
175000 228.1
180000 226.5
185000 230.6
190000 207.3
195000 234.2
200000 228.0
205000 238.8
210000 236.2
215000 238.4
220000 238.8
225000 234.3
230000 233.1
235000 241.2
240000 212.7
245000 178.2
250000 233.8
255000 234.5
260000 240.9
265000 243.7
270000 244.4
275000 243.3
280000 242.9
285000 244.8
290000 242.6
295000 249.6
300000 247.5
305000 245.0
310000 245.7
315000 248.0
320000 249.1
325000 204.4
330000 243.0
335000 248.9
340000 246.0
345000 248.2
350000 250.5
355000 251.0
360000 249.9
365000 252.9
370000 228.8
375000 227.2
380000 255.5
385000 225.0
390000 257.0
395000 251.7
400000 253.7
405000 214.8
410000 237.8
415000 239.5
420000 254.1
425000 253.4
430000 254.5
435000 252.9
440000 248.5
445000 254.1
450000 255.3
455000 256.1
460000 231.7
465000 256.6
470000 258.0
475000 255.5
480000 258.0
485000 222.9
490000 220.0
495000 245.1
500000 249.1
505000 252.6
510000 206.4
515000 257.8
520000 254.7
525000 258.2
530000 263.5
535000 231.2
540000 261.3
545000 232.7
550000 238.9
555000 263.8
560000 260.8
565000 209.5
570000 218.8
575000 220.1
580000 254.3
585000 256.2
590000 255.1
595000 257.1
600000 258.2
605000 260.9
610000 262.3
615000 259.8
620000 262.5
625000 263.6
630000 260.2
635000 261.8
640000 261.7
645000 244.3
650000 240.3
655000 252.9
660000 256.8
665000 258.7
670000 256.4
675000 255.6
680000 262.7
685000 258.4
690000 238.3
695000 260.5
700000 257.2
705000 244.2
710000 267.1
715000 266.7
720000 268.3
725000 226.7
730000 242.6
735000 256.5
740000 257.3
745000 232.5
750000 258.9
755000 262.7
760000 265.7
765000 266.7
770000 264.2
775000 264.0
780000 261.7
785000 239.5
790000 266.7
795000 254.7
800000 262.9
805000 240.6
810000 245.9
815000 248.7
820000 260.3
825000 252.8
830000 264.4
835000 264.7
840000 261.2
845000 262.3
850000 265.3
855000 263.5
860000 263.4
865000 261.8
870000 268.9
875000 268.5
880000 266.8
885000 211.2
890000 248.7
895000 256.2
900000 257.6
905000 269.4
910000 265.8
915000 266.3
920000 271.1
925000 265.7
930000 265.0
935000 263.5
940000 267.7
945000 270.7
950000 266.6
955000 267.7
960000 269.5
965000 210.7
970000 245.2
975000 252.4
980000 232.8
985000 253.9
990000 264.8
995000 260.9
1000000 270.5
1005000 269.1
1010000 263.7
1015000 267.9
1020000 267.4
1025000 266.5
1030000 268.1
1035000 271.6
1040000 266.8
1045000 226.6
1050000 255.7
1055000 259.3
1060000 263.0
1065000 261.0
1070000 266.3
1075000 263.8
1080000 267.3
1085000 244.2
1090000 272.4
1095000 266.5
1100000 245.7
1105000 274.2
1110000 274.4
1115000 275.9
1120000 276.1
1125000 123.9
1130000 254.0
1135000 266.3
1140000 267.9
1145000 268.6
1150000 272.6
1155000 272.7
1160000 275.6
1165000 250.3
1170000 282.2
1175000 274.1
1180000 281.9
1185000 281.5
1190000 275.6
1195000 283.5
1200000 286.8
1205000 208.3
1210000 247.5
1215000 266.5
1220000 275.4
1225000 274.6
1230000 275.3
1235000 246.0
1240000 280.4
1245000 277.5
1250000 277.5
1255000 279.7
1260000 280.2
1265000 252.9
1270000 281.8
1275000 281.0
1280000 285.7
1285000 145.1
1290000 255.7
1295000 263.0
1300000 266.5
1305000 280.3
1310000 280.1
1315000 277.1
1320000 278.4
1325000 279.8
1330000 278.6
1335000 287.4
1340000 275.9
1345000 282.6
1350000 282.5
1355000 281.0
1360000 285.9
1365000 152.4
1370000 249.8
1375000 273.2
1380000 276.1
1385000 278.8
1390000 280.7
1395000 282.2
1400000 284.5
1405000 287.4
1410000 285.1
1415000 284.1
1420000 285.4
1425000 288.1
1430000 286.9
1435000 290.5
1440000 278.5
1445000 155.9
1450000 244.8
1455000 282.2
1460000 284.0
1465000 283.5
1470000 286.4
1475000 284.2
1480000 291.1
1485000 287.3
1490000 288.5
1495000 290.1
1500000 287.0
1505000 285.7
1510000 291.6
1515000 294.9
1520000 291.8
1525000 242.1
1530000 275.7
1535000 272.8
1540000 282.5
1545000 284.1
1550000 287.0
1555000 285.5
1560000 288.3
1565000 290.0
1570000 292.1
1575000 290.2
1580000 290.3
1585000 291.3
1590000 294.9
1595000 294.6
1600000 265.1
1605000 227.8
1610000 271.5
1615000 279.4
1620000 282.3
1625000 286.2
1630000 288.4
1635000 291.9
1640000 288.7
1645000 291.5
1650000 292.6
1655000 266.9
1660000 295.4
1665000 296.7
1670000 292.2
1675000 291.7
1680000 296.7
1685000 183.0
1690000 280.0
1695000 289.2
1700000 287.4
1705000 288.4
1710000 292.9
1715000 293.4
1720000 294.6
1725000 296.9
1730000 298.9
1735000 292.4
1740000 295.4
1745000 297.9
1750000 299.0
1755000 298.2
1760000 295.4
1765000 245.4
1770000 256.1
1775000 291.2
1780000 267.1
1785000 291.7
1790000 297.7
1795000 298.9
1800000 293.7
1805000 268.5
1810000 297.7
1815000 300.3
1820000 300.3
1825000 273.2
1830000 304.4
1835000 303.0
1840000 301.7
1845000 194.2
1850000 247.1
1855000 295.9
1860000 278.6
1865000 296.2
1870000 270.7
1875000 303.2
1880000 307.1
1885000 301.4
1890000 306.2
1895000 307.0
1900000 279.5
1905000 309.4
1910000 307.8
1915000 307.2
1920000 311.6
1925000 205.7
1930000 293.0
1935000 306.8
1940000 295.5
1945000 302.7
1950000 306.2
1955000 308.8
1960000 306.3
1965000 309.4
1970000 311.2
1975000 313.8
1980000 313.1
1985000 309.6
1990000 307.9
1995000 308.6
2000000 312.6
