5000 199.8
10000 245.8
15000 91.9
20000 11.5
25000 108.6
30000 11.2
35000 186.4
40000 106.2
45000 45.4
50000 195.8
55000 11.6
60000 212.0
65000 96.1
70000 144.8
75000 21.1
80000 77.7
85000 35.7
90000 74.3
95000 120.7
100000 44.5
105000 138.5
110000 92.7
115000 239.6
120000 309.4
125000 393.8
130000 237.7
135000 409.9
140000 40.2
145000 139.4
150000 294.9
155000 188.2
160000 21.5
165000 120.6
170000 185.0
175000 354.6
180000 201.8
185000 182.1
190000 270.9
195000 104.6
200000 83.0
205000 50.2
210000 367.5
215000 268.7
220000 171.5
225000 236.7
230000 82.0
235000 23.9
240000 202.7
245000 27.2
250000 255.2
255000 274.5
260000 285.6
265000 35.9
270000 375.9
275000 237.0
280000 363.9
285000 122.6
290000 147.3
295000 394.6
300000 119.2
305000 295.0
310000 359.7
315000 283.5
320000 367.9
325000 197.2
330000 153.2
335000 50.6
340000 108.8
345000 254.3
350000 152.3
355000 300.3
360000 404.1
365000 280.8
370000 265.6
375000 297.0
380000 457.9
385000 270.0
390000 402.5
395000 405.4
400000 358.4
405000 238.0
410000 266.0
415000 412.1
420000 248.2
425000 432.7
430000 111.5
435000 187.1
440000 510.8
445000 91.0
450000 261.5
455000 101.2
460000 145.5
465000 189.5
470000 451.6
475000 69.6
480000 111.2
485000 314.9
490000 467.6
495000 397.1
500000 231.8
505000 33.0
510000 221.4
515000 210.9
520000 112.7
525000 179.6
530000 387.0
535000 378.0
540000 107.2
545000 266.0
550000 56.7
555000 13.7
560000 124.8
565000 477.0
570000 495.2
575000 448.6
580000 389.0
585000 361.6
590000 308.8
595000 181.7
600000 622.3
605000 269.3
610000 264.8
615000 199.0
620000 519.6
625000 301.0
630000 111.9
635000 283.0
640000 298.4
645000 151.9
650000 421.7
655000 288.3
660000 448.1
665000 16.5
670000 373.6
675000 425.7
680000 298.2
685000 157.5
690000 466.8
695000 197.2
700000 128.6
705000 432.9
710000 398.0
715000 468.6
720000 337.3
725000 219.3
730000 109.8
735000 111.7
740000 269.5
745000 354.4
750000 207.2
755000 513.9
760000 205.5
765000 494.9
770000 482.5
775000 175.6
780000 76.4
785000 268.4
790000 493.5
795000 297.7
800000 213.7
805000 208.1
810000 210.6
815000 222.9
820000 373.5
825000 98.4
830000 432.5
835000 276.5
840000 532.2
845000 377.8
850000 323.7
855000 337.4
860000 20.1
865000 251.6
870000 231.3
875000 151.9
880000 270.2
885000 278.5
890000 302.6
895000 113.4
900000 31.2
905000 453.0
910000 208.0
915000 241.4
920000 197.6
925000 417.8
930000 296.1
935000 106.7
940000 323.5
945000 232.0
950000 171.2
955000 446.7
960000 184.2
965000 311.2
970000 108.2
975000 182.7
980000 440.1
985000 416.5
990000 242.3
995000 154.6
1000000 403.0
1005000 86.4
1010000 219.7
1015000 425.8
1020000 533.4
1025000 209.6
1030000 213.9
1035000 201.6
1040000 409.1
1045000 228.3
1050000 449.7
1055000 273.7
1060000 355.2
1065000 116.0
1070000 204.8
1075000 430.1
1080000 350.7
1085000 195.7
1090000 200.9
1095000 525.0
1100000 456.4
1105000 475.6
1110000 121.1
1115000 110.8
1120000 269.0
1125000 364.9
1130000 259.6
1135000 371.9
1140000 343.9
1145000 225.6
1150000 187.4
1155000 198.1
1160000 385.9
1165000 316.1
1170000 207.9
1175000 344.3
1180000 170.7
1185000 171.7
1190000 115.5
1195000 385.7
1200000 401.9
1205000 539.9
1210000 417.7
1215000 485.0
1220000 213.0
1225000 307.6
1230000 370.5
1235000 315.5
1240000 279.3
1245000 289.5
1250000 484.5
1255000 255.7
1260000 87.3
1265000 276.1
1270000 83.1
1275000 312.3
1280000 565.0
1285000 67.3
1290000 174.9
1295000 294.8
1300000 373.8
1305000 512.7
1310000 281.1
1315000 258.8
1320000 262.4
1325000 199.8
1330000 301.6
1335000 297.8
1340000 288.7
1345000 192.9
1350000 480.0
1355000 330.0
1360000 225.0
1365000 212.3
1370000 346.5
1375000 300.7
1380000 496.6
1385000 323.5
1390000 483.1
1395000 206.6
1400000 256.4
1405000 256.9
1410000 227.5
1415000 470.0
1420000 340.9
1425000 625.8
1430000 273.7
1435000 287.9
1440000 286.4
1445000 174.4
1450000 207.0
1455000 149.7
1460000 371.3
1465000 269.2
1470000 407.7
1475000 202.8
1480000 361.4
1485000 217.9
1490000 207.1
1495000 366.1
1500000 303.6
1505000 175.8
1510000 331.8
1515000 156.7
1520000 357.9
1525000 458.1
1530000 190.4
1535000 374.6
1540000 343.5
1545000 392.9
1550000 257.8
1555000 244.5
1560000 154.7
1565000 558.7
1570000 113.8
1575000 105.9
1580000 9.6
1585000 202.8
1590000 112.7
1595000 206.7
1600000 355.2
1605000 99.9
1610000 141.2
1615000 378.2
1620000 211.6
1625000 235.6
1630000 221.8
1635000 106.2
1640000 305.5
1645000 228.3
1650000 363.4
1655000 232.4
1660000 291.1
1665000 412.6
1670000 359.8
1675000 462.5
1680000 603.5
1685000 208.1
1690000 210.3
1695000 344.5
1700000 257.0
1705000 297.2
1710000 591.6
1715000 134.0
1720000 335.5
1725000 358.4
1730000 444.7
1735000 418.8
1740000 395.8
1745000 245.4
1750000 350.6
1755000 162.4
1760000 193.9
1765000 544.5
1770000 603.2
1775000 197.5
1780000 479.6
1785000 380.4
1790000 369.4
1795000 511.2
1800000 557.9
1805000 485.7
1810000 335.5
1815000 298.9
1820000 421.1
1825000 364.3
1830000 57.1
1835000 210.8
1840000 465.5
1845000 373.0
1850000 183.3
1855000 159.7
1860000 468.1
1865000 17.9
1870000 289.6
1875000 244.7
1880000 383.0
1885000 663.1
1890000 204.9
1895000 279.1
1900000 449.1
1905000 290.1
1910000 345.8
1915000 296.5
1920000 183.5
1925000 304.3
1930000 428.0
1935000 403.2
1940000 193.1
1945000 207.2
1950000 394.1
1955000 186.4
1960000 214.3
1965000 199.1
1970000 33.7
1975000 466.5
1980000 333.3
1985000 539.9
1990000 338.2
1995000 180.0
2000000 9.6
