5000 234.6
10000 116.8
15000 265.5
20000 62.9
25000 97.5
30000 138.2
35000 31.8
40000 259.4
45000 207.0
50000 98.6
55000 108.3
60000 160.8
65000 188.2
70000 96.8
75000 237.7
80000 145.7
85000 88.4
90000 75.6
95000 76.2
100000 373.6
105000 199.2
110000 313.7
115000 186.9
120000 108.3
125000 240.9
130000 137.5
135000 105.9
140000 73.2
145000 225.5
150000 101.6
155000 187.4
160000 240.1
165000 114.4
170000 250.4
175000 75.9
180000 214.3
185000 239.8
190000 124.2
195000 101.8
200000 154.7
205000 120.4
210000 155.9
215000 204.0
220000 257.7
225000 248.6
230000 289.7
235000 13.1
240000 356.4
245000 308.9
250000 202.6
255000 319.0
260000 142.0
265000 89.0
270000 495.5
275000 123.2
280000 224.0
285000 214.0
290000 498.2
295000 227.8
300000 297.0
305000 274.1
310000 120.7
315000 224.0
320000 301.8
325000 259.5
330000 76.1
335000 414.7
340000 196.4
345000 494.8
350000 159.6
355000 306.5
360000 275.5
365000 204.3
370000 355.5
375000 375.1
380000 279.4
385000 395.7
390000 279.0
395000 206.3
400000 199.3
405000 60.3
410000 184.0
415000 164.6
420000 229.1
425000 116.3
430000 231.8
435000 435.0
440000 324.0
445000 285.5
450000 244.5
455000 389.3
460000 208.9
465000 551.7
470000 451.1
475000 332.4
480000 302.1
485000 379.4
490000 203.0
495000 360.8
500000 216.3
505000 113.3
510000 423.1
515000 170.5
520000 292.8
525000 369.7
530000 303.7
535000 374.8
540000 365.3
545000 366.3
550000 378.5
555000 83.2
560000 575.7
565000 333.8
570000 332.4
575000 396.7
580000 212.0
585000 180.1
590000 329.8
595000 358.2
600000 200.3
605000 295.2
610000 358.9
615000 364.7
620000 369.0
625000 327.6
630000 349.4
635000 84.3
640000 284.9
645000 244.4
650000 312.7
655000 183.0
660000 509.7
665000 377.0
670000 277.0
675000 123.4
680000 602.9
685000 218.2
690000 594.1
695000 83.7
700000 225.7
705000 205.5
710000 301.4
715000 109.0
720000 134.6
725000 363.9
730000 16.0
735000 267.5
740000 366.1
745000 315.4
750000 15.4
755000 482.6
760000 354.3
765000 300.6
770000 397.5
775000 192.1
780000 468.1
785000 192.4
790000 263.8
795000 305.4
800000 208.9
805000 517.4
810000 518.9
815000 313.9
820000 264.6
825000 349.9
830000 67.5
835000 456.9
840000 281.3
845000 189.4
850000 482.6
855000 299.3
860000 238.8
865000 336.5
870000 265.6
875000 308.5
880000 97.3
885000 132.0
890000 379.9
895000 430.6
900000 109.0
905000 222.9
910000 292.7
915000 346.7
920000 253.4
925000 51.6
930000 92.6
935000 110.9
940000 264.5
945000 366.0
950000 282.6
955000 361.5
960000 222.7
965000 121.7
970000 139.1
975000 308.6
980000 26.0
985000 306.3
990000 310.1
995000 209.6
1000000 142.6
1005000 109.9
1010000 493.6
1015000 416.2
1020000 154.9
1025000 277.8
1030000 202.2
1035000 302.3
1040000 230.5
1045000 206.1
1050000 108.0
1055000 491.2
1060000 448.3
1065000 253.8
1070000 385.5
1075000 300.6
1080000 221.1
1085000 319.4
1090000 294.5
1095000 204.4
1100000 161.5
1105000 283.3
1110000 254.8
1115000 461.4
1120000 496.1
1125000 545.2
1130000 265.6
1135000 258.9
1140000 107.2
1145000 119.1
1150000 206.9
1155000 13.3
1160000 326.9
1165000 333.3
1170000 342.9
1175000 176.8
1180000 95.4
1185000 350.9
1190000 410.0
1195000 326.9
1200000 400.5
1205000 383.7
1210000 161.7
1215000 290.3
1220000 278.7
1225000 391.1
1230000 418.9
1235000 304.7
1240000 355.5
1245000 183.9
1250000 108.4
1255000 79.0
1260000 356.7
1265000 474.6
1270000 259.0
1275000 240.3
1280000 496.8
1285000 238.6
1290000 130.4
1295000 249.6
1300000 364.0
1305000 478.9
1310000 194.9
1315000 424.2
1320000 94.1
1325000 292.7
1330000 239.8
1335000 499.9
1340000 363.8
1345000 302.4
1350000 544.9
1355000 125.2
1360000 389.8
1365000 292.8
1370000 317.9
1375000 271.1
1380000 397.8
1385000 494.9
1390000 109.5
1395000 261.5
1400000 305.7
1405000 540.4
1410000 362.2
1415000 405.6
1420000 569.5
1425000 263.2
1430000 562.7
1435000 297.7
1440000 383.0
1445000 501.8
1450000 293.9
1455000 413.5
1460000 330.9
1465000 471.6
1470000 299.6
1475000 204.4
1480000 290.7
1485000 275.5
1490000 288.5
1495000 242.3
1500000 439.8
1505000 195.5
1510000 345.0
1515000 149.8
1520000 342.9
1525000 213.8
1530000 119.1
1535000 478.5
1540000 83.4
1545000 416.7
1550000 174.3
1555000 340.5
1560000 468.1
1565000 207.7
1570000 314.9
1575000 298.9
1580000 464.0
1585000 362.5
1590000 113.0
1595000 178.4
1600000 610.6
1605000 201.3
1610000 68.8
1615000 286.8
1620000 249.7
1625000 442.5
1630000 355.9
1635000 371.5
1640000 164.9
1645000 437.4
1650000 368.9
1655000 271.2
1660000 256.1
1665000 271.0
1670000 274.6
1675000 490.7
1680000 343.8
1685000 59.4
1690000 247.7
1695000 179.7
1700000 157.1
1705000 321.9
1710000 376.0
1715000 305.9
1720000 356.6
1725000 357.5
1730000 462.1
1735000 87.3
1740000 160.3
1745000 462.9
1750000 487.6
1755000 186.0
1760000 193.5
1765000 621.3
1770000 497.1
1775000 233.8
1780000 16.2
1785000 331.9
1790000 187.6
1795000 416.7
1800000 242.9
1805000 532.4
1810000 509.7
1815000 465.2
1820000 518.1
1825000 362.6
1830000 293.6
1835000 106.7
1840000 514.8
1845000 191.0
1850000 468.2
1855000 406.1
1860000 391.5
1865000 283.4
1870000 405.4
1875000 295.2
1880000 305.9
1885000 300.6
1890000 65.9
1895000 438.1
1900000 599.4
1905000 444.8
1910000 205.2
1915000 57.2
1920000 294.6
1925000 290.5
1930000 260.5
1935000 375.0
1940000 461.8
1945000 283.2
1950000 362.8
1955000 351.8
1960000 323.6
1965000 359.2
1970000 328.3
1975000 321.3
1980000 178.8
1985000 286.8
1990000 194.2
1995000 442.9
2000000 166.0
