5000 74.9
10000 93.2
15000 188.9
20000 54.1
25000 216.6
30000 110.2
35000 122.8
40000 280.9
45000 281.9
50000 150.1
55000 211.2
60000 157.5
65000 182.1
70000 195.6
75000 282.3
80000 14.3
85000 174.8
90000 86.6
95000 182.7
100000 130.1
105000 233.3
110000 121.3
115000 295.9
120000 17.9
125000 424.5
130000 110.0
135000 248.4
140000 607.6
145000 269.8
150000 69.7
155000 238.6
160000 36.6
165000 124.2
170000 122.4
175000 254.4
180000 272.7
185000 279.2
190000 110.4
195000 356.7
200000 299.0
205000 177.7
210000 151.8
215000 202.5
220000 186.1
225000 374.0
230000 248.1
235000 352.5
240000 205.7
245000 18.0
250000 117.8
255000 188.3
260000 175.8
265000 476.2
270000 214.0
275000 267.5
280000 107.6
285000 393.0
290000 252.0
295000 216.3
300000 205.1
305000 443.6
310000 36.2
315000 175.1
320000 466.1
325000 180.3
330000 378.1
335000 101.8
340000 250.2
345000 277.4
350000 239.8
355000 282.0
360000 210.1
365000 205.0
370000 107.8
375000 289.2
380000 295.4
385000 110.3
390000 361.6
395000 341.8
400000 52.4
405000 463.5
410000 107.0
415000 567.7
420000 513.5
425000 231.8
430000 270.1
435000 201.5
440000 98.1
445000 303.2
450000 178.9
455000 209.1
460000 481.6
465000 105.0
470000 360.9
475000 301.5
480000 75.6
485000 263.9
490000 357.6
495000 198.5
500000 12.5
505000 170.5
510000 256.4
515000 548.5
520000 285.7
525000 206.4
530000 351.8
535000 299.3
540000 342.4
545000 180.0
550000 463.1
555000 336.9
560000 395.7
565000 277.4
570000 54.7
575000 329.4
580000 149.8
585000 348.1
590000 109.6
595000 207.8
600000 310.9
605000 515.1
610000 112.4
615000 313.2
620000 176.6
625000 155.3
630000 283.2
635000 335.9
640000 193.2
645000 201.0
650000 284.5
655000 109.4
660000 203.7
665000 154.6
670000 203.2
675000 287.6
680000 487.0
685000 294.6
690000 372.1
695000 433.2
700000 226.5
705000 453.4
710000 89.8
715000 384.9
720000 518.6
725000 577.7
730000 202.7
735000 169.3
740000 384.9
745000 362.3
750000 298.2
755000 295.6
760000 374.4
765000 267.1
770000 187.0
775000 573.4
780000 180.6
785000 247.8
790000 454.1
795000 206.0
800000 174.2
805000 494.5
810000 279.2
815000 216.3
820000 207.3
825000 202.9
830000 306.8
835000 391.1
840000 706.4
845000 208.9
850000 110.1
855000 311.9
860000 291.3
865000 369.7
870000 199.2
875000 110.3
880000 459.6
885000 437.2
890000 10.5
895000 454.5
900000 399.2
905000 511.4
910000 324.3
915000 332.8
920000 335.0
925000 389.6
930000 290.8
935000 119.8
940000 333.0
945000 184.6
950000 78.7
955000 224.9
960000 227.5
965000 256.6
970000 72.0
975000 304.6
980000 434.2
985000 196.0
990000 403.3
995000 102.4
1000000 378.8
1005000 239.0
1010000 273.4
1015000 471.1
1020000 391.4
1025000 409.6
1030000 305.1
1035000 432.4
1040000 418.2
1045000 214.1
1050000 135.0
1055000 340.6
1060000 108.7
1065000 171.7
1070000 650.4
1075000 99.0
1080000 324.9
1085000 492.2
1090000 203.9
1095000 304.8
1100000 83.3
1105000 232.9
1110000 268.6
1115000 110.9
1120000 260.5
1125000 399.1
1130000 433.5
1135000 552.1
1140000 109.6
1145000 204.4
1150000 280.9
1155000 344.4
1160000 398.1
1165000 393.1
1170000 346.6
1175000 373.4
1180000 423.5
1185000 196.2
1190000 286.9
1195000 580.9
1200000 215.0
1205000 376.2
1210000 272.5
1215000 345.1
1220000 196.7
1225000 413.4
1230000 203.7
1235000 283.3
1240000 683.1
1245000 333.9
1250000 290.8
1255000 399.9
1260000 337.9
1265000 270.8
1270000 331.3
1275000 358.6
1280000 330.2
1285000 61.5
1290000 49.6
1295000 155.1
1300000 287.3
1305000 409.9
1310000 125.0
1315000 282.8
1320000 227.5
1325000 228.0
1330000 302.1
1335000 410.5
1340000 291.9
1345000 216.7
1350000 462.0
1355000 233.1
1360000 212.2
1365000 110.2
1370000 195.9
1375000 116.3
1380000 114.7
1385000 448.8
1390000 319.0
1395000 499.1
1400000 406.0
1405000 489.1
1410000 200.3
1415000 331.4
1420000 215.9
1425000 468.7
1430000 265.3
1435000 323.7
1440000 318.8
1445000 497.1
1450000 281.4
1455000 558.1
1460000 399.9
1465000 315.3
1470000 574.2
1475000 74.2
1480000 311.3
1485000 463.2
1490000 208.5
1495000 156.4
1500000 419.7
1505000 406.8
1510000 277.6
1515000 361.4
1520000 637.8
1525000 184.1
1530000 396.9
1535000 405.2
1540000 204.7
1545000 295.7
1550000 141.6
1555000 116.4
1560000 485.3
1565000 351.9
1570000 423.0
1575000 252.6
1580000 463.6
1585000 257.9
1590000 394.4
1595000 157.4
1600000 280.6
1605000 44.2
1610000 87.6
1615000 337.6
1620000 284.2
1625000 32.6
1630000 322.7
1635000 260.6
1640000 543.6
1645000 255.4
1650000 374.3
1655000 265.9
1660000 266.1
1665000 253.5
1670000 337.5
1675000 191.6
1680000 202.4
1685000 259.6
1690000 307.3
1695000 247.3
1700000 235.1
1705000 250.9
1710000 208.8
1715000 273.9
1720000 498.3
1725000 263.4
1730000 191.7
1735000 518.9
1740000 469.3
1745000 545.1
1750000 584.0
1755000 252.7
1760000 156.2
1765000 387.5
1770000 274.7
1775000 377.3
1780000 394.6
1785000 565.9
1790000 371.2
1795000 107.4
1800000 429.5
1805000 205.9
1810000 270.4
1815000 435.4
1820000 11.3
1825000 148.3
1830000 497.2
1835000 155.2
1840000 304.8
1845000 270.0
1850000 192.0
1855000 322.2
1860000 12.7
1865000 165.0
1870000 362.5
1875000 348.6
1880000 284.8
1885000 404.4
1890000 447.2
1895000 285.5
1900000 376.1
1905000 374.2
1910000 355.0
1915000 390.2
1920000 441.4
1925000 421.3
1930000 255.1
1935000 269.8
1940000 421.1
1945000 363.2
1950000 370.3
1955000 448.7
1960000 426.8
1965000 297.0
1970000 281.6
1975000 337.5
1980000 272.5
1985000 363.1
1990000 73.0
1995000 211.1
2000000 270.5
