5000 87.3
10000 223.7
15000 196.0
20000 258.4
25000 390.2
30000 273.9
35000 343.8
40000 129.1
45000 197.0
50000 367.3
55000 150.7
60000 250.4
65000 348.7
70000 239.9
75000 106.1
80000 182.4
85000 365.2
90000 129.0
95000 112.4
100000 192.0
105000 81.3
110000 232.6
115000 189.2
120000 74.8
125000 261.3
130000 194.8
135000 211.6
140000 235.9
145000 177.9
150000 154.5
155000 269.8
160000 246.9
165000 260.6
170000 369.8
175000 181.4
180000 313.0
185000 381.1
190000 225.2
195000 377.2
200000 57.5
205000 175.5
210000 230.3
215000 59.5
220000 179.6
225000 285.3
230000 273.4
235000 242.2
240000 125.2
245000 108.6
250000 37.7
255000 234.6
260000 388.2
265000 242.3
270000 218.8
275000 317.3
280000 48.2
285000 229.7
290000 153.9
295000 163.8
300000 221.9
305000 273.6
310000 268.6
315000 408.4
320000 155.2
325000 83.4
330000 236.9
335000 408.1
340000 424.3
345000 217.7
350000 100.0
355000 127.8
360000 313.6
365000 436.5
370000 99.4
375000 217.2
380000 258.6
385000 314.6
390000 108.0
395000 195.1
400000 112.9
405000 252.7
410000 196.5
415000 390.3
420000 235.9
425000 566.7
430000 391.4
435000 256.9
440000 289.1
445000 115.9
450000 69.9
455000 386.7
460000 119.1
465000 281.2
470000 70.8
475000 383.6
480000 240.9
485000 533.5
490000 224.9
495000 427.8
500000 239.6
505000 302.9
510000 350.0
515000 398.1
520000 379.3
525000 314.2
530000 430.8
535000 352.4
540000 385.3
545000 546.2
550000 292.5
555000 298.9
560000 206.4
565000 272.2
570000 232.1
575000 396.1
580000 441.7
585000 214.3
590000 372.2
595000 297.8
600000 230.5
605000 340.9
610000 437.8
615000 9.6
620000 300.2
625000 140.9
630000 137.8
635000 306.7
640000 242.6
645000 48.2
650000 131.9
655000 194.2
660000 144.7
665000 176.9
670000 497.7
675000 153.0
680000 18.8
685000 107.3
690000 334.9
695000 263.8
700000 392.3
705000 454.3
710000 165.8
715000 189.6
720000 224.2
725000 411.0
730000 363.7
735000 276.8
740000 299.7
745000 214.0
750000 111.2
755000 371.5
760000 390.4
765000 252.0
770000 365.4
775000 251.4
780000 450.7
785000 546.8
790000 183.9
795000 186.3
800000 324.9
805000 289.5
810000 335.6
815000 354.5
820000 280.3
825000 344.2
830000 619.6
835000 175.0
840000 17.4
845000 287.6
850000 132.0
855000 395.6
860000 304.0
865000 179.5
870000 139.4
875000 412.3
880000 298.4
885000 10.3
890000 212.8
895000 108.8
900000 322.5
905000 241.4
910000 351.7
915000 142.2
920000 182.7
925000 318.1
930000 292.7
935000 468.4
940000 222.4
945000 375.7
950000 222.4
955000 147.5
960000 370.6
965000 315.8
970000 206.1
975000 286.6
980000 438.6
985000 137.7
990000 115.0
995000 392.3
1000000 356.6
1005000 147.4
1010000 473.8
1015000 184.1
1020000 241.7
1025000 443.6
1030000 367.5
1035000 111.1
1040000 451.7
1045000 399.4
1050000 98.9
1055000 431.3
1060000 117.8
1065000 308.8
1070000 93.7
1075000 300.9
1080000 402.0
1085000 182.7
1090000 201.2
1095000 120.1
1100000 269.7
1105000 482.5
1110000 389.1
1115000 442.4
1120000 433.7
1125000 301.8
1130000 503.7
1135000 259.9
1140000 347.3
1145000 182.9
1150000 356.3
1155000 504.4
1160000 277.1
1165000 400.0
1170000 330.3
1175000 409.5
1180000 358.4
1185000 226.0
1190000 273.9
1195000 447.6
1200000 298.5
1205000 256.4
1210000 460.5
1215000 408.3
1220000 299.1
1225000 336.3
1230000 345.7
1235000 343.3
1240000 250.6
1245000 344.2
1250000 256.0
1255000 290.2
1260000 492.1
1265000 411.6
1270000 281.2
1275000 488.2
1280000 436.5
1285000 145.3
1290000 59.4
1295000 360.8
1300000 371.0
1305000 180.3
1310000 200.6
1315000 273.5
1320000 185.4
1325000 34.8
1330000 236.8
1335000 309.2
1340000 398.3
1345000 596.9
1350000 624.6
1355000 320.5
1360000 203.1
1365000 561.0
1370000 296.9
1375000 175.3
1380000 346.6
1385000 219.1
1390000 347.7
1395000 287.9
1400000 397.9
1405000 251.9
1410000 221.2
1415000 225.3
1420000 261.9
1425000 276.3
1430000 309.4
1435000 498.0
1440000 337.5
1445000 128.5
1450000 428.4
1455000 119.7
1460000 414.0
1465000 236.6
1470000 190.2
1475000 303.0
1480000 181.7
1485000 379.9
1490000 248.5
1495000 354.8
1500000 324.0
1505000 187.5
1510000 263.8
1515000 209.6
1520000 185.4
1525000 447.7
1530000 314.3
1535000 468.6
1540000 369.7
1545000 195.2
1550000 85.2
1555000 486.5
1560000 274.8
1565000 443.2
1570000 306.2
1575000 378.0
1580000 135.5
1585000 344.2
1590000 211.5
1595000 366.8
1600000 217.6
1605000 161.7
1610000 288.0
1615000 549.9
1620000 218.7
1625000 213.1
1630000 264.1
1635000 323.6
1640000 347.6
1645000 496.5
1650000 141.5
1655000 182.5
1660000 369.6
1665000 256.5
1670000 328.7
1675000 290.2
1680000 294.9
1685000 400.6
1690000 433.9
1695000 151.8
1700000 206.2
1705000 306.9
1710000 372.8
1715000 207.4
1720000 278.8
1725000 172.5
1730000 185.6
1735000 478.2
1740000 394.3
1745000 357.7
1750000 199.8
1755000 205.9
1760000 108.7
1765000 199.7
1770000 194.6
1775000 152.9
1780000 278.0
1785000 189.1
1790000 300.6
1795000 280.0
1800000 221.7
1805000 112.4
1810000 181.1
1815000 353.2
1820000 186.5
1825000 235.0
1830000 301.3
1835000 367.3
1840000 364.8
1845000 425.2
1850000 210.7
1855000 417.7
1860000 291.4
1865000 358.7
1870000 336.0
1875000 206.6
1880000 456.5
1885000 420.1
1890000 285.4
1895000 518.1
1900000 252.4
1905000 81.5
1910000 159.6
1915000 416.4
1920000 311.4
1925000 215.3
1930000 363.5
1935000 365.2
1940000 485.0
1945000 254.0
1950000 485.4
1955000 488.6
1960000 328.3
1965000 330.7
1970000 196.5
1975000 346.2
1980000 581.7
1985000 141.4
1990000 290.4
1995000 207.6
2000000 430.6
