5000 180.6
10000 271.8
15000 202.3
20000 147.1
25000 17.0
30000 244.0
35000 53.5
40000 17.0
45000 45.1
50000 74.9
55000 99.8
60000 243.2
65000 247.5
70000 201.7
75000 83.2
80000 107.5
85000 29.1
90000 59.2
95000 22.4
100000 220.4
105000 29.7
110000 104.6
115000 134.0
120000 91.1
125000 298.7
130000 21.1
135000 115.9
140000 218.4
145000 223.3
150000 117.5
155000 101.4
160000 378.7
165000 120.6
170000 161.0
175000 146.2
180000 112.1
185000 176.4
190000 201.0
195000 146.0
200000 273.3
205000 259.6
210000 211.0
215000 449.5
220000 91.9
225000 149.1
230000 15.2
235000 277.0
240000 274.5
245000 295.2
250000 259.4
255000 378.6
260000 176.2
265000 103.5
270000 286.7
275000 174.8
280000 112.5
285000 369.2
290000 116.7
295000 168.5
300000 218.5
305000 284.9
310000 281.4
315000 202.8
320000 149.3
325000 207.6
330000 327.4
335000 371.5
340000 302.6
345000 237.0
350000 305.5
355000 213.9
360000 400.4
365000 300.2
370000 305.6
375000 90.2
380000 376.6
385000 91.5
390000 239.9
395000 58.9
400000 458.9
405000 224.3
410000 122.0
415000 340.4
420000 249.5
425000 289.4
430000 206.9
435000 293.9
440000 188.1
445000 336.4
450000 469.5
455000 366.6
460000 433.2
465000 206.9
470000 340.4
475000 260.6
480000 37.1
485000 307.6
490000 490.0
495000 300.9
500000 313.9
505000 473.1
510000 92.7
515000 307.3
520000 284.9
525000 120.7
530000 207.4
535000 228.1
540000 401.8
545000 262.1
550000 290.5
555000 219.8
560000 226.4
565000 210.5
570000 439.4
575000 366.8
580000 107.7
585000 344.1
590000 250.1
595000 203.9
600000 182.7
605000 145.3
610000 118.8
615000 152.5
620000 286.8
625000 136.3
630000 120.1
635000 535.1
640000 99.9
645000 174.4
650000 306.4
655000 280.4
660000 235.3
665000 419.6
670000 105.7
675000 93.1
680000 16.7
685000 423.9
690000 429.3
695000 188.5
700000 362.0
705000 247.2
710000 214.3
715000 377.6
720000 192.0
725000 224.2
730000 380.4
735000 281.2
740000 342.9
745000 112.3
750000 265.9
755000 342.4
760000 395.6
765000 257.0
770000 318.7
775000 316.7
780000 375.6
785000 178.9
790000 287.8
795000 257.3
800000 303.6
805000 297.0
810000 249.7
815000 463.5
820000 138.6
825000 90.6
830000 572.6
835000 293.9
840000 453.0
845000 483.3
850000 538.9
855000 84.6
860000 323.4
865000 612.7
870000 241.3
875000 449.4
880000 107.5
885000 336.7
890000 176.6
895000 292.5
900000 271.1
905000 268.3
910000 291.9
915000 244.1
920000 212.0
925000 187.5
930000 292.1
935000 352.1
940000 360.6
945000 491.8
950000 269.1
955000 293.2
960000 354.5
965000 201.2
970000 34.4
975000 147.8
980000 209.7
985000 263.7
990000 210.0
995000 429.1
1000000 348.0
1005000 71.4
1010000 302.6
1015000 168.9
1020000 395.3
1025000 301.9
1030000 364.3
1035000 197.1
1040000 460.2
1045000 481.4
1050000 388.6
1055000 296.4
1060000 497.1
1065000 102.8
1070000 542.6
1075000 441.6
1080000 211.6
1085000 207.2
1090000 707.4
1095000 197.6
1100000 291.8
1105000 475.4
1110000 324.2
1115000 214.9
1120000 398.4
1125000 561.5
1130000 509.0
1135000 372.8
1140000 178.8
1145000 210.4
1150000 252.6
1155000 180.0
1160000 158.9
1165000 435.4
1170000 379.7
1175000 450.3
1180000 102.4
1185000 336.3
1190000 484.5
1195000 442.0
1200000 182.9
1205000 342.3
1210000 205.4
1215000 557.4
1220000 419.7
1225000 360.5
1230000 382.1
1235000 160.0
1240000 259.3
1245000 249.2
1250000 491.9
1255000 489.2
1260000 481.1
1265000 565.9
1270000 388.3
1275000 293.7
1280000 449.8
1285000 143.6
1290000 134.8
1295000 496.7
1300000 204.3
1305000 84.0
1310000 389.7
1315000 253.2
1320000 293.7
1325000 419.9
1330000 247.7
1335000 378.6
1340000 124.6
1345000 434.0
1350000 294.8
1355000 292.3
1360000 203.1
1365000 92.9
1370000 273.4
1375000 197.6
1380000 126.7
1385000 528.7
1390000 356.7
1395000 163.7
1400000 259.5
1405000 172.7
1410000 403.8
1415000 315.8
1420000 368.8
1425000 329.6
1430000 278.0
1435000 15.1
1440000 252.2
1445000 389.5
1450000 354.6
1455000 179.2
1460000 382.2
1465000 184.8
1470000 354.0
1475000 396.0
1480000 121.3
1485000 453.0
1490000 152.5
1495000 236.0
1500000 204.9
1505000 254.1
1510000 237.9
1515000 533.9
1520000 436.3
1525000 454.3
1530000 360.2
1535000 215.3
1540000 227.3
1545000 264.7
1550000 195.9
1555000 281.3
1560000 397.0
1565000 274.8
1570000 145.7
1575000 455.6
1580000 383.6
1585000 295.3
1590000 417.6
1595000 359.2
1600000 273.6
1605000 124.2
1610000 279.1
1615000 206.9
1620000 401.5
1625000 375.0
1630000 175.8
1635000 310.4
1640000 289.0
1645000 218.1
1650000 279.7
1655000 546.3
1660000 58.4
1665000 292.2
1670000 300.9
1675000 251.2
1680000 265.3
1685000 178.2
1690000 401.7
1695000 345.3
1700000 21.7
1705000 362.3
1710000 232.2
1715000 485.2
1720000 208.2
1725000 387.1
1730000 333.6
1735000 415.4
1740000 173.5
1745000 329.8
1750000 430.6
1755000 368.0
1760000 454.5
1765000 203.8
1770000 171.2
1775000 463.6
1780000 302.1
1785000 612.1
1790000 153.5
1795000 462.9
1800000 585.9
1805000 350.1
1810000 471.2
1815000 366.3
1820000 377.0
1825000 299.1
1830000 406.6
1835000 442.6
1840000 453.7
1845000 193.4
1850000 251.6
1855000 547.8
1860000 382.3
1865000 366.2
1870000 207.8
1875000 203.1
1880000 207.1
1885000 231.9
1890000 205.9
1895000 356.2
1900000 432.3
1905000 513.9
1910000 208.6
1915000 475.3
1920000 536.8
1925000 395.4
1930000 188.5
1935000 168.7
1940000 597.5
1945000 304.6
1950000 434.1
1955000 268.3
1960000 475.5
1965000 215.6
1970000 454.2
1975000 283.1
1980000 354.7
1985000 298.4
1990000 494.1
1995000 554.7
2000000 279.9
