5000 0.0
10000 0.0
15000 0.0
20000 0.5
25000 0.1
30000 0.5
35000 0.0
40000 1.2
45000 1.7
50000 19.3
55000 16.3
60000 1.2
65000 80.5
70000 63.6
75000 147.2
80000 171.3
85000 197.4
90000 210.2
95000 234.1
100000 83.4
105000 380.1
110000 337.9
115000 400.6
120000 413.5
125000 420.5
130000 481.8
135000 466.8
140000 488.7
145000 477.2
150000 494.5
155000 492.8
160000 493.9
165000 516.6
170000 517.9
175000 511.2
180000 460.2
185000 531.2
190000 526.8
195000 492.8
200000 522.8
205000 515.9
210000 542.0
215000 535.7
220000 540.1
225000 538.2
230000 493.8
235000 545.1
240000 536.5
245000 563.6
250000 549.7
255000 563.8
260000 562.5
265000 561.2
270000 554.5
275000 549.6
280000 552.4
285000 529.8
290000 502.2
295000 554.2
300000 486.0
305000 578.4
310000 570.2
315000 569.5
320000 564.4
325000 569.9
330000 557.9
335000 572.9
340000 530.0
345000 514.1
350000 563.3
355000 449.1
360000 576.3
365000 586.9
370000 584.8
375000 582.9
380000 574.5
385000 575.6
390000 568.0
395000 578.8
400000 583.7
405000 563.3
410000 582.9
415000 587.0
420000 580.4
425000 575.1
430000 571.3
435000 560.4
440000 573.6
445000 574.4
450000 579.6
455000 576.4
460000 582.3
465000 582.8
470000 574.3
475000 574.1
480000 582.4
485000 578.0
490000 589.6
495000 589.6
500000 584.3
505000 586.3
510000 588.4
515000 585.6
520000 575.6
525000 591.9
530000 529.8
535000 587.0
540000 602.4
545000 606.6
550000 606.9
555000 598.4
560000 600.1
565000 579.2
570000 605.0
575000 591.5
580000 606.8
585000 586.8
590000 542.7
595000 592.0
600000 601.8
605000 606.5
610000 606.9
615000 608.5
620000 603.8
625000 610.3
630000 612.9
635000 607.3
640000 601.0
645000 553.5
650000 606.6
655000 610.6
660000 612.7
665000 580.1
670000 615.5
675000 600.5
680000 614.1
685000 602.4
690000 604.6
695000 606.1
700000 613.9
705000 578.2
710000 604.9
715000 607.2
720000 616.4
725000 606.0
730000 609.8
735000 604.4
740000 607.3
745000 600.9
750000 616.5
755000 611.5
760000 552.9
765000 544.7
770000 597.5
775000 619.1
780000 622.3
785000 620.8
790000 610.8
795000 615.6
800000 591.9
805000 571.6
810000 610.1
815000 616.9
820000 609.8
825000 606.6
830000 604.6
835000 596.9
840000 614.0
845000 595.8
850000 608.1
855000 609.7
860000 608.7
865000 606.1
870000 616.6
875000 613.0
880000 604.0
885000 606.1
890000 602.9
895000 609.5
900000 611.3
905000 545.9
910000 615.6
915000 617.5
920000 599.5
925000 611.5
930000 611.2
935000 585.4
940000 609.0
945000 595.2
950000 601.2
955000 596.9
960000 540.7
965000 610.1
970000 610.2
975000 614.1
980000 611.8
985000 611.3
990000 597.1
995000 620.0
1000000 607.9
1005000 492.3
1010000 612.6
1015000 610.2
1020000 622.3
1025000 618.9
1030000 615.6
1035000 612.5
1040000 611.4
1045000 597.1
1050000 613.6
1055000 611.9
1060000 611.1
1065000 615.3
1070000 602.2
1075000 608.2
1080000 601.0
1085000 541.0
1090000 621.8
1095000 608.8
1100000 609.8
1105000 473.7
1110000 600.7
1115000 606.7
1120000 608.6
1125000 605.2
1130000 602.9
1135000 610.6
1140000 607.9
1145000 606.3
1150000 593.0
1155000 589.9
1160000 608.6
1165000 546.0
1170000 596.1
1175000 546.0
1180000 594.1
1185000 601.5
1190000 596.7
1195000 456.0
1200000 413.5
1205000 596.7
1210000 592.8
1215000 541.6
1220000 600.8
1225000 579.4
1230000 546.2
1235000 599.4
1240000 601.5
1245000 533.7
1250000 600.6
1255000 470.3
1260000 586.0
1265000 589.5
1270000 593.2
1275000 599.6
1280000 597.1
1285000 596.2
1290000 584.9
1295000 599.0
1300000 537.6
1305000 516.2
1310000 586.2
1315000 585.0
1320000 525.2
1325000 586.0
1330000 593.8
1335000 599.8
1340000 590.2
1345000 537.7
1350000 583.6
1355000 586.3
1360000 588.1
1365000 595.5
1370000 464.7
1375000 582.8
1380000 590.7
1385000 592.9
1390000 594.1
1395000 593.1
1400000 532.0
1405000 575.3
1410000 577.6
1415000 592.6
1420000 590.7
1425000 570.4
1430000 598.2
1435000 586.8
1440000 598.9
1445000 600.4
1450000 588.9
1455000 591.0
1460000 595.8
1465000 591.6
1470000 589.5
1475000 597.4
1480000 594.6
1485000 521.4
1490000 531.5
1495000 589.3
1500000 597.8
1505000 591.1
1510000 585.6
1515000 539.9
1520000 589.1
1525000 589.8
1530000 576.2
1535000 587.2
1540000 594.8
1545000 582.9
1550000 583.1
1555000 579.1
1560000 579.6
1565000 593.8
1570000 581.6
1575000 590.5
1580000 589.7
1585000 576.6
1590000 527.1
1595000 588.9
1600000 588.4
1605000 524.4
1610000 589.8
1615000 596.6
1620000 593.4
1625000 588.9
1630000 586.4
1635000 584.1
1640000 596.6
1645000 502.3
1650000 527.4
1655000 600.7
1660000 587.9
1665000 568.3
1670000 586.5
1675000 575.0
1680000 586.7
1685000 514.8
1690000 580.2
1695000 591.5
1700000 590.2
1705000 582.0
1710000 583.4
1715000 0.0
1720000 484.0
1725000 568.7
1730000 585.1
1735000 586.7
1740000 530.5
1745000 580.4
1750000 596.6
1755000 592.8
1760000 541.4
1765000 587.3
1770000 589.1
1775000 591.7
1780000 596.1
1785000 581.5
1790000 601.3
1795000 598.4
1800000 599.7
1805000 594.3
1810000 578.9
1815000 596.3
1820000 541.9
1825000 582.8
1830000 582.7
1835000 597.1
1840000 602.4
1845000 575.8
1850000 603.5
1855000 601.3
1860000 609.0
1865000 583.1
1870000 581.7
1875000 604.0
1880000 605.6
1885000 584.3
1890000 604.5
1895000 612.5
1900000 604.8
1905000 594.0
1910000 618.7
1915000 614.4
1920000 620.8
1925000 596.6
1930000 599.2
1935000 604.9
1940000 603.4
1945000 609.5
1950000 541.0
1955000 613.5
1960000 626.2
1965000 539.3
1970000 560.2
1975000 618.6
1980000 600.6
1985000 606.7
1990000 604.2
1995000 605.9
2000000 605.4
