5000 0.0
10000 0.0
15000 0.2
20000 0.2
25000 0.1
30000 0.1
35000 3.7
40000 0.5
45000 0.4
50000 2.1
55000 3.7
60000 21.1
65000 59.1
70000 70.8
75000 86.3
80000 87.3
85000 150.9
90000 137.9
95000 218.8
100000 211.5
105000 248.9
110000 261.5
115000 241.3
120000 300.9
125000 303.0
130000 326.9
135000 341.0
140000 327.4
145000 380.7
150000 393.7
155000 392.8
160000 393.6
165000 350.5
170000 415.0
175000 427.9
180000 457.5
185000 411.4
190000 473.9
195000 471.6
200000 479.3
205000 470.1
210000 484.5
215000 490.4
220000 502.5
225000 488.5
230000 478.1
235000 476.2
240000 502.6
245000 437.1
250000 499.2
255000 505.4
260000 498.9
265000 499.0
270000 506.4
275000 510.2
280000 510.7
285000 470.9
290000 513.4
295000 505.8
300000 512.0
305000 445.0
310000 507.7
315000 516.2
320000 513.7
325000 509.6
330000 463.1
335000 522.9
340000 515.1
345000 512.5
350000 520.8
355000 514.8
360000 516.1
365000 506.6
370000 498.5
375000 501.8
380000 517.8
385000 525.4
390000 511.6
395000 507.7
400000 512.7
405000 504.7
410000 519.2
415000 504.8
420000 514.5
425000 511.6
430000 515.0
435000 512.9
440000 519.6
445000 513.9
450000 518.6
455000 491.5
460000 517.5
465000 510.9
470000 523.5
475000 511.0
480000 522.9
485000 517.8
490000 523.8
495000 526.0
500000 518.1
505000 515.1
510000 465.7
515000 462.8
520000 514.3
525000 510.2
530000 520.6
535000 523.7
540000 521.9
545000 525.3
550000 518.6
555000 519.6
560000 528.8
565000 517.9
570000 533.7
575000 517.1
580000 466.9
585000 525.3
590000 522.0
595000 514.7
600000 505.7
605000 519.6
610000 523.5
615000 524.2
620000 521.8
625000 513.5
630000 471.4
635000 531.6
640000 522.8
645000 505.5
650000 528.8
655000 515.5
660000 521.1
665000 462.8
670000 515.1
675000 519.8
680000 520.9
685000 514.3
690000 522.3
695000 522.7
700000 527.6
705000 520.7
710000 517.0
715000 522.1
720000 521.3
725000 523.4
730000 513.1
735000 467.4
740000 523.7
745000 508.9
750000 530.4
755000 464.1
760000 524.8
765000 456.1
770000 530.9
775000 518.6
780000 493.7
785000 497.3
790000 520.5
795000 519.2
800000 522.8
805000 517.5
810000 525.9
815000 520.1
820000 526.3
825000 515.7
830000 518.7
835000 533.1
840000 523.2
845000 461.1
850000 518.6
855000 521.1
860000 527.3
865000 514.0
870000 529.6
875000 526.5
880000 523.0
885000 521.2
890000 529.6
895000 528.3
900000 529.3
905000 515.0
910000 531.7
915000 523.6
920000 526.6
925000 498.7
930000 519.4
935000 514.3
940000 526.6
945000 524.0
950000 523.9
955000 516.4
960000 528.4
965000 515.0
970000 521.6
975000 522.4
980000 524.1
985000 514.4
990000 525.6
995000 527.0
1000000 528.0
1005000 513.8
1010000 523.6
1015000 514.2
1020000 525.1
1025000 521.3
1030000 472.5
1035000 525.7
1040000 525.9
1045000 502.8
1050000 521.9
1055000 526.2
1060000 527.2
1065000 518.5
1070000 527.4
1075000 525.1
1080000 525.3
1085000 514.5
1090000 517.7
1095000 527.3
1100000 522.1
1105000 517.9
1110000 527.2
1115000 527.5
1120000 526.0
1125000 514.3
1130000 531.0
1135000 508.9
1140000 525.1
1145000 532.5
1150000 532.2
1155000 532.4
1160000 536.3
1165000 519.3
1170000 524.9
1175000 524.7
1180000 523.9
1185000 505.2
1190000 527.3
1195000 526.0
1200000 531.2
1205000 514.3
1210000 526.4
1215000 529.4
1220000 522.9
1225000 509.8
1230000 524.8
1235000 477.1
1240000 526.2
1245000 500.8
1250000 525.4
1255000 529.2
1260000 526.9
1265000 529.0
1270000 524.5
1275000 524.7
1280000 532.9
1285000 524.7
1290000 533.8
1295000 530.3
1300000 520.5
1305000 476.0
1310000 534.7
1315000 530.0
1320000 528.2
1325000 511.9
1330000 525.9
1335000 528.9
1340000 531.1
1345000 535.7
1350000 525.9
1355000 537.0
1360000 533.7
1365000 534.8
1370000 536.9
1375000 537.8
1380000 537.4
1385000 539.5
1390000 528.1
1395000 529.2
1400000 537.2
1405000 534.8
1410000 537.0
1415000 544.1
1420000 527.3
1425000 536.4
1430000 529.6
1435000 537.9
1440000 488.9
1445000 530.3
1450000 540.8
1455000 538.9
1460000 541.4
1465000 536.5
1470000 541.6
1475000 535.9
1480000 542.3
1485000 513.5
1490000 528.9
1495000 546.3
1500000 539.2
1505000 543.8
1510000 538.7
1515000 532.5
1520000 548.3
1525000 543.3
1530000 540.1
1535000 483.3
1540000 541.1
1545000 543.3
1550000 530.3
1555000 540.5
1560000 488.5
1565000 532.8
1570000 489.1
1575000 543.3
1580000 542.7
1585000 548.1
1590000 536.9
1595000 547.2
1600000 547.6
1605000 544.5
1610000 541.9
1615000 533.4
1620000 531.0
1625000 486.0
1630000 545.9
1635000 539.7
1640000 542.2
1645000 531.5
1650000 534.8
1655000 536.5
1660000 533.9
1665000 538.7
1670000 544.2
1675000 546.0
1680000 541.1
1685000 548.2
1690000 542.5
1695000 540.5
1700000 536.1
1705000 544.5
1710000 542.3
1715000 544.0
1720000 532.9
1725000 539.8
1730000 541.5
1735000 544.4
1740000 545.8
1745000 529.7
1750000 544.5
1755000 548.6
1760000 544.0
1765000 542.0
1770000 427.5
1775000 545.4
1780000 545.0
1785000 531.1
1790000 532.4
1795000 539.5
1800000 548.3
1805000 543.7
1810000 538.7
1815000 540.3
1820000 534.2
1825000 551.2
1830000 546.9
1835000 544.4
1840000 549.4
1845000 548.7
1850000 547.2
1855000 547.3
1860000 537.6
1865000 544.8
1870000 537.4
1875000 546.0
1880000 547.6
1885000 484.2
1890000 546.3
1895000 545.8
1900000 544.1
1905000 532.5
1910000 536.2
1915000 547.3
1920000 543.7
1925000 546.4
1930000 490.9
1935000 544.7
1940000 552.3
1945000 533.2
1950000 554.0
1955000 516.8
1960000 542.4
1965000 549.2
1970000 543.9
1975000 548.4
1980000 547.3
1985000 543.4
1990000 543.1
1995000 542.9
2000000 548.4
