5000 0.0
10000 0.0
15000 0.0
20000 4.8
25000 0.0
30000 0.0
35000 0.0
40000 0.3
45000 74.6
50000 92.7
55000 11.5
60000 102.7
65000 148.3
70000 195.2
75000 170.1
80000 157.6
85000 206.2
90000 172.6
95000 228.6
100000 190.3
105000 215.7
110000 231.2
115000 224.4
120000 232.4
125000 234.4
130000 245.9
135000 247.8
140000 242.1
145000 23.5
150000 248.6
155000 260.6
160000 246.6
165000 246.5
170000 252.5
175000 252.4
180000 241.4
185000 255.0
190000 242.8
195000 236.5
200000 262.3
205000 237.2
210000 266.6
215000 251.1
220000 267.1
225000 261.4
230000 270.0
235000 266.0
240000 257.1
245000 228.4
250000 275.4
255000 273.0
260000 270.6
265000 270.1
270000 272.1
275000 272.8
280000 279.0
285000 271.6
290000 272.8
295000 272.6
300000 280.0
305000 275.8
310000 274.0
315000 276.2
320000 278.5
325000 272.9
330000 280.0
335000 281.9
340000 286.7
345000 274.1
350000 275.8
355000 285.1
360000 281.7
365000 287.3
370000 254.0
375000 285.7
380000 289.7
385000 275.9
390000 257.3
395000 281.1
400000 255.0
405000 281.1
410000 287.5
415000 286.9
420000 287.8
425000 288.5
430000 289.1
435000 287.7
440000 257.9
445000 266.6
450000 288.4
455000 298.4
460000 231.9
465000 288.6
470000 295.6
475000 291.4
480000 298.0
485000 275.5
490000 294.4
495000 292.2
500000 293.3
505000 295.1
510000 290.0
515000 293.6
520000 295.1
525000 291.5
530000 290.9
535000 298.3
540000 295.6
545000 291.5
550000 297.4
555000 303.4
560000 300.1
565000 287.4
570000 298.0
575000 296.2
580000 295.3
585000 283.5
590000 296.7
595000 297.6
600000 294.7
605000 301.8
610000 299.6
615000 300.6
620000 304.7
625000 288.3
630000 303.1
635000 304.6
640000 304.3
645000 305.2
650000 299.1
655000 308.3
660000 305.4
665000 303.3
670000 308.1
675000 305.6
680000 307.8
685000 304.7
690000 301.8
695000 301.8
700000 302.8
705000 300.4
710000 295.4
715000 299.7
720000 303.2
725000 278.2
730000 309.3
735000 275.8
740000 305.4
745000 298.0
750000 303.5
755000 305.8
760000 309.2
765000 304.6
770000 315.4
775000 281.3
780000 311.8
785000 309.4
790000 309.1
795000 309.9
800000 305.8
805000 303.0
810000 311.0
815000 253.6
820000 311.2
825000 297.1
830000 305.4
835000 310.0
840000 308.3
845000 308.2
850000 307.9
855000 317.7
860000 313.8
865000 275.6
870000 307.2
875000 302.8
880000 318.0
885000 311.7
890000 295.7
895000 314.9
900000 318.6
905000 317.2
910000 318.0
915000 320.5
920000 311.2
925000 312.0
930000 303.6
935000 315.5
940000 311.8
945000 302.5
950000 311.2
955000 323.3
960000 321.8
965000 314.2
970000 307.1
975000 306.1
980000 318.0
985000 311.7
990000 308.4
995000 311.4
1000000 291.7
1005000 309.9
1010000 315.5
1015000 325.6
1020000 315.8
1025000 316.4
1030000 309.3
1035000 312.1
1040000 316.5
1045000 305.2
1050000 314.1
1055000 320.9
1060000 316.6
1065000 307.7
1070000 317.9
1075000 320.1
1080000 316.3
1085000 281.2
1090000 314.0
1095000 322.1
1100000 319.3
1105000 317.4
1110000 319.1
1115000 321.2
1120000 322.7
1125000 306.1
1130000 324.4
1135000 320.7
1140000 316.9
1145000 321.9
1150000 322.5
1155000 319.1
1160000 321.1
1165000 288.7
1170000 327.6
1175000 315.1
1180000 312.7
1185000 315.0
1190000 325.2
1195000 330.3
1200000 325.5
1205000 314.2
1210000 320.1
1215000 314.4
1220000 325.5
1225000 295.8
1230000 324.4
1235000 323.3
1240000 329.6
1245000 267.6
1250000 313.6
1255000 326.9
1260000 324.3
1265000 318.7
1270000 325.2
1275000 332.0
1280000 324.0
1285000 324.6
1290000 325.6
1295000 321.6
1300000 324.6
1305000 302.9
1310000 327.7
1315000 316.4
1320000 327.6
1325000 301.3
1330000 324.8
1335000 329.3
1340000 331.5
1345000 310.8
1350000 321.8
1355000 323.8
1360000 324.3
1365000 318.6
1370000 325.6
1375000 326.5
1380000 321.8
1385000 315.6
1390000 329.4
1395000 332.2
1400000 335.7
1405000 321.1
1410000 321.8
1415000 289.5
1420000 330.7
1425000 320.7
1430000 320.2
1435000 333.0
1440000 324.7
1445000 320.2
1450000 319.7
1455000 328.8
1460000 326.0
1465000 307.4
1470000 329.2
1475000 297.8
1480000 330.2
1485000 322.8
1490000 327.8
1495000 324.7
1500000 293.9
1505000 315.1
1510000 322.7
1515000 329.5
1520000 324.7
1525000 320.5
1530000 327.2
1535000 306.6
1540000 324.8
1545000 315.8
1550000 308.8
1555000 324.0
1560000 332.9
1565000 301.6
1570000 307.5
1575000 331.2
1580000 325.5
1585000 309.8
1590000 330.8
1595000 324.8
1600000 327.3
1605000 322.1
1610000 327.1
1615000 327.7
1620000 318.6
1625000 323.3
1630000 329.2
1635000 330.1
1640000 328.1
1645000 328.4
1650000 318.0
1655000 293.9
1660000 316.6
1665000 270.6
1670000 320.6
1675000 325.3
1680000 329.3
1685000 311.6
1690000 328.4
1695000 327.9
1700000 325.2
1705000 298.2
1710000 328.9
1715000 293.5
1720000 330.9
1725000 274.0
1730000 319.1
1735000 323.7
1740000 329.5
1745000 309.7
1750000 255.4
1755000 323.5
1760000 332.8
1765000 321.7
1770000 325.1
1775000 320.6
1780000 332.9
1785000 317.6
1790000 312.2
1795000 330.4
1800000 296.9
1805000 325.3
1810000 324.1
1815000 325.5
1820000 331.3
1825000 321.8
1830000 327.8
1835000 333.3
1840000 332.9
1845000 294.5
1850000 320.3
1855000 327.1
1860000 296.6
1865000 303.4
1870000 319.1
1875000 315.8
1880000 313.3
1885000 319.7
1890000 325.8
1895000 328.2
1900000 323.4
1905000 322.3
1910000 323.6
1915000 324.3
1920000 318.4
1925000 305.5
1930000 322.2
1935000 326.6
1940000 257.2
1945000 310.0
1950000 319.9
1955000 324.3
1960000 328.6
1965000 307.8
1970000 331.7
1975000 333.3
1980000 328.1
1985000 321.5
1990000 331.2
1995000 130.7
2000000 328.6
