5000 0.0
10000 0.8
15000 0.0
20000 0.1
25000 0.1
30000 0.0
35000 0.1
40000 0.2
45000 0.0
50000 0.1
55000 0.0
60000 0.0
65000 31.9
70000 92.8
75000 149.9
80000 177.3
85000 197.0
90000 229.5
95000 234.6
100000 243.4
105000 219.5
110000 221.9
115000 249.3
120000 240.9
125000 254.4
130000 254.8
135000 257.9
140000 262.9
145000 252.3
150000 257.2
155000 263.9
160000 260.4
165000 263.3
170000 274.9
175000 267.3
180000 273.9
185000 272.6
190000 279.2
195000 273.8
200000 273.1
205000 275.8
210000 281.2
215000 283.7
220000 282.3
225000 285.0
230000 284.3
235000 283.0
240000 277.0
245000 283.2
250000 289.5
255000 289.6
260000 287.5
265000 284.3
270000 290.8
275000 286.7
280000 297.3
285000 290.2
290000 292.3
295000 265.8
300000 295.3
305000 282.2
310000 294.6
315000 292.9
320000 300.8
325000 291.7
330000 295.2
335000 292.9
340000 301.4
345000 292.4
350000 294.8
355000 290.6
360000 295.8
365000 291.4
370000 301.9
375000 302.8
380000 299.4
385000 296.3
390000 297.8
395000 269.8
400000 300.5
405000 298.7
410000 305.0
415000 272.9
420000 298.9
425000 300.6
430000 298.1
435000 303.8
440000 299.3
445000 293.2
450000 307.4
455000 301.3
460000 303.6
465000 286.2
470000 300.3
475000 270.6
480000 299.1
485000 285.1
490000 305.5
495000 302.1
500000 301.2
505000 296.3
510000 300.3
515000 273.9
520000 298.7
525000 300.1
530000 301.8
535000 305.0
540000 274.8
545000 297.7
550000 307.3
555000 273.5
560000 305.6
565000 304.7
570000 298.4
575000 302.4
580000 306.1
585000 297.9
590000 298.4
595000 299.8
600000 274.1
605000 306.4
610000 304.0
615000 307.0
620000 307.3
625000 298.7
630000 309.9
635000 308.9
640000 311.1
645000 299.9
650000 299.2
655000 306.0
660000 308.9
665000 302.8
670000 305.9
675000 306.2
680000 307.0
685000 303.8
690000 306.2
695000 309.1
700000 274.2
705000 303.8
710000 305.6
715000 306.5
720000 308.3
725000 301.6
730000 306.2
735000 305.9
740000 309.9
745000 272.6
750000 276.0
755000 312.9
760000 303.5
765000 301.0
770000 306.0
775000 308.8
780000 308.6
785000 299.1
790000 307.9
795000 306.0
800000 316.6
805000 292.5
810000 308.7
815000 313.3
820000 308.2
825000 266.6
830000 279.7
835000 275.7
840000 278.0
845000 276.5
850000 306.9
855000 306.9
860000 283.0
865000 307.5
870000 304.9
875000 306.4
880000 308.9
885000 312.9
890000 310.3
895000 314.1
900000 310.7
905000 307.9
910000 309.7
915000 307.2
920000 311.0
925000 304.0
930000 305.0
935000 309.9
940000 310.5
945000 302.4
950000 275.8
955000 310.9
960000 310.8
965000 277.8
970000 306.8
975000 312.0
980000 310.2
985000 303.1
990000 304.9
995000 310.6
1000000 314.1
1005000 308.1
1010000 308.1
1015000 310.2
1020000 311.4
1025000 303.2
1030000 315.0
1035000 279.9
1040000 308.4
1045000 305.4
1050000 314.1
1055000 308.5
1060000 311.3
1065000 307.3
1070000 313.0
1075000 316.3
1080000 313.4
1085000 304.7
1090000 309.4
1095000 308.3
1100000 312.1
1105000 302.3
1110000 308.6
1115000 278.7
1120000 309.3
1125000 306.2
1130000 276.1
1135000 307.3
1140000 307.1
1145000 301.9
1150000 276.6
1155000 314.8
1160000 312.6
1165000 304.1
1170000 303.9
1175000 307.0
1180000 311.8
1185000 299.6
1190000 304.2
1195000 308.9
1200000 307.6
1205000 299.5
1210000 308.4
1215000 310.2
1220000 311.5
1225000 306.9
1230000 305.7
1235000 305.6
1240000 305.3
1245000 298.2
1250000 303.4
1255000 310.0
1260000 309.9
1265000 304.0
1270000 305.8
1275000 307.4
1280000 309.9
1285000 304.5
1290000 311.4
1295000 308.2
1300000 310.9
1305000 298.9
1310000 305.1
1315000 305.8
1320000 309.9
1325000 305.4
1330000 310.6
1335000 313.1
1340000 312.1
1345000 297.4
1350000 306.6
1355000 308.2
1360000 304.4
1365000 305.4
1370000 306.3
1375000 280.8
1380000 312.8
1385000 302.3
1390000 306.7
1395000 309.2
1400000 277.0
1405000 306.9
1410000 307.5
1415000 308.0
1420000 305.6
1425000 303.6
1430000 312.7
1435000 307.5
1440000 312.8
1445000 302.9
1450000 309.6
1455000 314.4
1460000 312.3
1465000 305.7
1470000 308.4
1475000 310.8
1480000 306.6
1485000 301.1
1490000 304.7
1495000 298.0
1500000 306.2
1505000 297.3
1510000 305.5
1515000 307.2
1520000 310.4
1525000 307.0
1530000 185.7
1535000 305.8
1540000 310.1
1545000 292.8
1550000 302.6
1555000 308.7
1560000 310.0
1565000 307.0
1570000 310.1
1575000 308.6
1580000 309.8
1585000 302.9
1590000 309.2
1595000 310.7
1600000 278.8
1605000 275.5
1610000 307.9
1615000 280.3
1620000 311.0
1625000 304.8
1630000 311.6
1635000 309.1
1640000 280.8
1645000 305.9
1650000 302.1
1655000 307.6
1660000 306.6
1665000 303.7
1670000 305.0
1675000 311.4
1680000 314.0
1685000 303.7
1690000 307.3
1695000 306.2
1700000 312.5
1705000 302.9
1710000 303.8
1715000 308.3
1720000 279.1
1725000 276.0
1730000 308.9
1735000 313.8
1740000 279.9
1745000 304.5
1750000 314.2
1755000 312.1
1760000 312.8
1765000 308.4
1770000 307.8
1775000 309.5
1780000 308.3
1785000 302.0
1790000 307.6
1795000 282.4
1800000 313.0
1805000 303.9
1810000 303.9
1815000 312.5
1820000 310.9
1825000 272.8
1830000 272.6
1835000 308.9
1840000 249.5
1845000 304.6
1850000 306.9
1855000 311.4
1860000 307.6
1865000 300.5
1870000 308.0
1875000 305.5
1880000 307.7
1885000 305.3
1890000 309.8
1895000 309.6
1900000 310.2
1905000 302.7
1910000 306.9
1915000 312.3
1920000 304.2
1925000 272.1
1930000 310.1
1935000 310.1
1940000 312.5
1945000 273.6
1950000 303.6
1955000 306.9
1960000 311.5
1965000 300.4
1970000 310.4
1975000 307.6
1980000 313.3
1985000 304.8
1990000 311.8
1995000 309.8
2000000 310.4
