5000 0.0
10000 0.0
15000 0.0
20000 0.3
25000 0.3
30000 0.1
35000 3.3
40000 2.3
45000 51.3
50000 22.6
55000 3.8
60000 0.0
65000 100.1
70000 96.0
75000 89.8
80000 105.8
85000 145.6
90000 152.3
95000 112.0
100000 187.5
105000 151.3
110000 169.3
115000 233.2
120000 289.5
125000 362.7
130000 277.7
135000 375.2
140000 380.1
145000 456.7
150000 466.0
155000 464.0
160000 484.2
165000 473.9
170000 505.5
175000 509.3
180000 462.5
185000 531.4
190000 527.4
195000 532.8
200000 523.9
205000 532.8
210000 533.2
215000 541.0
220000 537.2
225000 527.3
230000 537.7
235000 551.0
240000 536.6
245000 545.4
250000 557.9
255000 546.3
260000 541.6
265000 546.8
270000 566.0
275000 537.2
280000 545.8
285000 562.1
290000 555.1
295000 553.7
300000 557.5
305000 550.3
310000 567.7
315000 571.5
320000 559.4
325000 504.9
330000 569.1
335000 561.8
340000 567.9
345000 560.5
350000 562.6
355000 573.3
360000 574.9
365000 565.8
370000 506.9
375000 519.1
380000 572.1
385000 513.0
390000 583.9
395000 579.3
400000 587.4
405000 569.5
410000 580.6
415000 583.0
420000 593.0
425000 571.7
430000 577.9
435000 585.1
440000 591.2
445000 583.0
450000 580.8
455000 584.2
460000 534.0
465000 590.5
470000 598.8
475000 594.8
480000 593.0
485000 595.2
490000 592.5
495000 598.2
500000 589.6
505000 597.4
510000 478.0
515000 596.2
520000 593.0
525000 591.9
530000 602.4
535000 532.3
540000 594.4
545000 543.6
550000 545.3
555000 601.6
560000 597.9
565000 613.1
570000 547.7
575000 587.9
580000 607.5
585000 588.4
590000 608.7
595000 588.1
600000 609.1
605000 593.2
610000 599.4
615000 594.9
620000 614.2
625000 604.9
630000 600.9
635000 607.2
640000 616.6
645000 614.0
650000 616.4
655000 605.6
660000 614.9
665000 608.0
670000 609.0
675000 610.7
680000 610.1
685000 598.1
690000 597.9
695000 597.0
700000 611.2
705000 550.0
710000 614.4
715000 619.0
720000 622.5
725000 611.7
730000 616.4
735000 619.0
740000 621.7
745000 548.8
750000 616.7
755000 614.6
760000 604.8
765000 623.3
770000 635.1
775000 618.5
780000 627.0
785000 542.3
790000 613.1
795000 622.8
800000 621.8
805000 614.3
810000 620.4
815000 615.1
820000 617.4
825000 602.9
830000 617.5
835000 616.5
840000 611.1
845000 585.3
850000 614.8
855000 625.8
860000 621.4
865000 621.3
870000 619.1
875000 620.6
880000 625.2
885000 611.8
890000 619.9
895000 624.7
900000 617.9
905000 630.5
910000 626.3
915000 634.6
920000 623.2
925000 602.1
930000 628.4
935000 617.3
940000 625.5
945000 630.8
950000 623.6
955000 616.6
960000 615.7
965000 566.2
970000 623.6
975000 629.8
980000 620.4
985000 617.3
990000 635.0
995000 617.8
1000000 625.2
1005000 629.9
1010000 628.7
1015000 623.7
1020000 618.1
1025000 629.8
1030000 615.6
1035000 614.8
1040000 614.4
1045000 635.8
1050000 629.7
1055000 639.9
1060000 637.0
1065000 605.1
1070000 628.9
1075000 614.0
1080000 631.0
1085000 567.1
1090000 634.0
1095000 620.9
1100000 564.5
1105000 632.9
1110000 639.1
1115000 627.7
1120000 618.7
1125000 560.0
1130000 627.4
1135000 604.0
1140000 609.9
1145000 620.6
1150000 578.5
1155000 627.3
1160000 625.4
1165000 574.0
1170000 642.6
1175000 621.6
1180000 636.0
1185000 566.2
1190000 626.2
1195000 611.7
1200000 622.0
1205000 613.5
1210000 614.9
1215000 608.9
1220000 625.8
1225000 628.6
1230000 640.3
1235000 558.0
1240000 619.5
1245000 603.9
1250000 606.8
1255000 612.7
1260000 606.3
1265000 573.1
1270000 617.0
1275000 605.5
1280000 611.0
1285000 612.4
1290000 609.0
1295000 616.9
1300000 612.4
1305000 610.1
1310000 621.1
1315000 613.1
1320000 620.8
1325000 589.0
1330000 601.2
1335000 608.8
1340000 478.1
1345000 615.7
1350000 622.1
1355000 606.1
1360000 622.3
1365000 554.0
1370000 600.9
1375000 616.4
1380000 617.1
1385000 596.0
1390000 614.3
1395000 618.7
1400000 619.7
1405000 607.3
1410000 606.9
1415000 550.3
1420000 621.9
1425000 634.1
1430000 615.5
1435000 615.4
1440000 608.1
1445000 647.0
1450000 559.4
1455000 625.2
1460000 616.9
1465000 630.5
1470000 601.7
1475000 600.4
1480000 619.1
1485000 610.8
1490000 622.3
1495000 623.3
1500000 621.0
1505000 596.1
1510000 604.5
1515000 615.7
1520000 616.8
1525000 608.9
1530000 600.2
1535000 616.6
1540000 606.5
1545000 591.6
1550000 608.3
1555000 608.1
1560000 611.5
1565000 597.5
1570000 610.8
1575000 606.6
1580000 608.4
1585000 561.2
1590000 593.4
1595000 613.5
1600000 547.5
1605000 600.0
1610000 613.2
1615000 617.8
1620000 612.3
1625000 631.1
1630000 612.1
1635000 613.9
1640000 616.5
1645000 600.4
1650000 603.8
1655000 552.9
1660000 619.0
1665000 622.6
1670000 606.3
1675000 553.6
1680000 613.8
1685000 617.4
1690000 612.4
1695000 605.4
1700000 608.4
1705000 623.2
1710000 617.7
1715000 610.3
1720000 609.1
1725000 624.0
1730000 619.1
1735000 620.0
1740000 620.6
1745000 607.9
1750000 617.7
1755000 616.1
1760000 552.4
1765000 621.8
1770000 625.5
1775000 609.8
1780000 554.0
1785000 617.1
1790000 619.8
1795000 621.0
1800000 623.3
1805000 622.4
1810000 632.4
1815000 614.4
1820000 612.7
1825000 491.7
1830000 622.9
1835000 603.2
1840000 625.0
1845000 575.9
1850000 597.1
1855000 608.3
1860000 607.0
1865000 618.8
1870000 553.2
1875000 608.2
1880000 607.7
1885000 616.3
1890000 620.7
1895000 605.9
1900000 554.6
1905000 598.2
1910000 621.4
1915000 631.9
1920000 625.0
1925000 629.5
1930000 599.8
1935000 620.3
1940000 610.9
1945000 614.7
1950000 610.7
1955000 608.8
1960000 621.3
1965000 615.0
1970000 616.3
1975000 607.1
1980000 612.1
1985000 606.3
1990000 603.8
1995000 619.2
2000000 623.1
