5000 53.4
10000 82.2
15000 127.7
20000 83.9
25000 72.9
30000 159.8
35000 96.7
40000 63.5
45000 67.5
50000 78.8
55000 84.2
60000 61.6
65000 115.5
70000 88.9
75000 116.6
80000 70.8
85000 116.9
90000 94.3
95000 90.8
100000 80.5
105000 91.6
110000 110.3
115000 83.2
120000 85.3
125000 144.6
130000 139.5
135000 67.8
140000 63.4
145000 76.0
150000 134.3
155000 124.6
160000 79.8
165000 146.9
170000 48.5
175000 143.8
180000 118.7
185000 158.3
190000 192.7
195000 140.7
200000 159.9
205000 54.5
210000 131.8
215000 202.8
220000 194.1
225000 297.5
230000 52.4
235000 99.7
240000 63.6
245000 147.4
250000 130.3
255000 264.7
260000 70.9
265000 291.8
270000 280.7
275000 94.8
280000 272.8
285000 308.0
290000 143.1
295000 177.9
300000 125.8
305000 191.6
310000 75.2
315000 329.1
320000 101.7
325000 70.6
330000 250.1
335000 216.3
340000 456.6
345000 242.0
350000 609.7
355000 135.2
360000 405.4
365000 278.0
370000 351.9
375000 354.1
380000 164.9
385000 535.9
390000 354.3
395000 274.9
400000 221.2
405000 343.2
410000 234.5
415000 372.8
420000 418.7
425000 165.8
430000 174.6
435000 385.8
440000 399.0
445000 630.5
450000 512.4
455000 379.2
460000 237.9
465000 306.7
470000 298.1
475000 315.6
480000 349.0
485000 437.8
490000 389.4
495000 432.7
500000 209.3
505000 415.4
510000 467.7
515000 275.0
520000 303.8
525000 208.1
530000 246.0
535000 227.9
540000 346.1
545000 412.0
550000 487.9
555000 240.9
560000 374.3
565000 323.3
570000 289.3
575000 432.6
580000 419.6
585000 513.6
590000 279.6
595000 480.9
600000 570.2
605000 502.5
610000 648.2
615000 397.6
620000 450.8
625000 440.0
630000 564.6
635000 407.5
640000 315.8
645000 48.4
650000 140.8
655000 467.1
660000 418.8
665000 492.7
670000 632.7
675000 579.9
680000 539.3
685000 456.7
690000 370.7
695000 489.0
700000 627.5
705000 287.2
710000 613.2
715000 495.0
720000 457.0
725000 301.4
730000 285.1
735000 431.0
740000 320.5
745000 332.1
750000 435.6
755000 365.9
760000 517.2
765000 305.0
770000 387.3
775000 414.9
780000 501.1
785000 250.0
790000 481.2
795000 553.9
800000 533.2
805000 483.8
810000 612.9
815000 565.8
820000 238.5
825000 421.2
830000 483.2
835000 457.2
840000 672.4
845000 430.7
850000 363.9
855000 534.0
860000 645.7
865000 359.3
870000 500.8
875000 506.5
880000 490.6
885000 310.1
890000 786.7
895000 644.7
900000 792.6
905000 505.4
910000 290.9
915000 436.8
920000 435.3
925000 592.4
930000 675.1
935000 532.8
940000 576.4
945000 586.5
950000 628.4
955000 488.3
960000 568.3
965000 117.4
970000 283.6
975000 466.5
980000 283.2
985000 384.2
990000 592.3
995000 636.0
1000000 576.3
1005000 480.7
1010000 338.3
1015000 693.1
1020000 432.9
1025000 413.0
1030000 575.1
1035000 466.6
1040000 541.2
1045000 479.5
1050000 584.3
1055000 217.4
1060000 475.2
1065000 427.6
1070000 494.5
1075000 305.5
1080000 544.5
1085000 530.0
1090000 498.6
1095000 413.0
1100000 749.5
1105000 464.1
1110000 331.6
1115000 417.0
1120000 545.9
1125000 488.7
1130000 631.9
1135000 443.1
1140000 653.0
1145000 767.9
1150000 504.5
1155000 282.5
1160000 779.3
1165000 516.0
1170000 638.7
1175000 554.7
1180000 533.2
1185000 663.3
1190000 505.6
1195000 463.2
1200000 472.4
1205000 679.3
1210000 512.5
1215000 469.1
1220000 446.2
1225000 519.8
1230000 547.3
1235000 640.2
1240000 501.2
1245000 655.9
1250000 511.4
1255000 616.1
1260000 591.0
1265000 590.9
1270000 764.9
1275000 467.5
1280000 526.6
1285000 59.2
1290000 357.2
1295000 452.5
1300000 551.5
1305000 311.2
1310000 566.9
1315000 139.6
1320000 287.2
1325000 302.0
1330000 536.9
1335000 511.8
1340000 372.0
1345000 469.5
1350000 642.9
1355000 435.2
1360000 455.3
1365000 511.7
1370000 548.3
1375000 425.2
1380000 639.2
1385000 522.3
1390000 579.4
1395000 511.7
1400000 509.0
1405000 551.4
1410000 436.1
1415000 482.7
1420000 672.4
1425000 618.2
1430000 629.7
1435000 571.6
1440000 673.6
1445000 552.0
1450000 381.1
1455000 589.2
1460000 540.0
1465000 660.7
1470000 583.4
1475000 581.3
1480000 444.4
1485000 632.7
1490000 413.4
1495000 763.2
1500000 452.8
1505000 363.9
1510000 644.9
1515000 571.6
1520000 701.4
1525000 736.2
1530000 649.8
1535000 489.3
1540000 432.2
1545000 747.2
1550000 607.0
1555000 596.9
1560000 592.6
1565000 463.1
1570000 588.7
1575000 755.1
1580000 526.2
1585000 578.4
1590000 798.5
1595000 667.2
1600000 575.4
1605000 79.4
1610000 307.8
1615000 488.6
1620000 576.5
1625000 459.5
1630000 430.8
1635000 546.1
1640000 385.5
1645000 478.9
1650000 466.1
1655000 560.6
1660000 523.1
1665000 297.9
1670000 722.8
1675000 544.1
1680000 654.1
1685000 487.5
1690000 655.7
1695000 530.1
1700000 448.3
1705000 653.7
1710000 702.9
1715000 635.2
1720000 516.7
1725000 539.7
1730000 682.6
1735000 676.4
1740000 732.7
1745000 412.6
1750000 571.5
1755000 670.3
1760000 530.8
1765000 680.6
1770000 694.0
1775000 625.4
1780000 718.5
1785000 524.6
1790000 520.9
1795000 471.7
1800000 638.4
1805000 520.4
1810000 600.8
1815000 551.3
1820000 442.1
1825000 696.0
1830000 599.8
1835000 631.9
1840000 644.6
1845000 586.4
1850000 688.3
1855000 657.6
1860000 567.8
1865000 479.4
1870000 543.2
1875000 582.1
1880000 706.5
1885000 672.1
1890000 511.0
1895000 652.4
1900000 647.0
1905000 643.0
1910000 685.4
1915000 688.1
1920000 442.7
1925000 595.4
1930000 602.1
1935000 601.0
1940000 450.4
1945000 645.2
1950000 689.0
1955000 559.7
1960000 784.0
1965000 583.4
1970000 613.2
1975000 606.6
1980000 563.2
1985000 647.5
1990000 662.3
1995000 682.4
2000000 388.9
