5000 83.8
10000 66.4
15000 80.6
20000 88.8
25000 103.3
30000 77.5
35000 78.6
40000 88.7
45000 83.5
50000 110.2
55000 79.2
60000 77.4
65000 77.9
70000 68.1
75000 77.7
80000 78.1
85000 100.9
90000 75.5
95000 64.4
100000 74.4
105000 79.5
110000 59.8
115000 109.2
120000 82.8
125000 55.3
130000 158.3
135000 42.7
140000 74.8
145000 53.9
150000 120.8
155000 59.9
160000 75.9
165000 217.8
170000 88.5
175000 132.1
180000 143.4
185000 71.0
190000 195.5
195000 58.8
200000 71.1
205000 145.0
210000 68.9
215000 74.3
220000 109.1
225000 60.1
230000 164.2
235000 94.5
240000 248.5
245000 109.0
250000 76.4
255000 70.8
260000 76.9
265000 201.3
270000 140.1
275000 92.1
280000 89.3
285000 133.4
290000 84.2
295000 75.4
300000 136.7
305000 158.7
310000 149.7
315000 176.1
320000 109.0
325000 53.9
330000 116.0
335000 158.6
340000 143.5
345000 92.2
350000 284.7
355000 185.5
360000 103.1
365000 127.1
370000 132.0
375000 292.2
380000 86.7
385000 63.9
390000 134.9
395000 118.4
400000 154.4
405000 265.3
410000 187.9
415000 121.6
420000 175.4
425000 356.1
430000 209.1
435000 150.5
440000 204.4
445000 233.8
450000 112.8
455000 227.7
460000 367.2
465000 263.7
470000 306.9
475000 162.6
480000 249.5
485000 137.5
490000 207.6
495000 307.2
500000 197.9
505000 131.2
510000 227.6
515000 424.5
520000 328.3
525000 99.7
530000 316.8
535000 265.3
540000 127.7
545000 238.5
550000 414.5
555000 127.0
560000 218.6
565000 234.7
570000 484.4
575000 284.6
580000 284.8
585000 297.9
590000 228.5
595000 239.0
600000 349.2
605000 215.3
610000 269.5
615000 213.0
620000 367.6
625000 323.8
630000 327.8
635000 330.6
640000 263.5
645000 186.8
650000 300.7
655000 311.8
660000 243.1
665000 123.8
670000 621.5
675000 329.1
680000 505.8
685000 334.2
690000 135.9
695000 139.0
700000 256.0
705000 144.4
710000 359.0
715000 471.3
720000 300.9
725000 153.8
730000 317.1
735000 365.6
740000 266.4
745000 415.7
750000 180.3
755000 309.6
760000 399.9
765000 412.0
770000 194.6
775000 434.8
780000 496.6
785000 331.2
790000 344.8
795000 315.5
800000 576.8
805000 388.6
810000 403.6
815000 310.9
820000 433.6
825000 219.0
830000 416.2
835000 460.1
840000 383.8
845000 354.7
850000 505.3
855000 365.3
860000 159.0
865000 518.6
870000 400.8
875000 438.3
880000 503.9
885000 592.1
890000 527.0
895000 432.1
900000 339.7
905000 660.2
910000 394.2
915000 552.4
920000 463.7
925000 340.8
930000 480.6
935000 401.1
940000 274.9
945000 390.1
950000 387.4
955000 527.4
960000 521.1
965000 61.6
970000 223.0
975000 422.9
980000 394.7
985000 515.8
990000 517.8
995000 424.0
1000000 393.9
1005000 412.6
1010000 500.1
1015000 342.8
1020000 512.4
1025000 498.7
1030000 596.7
1035000 339.3
1040000 522.6
1045000 494.1
1050000 680.3
1055000 570.3
1060000 391.8
1065000 340.6
1070000 568.9
1075000 541.9
1080000 618.6
1085000 497.1
1090000 511.5
1095000 578.3
1100000 590.8
1105000 598.7
1110000 469.7
1115000 467.2
1120000 636.6
1125000 575.0
1130000 512.8
1135000 595.2
1140000 216.9
1145000 593.5
1150000 463.1
1155000 570.4
1160000 530.4
1165000 469.5
1170000 530.7
1175000 466.4
1180000 547.7
1185000 536.2
1190000 531.8
1195000 759.8
1200000 395.9
1205000 511.3
1210000 569.8
1215000 557.6
1220000 258.6
1225000 482.8
1230000 558.2
1235000 222.8
1240000 419.8
1245000 543.1
1250000 479.0
1255000 534.1
1260000 554.9
1265000 434.8
1270000 561.2
1275000 453.8
1280000 613.1
1285000 87.3
1290000 407.1
1295000 428.2
1300000 470.3
1305000 486.3
1310000 551.6
1315000 628.0
1320000 497.5
1325000 471.9
1330000 481.5
1335000 617.5
1340000 762.7
1345000 441.9
1350000 486.5
1355000 462.2
1360000 760.3
1365000 391.5
1370000 574.7
1375000 585.9
1380000 497.3
1385000 443.1
1390000 734.2
1395000 465.1
1400000 473.2
1405000 494.6
1410000 463.9
1415000 258.2
1420000 592.0
1425000 533.3
1430000 478.9
1435000 622.2
1440000 609.8
1445000 579.6
1450000 557.1
1455000 463.9
1460000 424.8
1465000 391.0
1470000 495.1
1475000 493.1
1480000 443.4
1485000 471.7
1490000 585.8
1495000 387.5
1500000 520.5
1505000 554.6
1510000 545.6
1515000 429.4
1520000 316.0
1525000 391.4
1530000 587.6
1535000 181.5
1540000 442.6
1545000 466.3
1550000 234.4
1555000 596.7
1560000 257.6
1565000 301.7
1570000 560.6
1575000 614.4
1580000 494.1
1585000 432.3
1590000 483.3
1595000 639.0
1600000 459.6
1605000 134.1
1610000 256.3
1615000 298.2
1620000 447.8
1625000 682.6
1630000 727.6
1635000 468.1
1640000 543.0
1645000 497.5
1650000 529.7
1655000 383.6
1660000 324.7
1665000 516.5
1670000 564.2
1675000 546.3
1680000 415.9
1685000 591.4
1690000 416.2
1695000 549.4
1700000 590.1
1705000 659.2
1710000 709.0
1715000 604.7
1720000 462.7
1725000 433.9
1730000 632.3
1735000 549.9
1740000 751.9
1745000 470.1
1750000 472.2
1755000 431.7
1760000 629.4
1765000 725.0
1770000 575.7
1775000 522.2
1780000 522.7
1785000 454.6
1790000 641.5
1795000 488.1
1800000 593.3
1805000 511.4
1810000 601.9
1815000 511.6
1820000 729.4
1825000 670.1
1830000 422.8
1835000 587.5
1840000 451.7
1845000 364.6
1850000 434.0
1855000 632.6
1860000 475.6
1865000 607.1
1870000 388.6
1875000 276.3
1880000 657.9
1885000 658.6
1890000 503.1
1895000 521.5
1900000 610.1
1905000 539.5
1910000 324.4
1915000 322.6
1920000 614.2
1925000 669.7
1930000 647.0
1935000 629.7
1940000 698.2
1945000 402.7
1950000 549.1
1955000 510.4
1960000 415.4
1965000 577.5
1970000 503.5
1975000 528.9
1980000 604.3
1985000 702.6
1990000 326.5
1995000 465.3
2000000 562.4
