5000 70.9
10000 85.5
15000 52.6
20000 84.6
25000 79.2
30000 61.6
35000 66.8
40000 115.0
45000 58.4
50000 71.3
55000 122.7
60000 68.9
65000 70.0
70000 66.8
75000 175.7
80000 82.1
85000 120.9
90000 53.5
95000 51.8
100000 230.3
105000 144.6
110000 151.8
115000 168.8
120000 140.6
125000 70.7
130000 158.1
135000 68.7
140000 109.7
145000 101.6
150000 59.1
155000 97.5
160000 215.7
165000 197.7
170000 171.8
175000 194.2
180000 178.4
185000 207.1
190000 167.5
195000 132.4
200000 90.0
205000 146.6
210000 172.5
215000 95.3
220000 146.4
225000 134.9
230000 116.7
235000 273.7
240000 290.8
245000 101.5
250000 181.3
255000 249.9
260000 187.9
265000 195.7
270000 139.0
275000 296.7
280000 239.6
285000 77.8
290000 191.4
295000 196.8
300000 140.6
305000 450.4
310000 166.7
315000 179.1
320000 164.0
325000 114.7
330000 321.1
335000 319.2
340000 336.9
345000 392.2
350000 309.7
355000 535.3
360000 397.1
365000 390.1
370000 301.6
375000 416.2
380000 300.3
385000 325.6
390000 270.8
395000 308.0
400000 247.8
405000 596.8
410000 451.2
415000 134.1
420000 491.0
425000 364.2
430000 369.1
435000 254.3
440000 269.4
445000 296.7
450000 173.4
455000 331.7
460000 243.1
465000 231.7
470000 440.7
475000 259.4
480000 301.9
485000 489.6
490000 327.7
495000 370.7
500000 164.0
505000 214.8
510000 423.5
515000 506.2
520000 279.6
525000 510.1
530000 403.6
535000 437.5
540000 132.5
545000 376.3
550000 557.3
555000 383.9
560000 400.9
565000 363.4
570000 447.9
575000 303.8
580000 304.8
585000 66.5
590000 404.1
595000 357.5
600000 573.1
605000 293.6
610000 219.8
615000 471.3
620000 632.1
625000 448.8
630000 324.5
635000 360.7
640000 516.2
645000 77.3
650000 356.9
655000 495.5
660000 410.7
665000 649.7
670000 576.8
675000 324.8
680000 428.4
685000 360.3
690000 478.6
695000 612.7
700000 553.0
705000 548.5
710000 625.2
715000 451.6
720000 570.4
725000 527.7
730000 612.9
735000 305.2
740000 672.0
745000 314.3
750000 668.3
755000 539.8
760000 503.9
765000 510.5
770000 419.9
775000 197.1
780000 483.9
785000 309.7
790000 473.6
795000 413.2
800000 425.2
805000 612.4
810000 757.2
815000 452.7
820000 546.7
825000 727.5
830000 332.6
835000 479.8
840000 432.9
845000 498.3
850000 507.4
855000 395.3
860000 472.2
865000 572.4
870000 351.6
875000 332.2
880000 628.0
885000 547.8
890000 521.4
895000 250.9
900000 493.5
905000 642.2
910000 510.2
915000 576.4
920000 348.8
925000 506.8
930000 486.5
935000 584.7
940000 497.8
945000 422.5
950000 410.8
955000 473.0
960000 485.0
965000 88.8
970000 394.5
975000 572.3
980000 691.8
985000 487.5
990000 437.0
995000 628.3
1000000 535.6
1005000 494.4
1010000 576.0
1015000 691.3
1020000 636.2
1025000 630.5
1030000 497.8
1035000 358.2
1040000 636.0
1045000 544.3
1050000 431.6
1055000 614.1
1060000 532.1
1065000 478.2
1070000 628.0
1075000 304.2
1080000 502.4
1085000 549.7
1090000 623.9
1095000 643.5
1100000 300.2
1105000 515.9
1110000 506.7
1115000 388.5
1120000 617.3
1125000 326.9
1130000 503.4
1135000 505.1
1140000 438.0
1145000 671.7
1150000 665.6
1155000 578.5
1160000 596.1
1165000 460.9
1170000 474.0
1175000 456.0
1180000 567.6
1185000 746.0
1190000 317.1
1195000 642.4
1200000 568.4
1205000 594.4
1210000 666.5
1215000 649.2
1220000 526.2
1225000 546.6
1230000 730.1
1235000 697.5
1240000 360.2
1245000 657.7
1250000 555.2
1255000 607.4
1260000 207.0
1265000 308.8
1270000 704.8
1275000 589.7
1280000 731.0
1285000 108.7
1290000 333.6
1295000 535.6
1300000 549.4
1305000 447.9
1310000 517.9
1315000 492.4
1320000 615.8
1325000 656.9
1330000 693.4
1335000 446.4
1340000 546.6
1345000 575.4
1350000 643.9
1355000 743.5
1360000 589.5
1365000 681.2
1370000 659.2
1375000 646.4
1380000 446.6
1385000 523.9
1390000 711.8
1395000 481.9
1400000 697.9
1405000 605.7
1410000 665.5
1415000 775.5
1420000 587.3
1425000 681.6
1430000 618.6
1435000 661.0
1440000 631.2
1445000 658.2
1450000 615.0
1455000 508.4
1460000 328.5
1465000 469.8
1470000 559.8
1475000 538.7
1480000 666.0
1485000 516.1
1490000 675.5
1495000 613.5
1500000 526.3
1505000 629.0
1510000 740.3
1515000 474.6
1520000 570.8
1525000 629.6
1530000 358.4
1535000 576.9
1540000 472.3
1545000 596.1
1550000 365.8
1555000 696.9
1560000 663.6
1565000 697.7
1570000 725.5
1575000 543.9
1580000 544.4
1585000 655.9
1590000 535.3
1595000 482.1
1600000 673.9
1605000 42.5
1610000 85.5
1615000 436.6
1620000 437.6
1625000 583.5
1630000 324.0
1635000 546.9
1640000 528.7
1645000 502.4
1650000 414.9
1655000 604.4
1660000 638.6
1665000 503.7
1670000 416.4
1675000 523.8
1680000 429.4
1685000 594.4
1690000 345.5
1695000 641.2
1700000 534.0
1705000 441.5
1710000 576.1
1715000 406.2
1720000 448.4
1725000 564.7
1730000 568.8
1735000 223.2
1740000 431.7
1745000 545.6
1750000 469.4
1755000 735.3
1760000 517.5
1765000 585.8
1770000 558.4
1775000 569.7
1780000 370.7
1785000 495.1
1790000 545.7
1795000 582.4
1800000 492.6
1805000 684.6
1810000 707.9
1815000 600.5
1820000 555.2
1825000 525.3
1830000 722.6
1835000 544.0
1840000 748.8
1845000 685.8
1850000 597.7
1855000 651.6
1860000 585.5
1865000 516.0
1870000 582.1
1875000 524.2
1880000 574.0
1885000 672.1
1890000 721.0
1895000 489.2
1900000 521.2
1905000 671.5
1910000 503.9
1915000 739.3
1920000 688.6
1925000 506.2
1930000 597.6
1935000 629.0
1940000 787.2
1945000 553.6
1950000 737.4
1955000 510.9
1960000 561.6
1965000 617.4
1970000 662.8
1975000 701.2
1980000 759.5
1985000 341.2
1990000 768.5
1995000 575.6
2000000 613.1
