5000 53.0
10000 58.3
15000 66.0
20000 62.8
25000 70.4
30000 133.6
35000 68.2
40000 83.8
45000 107.7
50000 66.7
55000 72.6
60000 184.3
65000 56.9
70000 106.8
75000 49.9
80000 122.0
85000 157.4
90000 83.3
95000 124.0
100000 141.0
105000 154.8
110000 73.7
115000 126.0
120000 95.2
125000 91.0
130000 120.2
135000 65.6
140000 135.1
145000 200.4
150000 183.0
155000 227.6
160000 162.9
165000 103.4
170000 166.5
175000 159.8
180000 134.4
185000 182.3
190000 60.3
195000 58.6
200000 70.9
205000 135.6
210000 92.5
215000 255.6
220000 149.3
225000 52.8
230000 207.0
235000 119.2
240000 270.6
245000 313.4
250000 220.7
255000 194.2
260000 224.4
265000 125.3
270000 169.8
275000 53.0
280000 373.2
285000 81.7
290000 86.0
295000 84.8
300000 241.3
305000 320.7
310000 409.9
315000 149.9
320000 161.0
325000 84.5
330000 192.5
335000 315.5
340000 215.3
345000 339.5
350000 482.7
355000 318.7
360000 354.7
365000 392.1
370000 392.0
375000 213.0
380000 394.7
385000 382.1
390000 128.3
395000 307.7
400000 353.1
405000 419.6
410000 359.9
415000 556.6
420000 257.0
425000 362.8
430000 145.2
435000 186.4
440000 456.2
445000 557.1
450000 542.6
455000 544.4
460000 523.9
465000 319.1
470000 422.5
475000 250.1
480000 256.4
485000 354.9
490000 245.9
495000 497.4
500000 578.3
505000 554.0
510000 447.3
515000 301.7
520000 327.8
525000 461.4
530000 480.9
535000 442.1
540000 546.2
545000 346.1
550000 625.1
555000 302.3
560000 388.0
565000 399.3
570000 433.1
575000 486.5
580000 362.6
585000 275.5
590000 401.1
595000 296.2
600000 297.9
605000 539.7
610000 431.0
615000 523.6
620000 362.5
625000 537.6
630000 289.1
635000 357.5
640000 333.2
645000 101.0
650000 362.1
655000 412.8
660000 354.8
665000 501.6
670000 285.9
675000 242.3
680000 478.9
685000 378.1
690000 507.5
695000 405.6
700000 565.0
705000 531.0
710000 693.3
715000 589.9
720000 696.6
725000 386.2
730000 406.6
735000 322.0
740000 384.6
745000 561.9
750000 429.6
755000 614.2
760000 436.0
765000 702.6
770000 312.3
775000 448.6
780000 520.7
785000 461.3
790000 515.1
795000 496.9
800000 594.7
805000 399.2
810000 263.5
815000 526.1
820000 413.7
825000 358.4
830000 615.8
835000 476.1
840000 427.5
845000 559.4
850000 490.8
855000 381.0
860000 610.8
865000 518.6
870000 627.3
875000 478.6
880000 651.6
885000 551.2
890000 433.6
895000 490.7
900000 588.2
905000 488.0
910000 319.9
915000 426.5
920000 590.9
925000 474.2
930000 611.5
935000 718.6
940000 403.9
945000 658.9
950000 418.0
955000 543.8
960000 274.7
965000 149.1
970000 421.0
975000 428.0
980000 386.6
985000 319.1
990000 578.5
995000 364.8
1000000 494.7
1005000 536.9
1010000 725.3
1015000 537.5
1020000 487.6
1025000 640.6
1030000 688.2
1035000 451.3
1040000 622.7
1045000 582.2
1050000 525.1
1055000 690.4
1060000 740.7
1065000 623.9
1070000 667.8
1075000 634.8
1080000 487.5
1085000 539.0
1090000 579.9
1095000 579.1
1100000 542.2
1105000 654.7
1110000 552.8
1115000 491.6
1120000 347.1
1125000 492.8
1130000 628.6
1135000 628.2
1140000 708.9
1145000 695.4
1150000 353.5
1155000 605.8
1160000 577.3
1165000 559.4
1170000 588.5
1175000 505.6
1180000 548.7
1185000 625.7
1190000 644.7
1195000 609.2
1200000 757.8
1205000 667.7
1210000 701.2
1215000 604.3
1220000 593.3
1225000 483.9
1230000 593.4
1235000 355.9
1240000 715.0
1245000 786.0
1250000 466.5
1255000 552.6
1260000 707.2
1265000 410.3
1270000 582.9
1275000 696.0
1280000 587.7
1285000 192.6
1290000 194.5
1295000 618.3
1300000 450.9
1305000 471.4
1310000 367.6
1315000 549.5
1320000 538.2
1325000 284.2
1330000 479.2
1335000 619.3
1340000 516.9
1345000 623.4
1350000 678.6
1355000 640.1
1360000 407.0
1365000 540.3
1370000 363.4
1375000 548.2
1380000 562.8
1385000 533.8
1390000 671.2
1395000 558.6
1400000 546.9
1405000 616.8
1410000 584.1
1415000 729.6
1420000 539.4
1425000 660.0
1430000 487.2
1435000 520.5
1440000 751.5
1445000 368.8
1450000 649.1
1455000 658.8
1460000 484.7
1465000 660.4
1470000 590.4
1475000 659.5
1480000 678.7
1485000 562.4
1490000 419.6
1495000 437.4
1500000 560.0
1505000 453.2
1510000 545.2
1515000 630.8
1520000 645.8
1525000 469.5
1530000 557.0
1535000 589.8
1540000 483.7
1545000 702.2
1550000 428.1
1555000 601.4
1560000 364.7
1565000 469.1
1570000 566.1
1575000 503.5
1580000 233.0
1585000 538.8
1590000 414.6
1595000 498.6
1600000 450.2
1605000 59.2
1610000 344.7
1615000 439.5
1620000 560.7
1625000 463.1
1630000 422.9
1635000 476.2
1640000 513.0
1645000 620.2
1650000 689.0
1655000 542.2
1660000 564.3
1665000 826.9
1670000 442.6
1675000 645.1
1680000 778.9
1685000 640.1
1690000 607.9
1695000 786.7
1700000 516.7
1705000 406.8
1710000 526.3
1715000 564.8
1720000 445.8
1725000 709.6
1730000 464.3
1735000 534.3
1740000 545.5
1745000 433.7
1750000 571.4
1755000 510.6
1760000 314.6
1765000 625.7
1770000 701.9
1775000 412.6
1780000 723.5
1785000 450.0
1790000 603.6
1795000 521.5
1800000 723.5
1805000 548.8
1810000 512.1
1815000 423.1
1820000 737.1
1825000 647.3
1830000 455.7
1835000 688.2
1840000 712.7
1845000 462.2
1850000 666.7
1855000 457.4
1860000 338.0
1865000 535.6
1870000 372.7
1875000 492.3
1880000 422.6
1885000 664.8
1890000 693.9
1895000 499.2
1900000 523.9
1905000 518.0
1910000 794.1
1915000 426.3
1920000 708.5
1925000 522.5
1930000 545.9
1935000 565.2
1940000 701.8
1945000 534.6
1950000 451.9
1955000 601.5
1960000 444.8
1965000 588.4
1970000 526.9
1975000 680.2
1980000 553.4
1985000 450.5
1990000 480.7
1995000 485.7
2000000 478.8
