5000 48.7
10000 92.4
15000 68.5
20000 59.1
25000 70.5
30000 107.2
35000 141.6
40000 75.9
45000 161.9
50000 107.7
55000 85.1
60000 85.0
65000 89.0
70000 54.9
75000 63.5
80000 75.0
85000 73.5
90000 96.2
95000 217.8
100000 54.9
105000 150.3
110000 129.3
115000 93.8
120000 144.2
125000 93.6
130000 240.2
135000 228.7
140000 149.9
145000 97.8
150000 81.9
155000 139.9
160000 174.2
165000 81.8
170000 101.2
175000 84.9
180000 70.3
185000 119.2
190000 65.2
195000 123.6
200000 195.3
205000 105.2
210000 212.9
215000 73.4
220000 91.0
225000 262.7
230000 106.5
235000 147.1
240000 229.5
245000 339.3
250000 72.5
255000 150.2
260000 69.4
265000 323.5
270000 277.7
275000 150.8
280000 392.0
285000 111.8
290000 119.3
295000 144.7
300000 281.6
305000 314.9
310000 257.7
315000 172.0
320000 70.1
325000 131.7
330000 88.3
335000 295.4
340000 246.7
345000 127.8
350000 478.7
355000 251.6
360000 254.1
365000 243.9
370000 238.3
375000 340.8
380000 307.1
385000 524.0
390000 357.2
395000 209.4
400000 363.4
405000 468.1
410000 359.2
415000 419.4
420000 227.2
425000 325.1
430000 498.6
435000 239.7
440000 345.1
445000 328.1
450000 363.7
455000 333.3
460000 367.3
465000 408.1
470000 356.9
475000 279.8
480000 301.3
485000 352.8
490000 371.7
495000 465.8
500000 383.3
505000 463.6
510000 178.1
515000 222.5
520000 368.5
525000 194.0
530000 428.3
535000 348.3
540000 303.2
545000 433.9
550000 215.5
555000 487.8
560000 459.5
565000 258.2
570000 602.0
575000 436.0
580000 239.1
585000 199.4
590000 336.0
595000 342.7
600000 271.6
605000 285.2
610000 392.2
615000 309.9
620000 477.9
625000 449.8
630000 505.6
635000 312.0
640000 457.6
645000 77.3
650000 150.2
655000 316.5
660000 560.7
665000 450.6
670000 419.7
675000 248.2
680000 595.5
685000 388.5
690000 534.5
695000 543.4
700000 561.6
705000 415.8
710000 549.4
715000 630.4
720000 361.9
725000 668.1
730000 611.4
735000 513.7
740000 220.8
745000 549.6
750000 505.0
755000 607.5
760000 498.7
765000 489.5
770000 648.1
775000 299.3
780000 545.4
785000 513.4
790000 415.3
795000 426.5
800000 599.7
805000 767.4
810000 490.6
815000 649.1
820000 552.1
825000 413.5
830000 418.8
835000 585.0
840000 548.2
845000 541.6
850000 552.3
855000 513.4
860000 535.1
865000 418.1
870000 653.7
875000 633.9
880000 680.7
885000 591.5
890000 619.2
895000 648.6
900000 401.0
905000 801.6
910000 640.0
915000 493.1
920000 529.4
925000 511.8
930000 540.9
935000 514.6
940000 526.1
945000 530.1
950000 744.3
955000 595.5
960000 749.9
965000 140.2
970000 424.7
975000 413.0
980000 461.8
985000 520.8
990000 613.0
995000 653.3
1000000 452.6
1005000 314.0
1010000 608.3
1015000 400.3
1020000 551.0
1025000 681.8
1030000 642.5
1035000 608.4
1040000 691.1
1045000 376.1
1050000 675.9
1055000 593.2
1060000 674.1
1065000 629.5
1070000 673.1
1075000 417.1
1080000 599.6
1085000 412.7
1090000 779.7
1095000 551.9
1100000 742.7
1105000 559.0
1110000 562.5
1115000 524.8
1120000 611.7
1125000 549.0
1130000 577.0
1135000 661.6
1140000 577.9
1145000 653.2
1150000 493.5
1155000 597.0
1160000 663.0
1165000 639.5
1170000 673.4
1175000 697.1
1180000 596.7
1185000 809.0
1190000 585.9
1195000 663.0
1200000 662.3
1205000 619.7
1210000 558.2
1215000 616.6
1220000 609.2
1225000 631.1
1230000 580.0
1235000 817.2
1240000 690.6
1245000 342.7
1250000 640.1
1255000 583.9
1260000 605.5
1265000 548.4
1270000 556.1
1275000 526.6
1280000 604.0
1285000 63.2
1290000 405.0
1295000 564.2
1300000 515.4
1305000 356.3
1310000 510.2
1315000 562.8
1320000 406.6
1325000 596.8
1330000 574.2
1335000 487.7
1340000 597.2
1345000 743.5
1350000 640.0
1355000 584.1
1360000 667.6
1365000 619.4
1370000 489.8
1375000 656.2
1380000 459.1
1385000 630.1
1390000 580.3
1395000 740.0
1400000 571.3
1405000 668.5
1410000 617.9
1415000 608.0
1420000 826.4
1425000 677.2
1430000 483.5
1435000 469.6
1440000 598.3
1445000 600.9
1450000 684.3
1455000 597.3
1460000 654.5
1465000 572.3
1470000 571.0
1475000 725.1
1480000 699.8
1485000 646.6
1490000 632.0
1495000 672.5
1500000 614.2
1505000 528.5
1510000 662.6
1515000 392.0
1520000 487.7
1525000 627.1
1530000 614.5
1535000 740.0
1540000 646.3
1545000 713.3
1550000 592.5
1555000 727.6
1560000 607.9
1565000 574.3
1570000 615.5
1575000 674.4
1580000 616.2
1585000 436.8
1590000 742.3
1595000 653.4
1600000 499.5
1605000 55.4
1610000 244.9
1615000 349.5
1620000 351.3
1625000 427.7
1630000 439.4
1635000 539.8
1640000 414.7
1645000 428.6
1650000 424.5
1655000 558.3
1660000 413.6
1665000 451.7
1670000 439.9
1675000 298.9
1680000 353.6
1685000 559.8
1690000 640.9
1695000 405.9
1700000 488.5
1705000 516.9
1710000 495.3
1715000 329.2
1720000 365.8
1725000 654.6
1730000 547.8
1735000 718.0
1740000 508.6
1745000 438.3
1750000 551.9
1755000 738.7
1760000 670.5
1765000 617.1
1770000 603.7
1775000 584.0
1780000 505.1
1785000 462.6
1790000 525.2
1795000 742.2
1800000 487.3
1805000 538.7
1810000 578.1
1815000 633.9
1820000 586.3
1825000 601.4
1830000 555.9
1835000 710.6
1840000 676.8
1845000 694.2
1850000 439.8
1855000 436.2
1860000 698.5
1865000 546.5
1870000 691.3
1875000 692.3
1880000 705.3
1885000 549.1
1890000 357.5
1895000 545.6
1900000 617.4
1905000 448.6
1910000 536.4
1915000 539.0
1920000 708.0
1925000 567.4
1930000 532.1
1935000 636.5
1940000 573.9
1945000 556.9
1950000 590.1
1955000 561.0
1960000 751.7
1965000 597.9
1970000 355.1
1975000 641.9
1980000 496.0
1985000 660.0
1990000 673.4
1995000 625.5
2000000 517.6
