5000 0.8
10000 1.0
15000 1.3
20000 1.4
25000 1.1
30000 1.2
35000 2.9
40000 1.5
45000 1.3
50000 1.4
55000 1.7
60000 16.7
65000 1.4
70000 119.0
75000 122.9
80000 175.7
85000 218.4
90000 218.3
95000 262.2
100000 253.4
105000 278.5
110000 281.2
115000 286.6
120000 281.7
125000 305.1
130000 290.2
135000 301.5
140000 286.2
145000 317.5
150000 303.2
155000 322.6
160000 325.6
165000 326.9
170000 342.6
175000 328.7
180000 332.7
185000 345.5
190000 346.2
195000 343.6
200000 361.4
205000 352.0
210000 370.1
215000 362.8
220000 354.8
225000 359.7
230000 360.2
235000 369.7
240000 357.2
245000 360.0
250000 379.3
255000 375.1
260000 381.3
265000 371.6
270000 382.8
275000 372.9
280000 392.2
285000 390.0
290000 395.2
295000 382.2
300000 397.6
305000 412.0
310000 399.0
315000 391.6
320000 397.9
325000 411.0
330000 407.2
335000 406.7
340000 399.7
345000 414.3
350000 418.1
355000 419.3
360000 417.1
365000 404.4
370000 406.7
375000 404.1
380000 420.2
385000 386.5
390000 412.8
395000 397.1
400000 405.7
405000 415.7
410000 418.7
415000 400.4
420000 412.3
425000 411.7
430000 424.1
435000 427.0
440000 414.2
445000 425.0
450000 426.2
455000 421.9
460000 430.4
465000 430.9
470000 436.1
475000 427.4
480000 442.2
485000 441.6
490000 441.6
495000 439.5
500000 437.0
505000 436.0
510000 444.4
515000 435.9
520000 452.2
525000 443.6
530000 449.3
535000 447.8
540000 448.2
545000 435.8
550000 453.0
555000 453.3
560000 447.4
565000 442.0
570000 457.9
575000 460.4
580000 452.6
585000 459.7
590000 469.8
595000 457.4
600000 463.2
605000 467.5
610000 473.3
615000 466.5
620000 467.0
625000 459.2
630000 469.6
635000 470.2
640000 469.0
645000 477.7
650000 470.4
655000 475.1
660000 475.9
665000 481.0
670000 482.7
675000 488.2
680000 474.4
685000 479.1
690000 485.1
695000 479.6
700000 480.4
705000 479.8
710000 479.2
715000 487.4
720000 485.5
725000 488.2
730000 497.2
735000 491.3
740000 491.6
745000 489.7
750000 487.5
755000 500.8
760000 495.0
765000 488.3
770000 484.6
775000 498.3
780000 503.2
785000 493.0
790000 494.4
795000 498.0
800000 489.5
805000 503.1
810000 495.3
815000 505.6
820000 494.9
825000 496.9
830000 500.9
835000 499.6
840000 489.4
845000 494.3
850000 499.9
855000 501.4
860000 504.0
865000 499.1
870000 492.1
875000 502.0
880000 506.7
885000 505.8
890000 497.9
895000 500.6
900000 502.8
905000 499.6
910000 492.6
915000 512.0
920000 513.8
925000 506.0
930000 517.5
935000 508.5
940000 517.8
945000 518.2
950000 515.2
955000 508.7
960000 528.1
965000 518.1
970000 524.8
975000 519.5
980000 515.3
985000 519.3
990000 517.1
995000 512.9
1000000 512.7
