5000 0.9
10000 1.0
15000 0.9
20000 1.5
25000 1.3
30000 0.6
35000 1.9
40000 1.2
45000 1.7
50000 1.3
55000 1.7
60000 1.3
65000 1.3
70000 2.1
75000 1.8
80000 1.4
85000 1.5
90000 2.1
95000 2.0
100000 2.3
105000 1.8
110000 6.0
115000 20.1
120000 48.7
125000 69.0
130000 126.2
135000 185.7
140000 188.5
145000 192.9
150000 197.6
155000 239.9
160000 242.9
165000 227.5
170000 278.0
175000 249.2
180000 273.7
185000 258.5
190000 257.4
195000 299.3
200000 299.3
205000 312.4
210000 329.6
215000 324.6
220000 326.5
225000 343.7
230000 343.6
235000 338.6
240000 341.7
245000 377.7
250000 383.9
255000 355.6
260000 355.6
265000 376.1
270000 371.0
275000 367.9
280000 363.6
285000 373.2
290000 392.0
295000 382.4
300000 368.1
305000 398.4
310000 388.9
315000 408.2
320000 405.5
325000 403.1
330000 400.2
335000 423.6
340000 416.6
345000 416.4
350000 429.2
355000 428.7
360000 437.7
365000 446.5
370000 436.8
375000 437.9
380000 445.8
385000 454.7
390000 448.4
395000 445.3
400000 457.5
405000 468.7
410000 458.8
415000 458.2
420000 461.8
425000 457.8
430000 473.5
435000 464.4
440000 475.4
445000 481.6
450000 489.9
455000 482.8
460000 487.7
465000 497.4
470000 491.8
475000 498.0
480000 502.2
485000 484.8
490000 504.5
495000 491.3
500000 501.4
505000 497.4
510000 511.3
515000 515.1
520000 502.1
525000 510.1
530000 500.8
535000 508.1
540000 511.5
545000 507.4
550000 511.0
555000 519.9
560000 507.1
565000 513.0
570000 506.8
575000 521.0
580000 519.6
585000 509.2
590000 513.5
595000 523.3
600000 516.5
605000 514.2
610000 521.3
615000 524.3
620000 519.3
625000 525.1
630000 471.7
635000 523.1
640000 524.6
645000 516.2
650000 532.8
655000 526.6
660000 526.2
665000 523.5
670000 515.8
675000 524.8
680000 540.3
685000 527.0
690000 529.2
695000 532.3
700000 535.4
705000 542.1
710000 542.1
715000 534.1
720000 534.0
725000 541.9
730000 534.7
735000 525.7
740000 534.4
745000 536.5
750000 530.8
755000 529.9
760000 543.7
765000 542.2
770000 524.6
775000 535.3
780000 537.4
785000 543.9
790000 546.2
795000 544.4
800000 539.0
805000 537.0
810000 547.9
815000 536.4
820000 543.6
825000 543.9
830000 542.6
835000 547.9
840000 554.9
845000 528.7
850000 542.7
855000 534.9
860000 543.0
865000 547.7
870000 546.7
875000 546.9
880000 549.7
885000 550.6
890000 544.1
895000 537.2
900000 544.2
905000 539.2
910000 551.2
915000 542.6
920000 542.8
925000 545.3
930000 547.6
935000 546.4
940000 543.3
945000 558.1
950000 558.0
955000 539.0
960000 551.6
965000 545.0
970000 548.3
975000 538.6
980000 541.0
985000 544.9
990000 556.7
995000 546.8
1000000 494.4
