5000 1.0
10000 1.6
15000 0.7
20000 0.8
25000 1.4
30000 1.4
35000 1.2
40000 1.4
45000 1.0
50000 1.4
55000 4.2
60000 2.3
65000 1.9
70000 1.3
75000 5.5
80000 87.0
85000 121.5
90000 202.4
95000 212.0
100000 213.7
105000 235.2
110000 260.7
115000 257.0
120000 266.3
125000 275.9
130000 282.5
135000 268.2
140000 317.8
145000 288.5
150000 312.1
155000 328.1
160000 334.4
165000 289.9
170000 309.0
175000 377.7
180000 372.5
185000 382.7
190000 362.2
195000 362.5
200000 362.0
205000 380.2
210000 377.8
215000 378.8
220000 367.2
225000 366.1
230000 391.7
235000 358.1
240000 411.3
245000 344.9
250000 406.7
255000 382.4
260000 399.7
265000 397.2
270000 407.3
275000 415.4
280000 430.0
285000 442.0
290000 427.8
295000 438.0
300000 460.3
305000 444.4
310000 441.4
315000 431.6
320000 436.5
325000 434.4
330000 441.7
335000 443.0
340000 464.8
345000 462.8
350000 460.0
355000 461.2
360000 458.3
365000 471.1
370000 473.7
375000 479.1
380000 484.7
385000 493.6
390000 496.6
395000 505.8
400000 510.4
405000 507.9
410000 508.0
415000 510.6
420000 521.1
425000 515.7
430000 517.9
435000 532.9
440000 533.9
445000 533.3
450000 531.0
455000 540.3
460000 527.1
465000 532.6
470000 548.2
475000 539.8
480000 553.8
485000 553.6
490000 543.9
495000 554.1
500000 553.3
505000 560.7
510000 552.9
515000 561.5
520000 575.6
525000 560.4
530000 561.5
535000 576.4
540000 565.4
545000 579.6
550000 585.4
555000 585.7
560000 596.2
565000 572.8
570000 563.9
575000 587.8
580000 580.0
585000 603.5
590000 579.3
595000 547.9
600000 612.5
605000 604.8
610000 578.1
615000 599.0
620000 602.3
625000 601.3
630000 616.8
635000 600.1
640000 619.9
645000 598.0
650000 617.3
655000 617.7
660000 641.1
665000 606.8
670000 627.6
675000 635.3
680000 614.3
685000 623.0
690000 641.1
695000 626.5
700000 649.3
705000 632.0
710000 648.5
715000 632.7
720000 647.2
725000 636.1
730000 632.9
735000 666.0
740000 627.1
745000 643.3
750000 640.9
755000 635.4
760000 651.8
765000 644.6
770000 651.6
775000 625.2
780000 644.0
785000 633.0
790000 663.7
795000 668.6
800000 650.6
805000 655.4
810000 625.1
815000 653.6
820000 655.1
825000 660.2
830000 664.8
835000 660.0
840000 663.0
845000 664.0
850000 657.5
855000 672.0
860000 670.4
865000 682.1
870000 694.4
875000 673.0
880000 694.5
885000 699.4
890000 724.9
895000 729.7
900000 710.7
905000 726.9
910000 702.2
915000 693.1
920000 722.1
925000 704.0
930000 692.0
935000 705.5
940000 738.3
945000 736.6
950000 700.9
955000 729.1
960000 699.9
965000 725.7
970000 713.4
975000 717.0
980000 738.5
985000 717.8
990000 769.7
995000 707.8
1000000 747.8
