5000 0.8
10000 1.2
15000 0.9
20000 1.1
25000 1.1
30000 0.8
35000 1.5
40000 1.5
45000 1.1
50000 0.8
55000 1.2
60000 1.7
65000 1.9
70000 2.2
75000 1.5
80000 1.8
85000 1.6
90000 2.3
95000 1.9
100000 2.7
105000 3.2
110000 2.3
115000 1.9
120000 1.5
125000 1.6
130000 1.7
135000 1.7
140000 1.8
145000 2.8
150000 2.5
155000 2.8
160000 2.2
165000 1.9
170000 3.3
175000 1.8
180000 1.4
185000 3.2
190000 1.8
195000 1.8
200000 1.9
205000 2.8
210000 2.4
215000 2.5
220000 2.1
225000 2.4
230000 1.8
235000 1.6
240000 1.7
245000 1.8
250000 2.3
255000 2.9
260000 2.0
265000 1.7
270000 2.3
275000 1.8
280000 2.2
285000 1.9
290000 1.9
295000 1.7
300000 2.0
305000 2.1
310000 3.6
315000 2.4
320000 2.2
325000 1.7
330000 1.9
335000 2.6
340000 2.2
345000 2.2
350000 2.6
355000 1.6
360000 2.2
365000 2.3
370000 2.0
375000 2.1
380000 2.3
385000 2.2
390000 1.9
395000 2.4
400000 1.9
405000 1.8
410000 1.9
415000 3.1
420000 2.1
425000 2.2
430000 1.2
435000 2.0
440000 2.9
445000 1.5
450000 2.5
455000 2.2
460000 1.7
465000 2.2
470000 2.8
475000 2.0
480000 2.1
485000 2.8
490000 2.6
495000 2.0
500000 2.8
505000 2.4
510000 2.5
515000 2.0
520000 3.3
525000 1.7
530000 2.3
535000 4.0
540000 2.6
545000 2.8
550000 1.8
555000 2.7
560000 2.5
565000 2.4
570000 2.0
575000 2.3
580000 2.7
585000 2.4
590000 1.9
595000 2.2
600000 2.0
605000 2.1
610000 1.6
615000 2.3
620000 2.0
625000 1.7
630000 1.6
635000 2.0
640000 3.4
645000 2.2
650000 2.3
655000 1.7
660000 2.4
665000 2.4
670000 2.0
675000 2.7
680000 2.1
685000 2.1
690000 2.0
695000 2.0
700000 2.6
705000 1.9
710000 1.9
715000 2.4
720000 3.1
725000 2.0
730000 2.8
735000 1.9
740000 3.4
745000 1.9
750000 2.6
755000 2.4
760000 2.3
765000 2.6
770000 1.9
775000 2.8
780000 2.2
785000 1.5
790000 1.8
795000 2.1
800000 2.6
805000 2.3
810000 3.0
815000 2.6
820000 1.9
825000 1.9
830000 3.7
835000 2.7
840000 2.1
845000 2.3
850000 2.6
855000 1.8
860000 2.2
865000 2.2
870000 2.3
875000 2.2
880000 2.4
885000 2.2
890000 1.4
895000 2.2
900000 3.0
905000 3.5
910000 2.6
915000 2.7
920000 2.2
925000 2.8
930000 2.2
935000 2.7
940000 3.2
945000 2.2
950000 1.8
955000 2.3
960000 2.4
965000 2.0
970000 4.6
975000 2.0
980000 2.8
985000 1.8
990000 1.8
995000 3.2
1000000 3.1
