5000 1.1
10000 1.3
15000 1.1
20000 0.8
25000 1.4
30000 1.1
35000 1.7
40000 1.1
45000 0.9
50000 1.6
55000 1.8
60000 1.7
65000 1.9
70000 1.6
75000 1.9
80000 1.5
85000 2.2
90000 1.8
95000 2.4
100000 1.7
105000 2.5
110000 2.2
115000 2.1
120000 1.7
125000 1.6
130000 1.6
135000 2.0
140000 2.0
145000 1.3
150000 2.0
155000 1.6
160000 1.7
165000 2.1
170000 1.9
175000 2.4
180000 1.9
185000 1.4
190000 1.8
195000 1.7
200000 2.7
205000 1.9
210000 2.3
215000 2.8
220000 1.8
225000 1.6
230000 2.1
235000 2.7
240000 2.3
245000 2.2
250000 2.1
255000 2.7
260000 3.6
265000 2.0
270000 2.2
275000 2.1
280000 2.4
285000 2.5
290000 2.6
295000 2.6
300000 2.0
305000 2.1
310000 2.5
315000 2.2
320000 2.3
325000 2.5
330000 2.2
335000 3.3
340000 2.2
345000 28.8
350000 15.9
355000 32.5
360000 45.8
365000 63.2
370000 76.5
375000 103.8
380000 118.9
385000 143.9
390000 118.0
395000 132.1
400000 130.8
405000 168.6
410000 171.4
415000 187.2
420000 213.9
425000 211.8
430000 205.5
435000 238.2
440000 258.0
445000 246.0
450000 252.1
455000 255.1
460000 236.4
465000 259.5
470000 275.5
475000 303.8
480000 284.5
485000 278.3
490000 303.5
495000 314.3
500000 312.9
505000 323.1
510000 328.6
515000 345.1
520000 341.9
525000 346.7
530000 340.0
535000 350.8
540000 365.2
545000 371.0
550000 371.3
555000 380.3
560000 354.1
565000 326.2
570000 366.2
575000 369.4
580000 323.4
585000 363.5
590000 354.1
595000 373.6
600000 362.2
605000 373.9
610000 343.1
615000 381.1
620000 355.3
625000 378.5
630000 350.8
635000 380.1
640000 391.2
645000 392.6
650000 400.7
655000 374.8
660000 391.8
665000 326.9
670000 422.2
675000 412.6
680000 422.8
685000 421.1
690000 433.5
695000 445.4
700000 421.7
705000 425.1
710000 439.1
715000 432.3
720000 433.1
725000 437.5
730000 441.8
735000 449.7
740000 437.9
745000 449.3
750000 452.9
755000 461.7
760000 445.0
765000 448.5
770000 456.0
775000 455.8
780000 452.2
785000 456.5
790000 464.4
795000 463.7
800000 452.3
805000 467.7
810000 464.0
815000 462.0
820000 471.6
825000 476.9
830000 483.6
835000 472.2
840000 482.8
845000 466.3
850000 483.9
855000 477.2
860000 485.7
865000 484.5
870000 477.8
875000 490.8
880000 482.6
885000 484.1
890000 489.7
895000 480.5
900000 487.8
905000 481.5
910000 488.3
915000 490.3
920000 489.2
925000 493.9
930000 496.9
935000 497.4
940000 494.5
945000 501.5
950000 493.6
955000 493.9
960000 490.0
965000 507.0
970000 490.4
975000 498.1
980000 495.7
985000 500.4
990000 515.5
995000 509.4
1000000 518.0
