5000 1.3
10000 1.1
15000 1.0
20000 0.6
25000 1.2
30000 1.1
35000 1.2
40000 1.1
45000 1.3
50000 1.6
55000 1.4
60000 1.3
65000 1.1
70000 32.3
75000 185.4
80000 249.2
85000 312.8
90000 309.7
95000 340.3
100000 347.7
105000 373.2
110000 382.3
115000 407.9
120000 397.7
125000 410.8
130000 443.9
135000 438.7
140000 434.8
145000 446.2
150000 452.5
155000 464.5
160000 480.7
165000 445.9
170000 477.4
175000 459.1
180000 485.9
185000 490.3
190000 496.0
195000 507.9
200000 457.5
205000 503.8
210000 508.2
215000 510.7
220000 514.9
225000 515.1
230000 520.3
235000 517.0
240000 521.6
245000 525.5
250000 518.7
255000 530.3
260000 527.6
265000 527.1
270000 539.7
275000 545.4
280000 548.5
285000 551.7
290000 537.4
295000 549.1
300000 551.3
305000 548.2
310000 562.6
315000 568.0
320000 547.1
325000 553.6
330000 552.9
335000 561.6
340000 556.2
345000 563.5
350000 558.5
355000 568.5
360000 556.8
365000 573.5
370000 568.8
375000 571.5
380000 573.9
385000 575.0
390000 569.7
395000 576.5
400000 581.8
405000 575.0
410000 576.9
415000 584.4
420000 583.9
425000 579.3
430000 578.6
435000 584.7
440000 579.7
445000 533.3
450000 581.5
455000 584.6
460000 594.1
465000 588.7
470000 581.8
475000 593.1
480000 584.3
485000 576.4
490000 593.2
495000 598.0
500000 594.0
505000 587.1
510000 599.7
515000 591.9
520000 588.2
525000 603.4
530000 606.4
535000 595.3
540000 615.1
545000 608.8
550000 608.0
555000 616.0
560000 617.7
565000 608.1
570000 618.6
575000 602.3
580000 613.4
585000 616.1
590000 605.3
595000 603.9
600000 554.2
605000 608.3
610000 613.8
615000 602.0
620000 618.1
625000 616.3
630000 609.2
635000 624.9
640000 620.4
645000 615.1
650000 623.6
655000 617.7
660000 621.8
665000 623.6
670000 625.5
675000 630.0
680000 622.2
685000 627.4
690000 633.4
695000 621.4
700000 625.0
705000 619.4
710000 630.8
715000 635.4
720000 627.8
725000 634.3
730000 633.5
735000 632.1
740000 639.2
745000 642.8
750000 635.3
755000 636.9
760000 631.4
765000 644.1
770000 644.2
775000 637.1
780000 645.9
785000 642.4
790000 651.5
795000 632.3
800000 643.1
805000 644.7
810000 649.9
815000 650.5
820000 652.1
825000 647.9
830000 649.5
835000 653.7
840000 647.0
845000 641.3
850000 654.2
855000 659.1
860000 652.9
865000 650.0
870000 590.3
875000 636.1
880000 651.9
885000 653.5
890000 650.4
895000 654.0
900000 658.3
905000 663.8
910000 657.7
915000 651.7
920000 661.4
925000 652.6
930000 653.7
935000 654.1
940000 663.6
945000 658.5
950000 653.4
955000 655.0
960000 650.4
965000 665.5
970000 654.8
975000 658.8
980000 665.4
985000 679.3
990000 663.1
995000 654.7
1000000 672.8
