5000 0.9
10000 1.0
15000 0.7
20000 1.1
25000 1.2
30000 0.9
35000 0.7
40000 1.3
45000 1.6
50000 1.0
55000 1.4
60000 1.7
65000 1.5
70000 1.3
75000 1.1
80000 1.4
85000 1.5
90000 1.5
95000 1.7
100000 1.5
105000 1.5
110000 1.6
115000 1.7
120000 1.5
125000 2.1
130000 2.0
135000 1.8
140000 1.7
145000 1.9
150000 1.4
155000 1.8
160000 1.4
165000 1.7
170000 1.7
175000 1.7
180000 1.7
185000 1.8
190000 1.5
195000 1.8
200000 1.5
205000 1.3
210000 1.4
215000 1.8
220000 1.8
225000 2.0
230000 1.5
235000 2.1
240000 1.7
245000 1.7
250000 1.8
255000 1.8
260000 2.0
265000 1.7
270000 2.0
275000 2.0
280000 2.0
285000 2.1
290000 2.3
295000 1.6
300000 2.2
305000 2.2
310000 1.7
315000 2.1
320000 1.9
325000 1.9
330000 1.6
335000 1.5
340000 1.9
345000 1.8
350000 1.6
355000 1.8
360000 1.6
365000 2.4
370000 1.4
375000 2.0
380000 1.6
385000 1.8
390000 1.8
395000 1.5
400000 1.9
405000 2.4
410000 2.0
415000 1.7
420000 2.4
425000 1.9
430000 1.9
435000 2.1
440000 1.9
445000 2.2
450000 2.0
455000 1.8
460000 1.5
465000 2.3
470000 2.0
475000 2.4
480000 1.9
485000 2.4
490000 1.8
495000 1.8
500000 2.0
505000 1.9
510000 2.3
515000 2.4
520000 1.9
525000 2.6
530000 1.9
535000 1.7
540000 1.5
545000 2.1
550000 2.6
555000 2.4
560000 2.9
565000 2.5
570000 2.3
575000 2.1
580000 2.0
585000 2.0
590000 2.4
595000 2.0
600000 1.9
605000 1.8
610000 2.3
615000 2.4
620000 2.3
625000 2.0
630000 2.1
635000 2.6
640000 2.6
645000 2.6
650000 2.5
655000 2.3
660000 2.2
665000 2.1
670000 2.2
675000 2.3
680000 2.2
685000 2.3
690000 2.7
695000 2.2
700000 2.4
705000 2.5
710000 2.4
715000 2.4
720000 2.2
725000 2.2
730000 2.6
735000 2.1
740000 2.3
745000 2.0
750000 2.0
755000 2.2
760000 2.6
765000 2.3
770000 2.2
775000 2.7
780000 2.1
785000 2.5
790000 2.0
795000 2.5
800000 2.0
805000 1.8
810000 2.7
815000 2.4
820000 1.9
825000 2.8
830000 2.7
835000 2.7
840000 2.9
845000 2.1
850000 2.6
855000 2.6
860000 2.6
865000 2.4
870000 2.8
875000 2.8
880000 2.3
885000 2.3
890000 2.8
895000 2.8
900000 2.5
905000 3.0
910000 1.9
915000 2.2
920000 2.6
925000 2.6
930000 2.6
935000 1.9
940000 2.6
945000 2.3
950000 1.9
955000 2.2
960000 2.1
965000 2.3
970000 2.2
975000 2.6
980000 2.2
985000 2.4
990000 2.5
995000 2.4
1000000 2.4
