5000 0.9
10000 0.9
15000 1.0
20000 1.0
25000 1.1
30000 1.5
35000 1.2
40000 1.5
45000 1.4
50000 1.4
55000 1.3
60000 1.6
65000 1.2
70000 1.8
75000 1.5
80000 1.7
85000 1.9
90000 32.0
95000 50.8
100000 77.9
105000 40.9
110000 137.2
115000 128.7
120000 160.5
125000 190.8
130000 248.2
135000 246.4
140000 266.6
145000 256.9
150000 301.5
155000 284.5
160000 290.1
165000 290.0
170000 312.6
175000 309.5
180000 334.2
185000 326.5
190000 338.1
195000 321.4
200000 315.3
205000 318.1
210000 349.5
215000 351.8
220000 359.1
225000 365.3
230000 347.3
235000 364.1
240000 329.0
245000 375.2
250000 327.0
255000 369.0
260000 382.3
265000 370.8
270000 385.0
275000 373.8
280000 354.0
285000 313.5
290000 347.3
295000 363.9
300000 410.1
305000 350.8
310000 413.2
315000 372.9
320000 417.2
325000 410.6
330000 420.6
335000 421.3
340000 412.3
345000 413.8
350000 426.3
355000 417.3
360000 427.3
365000 350.9
370000 381.5
375000 422.2
380000 440.1
385000 435.2
390000 432.7
395000 438.2
400000 442.1
405000 393.9
410000 428.5
415000 455.3
420000 449.0
425000 447.6
430000 459.9
435000 443.7
440000 446.1
445000 450.2
450000 453.3
455000 468.3
460000 454.5
465000 466.4
470000 459.6
475000 463.6
480000 466.4
485000 466.8
490000 417.4
495000 455.1
500000 469.0
505000 459.4
510000 479.3
515000 465.9
520000 462.4
525000 463.9
530000 477.3
535000 470.4
540000 473.1
545000 473.8
550000 464.6
555000 473.6
560000 471.6
565000 471.1
570000 480.9
575000 422.9
580000 480.6
585000 487.4
590000 486.1
595000 482.1
600000 477.9
605000 484.5
610000 491.2
615000 492.2
620000 489.1
625000 489.7
630000 490.2
635000 476.7
640000 494.0
645000 495.3
650000 491.4
655000 494.9
660000 495.1
665000 490.8
670000 498.1
675000 500.9
680000 500.7
685000 501.6
690000 507.7
695000 505.3
700000 495.6
705000 501.1
710000 505.4
715000 499.0
720000 502.2
725000 505.4
730000 499.1
735000 503.3
740000 504.8
745000 513.1
750000 510.9
755000 509.5
760000 509.4
765000 509.8
770000 503.3
775000 502.4
780000 509.4
785000 508.5
790000 511.8
795000 514.5
800000 516.1
805000 509.9
810000 505.7
815000 510.5
820000 515.1
825000 508.9
830000 510.5
835000 505.7
840000 510.3
845000 523.0
850000 528.6
855000 514.6
860000 511.7
865000 513.6
870000 518.6
875000 529.6
880000 518.1
885000 521.3
890000 517.3
895000 520.1
900000 520.2
905000 516.3
910000 523.7
915000 526.5
920000 524.2
925000 517.0
930000 521.2
935000 518.4
940000 524.1
945000 522.8
950000 527.2
955000 527.9
960000 525.0
965000 529.1
970000 527.6
975000 526.6
980000 525.9
985000 525.2
990000 528.6
995000 532.7
1000000 525.6
