5000 0.9
10000 1.0
15000 1.1
20000 1.2
25000 0.9
30000 1.0
35000 1.8
40000 1.6
45000 1.1
50000 2.0
55000 2.9
60000 2.3
65000 1.5
70000 1.7
75000 1.2
80000 1.6
85000 1.6
90000 1.3
95000 1.4
100000 1.6
105000 1.8
110000 2.0
115000 3.7
120000 2.1
125000 2.7
130000 17.4
135000 102.5
140000 9.3
145000 119.8
150000 135.2
155000 218.5
160000 226.6
165000 240.7
170000 254.9
175000 255.6
180000 293.8
185000 304.8
190000 325.2
195000 328.0
200000 325.2
205000 315.3
210000 304.8
215000 355.1
220000 343.3
225000 363.2
230000 348.3
235000 319.9
240000 374.6
245000 381.6
250000 389.2
255000 394.7
260000 399.4
265000 393.0
270000 399.6
275000 403.0
280000 401.3
285000 396.7
290000 417.8
295000 416.9
300000 423.4
305000 420.3
310000 424.9
315000 436.8
320000 441.8
325000 431.4
330000 437.1
335000 436.0
340000 403.6
345000 445.9
350000 453.7
355000 456.0
360000 457.0
365000 455.2
370000 447.0
375000 472.8
380000 468.8
385000 464.0
390000 473.1
395000 475.5
400000 476.6
405000 474.9
410000 462.7
415000 476.1
420000 474.8
425000 483.2
430000 481.8
435000 444.6
440000 494.9
445000 496.0
450000 481.8
455000 482.2
460000 494.6
465000 495.6
470000 488.6
475000 493.9
480000 490.8
485000 497.9
490000 515.9
495000 501.6
500000 505.6
505000 505.5
510000 507.6
515000 512.1
520000 518.0
525000 516.3
530000 514.2
535000 520.9
540000 522.5
545000 523.3
550000 512.3
555000 520.1
560000 532.6
565000 526.8
570000 525.0
575000 528.1
580000 520.1
585000 533.0
590000 524.9
595000 534.6
600000 539.2
605000 540.1
610000 544.5
615000 535.0
620000 537.5
625000 543.7
630000 537.2
635000 543.6
640000 493.5
645000 538.8
650000 546.0
655000 556.3
660000 554.3
665000 553.1
670000 551.1
675000 551.0
680000 499.4
685000 551.0
690000 551.1
695000 557.7
700000 553.5
705000 562.1
710000 567.3
715000 556.3
720000 502.5
725000 562.0
730000 562.1
735000 551.0
740000 558.9
745000 563.6
750000 571.1
755000 558.7
760000 563.2
765000 571.3
770000 558.2
775000 565.5
780000 558.6
785000 503.5
790000 568.6
795000 562.4
800000 555.5
805000 563.8
810000 566.9
815000 562.3
820000 572.7
825000 559.1
830000 571.2
835000 562.8
840000 511.5
845000 561.8
850000 562.1
855000 563.3
860000 571.5
865000 560.3
870000 565.4
875000 568.5
880000 564.1
885000 571.3
890000 568.3
895000 564.6
900000 568.5
905000 563.3
910000 577.8
915000 579.6
920000 569.4
925000 582.1
930000 574.6
935000 583.4
940000 575.6
945000 575.9
950000 579.6
955000 573.5
960000 577.4
965000 586.9
970000 570.3
975000 580.5
980000 581.1
985000 578.4
990000 573.1
995000 579.3
1000000 577.1
