5000 1.1
10000 1.2
15000 1.1
20000 1.2
25000 1.1
30000 1.3
35000 1.3
40000 1.0
45000 1.3
50000 1.5
55000 1.3
60000 1.4
65000 1.3
70000 1.3
75000 1.3
80000 2.0
85000 2.8
90000 2.0
95000 1.8
100000 2.1
105000 2.0
110000 2.3
115000 2.2
120000 2.3
125000 1.9
130000 2.3
135000 1.7
140000 2.3
145000 2.1
150000 2.5
155000 2.1
160000 2.2
165000 2.5
170000 1.9
175000 2.3
180000 2.4
185000 2.2
190000 2.2
195000 2.4
200000 2.2
205000 2.4
210000 2.2
215000 2.1
220000 2.3
225000 1.8
230000 2.2
235000 1.7
240000 1.9
245000 2.5
250000 2.2
255000 2.0
260000 2.1
265000 2.5
270000 2.3
275000 2.6
280000 2.1
285000 2.1
290000 2.3
295000 2.3
300000 2.1
305000 1.7
310000 1.9
315000 1.8
320000 2.3
325000 1.6
330000 1.9
335000 2.5
340000 2.3
345000 1.5
350000 2.0
355000 2.6
360000 2.6
365000 2.5
370000 2.1
375000 2.1
380000 2.3
385000 2.8
390000 2.3
395000 2.3
400000 2.1
405000 2.7
410000 2.8
415000 2.8
420000 2.3
425000 2.6
430000 1.9
435000 2.4
440000 2.4
445000 2.1
450000 2.3
455000 2.4
460000 2.4
465000 2.1
470000 2.2
475000 2.9
480000 2.4
485000 2.3
490000 2.4
495000 2.2
500000 3.0
505000 2.1
510000 2.2
515000 1.7
520000 2.1
525000 2.2
530000 2.8
535000 2.8
540000 2.9
545000 2.8
550000 2.6
555000 3.4
560000 2.3
565000 2.2
570000 2.5
575000 1.8
580000 2.7
585000 2.4
590000 3.3
595000 2.5
600000 2.1
605000 3.1
610000 2.8
615000 2.9
620000 2.5
625000 2.3
630000 2.4
635000 2.6
640000 2.5
645000 2.4
650000 2.7
655000 2.8
660000 2.5
665000 2.6
670000 2.6
675000 2.8
680000 2.5
685000 2.4
690000 2.7
695000 2.4
700000 2.7
705000 2.3
710000 2.3
715000 1.8
720000 2.1
725000 2.3
730000 2.0
735000 3.1
740000 2.5
745000 2.6
750000 2.8
755000 2.3
760000 2.5
765000 2.5
770000 2.7
775000 3.0
780000 2.3
785000 2.4
790000 2.5
795000 2.3
800000 2.4
805000 2.6
810000 2.6
815000 2.6
820000 2.2
825000 2.5
830000 1.7
835000 2.7
840000 1.9
845000 2.3
850000 2.5
855000 2.4
860000 2.3
865000 2.7
870000 3.0
875000 2.4
880000 2.3
885000 2.7
890000 2.4
895000 2.2
900000 2.4
905000 3.5
910000 1.8
915000 2.2
920000 2.3
925000 2.5
930000 2.0
935000 2.6
940000 3.1
945000 2.7
950000 2.2
955000 3.1
960000 3.2
965000 2.9
970000 2.3
975000 2.2
980000 2.8
985000 2.5
990000 2.7
995000 2.5
1000000 4.0
