5000 1.1
10000 1.1
15000 1.2
20000 0.8
25000 1.3
30000 1.2
35000 1.4
40000 1.5
45000 1.3
50000 1.3
55000 1.9
60000 1.3
65000 2.0
70000 1.4
75000 1.7
80000 1.7
85000 1.8
90000 1.4
95000 2.6
100000 1.9
105000 1.8
110000 1.9
115000 1.7
120000 1.8
125000 1.9
130000 1.3
135000 2.2
140000 2.6
145000 2.0
150000 1.9
155000 2.0
160000 3.1
165000 2.1
170000 1.8
175000 2.6
180000 1.9
185000 2.2
190000 2.3
195000 1.8
200000 1.9
205000 2.2
210000 2.6
215000 1.9
220000 2.2
225000 1.6
230000 1.7
235000 2.3
240000 2.0
245000 1.7
250000 2.1
255000 2.0
260000 1.6
265000 1.7
270000 2.0
275000 2.1
280000 1.9
285000 2.2
290000 1.9
295000 1.7
300000 1.7
305000 2.2
310000 2.1
315000 2.3
320000 1.9
325000 2.2
330000 1.8
335000 2.6
340000 2.1
345000 1.9
350000 2.6
355000 1.8
360000 2.3
365000 1.9
370000 1.9
375000 1.6
380000 2.2
385000 2.1
390000 2.3
395000 1.6
400000 2.4
405000 2.4
410000 2.0
415000 1.7
420000 1.5
425000 3.4
430000 2.8
435000 2.5
440000 2.4
445000 1.7
450000 3.5
455000 2.7
460000 1.8
465000 1.8
470000 1.9
475000 2.3
480000 2.3
485000 2.6
490000 2.2
495000 2.0
500000 2.1
505000 2.1
510000 2.1
515000 2.7
520000 1.6
525000 2.5
530000 2.0
535000 2.4
540000 2.0
545000 2.5
550000 2.5
555000 2.0
560000 2.5
565000 1.9
570000 1.8
575000 2.0
580000 2.4
585000 2.2
590000 3.6
595000 2.7
600000 1.7
605000 2.5
610000 2.1
615000 2.4
620000 2.4
625000 2.2
630000 2.4
635000 2.5
640000 2.3
645000 2.3
650000 2.4
655000 2.6
660000 2.6
665000 2.2
670000 2.2
675000 2.4
680000 2.7
685000 3.3
690000 2.5
695000 2.0
700000 2.3
705000 2.2
710000 1.9
715000 2.8
720000 2.6
725000 2.3
730000 2.7
735000 2.9
740000 2.2
745000 2.4
750000 2.4
755000 2.5
760000 2.5
765000 2.9
770000 2.7
775000 2.7
780000 2.8
785000 3.0
790000 2.5
795000 2.8
800000 2.9
805000 2.5
810000 2.9
815000 2.7
820000 2.4
825000 2.7
830000 3.3
835000 2.0
840000 2.0
845000 2.3
850000 2.3
855000 2.3
860000 2.4
865000 2.1
870000 2.2
875000 2.7
880000 3.6
885000 3.2
890000 2.1
895000 2.8
900000 2.2
905000 2.4
910000 2.9
915000 2.0
920000 2.2
925000 2.2
930000 3.1
935000 2.9
940000 2.2
945000 2.2
950000 2.3
955000 3.7
960000 2.2
965000 2.6
970000 2.6
975000 2.5
980000 3.4
985000 2.5
990000 3.0
995000 2.5
1000000 2.6
