5000 1.1
10000 1.3
15000 0.8
20000 0.8
25000 1.1
30000 0.6
35000 0.9
40000 1.5
45000 2.1
50000 1.8
55000 1.9
60000 1.5
65000 1.9
70000 1.6
75000 10.2
80000 24.9
85000 71.6
90000 93.9
95000 111.2
100000 130.3
105000 174.0
110000 180.5
115000 200.4
120000 224.8
125000 221.5
130000 280.3
135000 234.1
140000 289.6
145000 286.5
150000 303.1
155000 306.3
160000 327.6
165000 340.5
170000 354.0
175000 351.5
180000 359.9
185000 361.0
190000 365.3
195000 360.5
200000 370.9
205000 327.2
210000 363.3
215000 381.6
220000 386.3
225000 403.6
230000 398.7
235000 411.3
240000 416.3
245000 418.7
250000 408.5
255000 429.9
260000 413.4
265000 410.4
270000 428.4
275000 415.1
280000 421.2
285000 430.6
290000 431.2
295000 425.6
300000 419.1
305000 436.2
310000 439.5
315000 445.8
320000 448.3
325000 447.3
330000 446.2
335000 447.5
340000 459.5
345000 458.8
350000 463.5
355000 458.0
360000 468.1
365000 461.9
370000 463.5
375000 465.3
380000 469.3
385000 473.7
390000 471.9
395000 481.4
400000 467.5
405000 481.9
410000 475.0
415000 483.1
420000 485.9
425000 474.1
430000 488.4
435000 482.3
440000 490.0
445000 488.1
450000 485.1
455000 488.9
460000 491.4
465000 496.1
470000 498.6
475000 496.2
480000 502.4
485000 499.2
490000 499.7
495000 500.9
500000 497.5
505000 502.7
510000 506.3
515000 507.1
520000 505.0
525000 512.3
530000 512.7
535000 509.2
540000 501.1
545000 511.0
550000 511.0
555000 526.4
560000 513.8
565000 524.9
570000 533.8
575000 513.1
580000 527.1
585000 517.8
590000 525.7
595000 528.5
600000 539.2
605000 528.0
610000 540.0
615000 538.0
620000 531.9
625000 528.0
630000 524.9
635000 540.7
640000 530.5
645000 536.3
650000 545.1
655000 535.3
660000 539.5
665000 531.5
670000 546.2
675000 546.5
680000 546.3
685000 546.2
690000 542.3
695000 542.3
700000 547.6
705000 555.9
710000 554.2
715000 554.8
720000 558.4
725000 563.2
730000 567.4
735000 555.7
740000 563.2
745000 564.3
750000 563.6
755000 559.1
760000 566.6
765000 570.8
770000 563.9
775000 555.6
780000 565.8
785000 567.3
790000 572.6
795000 558.2
800000 572.8
805000 576.1
810000 567.8
815000 567.6
820000 572.9
825000 575.0
830000 569.7
835000 581.5
840000 572.7
845000 575.1
850000 579.8
855000 564.8
860000 577.7
865000 575.6
870000 577.0
875000 568.8
880000 562.3
885000 580.6
890000 576.2
895000 584.2
900000 590.1
905000 575.3
910000 581.9
915000 573.5
920000 591.3
925000 590.9
930000 595.3
935000 587.2
940000 592.7
945000 587.4
950000 597.1
955000 596.4
960000 608.4
965000 587.1
970000 614.1
975000 604.6
980000 611.4
985000 595.5
990000 599.2
995000 599.1
1000000 615.9
