5000 1.7
10000 1.3
15000 1.0
20000 1.0
25000 1.0
30000 0.9
35000 1.4
40000 1.4
45000 2.1
50000 1.7
55000 1.4
60000 1.5
65000 2.2
70000 2.8
75000 2.8
80000 1.7
85000 1.4
90000 1.5
95000 2.1
100000 1.2
105000 2.8
110000 4.1
115000 1.5
120000 2.4
125000 2.0
130000 2.1
135000 1.3
140000 1.3
145000 1.3
150000 2.0
155000 2.7
160000 2.5
165000 3.3
170000 3.0
175000 2.0
180000 23.2
185000 100.0
190000 33.3
195000 76.6
200000 99.4
205000 81.2
210000 111.3
215000 130.5
220000 168.4
225000 186.5
230000 168.7
235000 180.8
240000 222.1
245000 232.7
250000 259.7
255000 285.2
260000 282.0
265000 316.3
270000 340.3
275000 271.0
280000 346.3
285000 340.8
290000 313.8
295000 343.6
300000 348.6
305000 361.3
310000 353.1
315000 381.9
320000 341.6
325000 385.9
330000 393.4
335000 401.2
340000 372.7
345000 382.5
350000 411.7
355000 404.2
360000 413.6
365000 428.8
370000 417.5
375000 426.2
380000 446.8
385000 449.5
390000 440.9
395000 454.0
400000 446.7
405000 443.8
410000 444.1
415000 446.8
420000 436.4
425000 443.5
430000 460.5
435000 456.9
440000 467.3
445000 464.6
450000 467.0
455000 478.0
460000 473.4
465000 475.9
470000 466.9
475000 478.4
480000 478.6
485000 484.0
490000 493.8
495000 487.1
500000 494.8
505000 495.6
510000 491.6
515000 484.5
520000 486.7
525000 494.3
530000 496.1
535000 484.2
540000 488.9
545000 491.4
550000 495.3
555000 404.6
560000 508.9
565000 502.2
570000 507.0
575000 508.0
580000 506.4
585000 506.2
590000 504.2
595000 513.8
600000 514.1
605000 504.7
610000 518.9
615000 504.8
620000 513.5
625000 513.3
630000 513.9
635000 525.6
640000 512.0
645000 529.0
650000 470.5
655000 519.5
660000 516.2
665000 524.5
670000 520.2
675000 522.1
680000 546.9
685000 537.7
690000 530.9
695000 531.3
700000 530.9
705000 534.3
710000 538.2
715000 539.3
720000 538.1
725000 533.0
730000 532.1
735000 530.8
740000 535.9
745000 548.6
750000 537.2
755000 537.2
760000 539.1
765000 532.6
770000 545.9
775000 548.5
780000 534.5
785000 538.7
790000 533.8
795000 543.9
800000 532.7
805000 531.3
810000 539.6
815000 535.9
820000 545.0
825000 541.0
830000 535.6
835000 540.3
840000 543.2
845000 531.2
850000 542.4
855000 543.4
860000 547.0
865000 544.9
870000 546.6
875000 543.2
880000 550.3
885000 552.5
890000 540.5
895000 555.0
900000 540.8
905000 540.4
910000 537.1
915000 544.2
920000 542.8
925000 550.1
930000 547.9
935000 543.7
940000 540.3
945000 539.4
950000 543.1
955000 543.9
960000 548.4
965000 555.8
970000 558.1
975000 545.4
980000 544.2
985000 550.5
990000 558.2
995000 558.7
1000000 549.8
