5000 1.2
10000 0.9
15000 0.9
20000 1.0
25000 0.9
30000 1.2
35000 1.2
40000 1.1
45000 1.8
50000 1.7
55000 1.9
60000 1.7
65000 2.0
70000 1.7
75000 3.5
80000 11.9
85000 66.8
90000 87.9
95000 135.4
100000 164.7
105000 204.1
110000 221.6
115000 256.0
120000 275.9
125000 285.2
130000 289.4
135000 298.7
140000 313.4
145000 327.0
150000 346.9
155000 349.5
160000 347.2
165000 370.6
170000 364.4
175000 373.2
180000 381.5
185000 392.7
190000 402.2
195000 405.8
200000 408.7
205000 414.5
210000 409.0
215000 412.9
220000 429.3
225000 431.0
230000 417.0
235000 424.8
240000 438.2
245000 442.0
250000 447.3
255000 464.8
260000 462.3
265000 476.1
270000 474.7
275000 478.8
280000 487.3
285000 478.7
290000 484.1
295000 486.5
300000 479.9
305000 495.9
310000 441.7
315000 494.1
320000 497.2
325000 502.2
330000 504.0
335000 506.1
340000 494.9
345000 504.7
350000 501.9
355000 508.2
360000 506.6
365000 510.8
370000 515.7
375000 509.7
380000 521.3
385000 522.2
390000 528.7
395000 521.9
400000 525.2
405000 523.0
410000 535.2
415000 536.0
420000 530.6
425000 518.7
430000 538.1
435000 537.9
440000 541.3
445000 538.4
450000 537.0
455000 551.4
460000 547.6
465000 553.6
470000 553.2
475000 556.2
480000 567.3
485000 565.0
490000 558.6
495000 563.3
500000 548.2
505000 562.8
510000 564.0
515000 574.3
520000 574.3
525000 1.2
530000 9.9
535000 60.6
540000 23.5
545000 1.6
550000 1.1
555000 1.1
560000 7.2
565000 2.3
570000 42.6
575000 114.8
580000 1.4
585000 209.5
590000 168.7
595000 261.4
600000 334.5
605000 370.4
610000 369.9
615000 452.1
620000 37.1
625000 301.8
630000 415.5
635000 293.6
640000 304.3
645000 460.6
650000 423.3
655000 474.2
660000 471.4
665000 490.8
670000 471.0
675000 380.0
680000 490.8
685000 478.1
690000 469.6
695000 431.4
700000 488.7
705000 478.7
710000 487.9
715000 487.9
720000 488.6
725000 468.5
730000 496.1
735000 515.7
740000 506.0
745000 524.6
750000 519.5
755000 522.2
760000 541.5
765000 545.0
770000 545.5
775000 526.9
780000 539.8
785000 545.8
790000 548.6
795000 525.7
800000 550.3
805000 551.0
810000 537.4
815000 538.8
820000 548.8
825000 558.4
830000 540.9
835000 555.2
840000 547.7
845000 496.9
850000 564.9
855000 562.0
860000 541.5
865000 558.9
870000 552.1
875000 559.6
880000 555.9
885000 554.8
890000 555.5
895000 567.4
900000 557.5
905000 565.3
910000 559.6
915000 566.5
920000 553.4
925000 555.0
930000 568.2
935000 562.0
940000 564.6
945000 577.8
950000 557.6
955000 554.6
960000 555.4
965000 558.5
970000 555.9
975000 549.5
980000 552.3
985000 562.8
990000 558.5
995000 553.9
1000000 557.3
