5000 1.2
10000 2.2
15000 1.1
20000 0.9
25000 1.3
30000 0.7
35000 0.9
40000 0.9
45000 1.6
50000 0.9
55000 1.2
60000 1.3
65000 1.3
70000 1.4
75000 1.5
80000 1.9
85000 1.4
90000 1.8
95000 1.8
100000 1.1
105000 1.4
110000 1.9
115000 1.5
120000 3.3
125000 4.0
130000 41.8
135000 33.3
140000 38.4
145000 113.8
150000 176.2
155000 120.0
160000 156.4
165000 230.2
170000 247.4
175000 255.1
180000 290.4
185000 204.6
190000 305.8
195000 296.1
200000 293.8
205000 315.3
210000 317.4
215000 322.6
220000 322.0
225000 345.3
230000 350.9
235000 349.7
240000 327.1
245000 360.0
250000 354.8
255000 371.8
260000 379.4
265000 375.2
270000 395.2
275000 365.3
280000 399.0
285000 396.2
290000 397.0
295000 403.3
300000 398.3
305000 408.9
310000 397.4
315000 429.8
320000 423.6
325000 434.8
330000 434.9
335000 414.8
340000 439.3
345000 427.9
350000 425.3
355000 429.9
360000 431.6
365000 433.0
370000 450.4
375000 442.9
380000 447.4
385000 449.4
390000 468.9
395000 443.0
400000 465.7
405000 450.9
410000 455.4
415000 436.6
420000 470.7
425000 475.4
430000 455.1
435000 464.4
440000 460.9
445000 478.8
450000 477.0
455000 458.1
460000 457.9
465000 465.0
470000 472.2
475000 478.2
480000 499.2
485000 457.2
490000 497.2
495000 484.8
500000 502.7
505000 497.7
510000 503.4
515000 490.5
520000 501.2
525000 502.6
530000 520.1
535000 508.3
540000 502.8
545000 515.3
550000 511.3
555000 513.9
560000 512.8
565000 517.9
570000 527.0
575000 523.4
580000 536.3
585000 514.9
590000 535.6
595000 527.8
600000 528.9
605000 550.0
610000 535.0
615000 539.5
620000 517.6
625000 559.0
630000 536.4
635000 548.3
640000 542.5
645000 555.7
650000 557.2
655000 557.1
660000 549.9
665000 546.8
670000 538.4
675000 546.1
680000 561.1
685000 528.0
690000 552.5
695000 550.3
700000 549.1
705000 556.2
710000 562.1
715000 555.1
720000 563.0
725000 558.0
730000 581.0
735000 564.2
740000 562.5
745000 549.3
750000 565.2
755000 578.9
760000 564.6
765000 563.5
770000 563.9
775000 563.4
780000 570.6
785000 565.7
790000 566.5
795000 576.0
800000 560.5
805000 571.4
810000 579.8
815000 576.7
820000 565.8
825000 583.5
830000 564.1
835000 566.3
840000 581.8
845000 582.0
850000 575.1
855000 580.1
860000 589.5
865000 589.9
870000 584.6
875000 593.1
880000 588.3
885000 583.1
890000 595.9
895000 588.6
900000 585.6
905000 599.4
910000 587.4
915000 601.1
920000 591.6
925000 587.1
930000 591.4
935000 591.2
940000 596.4
945000 602.6
950000 609.7
955000 602.3
960000 606.5
965000 610.4
970000 605.5
975000 605.1
980000 602.1
985000 607.8
990000 612.3
995000 596.5
1000000 608.0
