5000 1.1
10000 1.1
15000 1.1
20000 0.7
25000 0.7
30000 1.2
35000 1.1
40000 1.2
45000 1.2
50000 1.3
55000 1.4
60000 1.7
65000 1.5
70000 1.1
75000 1.0
80000 1.5
85000 1.8
90000 1.6
95000 1.5
100000 2.2
105000 1.7
110000 2.1
115000 2.0
120000 3.2
125000 1.8
130000 2.6
135000 1.8
140000 29.1
145000 51.4
150000 74.3
155000 103.9
160000 118.9
165000 97.3
170000 102.0
175000 129.5
180000 119.5
185000 133.1
190000 157.4
195000 179.0
200000 145.2
205000 163.6
210000 180.6
215000 170.6
220000 181.9
225000 188.1
230000 189.6
235000 209.9
240000 202.6
245000 209.1
250000 213.3
255000 222.1
260000 229.3
265000 144.8
270000 203.7
275000 227.2
280000 216.7
285000 225.3
290000 258.4
295000 244.5
300000 256.7
305000 241.3
310000 257.9
315000 242.3
320000 250.9
325000 286.0
330000 273.6
335000 300.4
340000 278.2
345000 288.3
350000 292.0
355000 322.6
360000 316.0
365000 304.8
370000 302.5
375000 322.9
380000 333.3
385000 336.3
390000 281.6
395000 340.7
400000 347.1
405000 356.3
410000 351.0
415000 344.5
420000 352.2
425000 373.2
430000 369.0
435000 370.7
440000 378.2
445000 372.2
450000 367.8
455000 353.2
460000 385.1
465000 377.8
470000 390.4
475000 388.7
480000 355.3
485000 389.1
490000 387.4
495000 405.3
500000 383.6
505000 408.3
510000 412.5
515000 407.5
520000 411.8
525000 415.0
530000 418.0
535000 405.9
540000 417.1
545000 408.7
550000 423.1
555000 422.2
560000 417.9
565000 417.1
570000 437.9
575000 437.2
580000 431.1
585000 434.4
590000 431.4
595000 439.1
600000 438.1
605000 433.7
610000 442.4
615000 454.6
620000 457.2
625000 450.5
630000 472.3
635000 460.5
640000 459.0
645000 465.4
650000 468.9
655000 461.7
660000 462.1
665000 475.6
670000 459.2
675000 465.4
680000 467.4
685000 496.3
690000 485.2
695000 482.1
700000 479.0
705000 484.1
710000 489.0
715000 520.0
720000 510.8
725000 510.5
730000 517.4
735000 516.2
740000 500.8
745000 515.4
750000 511.8
755000 512.1
760000 525.2
765000 542.8
770000 557.8
775000 579.7
780000 584.6
785000 617.8
790000 631.4
795000 606.6
800000 610.8
805000 647.2
810000 653.2
815000 695.4
820000 670.4
825000 649.0
830000 707.7
835000 718.4
840000 668.8
845000 715.2
850000 733.4
855000 693.9
860000 703.9
865000 734.9
870000 721.5
875000 744.4
880000 757.3
885000 760.4
890000 750.2
895000 782.3
900000 755.8
905000 768.2
910000 704.6
915000 743.8
920000 782.5
925000 790.9
930000 767.1
935000 773.3
940000 756.4
945000 783.9
950000 791.5
955000 785.5
960000 782.6
965000 793.4
970000 764.1
975000 779.0
980000 767.2
985000 777.0
990000 786.7
995000 815.8
1000000 783.8
