5000 0.7
10000 1.2
15000 0.9
20000 0.9
25000 0.7
30000 0.9
35000 1.0
40000 1.4
45000 1.3
50000 1.3
55000 1.1
60000 2.2
65000 1.9
70000 1.7
75000 1.4
80000 1.9
85000 1.9
90000 2.5
95000 3.7
100000 1.5
105000 2.8
110000 14.4
115000 73.2
120000 67.7
125000 123.1
130000 135.9
135000 136.7
140000 166.0
145000 208.5
150000 212.1
155000 248.9
160000 287.9
165000 330.7
170000 335.9
175000 319.1
180000 331.9
185000 351.4
190000 368.1
195000 375.3
200000 383.8
205000 395.7
210000 388.3
215000 413.8
220000 358.2
225000 371.5
230000 389.2
235000 437.7
240000 426.7
245000 431.8
250000 452.0
255000 440.5
260000 447.3
265000 460.3
270000 460.2
275000 497.7
280000 464.9
285000 463.7
290000 471.4
295000 466.5
300000 429.0
305000 469.2
310000 474.2
315000 483.5
320000 493.5
325000 491.6
330000 495.9
335000 507.4
340000 481.3
345000 487.6
350000 506.7
355000 509.2
360000 483.3
365000 491.0
370000 508.9
375000 503.7
380000 505.4
385000 529.3
390000 522.1
395000 514.0
400000 528.9
405000 513.9
410000 534.3
415000 517.4
420000 514.1
425000 525.5
430000 517.1
435000 538.1
440000 533.1
445000 533.7
450000 535.7
455000 536.6
460000 558.2
465000 545.2
470000 551.2
475000 546.3
480000 546.3
485000 546.6
490000 522.1
495000 556.2
500000 554.4
505000 561.0
510000 546.3
515000 554.5
520000 549.9
525000 568.6
530000 584.5
535000 554.5
540000 567.0
545000 569.4
550000 561.3
555000 556.0
560000 566.2
565000 581.6
570000 565.1
575000 569.5
580000 575.6
585000 581.8
590000 565.5
595000 576.6
600000 576.4
605000 573.6
610000 572.9
615000 579.7
620000 584.0
625000 571.2
630000 587.0
635000 564.1
640000 583.7
645000 590.4
650000 580.2
655000 580.4
660000 579.9
665000 577.1
670000 576.1
675000 577.1
680000 591.1
685000 571.0
690000 573.5
695000 581.7
700000 576.1
705000 549.6
710000 565.8
715000 579.8
720000 578.0
725000 575.7
730000 574.1
735000 575.4
740000 577.2
745000 571.5
750000 576.1
755000 580.3
760000 569.0
765000 578.0
770000 570.1
775000 577.2
780000 567.6
785000 571.7
790000 522.9
795000 535.3
800000 585.7
805000 582.6
810000 584.9
815000 581.7
820000 581.7
825000 587.9
830000 576.5
835000 576.5
840000 600.3
845000 590.3
850000 586.3
855000 580.3
860000 590.8
865000 592.8
870000 583.7
875000 593.4
880000 585.7
885000 589.8
890000 578.6
895000 584.4
900000 591.8
905000 589.9
910000 592.4
915000 590.7
920000 592.2
925000 590.7
930000 592.6
935000 580.0
940000 600.2
945000 598.1
950000 582.3
955000 602.0
960000 589.1
965000 595.6
970000 589.7
975000 595.8
980000 589.3
985000 598.4
990000 601.7
995000 598.8
1000000 589.2
