5000 1.0
10000 1.9
15000 1.1
20000 0.6
25000 0.9
30000 0.9
35000 1.7
40000 0.9
45000 1.0
50000 1.9
55000 1.3
60000 1.7
65000 1.7
70000 2.4
75000 1.5
80000 1.7
85000 1.5
90000 1.4
95000 1.9
100000 1.9
105000 1.8
110000 2.1
115000 1.7
120000 1.5
125000 1.4
130000 1.5
135000 1.7
140000 2.1
145000 2.3
150000 1.8
155000 1.9
160000 2.2
165000 1.8
170000 2.1
175000 1.9
180000 2.0
185000 2.5
190000 2.5
195000 1.5
200000 1.8
205000 1.9
210000 1.8
215000 2.0
220000 2.1
225000 1.7
230000 1.8
235000 2.0
240000 1.8
245000 1.9
250000 1.8
255000 2.4
260000 2.3
265000 2.6
270000 2.3
275000 2.1
280000 2.4
285000 1.6
290000 2.4
295000 1.9
300000 2.0
305000 1.7
310000 2.8
315000 2.2
320000 1.8
325000 2.0
330000 1.9
335000 1.7
340000 2.3
345000 1.9
350000 2.2
355000 1.7
360000 1.9
365000 1.7
370000 2.0
375000 2.5
380000 2.2
385000 2.2
390000 2.2
395000 2.5
400000 2.3
405000 1.9
410000 2.1
415000 2.3
420000 2.0
425000 2.3
430000 2.5
435000 3.2
440000 2.7
445000 2.2
450000 2.1
455000 2.5
460000 1.7
465000 2.2
470000 2.1
475000 3.1
480000 3.0
485000 2.1
490000 2.1
495000 2.8
500000 2.3
505000 2.8
510000 1.5
515000 2.5
520000 3.0
525000 2.7
530000 2.5
535000 2.5
540000 2.0
545000 2.9
550000 1.9
555000 2.1
560000 1.8
565000 2.2
570000 2.2
575000 1.9
580000 3.7
585000 2.2
590000 2.5
595000 2.0
600000 2.3
605000 2.6
610000 2.2
615000 3.4
620000 1.6
625000 2.0
630000 2.9
635000 2.5
640000 2.1
645000 2.1
650000 2.3
655000 2.3
660000 2.5
665000 2.7
670000 2.4
675000 2.2
680000 2.8
685000 2.5
690000 2.2
695000 2.2
700000 3.9
705000 2.7
710000 2.7
715000 2.6
720000 1.9
725000 2.1
730000 3.0
735000 2.6
740000 2.6
745000 2.9
750000 2.7
755000 3.5
760000 2.5
765000 2.5
770000 3.1
775000 3.0
780000 2.9
785000 3.3
790000 2.7
795000 2.8
800000 2.5
805000 2.2
810000 2.5
815000 2.3
820000 1.9
825000 2.2
830000 2.7
835000 2.2
840000 2.9
845000 2.7
850000 2.7
855000 2.8
860000 2.2
865000 3.0
870000 2.7
875000 3.1
880000 2.4
885000 3.2
890000 2.0
895000 2.6
900000 3.0
905000 2.6
910000 2.5
915000 2.2
920000 2.3
925000 2.4
930000 2.6
935000 2.3
940000 2.8
945000 2.1
950000 3.4
955000 3.0
960000 2.7
965000 2.8
970000 3.1
975000 2.8
980000 2.3
985000 3.9
990000 2.5
995000 2.2
1000000 2.4
