5000 1.3
10000 1.2
15000 1.4
20000 1.0
25000 1.0
30000 1.3
35000 1.4
40000 1.1
45000 1.8
50000 1.2
55000 1.8
60000 2.2
65000 2.3
70000 1.2
75000 1.7
80000 1.5
85000 1.5
90000 1.9
95000 2.3
100000 1.6
105000 1.7
110000 2.2
115000 2.1
120000 2.0
125000 2.0
130000 1.9
135000 2.3
140000 1.8
145000 1.9
150000 2.9
155000 1.8
160000 2.6
165000 2.8
170000 1.7
175000 2.3
180000 1.8
185000 2.2
190000 2.4
195000 2.2
200000 2.1
205000 2.1
210000 2.0
215000 2.3
220000 2.1
225000 2.8
230000 2.5
235000 2.4
240000 2.3
245000 2.4
250000 2.3
255000 1.6
260000 1.4
265000 2.8
270000 2.6
275000 2.4
280000 1.6
285000 2.4
290000 2.5
295000 2.5
300000 2.2
305000 2.3
310000 3.1
315000 2.5
320000 2.1
325000 2.6
330000 2.2
335000 2.4
340000 2.1
345000 2.4
350000 1.8
355000 2.1
360000 2.5
365000 3.1
370000 2.1
375000 2.8
380000 1.6
385000 2.3
390000 2.5
395000 2.4
400000 2.6
405000 2.8
410000 3.2
415000 2.3
420000 2.6
425000 2.4
430000 2.3
435000 2.7
440000 4.1
445000 2.9
450000 2.8
455000 2.1
460000 3.5
465000 2.3
470000 2.8
475000 1.9
480000 2.5
485000 1.8
490000 2.5
495000 2.6
500000 2.3
505000 2.7
510000 2.7
515000 2.5
520000 2.1
525000 2.3
530000 3.0
535000 2.5
540000 1.8
545000 2.6
550000 2.4
555000 2.0
560000 2.3
565000 3.1
570000 2.2
575000 2.1
580000 3.5
585000 2.7
590000 3.2
595000 3.2
600000 2.8
605000 3.0
610000 2.2
615000 2.2
620000 2.3
625000 2.5
630000 2.3
635000 2.6
640000 2.2
645000 1.9
650000 2.5
655000 1.7
660000 2.5
665000 2.1
670000 3.1
675000 2.1
680000 2.6
685000 2.7
690000 2.5
695000 2.6
700000 2.3
705000 2.4
710000 2.2
715000 2.9
720000 2.6
725000 3.7
730000 2.4
735000 2.5
740000 2.5
745000 2.8
750000 3.0
755000 1.9
760000 2.8
765000 2.7
770000 2.6
775000 2.2
780000 2.4
785000 2.4
790000 2.0
795000 2.7
800000 2.8
805000 2.3
810000 2.6
815000 2.3
820000 2.5
825000 2.0
830000 2.7
835000 2.5
840000 3.3
845000 2.1
850000 2.5
855000 1.6
860000 2.5
865000 2.5
870000 2.4
875000 2.3
880000 2.7
885000 2.5
890000 2.7
895000 3.6
900000 2.0
905000 1.9
910000 2.4
915000 4.0
920000 2.3
925000 2.9
930000 1.7
935000 2.2
940000 2.8
945000 3.0
950000 3.1
955000 2.2
960000 3.1
965000 2.3
970000 2.3
975000 3.0
980000 2.2
985000 3.3
990000 3.0
995000 2.9
1000000 2.6
