5000 1.3
10000 0.9
15000 0.9
20000 1.5
25000 1.6
30000 0.6
35000 1.1
40000 1.7
45000 1.4
50000 1.1
55000 1.3
60000 1.7
65000 2.5
70000 1.7
75000 2.4
80000 1.6
85000 2.5
90000 2.3
95000 2.3
100000 11.9
105000 120.6
110000 188.9
115000 159.5
120000 241.5
125000 259.0
130000 307.5
135000 317.6
140000 299.6
145000 337.0
150000 354.6
155000 305.6
160000 385.4
165000 401.7
170000 399.4
175000 415.2
180000 413.7
185000 430.5
190000 440.5
195000 436.4
200000 422.8
205000 452.0
210000 441.5
215000 439.7
220000 446.8
225000 440.8
230000 457.1
235000 460.9
240000 459.6
245000 387.0
250000 466.3
255000 447.6
260000 467.0
265000 436.6
270000 471.6
275000 492.8
280000 490.4
285000 492.5
290000 496.8
295000 494.2
300000 454.1
305000 463.2
310000 498.0
315000 493.8
320000 486.7
325000 494.2
330000 491.3
335000 504.6
340000 522.0
345000 496.7
350000 456.1
355000 508.9
360000 503.0
365000 515.6
370000 521.3
375000 508.4
380000 512.9
385000 537.8
390000 527.5
395000 533.0
400000 516.2
405000 525.0
410000 538.6
415000 546.1
420000 529.9
425000 544.5
430000 537.1
435000 529.2
440000 539.8
445000 533.3
450000 540.3
455000 531.5
460000 548.0
465000 551.9
470000 537.3
475000 550.6
480000 546.5
485000 559.8
490000 537.9
495000 544.4
500000 556.4
505000 555.9
510000 550.8
515000 554.8
520000 568.2
525000 557.7
530000 564.0
535000 556.2
540000 571.0
545000 563.3
550000 571.0
555000 557.9
560000 567.8
565000 565.5
570000 575.6
575000 574.9
580000 581.4
585000 580.3
590000 573.1
595000 575.1
600000 580.5
605000 574.9
610000 584.4
615000 514.8
620000 584.1
625000 582.6
630000 579.5
635000 581.5
640000 586.4
645000 564.9
650000 567.9
655000 573.4
660000 581.6
665000 578.0
670000 577.7
675000 576.2
680000 581.3
685000 580.7
690000 580.3
695000 581.0
700000 585.8
705000 552.0
710000 584.5
715000 593.3
720000 597.5
725000 594.9
730000 592.1
735000 590.5
740000 590.3
745000 597.7
750000 585.9
755000 599.6
760000 591.0
765000 597.7
770000 594.5
775000 589.7
780000 596.3
785000 598.4
790000 594.3
795000 600.2
800000 593.2
805000 595.1
810000 590.5
815000 608.2
820000 599.5
825000 598.1
830000 598.9
835000 596.1
840000 599.4
845000 605.1
850000 600.1
855000 604.5
860000 594.3
865000 605.5
870000 604.7
875000 603.3
880000 599.4
885000 598.3
890000 598.3
895000 602.9
900000 607.0
905000 613.3
910000 615.0
915000 602.7
920000 606.5
925000 612.1
930000 609.6
935000 610.7
940000 608.0
945000 609.7
950000 602.9
955000 606.8
960000 614.5
965000 609.5
970000 612.5
975000 610.2
980000 612.1
985000 614.8
990000 611.1
995000 611.9
1000000 611.3
