5000 133.5
10000 128.3
15000 742.2
20000 663.7
25000 738.3
30000 832.0
35000 891.2
40000 797.0
45000 360.4
50000 937.4
55000 869.8
60000 957.1
65000 964.2
70000 869.4
75000 954.4
80000 950.8
85000 939.2
90000 959.0
95000 952.2
100000 948.7
105000 893.7
110000 921.7
115000 942.0
120000 938.6
125000 978.3
130000 952.8
135000 960.6
140000 950.8
145000 968.7
150000 964.6
155000 435.6
160000 975.4
165000 941.4
170000 974.3
175000 969.8
180000 978.3
185000 970.9
190000 971.7
195000 978.5
200000 976.8
205000 970.2
210000 986.9
215000 972.6
220000 972.0
225000 976.1
230000 961.5
235000 988.4
240000 968.4
245000 969.7
250000 988.6
255000 981.7
260000 972.5
265000 962.8
270000 984.6
275000 972.9
280000 989.7
285000 969.6
290000 972.7
295000 990.5
300000 983.2
305000 978.9
310000 954.6
315000 991.9
320000 963.4
325000 984.6
330000 980.8
335000 980.4
340000 995.4
345000 981.1
350000 989.2
355000 984.6
360000 986.8
365000 985.4
370000 986.5
375000 986.0
380000 981.2
385000 986.0
390000 975.9
395000 979.0
400000 982.2
405000 991.2
410000 981.2
415000 979.2
420000 990.3
425000 982.7
430000 983.0
435000 988.5
440000 984.0
445000 978.3
450000 985.8
455000 993.6
460000 994.2
465000 983.4
470000 983.0
475000 987.0
480000 980.5
485000 937.3
490000 988.9
495000 964.6
500000 991.0
505000 991.0
510000 988.7
515000 984.6
520000 990.5
525000 988.6
530000 992.9
535000 985.6
540000 989.9
545000 990.7
550000 986.8
555000 981.7
560000 986.7
565000 996.3
570000 985.4
575000 987.6
580000 991.1
585000 987.2
590000 987.8
595000 992.1
600000 986.2
605000 987.8
610000 985.2
615000 991.1
620000 983.2
625000 980.8
630000 992.2
635000 979.9
640000 993.0
645000 986.4
650000 993.4
655000 990.3
660000 987.8
665000 990.2
670000 988.8
675000 986.9
680000 992.0
685000 992.7
690000 987.0
695000 989.4
700000 982.0
705000 988.0
710000 984.2
715000 987.8
720000 994.4
725000 992.2
730000 989.0
735000 991.5
740000 974.8
745000 978.4
750000 984.2
755000 990.5
760000 988.3
765000 989.7
770000 994.4
775000 990.9
780000 989.7
785000 993.9
790000 991.9
795000 991.9
800000 991.7
805000 977.4
810000 990.0
815000 993.8
820000 987.3
825000 995.9
830000 983.1
835000 991.3
840000 982.7
845000 991.0
850000 969.7
855000 991.8
860000 987.1
865000 990.4
870000 986.8
875000 989.6
880000 993.5
885000 989.7
890000 985.6
895000 987.4
900000 989.5
905000 988.2
910000 988.3
915000 990.2
920000 985.4
925000 993.7
930000 982.7
935000 993.3
940000 984.2
945000 986.4
950000 981.0
955000 991.3
960000 990.0
965000 973.6
970000 990.3
975000 986.4
980000 961.7
985000 989.9
990000 990.5
995000 990.1
1000000 991.9
1005000 988.4
1010000 990.6
1015000 988.2
1020000 989.3
1025000 988.9
1030000 985.5
1035000 989.7
1040000 988.5
1045000 991.6
1050000 990.2
1055000 990.4
1060000 996.1
1065000 986.6
1070000 991.7
1075000 993.4
1080000 985.0
1085000 993.3
1090000 988.3
1095000 983.1
1100000 991.3
1105000 991.4
1110000 985.0
1115000 988.4
1120000 997.5
1125000 829.0
1130000 979.9
1135000 988.2
1140000 977.8
1145000 990.3
1150000 991.8
1155000 992.0
1160000 971.5
1165000 992.5
1170000 983.8
1175000 993.4
1180000 992.6
1185000 987.0
1190000 978.3
1195000 996.2
1200000 995.2
1205000 993.0
1210000 987.8
1215000 989.4
1220000 991.1
1225000 994.1
1230000 993.9
1235000 995.5
1240000 989.1
1245000 987.2
1250000 988.5
1255000 993.5
1260000 982.0
1265000 988.2
1270000 990.7
1275000 989.1
1280000 990.5
1285000 835.7
1290000 982.0
1295000 986.1
1300000 981.6
1305000 980.2
1310000 990.4
1315000 991.8
1320000 991.2
1325000 990.6
1330000 989.9
1335000 986.8
1340000 990.6
1345000 992.9
1350000 987.2
1355000 993.9
1360000 992.8
1365000 993.8
1370000 897.0
1375000 991.2
1380000 988.6
1385000 997.8
1390000 988.9
1395000 991.0
1400000 984.3
1405000 992.9
1410000 990.4
1415000 995.9
1420000 987.2
1425000 991.8
1430000 984.5
1435000 981.8
1440000 990.8
1445000 969.9
1450000 928.4
1455000 930.2
1460000 989.7
1465000 990.8
1470000 987.9
1475000 979.5
1480000 998.2
1485000 992.1
1490000 989.9
1495000 991.2
1500000 987.0
1505000 989.8
1510000 976.6
1515000 989.5
1520000 983.6
1525000 992.8
1530000 996.6
1535000 989.1
1540000 988.4
1545000 990.2
1550000 988.5
1555000 990.6
1560000 991.9
1565000 992.4
1570000 985.8
1575000 993.2
1580000 991.5
1585000 993.3
1590000 992.2
1595000 991.5
1600000 990.0
1605000 907.1
1610000 928.2
1615000 981.6
1620000 990.8
1625000 990.7
1630000 989.6
1635000 988.2
1640000 994.4
1645000 989.6
1650000 991.8
1655000 997.1
1660000 990.0
1665000 979.2
1670000 987.9
1675000 988.7
1680000 986.0
1685000 994.0
1690000 990.9
1695000 984.9
1700000 988.6
1705000 989.6
1710000 989.9
1715000 994.0
1720000 987.5
1725000 987.1
1730000 984.9
1735000 989.6
1740000 983.8
1745000 946.8
1750000 990.3
1755000 985.3
1760000 992.5
1765000 869.3
1770000 980.4
1775000 992.9
1780000 984.2
1785000 978.8
1790000 990.6
1795000 987.0
1800000 987.8
1805000 991.2
1810000 984.2
1815000 995.6
1820000 979.0
1825000 986.3
1830000 984.6
1835000 990.5
1840000 981.9
1845000 989.9
1850000 993.3
1855000 991.9
1860000 987.8
1865000 993.1
1870000 988.8
1875000 989.1
1880000 988.7
1885000 990.6
1890000 990.3
1895000 995.7
1900000 992.4
1905000 981.8
1910000 988.8
1915000 996.2
1920000 992.1
1925000 985.3
1930000 990.0
1935000 981.8
1940000 992.7
1945000 997.4
1950000 988.8
1955000 988.8
1960000 992.2
1965000 994.0
1970000 992.7
1975000 981.9
1980000 992.6
1985000 989.0
1990000 994.0
1995000 986.6
2000000 990.8
