5000 113.2
10000 131.7
15000 489.0
20000 837.3
25000 854.4
30000 907.1
35000 882.6
40000 809.6
45000 905.6
50000 764.6
55000 832.5
60000 878.2
65000 882.8
70000 940.4
75000 934.0
80000 897.1
85000 943.1
90000 921.5
95000 945.4
100000 945.5
105000 934.5
110000 942.3
115000 937.0
120000 943.1
125000 939.6
130000 921.6
135000 965.1
140000 968.2
145000 961.8
150000 962.7
155000 961.5
160000 945.6
165000 956.5
170000 985.8
175000 975.0
180000 971.7
185000 969.1
190000 971.7
195000 963.7
200000 951.0
205000 974.5
210000 973.1
215000 963.3
220000 975.1
225000 980.6
230000 967.4
235000 978.0
240000 960.8
245000 970.1
250000 970.7
255000 972.5
260000 961.0
265000 973.4
270000 971.0
275000 974.0
280000 951.4
285000 984.4
290000 973.8
295000 976.3
300000 980.9
305000 979.7
310000 975.7
315000 975.5
320000 976.4
325000 976.2
330000 980.9
335000 979.0
340000 984.7
345000 978.2
350000 975.0
355000 991.4
360000 982.4
365000 979.0
370000 978.1
375000 986.8
380000 985.6
385000 985.4
390000 986.6
395000 975.9
400000 986.8
405000 970.2
410000 984.6
415000 983.3
420000 974.5
425000 979.6
430000 978.9
435000 984.7
440000 984.5
445000 975.4
450000 983.4
455000 979.0
460000 980.3
465000 974.6
470000 984.8
475000 982.3
480000 986.3
485000 983.2
490000 984.7
495000 985.4
500000 990.6
505000 974.2
510000 985.2
515000 981.5
520000 987.4
525000 983.8
530000 984.1
535000 987.4
540000 985.3
545000 988.0
550000 978.9
555000 989.9
560000 983.1
565000 980.6
570000 988.2
575000 985.7
580000 987.4
585000 990.2
590000 980.4
595000 987.5
600000 984.9
605000 987.2
610000 987.7
615000 983.1
620000 986.4
625000 978.7
630000 980.9
635000 986.9
640000 990.4
645000 987.6
650000 980.1
655000 981.6
660000 987.7
665000 982.3
670000 991.1
675000 982.5
680000 993.0
685000 990.1
690000 987.0
695000 989.0
700000 988.2
705000 989.4
710000 993.8
715000 988.4
720000 989.9
725000 982.5
730000 988.7
735000 989.0
740000 983.0
745000 935.8
750000 935.6
755000 935.7
760000 976.8
765000 992.1
770000 988.0
775000 991.1
780000 987.6
785000 984.2
790000 991.8
795000 984.1
800000 991.5
805000 971.8
810000 981.8
815000 983.3
820000 984.0
825000 988.4
830000 988.2
835000 990.9
840000 991.0
845000 983.5
850000 990.4
855000 992.0
860000 993.4
865000 994.3
870000 991.1
875000 996.3
880000 986.3
885000 986.7
890000 988.2
895000 986.8
900000 988.1
905000 990.4
910000 989.2
915000 992.0
920000 993.6
925000 988.5
930000 988.6
935000 988.4
940000 991.3
945000 988.4
950000 988.3
955000 993.5
960000 984.9
965000 973.0
970000 984.6
975000 985.8
980000 985.7
985000 983.0
990000 989.4
995000 991.5
1000000 988.5
1005000 988.6
1010000 986.5
1015000 988.3
1020000 993.6
1025000 992.8
1030000 986.3
1035000 989.4
1040000 992.5
1045000 993.6
1050000 986.7
1055000 988.5
1060000 993.2
1065000 928.0
1070000 991.5
1075000 995.0
1080000 993.3
1085000 993.5
1090000 988.1
1095000 985.4
1100000 993.7
1105000 984.4
1110000 986.1
1115000 987.8
1120000 988.1
1125000 981.0
1130000 958.0
1135000 981.3
1140000 981.8
1145000 987.3
1150000 991.6
1155000 987.1
1160000 985.4
1165000 987.7
1170000 983.6
1175000 988.6
1180000 979.7
1185000 990.2
1190000 986.5
1195000 993.6
1200000 987.5
1205000 990.9
1210000 989.8
1215000 991.7
1220000 986.5
1225000 990.4
1230000 984.9
1235000 985.9
1240000 985.4
1245000 965.1
1250000 993.1
1255000 990.8
1260000 991.5
1265000 976.1
1270000 990.1
1275000 985.3
1280000 986.6
1285000 913.2
1290000 977.6
1295000 974.2
1300000 989.6
1305000 991.6
1310000 990.8
1315000 991.0
1320000 987.4
1325000 991.6
1330000 980.5
1335000 982.4
1340000 977.1
1345000 985.3
1350000 988.6
1355000 994.4
1360000 984.1
1365000 990.6
1370000 981.1
1375000 988.3
1380000 988.7
1385000 993.2
1390000 990.8
1395000 993.1
1400000 993.0
1405000 988.3
1410000 899.4
1415000 985.7
1420000 891.3
1425000 990.9
1430000 989.9
1435000 992.7
1440000 995.6
1445000 750.5
1450000 968.0
1455000 987.9
1460000 983.5
1465000 990.0
1470000 987.3
1475000 983.6
1480000 989.2
1485000 992.0
1490000 992.3
1495000 993.9
1500000 988.4
1505000 987.9
1510000 987.9
1515000 991.1
1520000 989.3
1525000 988.8
1530000 988.1
1535000 975.5
1540000 980.7
1545000 985.8
1550000 991.6
1555000 984.3
1560000 990.4
1565000 987.2
1570000 990.7
1575000 984.7
1580000 994.6
1585000 994.0
1590000 985.6
1595000 988.6
1600000 991.1
1605000 753.7
1610000 950.7
1615000 985.3
1620000 972.8
1625000 992.3
1630000 988.1
1635000 988.6
1640000 996.1
1645000 991.7
1650000 990.0
1655000 991.9
1660000 992.3
1665000 992.9
1670000 991.2
1675000 991.9
1680000 987.8
1685000 989.9
1690000 988.9
1695000 990.6
1700000 983.0
1705000 988.6
1710000 991.0
1715000 993.3
1720000 988.0
1725000 988.4
1730000 987.2
1735000 986.7
1740000 994.8
1745000 980.4
1750000 982.7
1755000 993.2
1760000 991.6
1765000 974.2
1770000 967.3
1775000 968.3
1780000 988.8
1785000 987.9
1790000 990.7
1795000 992.7
1800000 990.6
1805000 993.9
1810000 988.8
1815000 995.0
1820000 991.3
1825000 992.1
1830000 988.3
1835000 991.5
1840000 986.1
1845000 991.0
1850000 990.6
1855000 993.3
1860000 993.5
1865000 982.2
1870000 987.0
1875000 998.6
1880000 986.6
1885000 989.3
1890000 991.0
1895000 992.4
1900000 992.8
1905000 990.7
1910000 988.2
1915000 994.9
1920000 989.2
1925000 992.9
1930000 988.9
1935000 994.1
1940000 988.3
1945000 990.9
1950000 984.3
1955000 991.9
1960000 989.4
1965000 991.2
1970000 992.8
1975000 991.6
1980000 987.8
1985000 991.8
1990000 994.0
1995000 979.9
2000000 991.6
