5000 136.4
10000 144.1
15000 419.2
20000 505.6
25000 800.1
30000 828.1
35000 865.5
40000 933.8
45000 842.8
50000 917.6
55000 904.4
60000 847.6
65000 923.7
70000 947.1
75000 914.5
80000 939.6
85000 919.1
90000 950.0
95000 919.1
100000 976.4
105000 963.4
110000 975.8
115000 903.4
120000 973.1
125000 957.0
130000 953.2
135000 925.1
140000 956.8
145000 973.4
150000 960.1
155000 950.9
160000 909.0
165000 976.9
170000 981.9
175000 980.7
180000 985.3
185000 986.3
190000 977.5
195000 977.4
200000 978.2
205000 965.0
210000 975.8
215000 981.0
220000 974.0
225000 981.5
230000 978.3
235000 977.1
240000 972.2
245000 968.5
250000 982.5
255000 975.5
260000 975.0
265000 977.3
270000 973.5
275000 983.9
280000 983.3
285000 983.4
290000 986.0
295000 977.3
300000 980.4
305000 981.9
310000 987.0
315000 978.8
320000 976.6
325000 978.2
330000 981.3
335000 981.8
340000 981.0
345000 983.6
350000 981.3
355000 971.3
360000 986.7
365000 987.9
370000 978.2
375000 978.4
380000 981.8
385000 973.3
390000 977.7
395000 989.5
400000 984.1
405000 989.5
410000 981.3
415000 983.1
420000 984.8
425000 985.1
430000 989.9
435000 976.4
440000 983.4
445000 980.4
450000 989.5
455000 989.0
460000 980.9
465000 973.1
470000 982.1
475000 987.5
480000 984.7
485000 983.8
490000 978.2
495000 985.5
500000 979.4
505000 984.3
510000 981.6
515000 987.4
520000 992.9
525000 979.4
530000 975.2
535000 989.0
540000 974.7
545000 984.9
550000 988.8
555000 988.4
560000 984.9
565000 986.4
570000 989.9
575000 992.7
580000 983.5
585000 986.5
590000 983.2
595000 989.8
600000 989.9
605000 987.7
610000 990.1
615000 985.0
620000 992.1
625000 991.6
630000 988.5
635000 985.8
640000 990.9
645000 972.9
650000 988.0
655000 985.8
660000 986.2
665000 988.8
670000 987.8
675000 986.0
680000 993.2
685000 988.1
690000 988.2
695000 982.6
700000 981.3
705000 983.9
710000 990.4
715000 984.2
720000 985.6
725000 984.1
730000 988.2
735000 986.9
740000 753.3
745000 990.4
750000 983.3
755000 986.1
760000 992.9
765000 989.0
770000 989.2
775000 979.7
780000 991.1
785000 989.2
790000 988.1
795000 988.0
800000 986.1
805000 971.9
810000 987.3
815000 983.5
820000 983.9
825000 989.6
830000 990.0
835000 987.7
840000 992.2
845000 987.1
850000 992.4
855000 997.8
860000 989.9
865000 990.2
870000 984.4
875000 992.3
880000 989.0
885000 989.0
890000 990.7
895000 998.0
900000 984.8
905000 987.4
910000 982.9
915000 988.7
920000 990.6
925000 988.5
930000 992.2
935000 990.9
940000 991.7
945000 990.1
950000 994.4
955000 989.8
960000 967.6
965000 983.6
970000 986.2
975000 984.1
980000 989.2
985000 987.0
990000 992.8
995000 986.3
1000000 990.6
1005000 979.9
1010000 991.3
1015000 992.8
1020000 986.4
1025000 990.0
1030000 993.0
1035000 988.6
1040000 987.5
1045000 989.6
1050000 992.1
1055000 990.5
1060000 989.9
1065000 983.8
1070000 982.6
1075000 989.9
1080000 990.1
1085000 986.9
1090000 989.3
1095000 989.0
1100000 994.4
1105000 990.9
1110000 987.3
1115000 989.7
1120000 988.7
1125000 740.5
1130000 984.9
1135000 984.9
1140000 989.0
1145000 987.8
1150000 987.1
1155000 991.4
1160000 987.6
1165000 990.2
1170000 988.0
1175000 991.6
1180000 989.7
1185000 991.4
1190000 989.4
1195000 991.8
1200000 992.8
1205000 900.9
1210000 992.6
1215000 995.7
1220000 996.4
1225000 988.6
1230000 985.7
1235000 986.4
1240000 989.3
1245000 987.8
1250000 990.5
1255000 994.7
1260000 990.5
1265000 986.8
1270000 986.3
1275000 987.9
1280000 991.6
1285000 934.9
1290000 979.2
1295000 989.7
1300000 988.4
1305000 991.9
1310000 987.3
1315000 987.9
1320000 989.5
1325000 991.0
1330000 987.0
1335000 988.8
1340000 985.8
1345000 981.8
1350000 987.5
1355000 987.5
1360000 985.3
1365000 989.2
1370000 985.2
1375000 981.8
1380000 994.6
1385000 993.1
1390000 988.4
1395000 989.9
1400000 989.3
1405000 987.6
1410000 988.8
1415000 992.1
1420000 988.5
1425000 981.3
1430000 991.6
1435000 992.4
1440000 986.4
1445000 970.4
1450000 978.8
1455000 982.0
1460000 991.0
1465000 990.1
1470000 994.0
1475000 988.7
1480000 989.2
1485000 990.5
1490000 985.0
1495000 989.4
1500000 989.9
1505000 992.4
1510000 990.9
1515000 984.6
1520000 987.4
1525000 990.1
1530000 993.2
1535000 993.2
1540000 991.5
1545000 994.9
1550000 989.1
1555000 975.8
1560000 984.6
1565000 985.0
1570000 992.0
1575000 988.8
1580000 981.0
1585000 988.2
1590000 984.3
1595000 985.6
1600000 985.3
1605000 930.8
1610000 988.3
1615000 990.6
1620000 987.5
1625000 986.7
1630000 990.2
1635000 991.2
1640000 983.1
1645000 985.9
1650000 984.2
1655000 990.0
1660000 988.6
1665000 989.8
1670000 988.6
1675000 986.9
1680000 987.4
1685000 989.3
1690000 989.3
1695000 988.1
1700000 985.9
1705000 986.5
1710000 994.8
1715000 991.0
1720000 985.7
1725000 992.3
1730000 984.0
1735000 987.7
1740000 990.4
1745000 991.4
1750000 984.8
1755000 996.0
1760000 986.6
1765000 970.1
1770000 984.5
1775000 991.1
1780000 983.9
1785000 975.0
1790000 987.3
1795000 990.7
1800000 992.9
1805000 983.2
1810000 990.5
1815000 993.5
1820000 991.2
1825000 991.4
1830000 990.9
1835000 993.1
1840000 991.9
1845000 990.6
1850000 991.6
1855000 987.8
1860000 986.9
1865000 995.4
1870000 991.0
1875000 990.4
1880000 992.1
1885000 989.2
1890000 986.4
1895000 989.6
1900000 989.4
1905000 985.9
1910000 989.3
1915000 990.6
1920000 993.6
1925000 992.8
1930000 989.5
1935000 991.3
1940000 987.0
1945000 990.2
1950000 987.8
1955000 994.0
1960000 988.2
1965000 995.5
1970000 990.0
1975000 991.2
1980000 991.5
1985000 986.9
1990000 988.8
1995000 994.0
2000000 991.4
