5000 96.5
10000 104.2
15000 356.7
20000 492.7
25000 580.0
30000 654.4
35000 805.1
40000 914.7
45000 806.0
50000 925.8
55000 906.9
60000 929.2
65000 948.6
70000 955.3
75000 908.3
80000 898.9
85000 869.9
90000 853.6
95000 887.5
100000 927.0
105000 926.2
110000 815.9
115000 895.2
120000 845.2
125000 848.7
130000 921.9
135000 921.7
140000 957.8
145000 939.5
150000 918.3
155000 912.8
160000 934.7
165000 987.1
170000 972.5
175000 975.7
180000 972.0
185000 925.1
190000 974.2
195000 980.7
200000 978.5
205000 975.1
210000 974.4
215000 974.7
220000 979.0
225000 978.6
230000 983.1
235000 984.4
240000 978.9
245000 977.6
250000 984.7
255000 981.3
260000 991.5
265000 983.7
270000 977.9
275000 976.2
280000 984.5
285000 976.5
290000 963.0
295000 975.8
300000 969.6
305000 971.6
310000 985.1
315000 942.5
320000 983.4
325000 982.1
330000 982.0
335000 980.9
340000 981.8
345000 982.3
350000 983.1
355000 985.6
360000 984.1
365000 988.1
370000 981.9
375000 982.7
380000 988.1
385000 987.2
390000 986.8
395000 991.4
400000 991.7
405000 978.3
410000 981.3
415000 983.4
420000 982.8
425000 981.0
430000 965.7
435000 961.7
440000 991.4
445000 978.1
450000 978.9
455000 985.8
460000 986.0
465000 978.6
470000 978.7
475000 976.1
480000 981.5
485000 976.0
490000 980.8
495000 990.4
500000 987.8
505000 988.4
510000 985.1
515000 981.2
520000 990.0
525000 987.8
530000 990.7
535000 986.4
540000 989.4
545000 983.3
550000 985.4
555000 991.5
560000 992.4
565000 989.4
570000 983.5
575000 985.3
580000 988.6
585000 991.7
590000 984.2
595000 988.9
600000 989.5
605000 985.8
610000 987.8
615000 991.5
620000 987.2
625000 986.5
630000 990.9
635000 978.0
640000 971.9
645000 982.3
650000 983.6
655000 991.4
660000 987.6
665000 977.5
670000 990.7
675000 991.6
680000 986.9
685000 984.3
690000 995.4
695000 986.7
700000 987.3
705000 991.3
710000 988.4
715000 989.1
720000 991.3
725000 989.7
730000 989.2
735000 992.7
740000 986.8
745000 988.1
750000 988.8
755000 983.2
760000 984.2
765000 989.3
770000 985.0
775000 985.5
780000 974.9
785000 984.3
790000 986.2
795000 990.9
800000 989.8
805000 985.2
810000 989.0
815000 983.7
820000 986.3
825000 988.5
830000 985.1
835000 987.5
840000 984.2
845000 988.0
850000 991.0
855000 989.3
860000 982.4
865000 989.4
870000 993.3
875000 989.7
880000 992.9
885000 985.0
890000 987.9
895000 986.2
900000 988.0
905000 993.9
910000 989.4
915000 989.4
920000 990.0
925000 993.7
930000 984.0
935000 991.5
940000 989.7
945000 990.4
950000 988.0
955000 988.8
960000 983.1
965000 977.6
970000 988.5
975000 987.0
980000 989.2
985000 991.1
990000 985.8
995000 984.1
1000000 984.4
1005000 992.0
1010000 992.4
1015000 995.6
1020000 991.3
1025000 993.7
1030000 988.0
1035000 982.7
1040000 994.4
1045000 990.4
1050000 985.4
1055000 987.7
1060000 990.3
1065000 993.9
1070000 994.8
1075000 991.5
1080000 993.4
1085000 991.3
1090000 990.1
1095000 994.0
1100000 992.4
1105000 994.2
1110000 990.5
1115000 989.6
1120000 986.1
1125000 887.6
1130000 985.6
1135000 984.9
1140000 987.4
1145000 986.4
1150000 988.7
1155000 987.9
1160000 993.0
1165000 990.8
1170000 981.3
1175000 984.4
1180000 987.1
1185000 990.1
1190000 989.5
1195000 990.3
1200000 985.8
1205000 988.7
1210000 988.3
1215000 989.8
1220000 989.0
1225000 992.4
1230000 995.3
1235000 987.1
1240000 993.7
1245000 988.0
1250000 990.5
1255000 991.1
1260000 989.5
1265000 991.4
1270000 994.1
1275000 987.5
1280000 994.0
1285000 921.9
1290000 989.1
1295000 994.0
1300000 988.5
1305000 987.9
1310000 991.8
1315000 989.0
1320000 982.9
1325000 979.0
1330000 990.6
1335000 986.5
1340000 982.8
1345000 991.6
1350000 988.9
1355000 931.2
1360000 985.6
1365000 987.5
1370000 936.2
1375000 986.1
1380000 990.5
1385000 992.5
1390000 987.3
1395000 990.3
1400000 997.2
1405000 992.9
1410000 988.6
1415000 989.0
1420000 989.5
1425000 991.5
1430000 986.8
1435000 990.6
1440000 992.7
1445000 938.7
1450000 983.2
1455000 986.3
1460000 990.4
1465000 987.0
1470000 993.0
1475000 989.6
1480000 991.8
1485000 984.8
1490000 993.7
1495000 990.9
1500000 989.2
1505000 993.8
1510000 993.5
1515000 988.9
1520000 993.1
1525000 989.9
1530000 986.1
1535000 993.6
1540000 987.7
1545000 987.8
1550000 988.1
1555000 989.9
1560000 987.8
1565000 991.3
1570000 986.7
1575000 989.4
1580000 994.0
1585000 990.8
1590000 992.1
1595000 990.6
1600000 990.9
1605000 946.8
1610000 983.5
1615000 981.7
1620000 991.9
1625000 985.9
1630000 986.8
1635000 988.8
1640000 990.5
1645000 984.9
1650000 989.6
1655000 989.5
1660000 993.1
1665000 990.7
1670000 989.3
1675000 990.1
1680000 981.6
1685000 990.8
1690000 983.7
1695000 991.7
1700000 995.3
1705000 992.1
1710000 990.6
1715000 993.7
1720000 989.7
1725000 989.6
1730000 989.9
1735000 984.5
1740000 989.8
1745000 994.9
1750000 990.5
1755000 992.1
1760000 985.1
1765000 853.9
1770000 971.9
1775000 990.3
1780000 992.8
1785000 987.2
1790000 985.5
1795000 989.8
1800000 977.9
1805000 992.4
1810000 989.6
1815000 991.2
1820000 990.2
1825000 974.2
1830000 987.7
1835000 991.3
1840000 982.6
1845000 992.6
1850000 996.3
1855000 993.2
1860000 987.9
1865000 989.9
1870000 989.9
1875000 987.2
1880000 988.3
1885000 986.2
1890000 990.6
1895000 989.3
1900000 988.4
1905000 988.0
1910000 989.1
1915000 990.9
1920000 991.3
1925000 986.8
1930000 988.9
1935000 990.9
1940000 986.8
1945000 987.5
1950000 989.8
1955000 989.0
1960000 985.3
1965000 990.0
1970000 990.3
1975000 988.0
1980000 986.8
1985000 992.5
1990000 985.4
1995000 993.6
2000000 990.3
