5000 105.1
10000 131.2
15000 415.6
20000 505.2
25000 756.9
30000 746.3
35000 861.0
40000 837.4
45000 872.6
50000 837.5
55000 892.6
60000 837.4
65000 910.8
70000 957.1
75000 952.9
80000 887.2
85000 919.4
90000 882.0
95000 927.0
100000 838.2
105000 207.3
110000 970.2
115000 953.7
120000 955.1
125000 940.5
130000 133.6
135000 900.9
140000 902.0
145000 949.0
150000 967.8
155000 944.3
160000 963.0
165000 971.6
170000 984.2
175000 962.3
180000 974.9
185000 971.1
190000 973.1
195000 970.3
200000 980.0
205000 970.1
210000 977.3
215000 977.7
220000 985.4
225000 987.1
230000 972.9
235000 967.2
240000 921.0
245000 964.0
250000 964.1
255000 971.3
260000 962.9
265000 966.2
270000 987.1
275000 973.4
280000 983.2
285000 978.6
290000 984.1
295000 980.0
300000 984.8
305000 976.4
310000 979.2
315000 980.9
320000 978.6
325000 982.9
330000 985.7
335000 983.6
340000 986.6
345000 984.3
350000 978.9
355000 981.2
360000 984.8
365000 982.6
370000 986.9
375000 984.6
380000 983.2
385000 986.5
390000 989.7
395000 891.0
400000 984.4
405000 982.2
410000 980.3
415000 987.9
420000 976.0
425000 976.3
430000 985.4
435000 978.7
440000 982.2
445000 991.1
450000 982.8
455000 983.2
460000 980.9
465000 983.4
470000 979.1
475000 990.4
480000 980.3
485000 969.3
490000 983.5
495000 983.8
500000 975.3
505000 978.1
510000 989.2
515000 992.6
520000 992.9
525000 988.6
530000 990.0
535000 985.6
540000 989.7
545000 981.0
550000 982.0
555000 989.0
560000 986.6
565000 989.7
570000 984.5
575000 990.9
580000 991.1
585000 991.5
590000 988.4
595000 992.2
600000 986.6
605000 984.7
610000 980.8
615000 979.1
620000 981.4
625000 985.2
630000 987.0
635000 990.7
640000 989.0
645000 974.5
650000 953.9
655000 980.2
660000 991.1
665000 988.3
670000 987.7
675000 985.3
680000 990.1
685000 986.9
690000 982.2
695000 990.3
700000 983.1
705000 988.5
710000 989.0
715000 981.9
720000 989.9
725000 983.8
730000 988.2
735000 987.9
740000 989.1
745000 988.1
750000 989.1
755000 989.4
760000 983.8
765000 991.4
770000 991.7
775000 982.2
780000 979.4
785000 989.4
790000 991.3
795000 984.2
800000 984.7
805000 989.3
810000 983.6
815000 988.1
820000 987.0
825000 990.8
830000 984.1
835000 986.0
840000 995.6
845000 987.2
850000 985.0
855000 972.8
860000 991.1
865000 990.6
870000 992.2
875000 987.3
880000 987.3
885000 990.3
890000 987.6
895000 989.1
900000 995.4
905000 992.2
910000 991.2
915000 988.8
920000 974.8
925000 992.4
930000 988.4
935000 990.5
940000 987.8
945000 991.2
950000 990.9
955000 993.0
960000 969.5
965000 980.8
970000 990.6
975000 990.5
980000 993.5
985000 989.4
990000 987.4
995000 992.3
1000000 988.0
1005000 991.3
1010000 984.3
1015000 987.9
1020000 990.1
1025000 992.1
1030000 988.8
1035000 986.8
1040000 993.3
1045000 991.0
1050000 990.4
1055000 994.5
1060000 990.1
1065000 994.6
1070000 989.7
1075000 986.9
1080000 988.3
1085000 987.8
1090000 989.0
1095000 986.1
1100000 992.6
1105000 990.2
1110000 990.4
1115000 994.9
1120000 987.8
1125000 927.4
1130000 960.2
1135000 981.9
1140000 928.6
1145000 991.0
1150000 980.9
1155000 988.9
1160000 987.2
1165000 991.7
1170000 986.5
1175000 996.5
1180000 993.5
1185000 995.4
1190000 995.3
1195000 987.1
1200000 988.7
1205000 996.6
1210000 988.2
1215000 973.9
1220000 990.4
1225000 988.5
1230000 991.4
1235000 990.6
1240000 991.7
1245000 994.0
1250000 988.7
1255000 990.2
1260000 992.6
1265000 978.8
1270000 986.8
1275000 988.0
1280000 991.3
1285000 767.0
1290000 983.6
1295000 988.3
1300000 970.9
1305000 986.7
1310000 983.0
1315000 981.3
1320000 984.4
1325000 990.2
1330000 991.0
1335000 990.8
1340000 987.1
1345000 989.1
1350000 991.4
1355000 989.1
1360000 988.8
1365000 990.3
1370000 986.1
1375000 984.6
1380000 989.0
1385000 991.3
1390000 992.3
1395000 991.1
1400000 984.9
1405000 985.0
1410000 989.0
1415000 986.4
1420000 996.6
1425000 989.5
1430000 987.0
1435000 990.6
1440000 988.7
1445000 927.9
1450000 986.2
1455000 969.6
1460000 982.9
1465000 990.8
1470000 988.9
1475000 990.1
1480000 988.8
1485000 989.3
1490000 990.3
1495000 993.1
1500000 986.9
1505000 993.4
1510000 985.3
1515000 987.1
1520000 990.6
1525000 993.3
1530000 991.1
1535000 992.9
1540000 986.0
1545000 987.3
1550000 978.9
1555000 994.1
1560000 991.3
1565000 987.4
1570000 986.1
1575000 986.8
1580000 984.0
1585000 989.1
1590000 992.7
1595000 986.6
1600000 993.3
1605000 884.3
1610000 982.1
1615000 991.4
1620000 986.1
1625000 988.9
1630000 897.1
1635000 987.7
1640000 989.3
1645000 985.6
1650000 994.4
1655000 987.5
1660000 988.5
1665000 988.0
1670000 993.6
1675000 986.9
1680000 991.6
1685000 993.8
1690000 983.1
1695000 992.8
1700000 995.0
1705000 988.9
1710000 985.6
1715000 993.5
1720000 985.6
1725000 991.8
1730000 992.7
1735000 988.0
1740000 989.2
1745000 983.4
1750000 994.7
1755000 984.8
1760000 989.2
1765000 956.8
1770000 978.8
1775000 985.4
1780000 986.8
1785000 990.9
1790000 992.9
1795000 989.8
1800000 982.1
1805000 993.8
1810000 989.2
1815000 992.6
1820000 990.2
1825000 991.6
1830000 988.3
1835000 991.2
1840000 984.2
1845000 993.1
1850000 990.5
1855000 987.1
1860000 986.5
1865000 988.6
1870000 992.7
1875000 989.9
1880000 993.8
1885000 992.1
1890000 988.1
1895000 986.9
1900000 988.1
1905000 989.5
1910000 990.9
1915000 984.7
1920000 989.0
1925000 994.8
1930000 994.2
1935000 988.9
1940000 990.6
1945000 990.7
1950000 987.5
1955000 995.5
1960000 990.6
1965000 987.0
1970000 996.0
1975000 991.7
1980000 990.2
1985000 989.5
1990000 989.8
1995000 991.6
2000000 986.7
