5000 53.4
10000 83.6
15000 89.1
20000 93.9
25000 59.4
30000 123.7
35000 66.3
40000 66.9
45000 77.3
50000 86.4
55000 83.5
60000 85.1
65000 183.5
70000 121.5
75000 157.2
80000 70.4
85000 166.1
90000 117.9
95000 247.8
100000 198.2
105000 295.4
110000 336.6
115000 39.8
120000 198.4
125000 214.0
130000 148.9
135000 58.1
140000 62.5
145000 209.4
150000 256.2
155000 278.1
160000 86.9
165000 297.9
170000 51.7
175000 378.4
180000 163.0
185000 224.5
190000 251.4
195000 172.5
200000 265.1
205000 127.9
210000 218.7
215000 151.2
220000 321.8
225000 576.3
230000 280.0
235000 53.7
240000 153.9
245000 339.2
250000 421.9
255000 506.9
260000 186.1
265000 441.0
270000 595.7
275000 301.7
280000 392.9
285000 452.1
290000 357.3
295000 405.9
300000 230.9
305000 508.7
310000 314.5
315000 508.6
320000 310.7
325000 305.5
330000 497.6
335000 428.7
340000 593.9
345000 216.1
350000 704.3
355000 253.0
360000 460.4
365000 496.2
370000 421.4
375000 369.1
380000 435.9
385000 666.7
390000 309.4
395000 431.4
400000 408.9
405000 559.9
410000 374.6
415000 439.2
420000 536.7
425000 443.6
430000 393.5
435000 384.5
440000 375.7
445000 690.1
450000 620.0
455000 485.2
460000 483.1
465000 493.4
470000 446.4
475000 312.5
480000 285.9
485000 426.5
490000 409.5
495000 477.0
500000 339.1
505000 486.8
510000 514.2
515000 416.8
520000 590.7
525000 209.7
530000 474.3
535000 448.5
540000 382.9
545000 617.3
550000 549.7
555000 570.3
560000 497.1
565000 487.2
570000 388.8
575000 509.0
580000 409.0
585000 543.4
590000 508.4
595000 562.2
600000 733.7
605000 522.2
610000 601.5
615000 496.3
620000 728.9
625000 572.5
630000 630.0
635000 765.4
640000 428.9
645000 437.4
650000 557.2
655000 626.1
660000 505.4
665000 739.0
670000 734.7
675000 661.9
680000 629.8
685000 574.5
690000 443.6
695000 494.7
700000 611.7
705000 500.0
710000 795.1
715000 632.0
720000 516.6
725000 465.2
730000 409.9
735000 469.3
740000 453.5
745000 525.4
750000 506.1
755000 545.4
760000 590.7
765000 517.3
770000 631.0
775000 562.8
780000 603.1
785000 527.6
790000 535.8
795000 618.0
800000 721.3
805000 676.8
810000 714.8
815000 623.7
820000 300.6
825000 645.0
830000 535.0
835000 541.5
840000 764.8
845000 460.7
850000 342.8
855000 557.1
860000 641.8
865000 630.6
870000 726.2
875000 648.1
880000 706.0
885000 445.0
890000 823.5
895000 675.1
900000 827.3
905000 630.3
910000 506.4
915000 513.3
920000 619.3
925000 632.4
930000 780.7
935000 603.6
940000 567.8
945000 704.9
950000 641.6
955000 499.3
960000 518.2
965000 773.0
970000 572.5
975000 620.3
980000 624.4
985000 574.8
990000 725.7
995000 788.8
1000000 620.2
1005000 578.3
1010000 371.5
1015000 732.4
1020000 564.2
1025000 467.1
1030000 693.3
1035000 571.3
1040000 638.6
1045000 661.9
1050000 597.4
1055000 308.7
1060000 554.0
1065000 533.7
1070000 677.4
1075000 475.3
1080000 625.0
1085000 614.8
1090000 531.5
1095000 515.3
1100000 835.7
1105000 628.1
1110000 284.1
1115000 598.9
1120000 664.0
1125000 494.8
1130000 667.8
1135000 494.5
1140000 653.2
1145000 826.8
1150000 645.3
1155000 253.1
1160000 662.9
1165000 557.1
1170000 605.5
1175000 633.9
1180000 444.0
1185000 682.3
1190000 629.6
1195000 455.1
1200000 589.9
1205000 707.5
1210000 490.4
1215000 612.2
1220000 590.2
1225000 571.0
1230000 660.4
1235000 710.3
1240000 532.7
1245000 739.0
1250000 584.7
1255000 536.7
1260000 482.8
1265000 547.4
1270000 660.4
1275000 585.2
1280000 564.6
1285000 401.8
1290000 687.0
1295000 647.6
1300000 648.4
1305000 736.2
1310000 684.3
1315000 465.5
1320000 474.2
1325000 711.1
1330000 697.9
1335000 539.7
1340000 587.3
1345000 435.2
1350000 623.4
1355000 542.5
1360000 551.7
1365000 730.0
1370000 703.6
1375000 649.8
1380000 738.1
1385000 624.1
1390000 585.2
1395000 453.4
1400000 535.7
1405000 570.4
1410000 511.2
1415000 565.4
1420000 743.3
1425000 679.3
1430000 655.0
1435000 492.0
1440000 747.5
1445000 717.4
1450000 392.9
1455000 625.8
1460000 661.5
1465000 722.4
1470000 605.1
1475000 565.7
1480000 456.6
1485000 622.3
1490000 640.8
1495000 706.7
1500000 649.3
1505000 579.2
1510000 552.4
1515000 595.3
1520000 704.0
1525000 671.0
1530000 649.1
1535000 509.0
1540000 564.1
1545000 748.6
1550000 701.3
1555000 445.6
1560000 656.0
1565000 560.1
1570000 706.5
1575000 769.8
1580000 576.0
1585000 552.3
1590000 713.9
1595000 721.0
1600000 751.9
1605000 612.8
1610000 523.3
1615000 636.1
1620000 649.8
1625000 556.2
1630000 682.9
1635000 593.8
1640000 464.0
1645000 557.9
1650000 532.2
1655000 635.6
1660000 730.5
1665000 512.3
1670000 722.5
1675000 633.5
1680000 769.8
1685000 521.4
1690000 703.2
1695000 649.8
1700000 595.2
1705000 728.0
1710000 674.4
1715000 719.7
1720000 393.0
1725000 689.0
1730000 691.9
1735000 798.4
1740000 627.7
1745000 462.7
1750000 499.1
1755000 614.1
1760000 533.6
1765000 702.3
1770000 710.6
1775000 560.8
1780000 727.4
1785000 571.4
1790000 568.3
1795000 563.0
1800000 658.2
1805000 512.0
1810000 609.9
1815000 778.3
1820000 548.4
1825000 765.9
1830000 726.2
1835000 602.1
1840000 587.3
1845000 523.1
1850000 782.1
1855000 691.4
1860000 737.7
1865000 621.4
1870000 554.2
1875000 693.0
1880000 658.4
1885000 575.2
1890000 637.0
1895000 609.2
1900000 636.6
1905000 648.6
1910000 706.7
1915000 590.2
1920000 595.3
1925000 616.4
1930000 619.3
1935000 490.5
1940000 459.2
1945000 594.8
1950000 656.6
1955000 570.7
1960000 745.7
1965000 518.2
1970000 591.9
1975000 624.3
1980000 637.5
1985000 680.4
1990000 558.0
1995000 595.6
2000000 552.0
