5000 83.8
10000 64.8
15000 88.7
20000 57.1
25000 63.6
30000 86.5
35000 63.7
40000 197.2
45000 184.0
50000 109.9
55000 86.3
60000 59.6
65000 59.7
70000 101.6
75000 158.2
80000 105.4
85000 150.5
90000 168.1
95000 71.3
100000 136.3
105000 139.6
110000 142.1
115000 244.5
120000 178.1
125000 117.4
130000 227.6
135000 71.2
140000 230.5
145000 178.6
150000 290.4
155000 228.6
160000 187.1
165000 564.7
170000 181.0
175000 162.2
180000 201.3
185000 302.6
190000 387.7
195000 174.9
200000 335.1
205000 224.8
210000 252.0
215000 194.9
220000 289.5
225000 134.3
230000 480.6
235000 230.7
240000 341.0
245000 366.7
250000 271.4
255000 181.8
260000 253.3
265000 268.8
270000 351.9
275000 346.6
280000 207.3
285000 295.8
290000 193.4
295000 196.6
300000 357.9
305000 479.6
310000 410.9
315000 470.9
320000 310.0
325000 322.7
330000 350.2
335000 420.5
340000 332.5
345000 352.7
350000 438.0
355000 441.5
360000 570.7
365000 554.4
370000 465.8
375000 558.7
380000 665.1
385000 307.4
390000 481.2
395000 301.9
400000 382.4
405000 454.9
410000 424.1
415000 456.9
420000 419.9
425000 595.6
430000 564.8
435000 515.7
440000 651.2
445000 582.2
450000 548.5
455000 580.5
460000 660.6
465000 591.6
470000 790.7
475000 480.3
480000 609.1
485000 507.0
490000 606.5
495000 408.9
500000 408.3
505000 462.0
510000 532.7
515000 655.4
520000 444.5
525000 417.0
530000 598.8
535000 698.8
540000 341.1
545000 530.4
550000 649.1
555000 390.9
560000 610.6
565000 599.5
570000 731.2
575000 696.1
580000 665.2
585000 733.1
590000 431.6
595000 414.3
600000 559.2
605000 541.7
610000 533.7
615000 410.4
620000 711.0
625000 616.9
630000 575.4
635000 538.4
640000 647.7
645000 648.1
650000 510.2
655000 590.8
660000 495.0
665000 627.7
670000 661.0
675000 568.3
680000 607.6
685000 655.8
690000 502.4
695000 411.6
700000 737.3
705000 423.8
710000 539.6
715000 799.6
720000 632.4
725000 487.7
730000 584.8
735000 631.9
740000 520.9
745000 551.7
750000 486.4
755000 549.0
760000 405.0
765000 579.7
770000 487.7
775000 690.6
780000 677.6
785000 590.7
790000 498.5
795000 435.8
800000 704.7
805000 598.9
810000 536.4
815000 419.4
820000 555.7
825000 514.3
830000 583.1
835000 492.2
840000 718.5
845000 511.7
850000 671.0
855000 683.3
860000 529.5
865000 688.4
870000 600.1
875000 633.6
880000 729.2
885000 736.3
890000 644.1
895000 658.1
900000 586.9
905000 816.9
910000 547.5
915000 816.6
920000 769.2
925000 490.5
930000 569.0
935000 606.1
940000 295.3
945000 629.1
950000 562.3
955000 801.1
960000 730.0
965000 649.1
970000 548.5
975000 678.7
980000 476.0
985000 666.5
990000 588.9
995000 450.0
1000000 611.9
1005000 748.0
1010000 764.7
1015000 590.4
1020000 722.0
1025000 578.6
1030000 772.9
1035000 575.7
1040000 661.0
1045000 591.3
1050000 771.2
1055000 739.1
1060000 618.7
1065000 625.1
1070000 729.4
1075000 724.8
1080000 730.1
1085000 755.4
1090000 727.6
1095000 665.8
1100000 650.7
1105000 569.7
1110000 758.1
1115000 533.4
1120000 659.4
1125000 643.3
1130000 680.1
1135000 597.8
1140000 565.3
1145000 786.9
1150000 506.2
1155000 632.6
1160000 602.8
1165000 651.7
1170000 631.2
1175000 659.5
1180000 593.9
1185000 688.3
1190000 638.3
1195000 772.1
1200000 267.4
1205000 551.3
1210000 548.0
1215000 600.2
1220000 428.8
1225000 410.4
1230000 565.3
1235000 499.8
1240000 536.4
1245000 625.7
1250000 444.2
1255000 702.2
1260000 721.0
1265000 527.1
1270000 686.2
1275000 580.9
1280000 575.4
1285000 738.1
1290000 779.6
1295000 640.8
1300000 539.3
1305000 661.2
1310000 530.7
1315000 626.3
1320000 635.2
1325000 568.9
1330000 588.1
1335000 659.9
1340000 820.0
1345000 567.4
1350000 670.3
1355000 651.6
1360000 838.1
1365000 306.6
1370000 608.9
1375000 571.2
1380000 665.1
1385000 538.7
1390000 769.6
1395000 544.0
1400000 629.7
1405000 559.6
1410000 615.3
1415000 441.2
1420000 720.3
1425000 679.5
1430000 697.5
1435000 644.4
1440000 728.2
1445000 578.3
1450000 716.6
1455000 664.2
1460000 429.7
1465000 699.1
1470000 696.8
1475000 670.4
1480000 534.6
1485000 596.9
1490000 536.4
1495000 546.2
1500000 791.6
1505000 566.8
1510000 644.8
1515000 489.3
1520000 473.7
1525000 631.0
1530000 777.5
1535000 487.3
1540000 625.4
1545000 655.4
1550000 477.3
1555000 739.6
1560000 698.8
1565000 525.3
1570000 535.6
1575000 584.1
1580000 727.2
1585000 680.8
1590000 726.0
1595000 672.9
1600000 601.0
1605000 813.1
1610000 724.7
1615000 670.8
1620000 606.7
1625000 802.4
1630000 772.6
1635000 589.6
1640000 591.4
1645000 702.9
1650000 730.1
1655000 607.0
1660000 624.3
1665000 632.1
1670000 708.1
1675000 722.9
1680000 674.9
1685000 587.8
1690000 472.2
1695000 608.7
1700000 688.5
1705000 649.5
1710000 696.5
1715000 621.1
1720000 576.1
1725000 709.9
1730000 732.4
1735000 541.1
1740000 748.5
1745000 555.2
1750000 671.8
1755000 550.4
1760000 770.6
1765000 807.8
1770000 685.4
1775000 587.3
1780000 660.6
1785000 684.1
1790000 643.2
1795000 632.5
1800000 521.6
1805000 628.2
1810000 637.3
1815000 719.3
1820000 727.3
1825000 747.2
1830000 666.2
1835000 580.8
1840000 556.8
1845000 686.8
1850000 503.5
1855000 677.9
1860000 515.3
1865000 705.1
1870000 492.8
1875000 393.7
1880000 717.1
1885000 806.0
1890000 571.7
1895000 528.3
1900000 651.5
1905000 726.5
1910000 616.1
1915000 515.2
1920000 681.7
1925000 487.1
1930000 652.8
1935000 711.4
1940000 744.6
1945000 747.3
1950000 722.4
1955000 568.5
1960000 572.0
1965000 615.0
1970000 559.4
1975000 759.3
1980000 688.5
1985000 769.8
1990000 465.3
1995000 673.0
2000000 695.8
