5000 70.9
10000 86.3
15000 59.9
20000 62.6
25000 85.7
30000 71.7
35000 74.8
40000 136.5
45000 130.0
50000 72.7
55000 119.2
60000 90.2
65000 117.8
70000 62.5
75000 178.0
80000 59.1
85000 296.7
90000 153.5
95000 51.7
100000 236.9
105000 136.5
110000 130.1
115000 167.8
120000 154.8
125000 222.4
130000 196.6
135000 119.9
140000 122.7
145000 210.7
150000 122.7
155000 131.7
160000 220.2
165000 237.3
170000 193.8
175000 183.2
180000 189.6
185000 242.4
190000 121.6
195000 177.2
200000 82.1
205000 202.6
210000 154.0
215000 80.2
220000 66.7
225000 221.3
230000 190.5
235000 351.9
240000 273.1
245000 327.3
250000 261.3
255000 425.1
260000 272.4
265000 350.0
270000 305.9
275000 354.5
280000 353.4
285000 155.8
290000 239.5
295000 280.1
300000 270.7
305000 598.4
310000 269.8
315000 415.4
320000 426.3
325000 263.1
330000 476.9
335000 426.9
340000 336.0
345000 317.7
350000 342.7
355000 523.6
360000 405.9
365000 426.2
370000 416.3
375000 439.9
380000 276.6
385000 282.0
390000 270.0
395000 320.4
400000 185.1
405000 664.3
410000 441.7
415000 203.5
420000 466.1
425000 337.4
430000 486.5
435000 244.2
440000 295.7
445000 358.6
450000 149.9
455000 278.3
460000 237.7
465000 326.1
470000 391.6
475000 337.8
480000 269.7
485000 570.7
490000 455.1
495000 379.7
500000 155.7
505000 419.9
510000 427.0
515000 594.3
520000 386.6
525000 487.0
530000 534.7
535000 616.7
540000 135.2
545000 496.0
550000 551.4
555000 483.3
560000 397.2
565000 432.6
570000 428.1
575000 511.3
580000 353.3
585000 237.7
590000 261.0
595000 428.7
600000 587.2
605000 415.0
610000 353.1
615000 520.0
620000 715.5
625000 470.1
630000 576.2
635000 392.3
640000 542.8
645000 728.2
650000 567.9
655000 537.1
660000 509.8
665000 598.8
670000 549.5
675000 447.5
680000 491.4
685000 478.8
690000 545.9
695000 544.8
700000 588.0
705000 612.5
710000 687.7
715000 503.2
720000 545.3
725000 676.8
730000 633.7
735000 396.3
740000 796.6
745000 309.0
750000 608.0
755000 505.8
760000 558.2
765000 612.8
770000 447.6
775000 315.8
780000 597.9
785000 326.3
790000 554.0
795000 443.9
800000 566.9
805000 645.9
810000 744.1
815000 386.7
820000 570.7
825000 736.2
830000 412.3
835000 641.4
840000 592.9
845000 431.6
850000 522.1
855000 547.4
860000 505.5
865000 683.3
870000 480.1
875000 460.0
880000 548.7
885000 575.7
890000 566.5
895000 455.1
900000 710.3
905000 637.7
910000 578.9
915000 656.3
920000 470.9
925000 597.7
930000 384.9
935000 582.3
940000 607.7
945000 439.6
950000 392.6
955000 415.0
960000 487.5
965000 585.0
970000 586.3
975000 586.5
980000 686.8
985000 522.4
990000 470.7
995000 663.5
1000000 504.9
1005000 591.4
1010000 632.4
1015000 657.7
1020000 598.1
1025000 631.0
1030000 419.4
1035000 591.0
1040000 708.1
1045000 717.2
1050000 606.4
1055000 689.3
1060000 664.5
1065000 634.4
1070000 647.5
1075000 507.9
1080000 508.2
1085000 541.0
1090000 659.8
1095000 587.4
1100000 360.4
1105000 715.4
1110000 571.9
1115000 570.8
1120000 648.3
1125000 486.3
1130000 524.6
1135000 512.7
1140000 392.8
1145000 675.6
1150000 764.6
1155000 582.0
1160000 657.9
1165000 510.9
1170000 728.4
1175000 543.3
1180000 543.4
1185000 743.6
1190000 317.1
1195000 460.4
1200000 510.9
1205000 596.5
1210000 754.2
1215000 690.5
1220000 498.6
1225000 623.3
1230000 658.6
1235000 691.3
1240000 461.6
1245000 726.0
1250000 646.7
1255000 608.7
1260000 351.4
1265000 440.6
1270000 667.9
1275000 583.4
1280000 750.2
1285000 761.1
1290000 412.0
1295000 656.6
1300000 598.8
1305000 546.7
1310000 576.7
1315000 550.7
1320000 575.1
1325000 793.0
1330000 719.0
1335000 401.9
1340000 671.9
1345000 587.1
1350000 600.7
1355000 658.2
1360000 655.9
1365000 702.7
1370000 697.5
1375000 572.0
1380000 446.0
1385000 517.9
1390000 790.2
1395000 687.9
1400000 710.9
1405000 556.8
1410000 680.3
1415000 802.6
1420000 493.1
1425000 661.0
1430000 566.7
1435000 645.8
1440000 666.2
1445000 601.5
1450000 631.7
1455000 587.9
1460000 445.2
1465000 369.4
1470000 628.6
1475000 376.3
1480000 676.9
1485000 531.9
1490000 749.9
1495000 576.0
1500000 577.7
1505000 571.8
1510000 622.8
1515000 493.8
1520000 586.5
1525000 721.1
1530000 498.3
1535000 603.9
1540000 421.6
1545000 575.2
1550000 377.3
1555000 573.1
1560000 441.5
1565000 637.4
1570000 689.4
1575000 495.3
1580000 639.5
1585000 650.3
1590000 616.4
1595000 530.3
1600000 625.9
1605000 662.1
1610000 409.7
1615000 512.5
1620000 593.9
1625000 730.7
1630000 539.9
1635000 694.4
1640000 450.2
1645000 518.8
1650000 467.1
1655000 587.2
1660000 602.4
1665000 432.3
1670000 569.8
1675000 635.8
1680000 673.1
1685000 548.0
1690000 408.7
1695000 523.5
1700000 640.1
1705000 629.9
1710000 647.6
1715000 578.4
1720000 481.1
1725000 555.3
1730000 574.8
1735000 271.8
1740000 544.2
1745000 495.5
1750000 653.7
1755000 806.6
1760000 612.2
1765000 698.5
1770000 510.6
1775000 575.1
1780000 590.5
1785000 521.7
1790000 554.0
1795000 686.8
1800000 498.4
1805000 709.1
1810000 622.3
1815000 513.2
1820000 553.2
1825000 555.5
1830000 712.6
1835000 484.7
1840000 729.7
1845000 732.4
1850000 487.9
1855000 656.3
1860000 644.4
1865000 492.4
1870000 669.7
1875000 549.8
1880000 501.5
1885000 676.1
1890000 655.2
1895000 447.6
1900000 570.7
1905000 675.8
1910000 486.3
1915000 569.8
1920000 474.9
1925000 592.6
1930000 650.6
1935000 661.2
1940000 725.5
1945000 633.9
1950000 680.2
1955000 523.9
1960000 491.3
1965000 658.6
1970000 710.2
1975000 771.2
1980000 694.1
1985000 405.6
1990000 792.5
1995000 590.4
2000000 702.9
