5000 53.0
10000 64.0
15000 83.8
20000 74.1
25000 64.9
30000 84.2
35000 135.2
40000 75.1
45000 215.5
50000 130.3
55000 73.8
60000 122.9
65000 163.0
70000 147.7
75000 52.5
80000 94.1
85000 104.8
90000 118.9
95000 250.5
100000 222.8
105000 295.6
110000 72.5
115000 100.9
120000 101.8
125000 167.7
130000 256.1
135000 140.7
140000 124.9
145000 352.9
150000 328.5
155000 282.7
160000 211.5
165000 322.5
170000 194.0
175000 177.5
180000 191.8
185000 450.9
190000 129.2
195000 256.5
200000 76.2
205000 402.0
210000 246.0
215000 396.4
220000 231.5
225000 61.5
230000 422.9
235000 288.0
240000 400.7
245000 594.8
250000 444.1
255000 396.7
260000 402.1
265000 497.7
270000 266.1
275000 289.3
280000 471.5
285000 332.4
290000 352.2
295000 260.4
300000 426.9
305000 448.9
310000 576.9
315000 281.3
320000 232.5
325000 301.5
330000 442.9
335000 432.5
340000 298.1
345000 395.3
350000 631.6
355000 313.6
360000 342.1
365000 453.0
370000 311.1
375000 268.9
380000 508.5
385000 325.1
390000 254.5
395000 244.1
400000 380.5
405000 557.5
410000 439.6
415000 609.1
420000 416.7
425000 414.8
430000 250.5
435000 296.7
440000 393.0
445000 601.2
450000 580.1
455000 532.0
460000 539.8
465000 343.1
470000 492.4
475000 332.5
480000 523.4
485000 523.4
490000 379.5
495000 513.8
500000 662.7
505000 489.1
510000 358.2
515000 373.0
520000 534.9
525000 577.8
530000 587.9
535000 501.2
540000 605.4
545000 546.0
550000 662.8
555000 402.3
560000 325.6
565000 555.2
570000 616.4
575000 592.2
580000 636.2
585000 390.0
590000 490.0
595000 413.1
600000 328.5
605000 566.7
610000 583.3
615000 577.7
620000 448.2
625000 488.2
630000 570.9
635000 573.7
640000 627.3
645000 447.7
650000 671.2
655000 489.1
660000 464.2
665000 546.4
670000 497.8
675000 270.9
680000 529.4
685000 463.4
690000 557.5
695000 449.9
700000 613.1
705000 493.2
710000 658.7
715000 613.9
720000 643.1
725000 500.3
730000 332.3
735000 535.5
740000 551.2
745000 653.2
750000 383.2
755000 494.4
760000 428.2
765000 745.4
770000 514.7
775000 575.5
780000 561.9
785000 622.9
790000 597.7
795000 554.5
800000 660.5
805000 431.4
810000 537.1
815000 672.1
820000 361.7
825000 550.2
830000 638.9
835000 630.9
840000 466.3
845000 741.5
850000 595.1
855000 536.1
860000 654.7
865000 588.1
870000 628.7
875000 542.4
880000 595.0
885000 666.1
890000 520.1
895000 523.1
900000 589.9
905000 439.7
910000 438.1
915000 685.8
920000 671.8
925000 547.4
930000 667.7
935000 719.5
940000 421.1
945000 634.2
950000 507.9
955000 544.9
960000 460.8
965000 596.8
970000 597.1
975000 562.6
980000 524.2
985000 546.6
990000 616.9
995000 386.9
1000000 568.1
1005000 495.1
1010000 696.6
1015000 616.7
1020000 619.1
1025000 650.3
1030000 711.5
1035000 526.6
1040000 418.6
1045000 652.9
1050000 387.5
1055000 747.8
1060000 763.6
1065000 589.4
1070000 687.6
1075000 622.1
1080000 594.9
1085000 574.6
1090000 548.5
1095000 495.7
1100000 592.5
1105000 740.9
1110000 662.0
1115000 589.9
1120000 521.6
1125000 434.9
1130000 445.5
1135000 515.4
1140000 737.5
1145000 673.2
1150000 546.0
1155000 646.0
1160000 473.9
1165000 599.2
1170000 666.2
1175000 550.5
1180000 428.6
1185000 526.8
1190000 714.4
1195000 643.4
1200000 726.1
1205000 567.5
1210000 627.9
1215000 640.4
1220000 609.3
1225000 454.9
1230000 703.0
1235000 359.3
1240000 729.5
1245000 789.9
1250000 430.3
1255000 787.2
1260000 722.2
1265000 466.4
1270000 636.5
1275000 677.6
1280000 629.0
1285000 679.6
1290000 550.0
1295000 518.2
1300000 679.7
1305000 643.0
1310000 582.8
1315000 654.5
1320000 530.4
1325000 555.3
1330000 563.0
1335000 783.2
1340000 557.7
1345000 777.1
1350000 663.8
1355000 693.5
1360000 598.3
1365000 723.6
1370000 508.9
1375000 507.9
1380000 519.9
1385000 467.2
1390000 823.5
1395000 670.4
1400000 562.2
1405000 631.3
1410000 618.9
1415000 716.9
1420000 601.3
1425000 757.5
1430000 587.0
1435000 403.4
1440000 739.4
1445000 455.7
1450000 695.3
1455000 690.0
1460000 573.5
1465000 771.8
1470000 635.2
1475000 650.3
1480000 579.4
1485000 581.7
1490000 526.3
1495000 755.9
1500000 594.9
1505000 447.2
1510000 701.6
1515000 691.6
1520000 547.3
1525000 668.1
1530000 663.1
1535000 613.3
1540000 636.2
1545000 700.3
1550000 480.3
1555000 607.5
1560000 503.0
1565000 640.5
1570000 707.6
1575000 652.3
1580000 166.8
1585000 471.0
1590000 474.9
1595000 672.4
1600000 324.6
1605000 803.3
1610000 704.7
1615000 691.3
1620000 639.5
1625000 493.5
1630000 590.7
1635000 434.4
1640000 583.1
1645000 603.6
1650000 710.4
1655000 544.8
1660000 574.5
1665000 839.9
1670000 642.0
1675000 565.3
1680000 669.1
1685000 620.6
1690000 599.8
1695000 705.1
1700000 607.4
1705000 480.8
1710000 445.3
1715000 702.9
1720000 404.0
1725000 677.6
1730000 432.0
1735000 599.4
1740000 653.4
1745000 675.6
1750000 644.9
1755000 434.9
1760000 562.4
1765000 595.6
1770000 721.1
1775000 589.7
1780000 730.4
1785000 471.7
1790000 635.0
1795000 551.6
1800000 712.8
1805000 504.5
1810000 557.1
1815000 451.4
1820000 693.5
1825000 464.8
1830000 535.8
1835000 783.9
1840000 736.3
1845000 356.8
1850000 641.1
1855000 594.2
1860000 488.2
1865000 584.7
1870000 557.8
1875000 498.3
1880000 492.7
1885000 725.9
1890000 740.3
1895000 628.1
1900000 401.4
1905000 528.7
1910000 744.9
1915000 666.5
1920000 703.9
1925000 695.7
1930000 684.5
1935000 627.0
1940000 722.1
1945000 523.4
1950000 462.8
1955000 746.9
1960000 577.5
1965000 669.2
1970000 629.6
1975000 683.2
1980000 667.9
1985000 613.7
1990000 532.4
1995000 659.1
2000000 519.6
