5000 48.7
10000 86.2
15000 89.5
20000 57.4
25000 158.8
30000 79.0
35000 78.9
40000 79.5
45000 131.3
50000 135.9
55000 76.0
60000 64.8
65000 70.4
70000 49.1
75000 80.6
80000 69.8
85000 70.4
90000 190.5
95000 233.0
100000 116.2
105000 305.1
110000 187.2
115000 159.3
120000 233.2
125000 168.6
130000 169.1
135000 166.4
140000 104.6
145000 117.6
150000 63.7
155000 115.7
160000 217.4
165000 135.8
170000 128.5
175000 106.9
180000 70.3
185000 265.7
190000 180.3
195000 276.2
200000 217.9
205000 120.2
210000 315.1
215000 249.8
220000 147.6
225000 333.9
230000 191.3
235000 283.8
240000 302.1
245000 447.7
250000 160.7
255000 211.6
260000 147.1
265000 355.4
270000 370.1
275000 244.6
280000 428.2
285000 132.0
290000 213.5
295000 259.2
300000 316.8
305000 461.0
310000 292.4
315000 199.0
320000 57.3
325000 268.2
330000 138.2
335000 296.9
340000 235.9
345000 214.6
350000 425.1
355000 294.6
360000 211.5
365000 315.0
370000 270.7
375000 420.3
380000 320.9
385000 594.6
390000 368.7
395000 251.7
400000 463.2
405000 513.9
410000 286.0
415000 372.0
420000 233.7
425000 449.0
430000 618.2
435000 561.7
440000 420.6
445000 277.9
450000 392.7
455000 420.6
460000 413.6
465000 506.8
470000 365.8
475000 223.7
480000 439.8
485000 518.9
490000 299.8
495000 544.2
500000 440.5
505000 589.2
510000 197.9
515000 410.5
520000 332.9
525000 265.2
530000 561.0
535000 331.7
540000 459.0
545000 617.9
550000 369.4
555000 425.6
560000 629.2
565000 231.3
570000 619.0
575000 434.2
580000 301.6
585000 262.1
590000 192.0
595000 348.3
600000 365.9
605000 458.5
610000 509.0
615000 443.1
620000 594.5
625000 524.3
630000 637.7
635000 422.9
640000 516.6
645000 504.4
650000 507.2
655000 445.5
660000 496.8
665000 563.7
670000 586.4
675000 397.0
680000 546.6
685000 583.3
690000 499.8
695000 649.9
700000 469.5
705000 358.5
710000 530.0
715000 611.8
720000 413.1
725000 648.9
730000 517.6
735000 521.9
740000 318.5
745000 571.6
750000 560.0
755000 674.0
760000 568.3
765000 579.0
770000 677.2
775000 294.7
780000 498.5
785000 547.4
790000 488.9
795000 538.7
800000 539.3
805000 732.4
810000 520.6
815000 715.6
820000 593.2
825000 486.3
830000 530.6
835000 534.9
840000 563.2
845000 510.8
850000 639.5
855000 598.1
860000 594.4
865000 504.4
870000 642.1
875000 745.4
880000 611.5
885000 530.6
890000 643.7
895000 689.3
900000 433.3
905000 766.5
910000 523.1
915000 621.2
920000 604.9
925000 574.4
930000 577.0
935000 489.5
940000 582.0
945000 689.4
950000 720.3
955000 655.9
960000 764.1
965000 815.7
970000 642.9
975000 471.3
980000 655.7
985000 515.8
990000 597.0
995000 706.2
1000000 478.6
1005000 372.0
1010000 591.0
1015000 572.2
1020000 683.2
1025000 722.8
1030000 705.6
1035000 637.1
1040000 753.2
1045000 618.1
1050000 805.7
1055000 584.9
1060000 760.6
1065000 702.4
1070000 662.2
1075000 420.8
1080000 739.6
1085000 519.8
1090000 818.6
1095000 569.4
1100000 739.8
1105000 774.4
1110000 589.7
1115000 548.8
1120000 606.7
1125000 648.7
1130000 621.2
1135000 741.5
1140000 773.8
1145000 617.3
1150000 672.1
1155000 602.8
1160000 726.5
1165000 691.2
1170000 661.3
1175000 737.0
1180000 654.2
1185000 798.2
1190000 695.3
1195000 615.5
1200000 728.0
1205000 425.5
1210000 577.4
1215000 565.6
1220000 725.6
1225000 684.4
1230000 628.6
1235000 803.7
1240000 646.8
1245000 362.1
1250000 647.4
1255000 683.8
1260000 586.8
1265000 616.4
1270000 660.7
1275000 413.8
1280000 596.5
1285000 665.9
1290000 604.8
1295000 703.0
1300000 548.6
1305000 337.7
1310000 629.6
1315000 440.3
1320000 562.8
1325000 705.2
1330000 585.9
1335000 517.9
1340000 522.8
1345000 664.8
1350000 685.4
1355000 619.4
1360000 758.2
1365000 680.1
1370000 503.9
1375000 684.5
1380000 513.5
1385000 676.5
1390000 594.0
1395000 720.1
1400000 592.6
1405000 699.6
1410000 649.8
1415000 509.6
1420000 787.6
1425000 569.5
1430000 568.0
1435000 508.9
1440000 501.3
1445000 563.2
1450000 755.8
1455000 574.5
1460000 654.6
1465000 723.0
1470000 610.9
1475000 682.6
1480000 743.4
1485000 618.4
1490000 519.4
1495000 607.4
1500000 641.9
1505000 707.8
1510000 729.6
1515000 313.1
1520000 581.4
1525000 726.1
1530000 541.1
1535000 616.8
1540000 710.8
1545000 659.1
1550000 560.5
1555000 664.6
1560000 566.9
1565000 621.5
1570000 608.6
1575000 757.9
1580000 718.9
1585000 505.0
1590000 748.5
1595000 692.3
1600000 518.4
1605000 361.4
1610000 465.2
1615000 563.5
1620000 497.8
1625000 720.2
1630000 517.3
1635000 582.4
1640000 572.7
1645000 478.8
1650000 549.9
1655000 635.8
1660000 680.3
1665000 629.9
1670000 737.3
1675000 649.8
1680000 516.0
1685000 505.6
1690000 742.2
1695000 573.8
1700000 582.5
1705000 728.8
1710000 412.5
1715000 333.4
1720000 458.8
1725000 700.5
1730000 510.4
1735000 571.6
1740000 549.0
1745000 721.8
1750000 596.5
1755000 749.1
1760000 665.7
1765000 672.0
1770000 733.7
1775000 612.2
1780000 566.4
1785000 556.3
1790000 526.7
1795000 789.9
1800000 606.4
1805000 418.4
1810000 528.7
1815000 526.0
1820000 783.0
1825000 669.5
1830000 685.4
1835000 663.0
1840000 644.2
1845000 676.9
1850000 607.2
1855000 520.7
1860000 691.9
1865000 497.3
1870000 733.8
1875000 564.1
1880000 498.1
1885000 678.8
1890000 482.2
1895000 537.8
1900000 690.9
1905000 548.1
1910000 580.6
1915000 542.6
1920000 446.9
1925000 668.5
1930000 529.1
1935000 788.2
1940000 657.0
1945000 733.0
1950000 710.3
1955000 586.1
1960000 682.9
1965000 697.2
1970000 525.9
1975000 733.5
1980000 665.6
1985000 720.7
1990000 788.3
1995000 598.2
2000000 618.4
