5000 0.3
10000 0.6
15000 1.0
20000 0.2
25000 19.6
30000 12.2
35000 13.9
40000 18.0
45000 69.1
50000 32.9
55000 37.2
60000 3.4
65000 0.0
70000 49.4
75000 24.1
80000 63.1
85000 17.4
90000 136.5
95000 82.6
100000 25.3
105000 28.1
110000 16.4
115000 34.4
120000 0.2
125000 106.8
130000 3.1
135000 40.2
140000 74.0
145000 163.3
150000 18.5
155000 63.1
160000 229.0
165000 41.9
170000 39.2
175000 48.6
180000 51.7
185000 132.1
190000 140.0
195000 41.2
200000 69.9
205000 46.6
210000 49.4
215000 38.5
220000 150.9
225000 4.1
230000 192.8
235000 2.0
240000 48.1
245000 32.4
250000 4.3
255000 0.0
260000 84.0
265000 86.8
270000 45.5
275000 99.2
280000 81.0
285000 83.6
290000 47.9
295000 92.2
300000 130.4
305000 217.2
310000 106.0
315000 0.0
320000 76.9
325000 0.1
330000 45.1
335000 41.4
340000 1.6
345000 116.0
350000 94.6
355000 84.4
360000 147.3
365000 66.5
370000 161.3
375000 267.6
380000 160.5
385000 43.8
390000 53.9
395000 114.7
400000 172.6
405000 7.8
410000 18.5
415000 74.3
420000 82.2
425000 35.1
430000 46.1
435000 142.1
440000 102.8
445000 141.2
450000 47.1
455000 202.4
460000 131.8
465000 128.9
470000 96.7
475000 156.1
480000 46.3
485000 12.6
490000 35.2
495000 40.0
500000 52.7
505000 102.2
510000 41.2
515000 156.4
520000 0.0
525000 128.8
530000 94.9
535000 95.5
540000 166.1
545000 224.9
550000 53.2
555000 29.8
560000 48.3
565000 51.8
570000 87.3
575000 37.9
580000 78.8
585000 119.0
590000 84.4
595000 155.0
600000 128.0
605000 77.4
610000 34.4
615000 183.7
620000 157.7
625000 207.1
630000 140.4
635000 32.5
640000 56.7
645000 17.7
650000 93.6
655000 30.9
660000 67.3
665000 50.2
670000 59.3
675000 195.2
680000 33.2
685000 0.2
690000 79.9
695000 190.2
700000 49.4
705000 166.7
710000 149.8
715000 152.9
720000 65.0
725000 61.0
730000 40.7
735000 36.9
740000 105.3
745000 0.0
750000 69.3
755000 107.5
760000 38.5
765000 29.3
770000 87.8
775000 1.5
780000 56.9
785000 36.9
790000 105.3
795000 1.5
800000 128.4
805000 10.1
810000 45.0
815000 179.3
820000 132.5
825000 51.4
830000 43.4
835000 55.8
840000 52.3
845000 40.3
850000 86.9
855000 43.6
860000 70.6
865000 62.5
870000 153.3
875000 46.9
880000 46.3
885000 2.2
890000 44.1
895000 71.2
900000 182.7
905000 38.9
910000 28.9
915000 144.6
920000 92.8
925000 0.1
930000 88.3
935000 84.3
940000 50.0
945000 155.8
950000 200.4
955000 98.9
960000 165.3
965000 15.6
970000 7.9
975000 62.2
980000 25.1
985000 84.6
990000 0.1
995000 201.7
1000000 148.9
1005000 3.2
1010000 41.2
1015000 85.2
1020000 89.7
1025000 91.8
1030000 238.0
1035000 48.5
1040000 0.0
1045000 30.1
1050000 86.8
1055000 75.1
1060000 97.7
1065000 0.1
1070000 69.5
1075000 183.1
1080000 80.2
1085000 4.7
1090000 62.3
1095000 54.9
1100000 41.6
1105000 110.6
1110000 94.9
1115000 183.2
1120000 136.5
1125000 29.7
1130000 49.1
1135000 28.1
1140000 132.8
1145000 1.0
1150000 75.1
1155000 43.6
1160000 93.4
1165000 58.2
1170000 178.6
1175000 135.3
1180000 217.9
1185000 63.0
1190000 90.0
1195000 51.6
1200000 48.4
1205000 0.1
1210000 4.4
1215000 0.5
1220000 130.3
1225000 43.0
1230000 42.0
1235000 3.5
1240000 142.6
1245000 191.3
1250000 103.0
1255000 76.2
1260000 106.9
1265000 166.7
1270000 227.2
1275000 0.1
1280000 279.1
1285000 33.8
1290000 55.9
1295000 76.0
1300000 32.8
1305000 95.5
1310000 1.3
1315000 82.0
1320000 50.7
1325000 7.1
1330000 224.0
1335000 98.0
1340000 51.9
1345000 245.4
1350000 93.2
1355000 1.9
1360000 159.3
1365000 31.3
1370000 89.9
1375000 2.5
1380000 103.0
1385000 156.4
1390000 0.1
1395000 3.3
1400000 87.6
1405000 113.3
1410000 0.0
1415000 98.7
1420000 43.6
1425000 34.3
1430000 80.0
1435000 58.3
1440000 95.9
1445000 28.5
1450000 1.1
1455000 36.9
1460000 52.6
1465000 1.2
1470000 103.1
1475000 64.6
1480000 69.9
1485000 52.0
1490000 0.0
1495000 120.3
1500000 56.2
1505000 48.3
1510000 43.5
1515000 116.3
1520000 148.2
1525000 0.9
1530000 23.3
1535000 34.9
1540000 103.4
1545000 53.6
1550000 1.1
1555000 0.4
1560000 39.0
1565000 198.3
1570000 146.7
1575000 0.0
1580000 132.9
1585000 98.4
1590000 133.3
1595000 162.0
1600000 143.8
1605000 0.1
1610000 10.0
1615000 109.6
1620000 82.9
1625000 44.6
1630000 0.3
1635000 83.9
1640000 54.4
1645000 42.8
1650000 0.3
1655000 146.3
1660000 164.6
1665000 57.3
1670000 236.4
1675000 108.7
1680000 102.5
1685000 0.1
1690000 0.1
1695000 0.7
1700000 0.5
1705000 0.2
1710000 82.0
1715000 45.2
1720000 82.6
1725000 56.0
1730000 53.5
1735000 89.0
1740000 104.5
1745000 69.7
1750000 121.1
1755000 55.4
1760000 201.4
1765000 28.2
1770000 83.7
1775000 119.4
1780000 0.0
1785000 107.6
1790000 116.7
1795000 44.4
1800000 96.7
1805000 124.2
1810000 26.6
1815000 35.3
1820000 39.3
1825000 113.4
1830000 1.5
1835000 48.5
1840000 156.6
1845000 46.7
1850000 31.7
1855000 139.7
1860000 1.2
1865000 159.2
1870000 76.3
1875000 154.9
1880000 0.0
1885000 199.5
1890000 49.2
1895000 170.2
1900000 126.2
1905000 101.3
1910000 198.1
1915000 105.1
1920000 90.0
1925000 6.9
1930000 30.5
1935000 36.8
1940000 57.8
1945000 16.7
1950000 50.1
1955000 0.0
1960000 79.3
1965000 158.0
1970000 105.1
1975000 52.8
1980000 108.2
1985000 56.2
1990000 92.2
1995000 47.4
2000000 2.4
