5000 0.8
10000 4.0
15000 7.5
20000 11.3
25000 6.9
30000 14.5
35000 5.3
40000 27.1
45000 3.7
50000 3.1
55000 22.3
60000 10.8
65000 8.2
70000 5.1
75000 17.2
80000 8.0
85000 7.9
90000 19.6
95000 3.9
100000 7.5
105000 23.0
110000 15.8
115000 63.6
120000 72.5
125000 15.8
130000 40.5
135000 80.4
140000 0.0
145000 85.1
150000 41.9
155000 41.9
160000 79.1
165000 52.6
170000 27.6
175000 16.5
180000 44.4
185000 180.7
190000 43.8
195000 148.9
200000 112.2
205000 204.7
210000 112.4
215000 59.8
220000 14.1
225000 1.2
230000 124.1
235000 123.1
240000 196.7
245000 147.5
250000 0.6
255000 61.7
260000 53.4
265000 0.0
270000 86.3
275000 173.4
280000 188.0
285000 90.3
290000 196.5
295000 134.1
300000 57.3
305000 103.9
310000 113.7
315000 91.0
320000 189.4
325000 3.5
330000 103.3
335000 7.6
340000 129.6
345000 99.0
350000 55.3
355000 37.6
360000 37.7
365000 97.5
370000 34.7
375000 48.9
380000 175.1
385000 50.2
390000 91.5
395000 102.1
400000 56.2
405000 2.0
410000 73.5
415000 0.0
420000 83.8
425000 143.9
430000 138.4
435000 97.4
440000 107.8
445000 155.1
450000 57.7
455000 116.6
460000 166.3
465000 153.7
470000 165.7
475000 56.3
480000 213.9
485000 0.1
490000 53.9
495000 0.6
500000 54.4
505000 89.4
510000 93.3
515000 156.1
520000 111.1
525000 210.6
530000 167.0
535000 197.4
540000 118.8
545000 156.2
550000 256.2
555000 74.0
560000 110.9
565000 64.7
570000 3.9
575000 42.4
580000 84.1
585000 157.8
590000 98.9
595000 74.0
600000 179.0
605000 99.7
610000 89.8
615000 88.8
620000 84.3
625000 45.7
630000 50.9
635000 57.3
640000 0.4
645000 0.2
650000 50.2
655000 68.7
660000 52.1
665000 57.9
670000 46.9
675000 81.1
680000 55.7
685000 301.3
690000 53.3
695000 115.4
700000 120.4
705000 58.8
710000 0.1
715000 0.3
720000 198.1
725000 41.7
730000 0.3
735000 172.3
740000 78.5
745000 1.3
750000 71.0
755000 70.1
760000 108.4
765000 99.9
770000 65.9
775000 86.9
780000 225.8
785000 111.3
790000 0.0
795000 18.7
800000 95.5
805000 3.8
810000 0.6
815000 31.7
820000 52.1
825000 90.8
830000 247.5
835000 178.2
840000 96.4
845000 134.5
850000 109.6
855000 120.0
860000 2.6
865000 33.7
870000 126.2
875000 56.3
880000 59.2
885000 8.3
890000 48.6
895000 37.3
900000 47.6
905000 237.9
910000 158.7
915000 64.9
920000 106.3
925000 146.9
930000 147.6
935000 80.1
940000 103.4
945000 37.5
950000 57.5
955000 60.9
960000 230.9
965000 93.7
970000 14.7
975000 100.4
980000 42.3
985000 56.8
990000 2.3
995000 114.7
1000000 44.7
1005000 206.3
1010000 173.0
1015000 38.7
1020000 3.6
1025000 181.4
1030000 187.6
1035000 100.7
1040000 117.8
1045000 2.0
1050000 5.4
1055000 297.1
1060000 56.9
1065000 88.3
1070000 46.6
1075000 0.0
1080000 68.9
1085000 60.5
1090000 58.3
1095000 0.1
1100000 110.3
1105000 57.3
1110000 121.1
1115000 0.0
1120000 221.3
1125000 3.6
1130000 1.8
1135000 63.6
1140000 46.2
1145000 44.5
1150000 157.8
1155000 96.5
1160000 0.1
1165000 0.0
1170000 179.9
1175000 0.0
1180000 61.0
1185000 57.5
1190000 112.9
1195000 55.1
1200000 53.0
1205000 13.1
1210000 4.5
1215000 71.2
1220000 41.8
1225000 47.1
1230000 59.5
1235000 52.6
1240000 1.4
1245000 96.3
1250000 0.0
1255000 112.6
1260000 110.5
1265000 97.2
1270000 90.4
1275000 0.1
1280000 53.3
1285000 19.5
1290000 25.9
1295000 38.9
1300000 75.8
1305000 23.5
1310000 72.3
1315000 106.8
1320000 111.4
1325000 29.4
1330000 106.8
1335000 110.3
1340000 153.0
1345000 111.5
1350000 46.9
1355000 116.8
1360000 215.5
1365000 4.4
1370000 0.3
1375000 34.8
1380000 35.7
1385000 91.0
1390000 94.1
1395000 53.3
1400000 136.4
1405000 48.9
1410000 138.0
1415000 297.7
1420000 110.1
1425000 0.0
1430000 57.9
1435000 0.0
1440000 182.4
1445000 3.4
1450000 1.3
1455000 0.4
1460000 43.1
1465000 58.9
1470000 56.1
1475000 0.5
1480000 156.2
1485000 112.2
1490000 49.1
1495000 0.0
1500000 3.5
1505000 225.5
1510000 160.0
1515000 228.8
1520000 112.9
1525000 19.9
1530000 2.7
1535000 8.1
1540000 241.3
1545000 70.5
1550000 144.0
1555000 51.5
1560000 64.2
1565000 113.2
1570000 200.0
1575000 115.3
1580000 0.0
1585000 0.7
1590000 119.0
1595000 4.3
1600000 47.1
1605000 0.0
1610000 31.7
1615000 51.8
1620000 0.1
1625000 0.0
1630000 44.5
1635000 55.4
1640000 0.0
1645000 58.7
1650000 50.9
1655000 61.7
1660000 102.3
1665000 134.7
1670000 57.3
1675000 62.0
1680000 58.0
1685000 1.0
1690000 43.0
1695000 3.2
1700000 52.9
1705000 61.6
1710000 0.1
1715000 0.0
1720000 57.2
1725000 6.4
1730000 138.4
1735000 43.0
1740000 55.8
1745000 0.0
1750000 117.1
1755000 58.2
1760000 0.1
1765000 34.4
1770000 0.1
1775000 0.1
1780000 124.9
1785000 15.0
1790000 159.7
1795000 41.7
1800000 0.8
1805000 51.0
1810000 112.9
1815000 0.0
1820000 116.6
1825000 66.6
1830000 114.6
1835000 0.1
1840000 0.3
1845000 57.4
1850000 51.2
1855000 49.7
1860000 53.7
1865000 107.1
1870000 101.5
1875000 69.2
1880000 53.0
1885000 0.6
1890000 0.3
1895000 53.5
1900000 0.2
1905000 0.8
1910000 140.5
1915000 0.0
1920000 131.9
1925000 7.4
1930000 64.0
1935000 106.7
1940000 47.6
1945000 47.4
1950000 112.2
1955000 70.9
1960000 127.7
1965000 41.5
1970000 40.9
1975000 48.5
1980000 62.9
1985000 42.9
1990000 96.4
1995000 7.1
2000000 61.6
