5000 2.9
10000 1.3
15000 13.3
20000 22.1
25000 2.8
30000 5.1
35000 21.6
40000 16.6
45000 39.2
50000 26.1
55000 13.8
60000 28.8
65000 56.9
70000 4.5
75000 3.9
80000 38.1
85000 6.6
90000 44.3
95000 61.5
100000 37.6
105000 2.7
110000 4.3
115000 54.5
120000 38.0
125000 25.5
130000 73.2
135000 63.7
140000 84.2
145000 132.2
150000 10.6
155000 2.5
160000 15.6
165000 13.0
170000 87.5
175000 55.0
180000 0.0
185000 82.0
190000 52.4
195000 80.8
200000 119.8
205000 95.2
210000 72.1
215000 128.7
220000 116.2
225000 144.8
230000 132.7
235000 73.7
240000 103.5
245000 40.0
250000 72.5
255000 109.6
260000 160.3
265000 90.9
270000 44.2
275000 184.1
280000 3.2
285000 183.7
290000 63.9
295000 194.2
300000 119.2
305000 112.9
310000 145.7
315000 168.1
320000 73.6
325000 34.5
330000 43.4
335000 73.5
340000 71.1
345000 185.0
350000 164.2
355000 250.6
360000 236.2
365000 85.4
370000 117.0
375000 90.2
380000 227.5
385000 0.0
390000 57.1
395000 0.0
400000 48.8
405000 0.7
410000 85.3
415000 183.0
420000 97.8
425000 91.5
430000 134.0
435000 80.6
440000 180.2
445000 42.9
450000 51.5
455000 89.4
460000 239.0
465000 127.2
470000 120.2
475000 201.8
480000 207.0
485000 13.4
490000 54.0
495000 93.2
500000 84.2
505000 92.9
510000 142.9
515000 65.3
520000 147.9
525000 220.3
530000 87.3
535000 136.1
540000 108.9
545000 119.7
550000 121.2
555000 150.0
560000 152.6
565000 23.7
570000 69.6
575000 139.8
580000 229.9
585000 193.7
590000 161.9
595000 50.8
600000 258.0
605000 125.9
610000 163.0
615000 229.2
620000 178.6
625000 194.5
630000 358.1
635000 171.8
640000 217.3
645000 56.4
650000 108.9
655000 29.2
660000 69.3
665000 57.8
670000 0.0
675000 37.5
680000 99.0
685000 46.1
690000 73.8
695000 135.1
700000 164.9
705000 209.0
710000 92.9
715000 124.9
720000 146.8
725000 33.2
730000 44.3
735000 33.4
740000 70.0
745000 101.5
750000 49.3
755000 191.9
760000 133.5
765000 82.0
770000 0.1
775000 206.3
780000 102.3
785000 144.2
790000 222.9
795000 247.9
800000 116.3
805000 66.6
810000 19.2
815000 127.8
820000 74.0
825000 0.0
830000 124.2
835000 53.9
840000 98.5
845000 150.8
850000 1.5
855000 60.3
860000 110.3
865000 176.2
870000 157.2
875000 197.8
880000 177.1
885000 66.9
890000 38.5
895000 118.7
900000 44.7
905000 88.5
910000 124.1
915000 146.8
920000 39.3
925000 140.3
930000 110.0
935000 42.6
940000 151.7
945000 0.1
950000 140.2
955000 45.9
960000 118.1
965000 75.0
970000 1.4
975000 71.6
980000 83.4
985000 77.6
990000 166.4
995000 225.5
1000000 126.4
1005000 189.0
1010000 144.3
1015000 108.9
1020000 104.2
1025000 109.9
1030000 67.2
1035000 187.3
1040000 124.7
1045000 18.6
1050000 140.2
1055000 98.9
1060000 49.0
1065000 119.3
1070000 79.0
1075000 95.0
1080000 196.1
1085000 137.3
1090000 64.2
1095000 107.3
1100000 53.2
1105000 213.0
1110000 52.8
1115000 311.2
1120000 91.7
1125000 1.0
1130000 99.9
1135000 26.2
1140000 70.0
1145000 176.5
1150000 43.4
1155000 52.7
1160000 0.0
1165000 133.2
1170000 263.8
1175000 1.6
1180000 154.7
1185000 102.7
1190000 245.4
1195000 97.5
1200000 134.8
1205000 2.6
1210000 39.3
1215000 84.9
1220000 86.5
1225000 0.8
1230000 0.3
1235000 44.2
1240000 135.8
1245000 106.5
1250000 166.5
1255000 165.9
1260000 224.2
1265000 176.1
1270000 252.5
1275000 59.3
1280000 226.2
1285000 30.9
1290000 42.5
1295000 8.9
1300000 121.0
1305000 105.4
1310000 159.6
1315000 166.4
1320000 42.1
1325000 116.0
1330000 45.0
1335000 174.4
1340000 124.6
1345000 106.9
1350000 45.3
1355000 176.6
1360000 277.1
1365000 18.3
1370000 16.9
1375000 57.1
1380000 74.9
1385000 0.1
1390000 95.3
1395000 117.7
1400000 51.1
1405000 131.5
1410000 111.5
1415000 134.6
1420000 89.1
1425000 138.5
1430000 55.4
1435000 40.0
1440000 130.0
1445000 2.7
1450000 113.5
1455000 61.3
1460000 6.2
1465000 87.8
1470000 113.0
1475000 90.2
1480000 108.1
1485000 46.3
1490000 63.0
1495000 54.7
1500000 0.0
1505000 259.7
1510000 161.7
1515000 198.7
1520000 57.5
1525000 1.2
1530000 5.4
1535000 75.6
1540000 39.0
1545000 37.0
1550000 100.0
1555000 77.0
1560000 45.9
1565000 93.3
1570000 0.0
1575000 141.4
1580000 352.1
1585000 58.9
1590000 125.6
1595000 0.6
1600000 97.4
1605000 34.2
1610000 13.2
1615000 17.7
1620000 97.1
1625000 27.2
1630000 138.5
1635000 116.4
1640000 187.4
1645000 0.0
1650000 81.8
1655000 47.4
1660000 60.1
1665000 122.7
1670000 45.7
1675000 52.2
1680000 150.0
1685000 19.4
1690000 1.3
1695000 0.1
1700000 41.0
1705000 103.0
1710000 4.2
1715000 170.7
1720000 78.3
1725000 178.4
1730000 0.2
1735000 124.8
1740000 127.4
1745000 148.2
1750000 133.5
1755000 258.7
1760000 241.0
1765000 59.3
1770000 4.3
1775000 159.2
1780000 196.8
1785000 113.7
1790000 42.9
1795000 36.1
1800000 43.8
1805000 33.1
1810000 98.9
1815000 125.1
1820000 115.4
1825000 116.4
1830000 132.7
1835000 63.1
1840000 48.8
1845000 13.5
1850000 61.6
1855000 55.1
1860000 34.7
1865000 82.9
1870000 93.0
1875000 117.8
1880000 131.2
1885000 94.9
1890000 87.5
1895000 149.3
1900000 0.0
1905000 131.9
1910000 100.4
1915000 45.2
1920000 219.6
1925000 3.3
1930000 3.1
1935000 115.5
1940000 63.0
1945000 59.1
1950000 43.7
1955000 35.0
1960000 233.2
1965000 93.5
1970000 180.6
1975000 210.2
1980000 266.5
1985000 80.5
1990000 142.0
1995000 125.0
2000000 200.8
