5000 28.0
10000 7.5
15000 7.8
20000 17.9
25000 1.5
30000 8.9
35000 15.5
40000 34.9
45000 19.5
50000 39.3
55000 12.6
60000 7.6
65000 11.7
70000 11.7
75000 15.9
80000 50.3
85000 8.1
90000 21.5
95000 9.0
100000 38.7
105000 1.5
110000 28.8
115000 79.5
120000 29.3
125000 13.8
130000 55.2
135000 88.4
140000 104.7
145000 157.0
150000 128.1
155000 145.8
160000 221.9
165000 5.6
170000 51.0
175000 68.8
180000 36.3
185000 110.1
190000 40.7
195000 36.3
200000 107.0
205000 125.3
210000 107.6
215000 115.5
220000 167.6
225000 64.4
230000 206.3
235000 48.2
240000 149.9
245000 4.2
250000 69.4
255000 63.4
260000 45.2
265000 49.8
270000 0.8
275000 101.6
280000 100.1
285000 195.0
290000 42.2
295000 139.9
300000 136.0
305000 137.7
310000 74.2
315000 57.9
320000 52.4
325000 0.1
330000 0.2
335000 41.3
340000 38.0
345000 80.4
350000 46.1
355000 92.6
360000 182.6
365000 96.0
370000 242.0
375000 110.8
380000 99.2
385000 145.2
390000 318.4
395000 104.7
400000 154.2
405000 1.0
410000 129.7
415000 85.8
420000 159.0
425000 94.3
430000 60.9
435000 129.6
440000 184.8
445000 160.3
450000 102.3
455000 42.8
460000 184.9
465000 197.2
470000 46.4
475000 90.1
480000 128.6
485000 0.3
490000 6.2
495000 112.5
500000 89.8
505000 90.6
510000 128.8
515000 100.6
520000 218.5
525000 137.7
530000 137.6
535000 239.9
540000 56.2
545000 42.9
550000 176.3
555000 236.0
560000 93.4
565000 17.0
570000 171.2
575000 107.3
580000 217.1
585000 107.0
590000 203.3
595000 260.1
600000 143.9
605000 57.7
610000 139.3
615000 99.5
620000 156.1
625000 7.2
630000 116.8
635000 47.0
640000 262.4
645000 8.1
650000 71.7
655000 50.2
660000 258.6
665000 112.3
670000 70.3
675000 143.4
680000 109.2
685000 180.2
690000 330.1
695000 0.0
700000 37.7
705000 100.7
710000 132.6
715000 57.5
720000 177.8
725000 43.0
730000 92.1
735000 196.9
740000 97.7
745000 98.6
750000 97.8
755000 0.0
760000 147.1
765000 205.2
770000 156.4
775000 144.5
780000 262.4
785000 163.5
790000 119.1
795000 180.1
800000 0.8
805000 41.0
810000 37.7
815000 97.5
820000 0.1
825000 56.2
830000 95.5
835000 42.1
840000 216.4
845000 0.0
850000 200.7
855000 258.6
860000 50.5
865000 138.9
870000 141.3
875000 85.8
880000 56.3
885000 5.9
890000 140.4
895000 44.3
900000 154.0
905000 218.5
910000 59.5
915000 1.0
920000 51.8
925000 70.2
930000 56.2
935000 2.7
940000 50.8
945000 41.3
950000 149.3
955000 98.2
960000 57.8
965000 74.3
970000 54.6
975000 163.4
980000 135.3
985000 131.7
990000 47.3
995000 300.1
1000000 100.3
1005000 101.1
1010000 2.0
1015000 97.6
1020000 111.3
1025000 55.5
1030000 148.0
1035000 192.0
1040000 158.3
1045000 0.2
1050000 0.1
1055000 92.2
1060000 59.9
1065000 181.1
1070000 99.0
1075000 98.1
1080000 152.3
1085000 78.3
1090000 76.4
1095000 99.8
1100000 4.2
1105000 56.2
1110000 139.2
1115000 217.6
1120000 0.0
1125000 12.7
1130000 90.0
1135000 75.6
1140000 39.0
1145000 111.0
1150000 126.9
1155000 107.5
1160000 55.0
1165000 104.3
1170000 0.0
1175000 56.5
1180000 0.1
1185000 144.8
1190000 81.6
1195000 61.2
1200000 216.9
1205000 14.6
1210000 91.5
1215000 0.8
1220000 7.2
1225000 139.6
1230000 91.7
1235000 103.1
1240000 60.6
1245000 132.7
1250000 43.9
1255000 77.8
1260000 0.4
1265000 0.0
1270000 187.0
1275000 162.9
1280000 0.3
1285000 0.9
1290000 6.8
1295000 131.9
1300000 1.9
1305000 160.3
1310000 135.6
1315000 94.6
1320000 35.3
1325000 191.3
1330000 97.3
1335000 56.6
1340000 0.0
1345000 92.2
1350000 140.1
1355000 158.7
1360000 60.9
1365000 28.7
1370000 6.2
1375000 46.4
1380000 30.0
1385000 250.4
1390000 72.0
1395000 79.4
1400000 0.1
1405000 0.5
1410000 54.8
1415000 58.0
1420000 100.0
1425000 242.2
1430000 59.2
1435000 47.5
1440000 191.5
1445000 41.1
1450000 74.1
1455000 0.1
1460000 48.6
1465000 177.5
1470000 126.7
1475000 40.0
1480000 153.6
1485000 57.5
1490000 118.5
1495000 97.3
1500000 266.9
1505000 153.8
1510000 154.3
1515000 114.3
1520000 100.3
1525000 36.5
1530000 135.5
1535000 36.4
1540000 117.2
1545000 91.2
1550000 136.7
1555000 93.3
1560000 47.5
1565000 134.0
1570000 107.8
1575000 39.7
1580000 164.6
1585000 43.3
1590000 93.8
1595000 0.0
1600000 99.6
1605000 0.4
1610000 43.3
1615000 3.4
1620000 41.6
1625000 70.7
1630000 49.1
1635000 47.0
1640000 47.4
1645000 100.5
1650000 34.0
1655000 54.8
1660000 51.2
1665000 51.5
1670000 42.1
1675000 50.4
1680000 139.1
1685000 4.3
1690000 26.7
1695000 91.4
1700000 96.3
1705000 243.9
1710000 101.4
1715000 53.6
1720000 56.5
1725000 0.1
1730000 56.9
1735000 147.5
1740000 114.7
1745000 143.5
1750000 207.9
1755000 154.1
1760000 99.9
1765000 17.1
1770000 44.1
1775000 6.7
1780000 68.1
1785000 162.4
1790000 99.4
1795000 40.5
1800000 116.7
1805000 3.0
1810000 152.4
1815000 100.3
1820000 191.6
1825000 181.2
1830000 53.0
1835000 49.8
1840000 196.1
1845000 20.4
1850000 10.8
1855000 53.8
1860000 29.4
1865000 108.5
1870000 30.9
1875000 52.4
1880000 149.3
1885000 254.0
1890000 174.7
1895000 166.6
1900000 112.1
1905000 48.9
1910000 103.8
1915000 110.8
1920000 156.8
1925000 1.1
1930000 69.1
1935000 55.0
1940000 128.7
1945000 130.8
1950000 50.4
1955000 112.5
1960000 234.3
1965000 153.5
1970000 153.9
1975000 165.0
1980000 230.2
1985000 177.3
1990000 60.9
1995000 117.4
2000000 0.2
