5000 45.2
10000 0.0
15000 1.4
20000 42.2
25000 9.3
30000 2.7
35000 4.0
40000 3.5
45000 34.7
50000 9.3
55000 12.0
60000 29.0
65000 15.8
70000 39.9
75000 34.8
80000 56.2
85000 21.9
90000 36.6
95000 50.0
100000 66.1
105000 1.0
110000 29.9
115000 2.7
120000 35.1
125000 9.8
130000 81.1
135000 19.8
140000 59.5
145000 25.0
150000 40.9
155000 42.1
160000 60.0
165000 56.6
170000 0.2
175000 175.0
180000 64.4
185000 0.7
190000 93.0
195000 145.5
200000 52.6
205000 37.7
210000 25.3
215000 70.6
220000 73.1
225000 36.3
230000 196.8
235000 0.8
240000 3.8
245000 0.2
250000 2.8
255000 87.9
260000 60.1
265000 57.2
270000 173.1
275000 77.3
280000 3.6
285000 40.0
290000 147.9
295000 117.5
300000 25.3
305000 40.8
310000 112.8
315000 157.1
320000 71.7
325000 29.3
330000 4.8
335000 118.9
340000 25.7
345000 25.8
350000 67.1
355000 58.8
360000 95.0
365000 67.7
370000 97.9
375000 125.9
380000 2.4
385000 95.6
390000 31.1
395000 62.1
400000 130.5
405000 75.5
410000 74.1
415000 13.0
420000 98.9
425000 72.3
430000 95.0
435000 98.9
440000 68.5
445000 4.7
450000 92.9
455000 39.5
460000 91.7
465000 163.5
470000 1.4
475000 65.6
480000 52.9
485000 83.3
490000 101.5
495000 132.7
500000 4.4
505000 83.5
510000 47.9
515000 120.1
520000 65.4
525000 78.1
530000 62.2
535000 66.4
540000 7.5
545000 91.8
550000 43.8
555000 32.5
560000 81.9
565000 52.2
570000 64.8
575000 20.1
580000 138.9
585000 32.7
590000 29.2
595000 10.9
600000 110.2
605000 31.2
610000 73.6
615000 120.9
620000 69.1
625000 26.8
630000 52.0
635000 98.0
640000 103.9
645000 0.0
650000 38.3
655000 72.4
660000 31.0
665000 48.1
670000 79.2
675000 73.9
680000 91.6
685000 113.2
690000 53.9
695000 46.1
700000 62.6
705000 166.4
710000 100.3
715000 0.0
720000 6.1
725000 66.8
730000 84.2
735000 27.3
740000 141.9
745000 56.1
750000 0.5
755000 92.9
760000 117.4
765000 58.6
770000 8.4
775000 107.5
780000 124.8
785000 124.7
790000 126.9
795000 0.1
800000 131.4
805000 27.6
810000 45.3
815000 41.2
820000 234.7
825000 94.3
830000 29.0
835000 2.3
840000 35.0
845000 80.7
850000 0.0
855000 72.1
860000 103.7
865000 52.1
870000 1.4
875000 34.5
880000 72.9
885000 57.0
890000 171.7
895000 0.0
900000 125.9
905000 66.3
910000 38.5
915000 54.1
920000 46.0
925000 0.0
930000 31.9
935000 73.8
940000 35.5
945000 214.6
950000 78.4
955000 0.2
960000 123.6
965000 61.1
970000 32.0
975000 2.8
980000 53.7
985000 1.9
990000 35.4
995000 51.3
1000000 70.7
1005000 190.1
1010000 54.4
1015000 77.0
1020000 97.8
1025000 39.3
1030000 1.7
1035000 52.0
1040000 155.0
1045000 66.1
1050000 2.5
1055000 176.1
1060000 72.3
1065000 0.0
1070000 60.3
1075000 111.4
1080000 1.1
1085000 99.6
1090000 40.0
1095000 64.5
1100000 37.6
1105000 37.4
1110000 121.0
1115000 66.7
1120000 0.0
1125000 100.9
1130000 114.0
1135000 0.0
1140000 0.1
1145000 39.8
1150000 47.5
1155000 145.1
1160000 28.3
1165000 53.5
1170000 33.6
1175000 48.1
1180000 0.0
1185000 86.0
1190000 45.6
1195000 37.1
1200000 41.8
1205000 10.0
1210000 52.6
1215000 128.3
1220000 73.1
1225000 1.0
1230000 152.7
1235000 34.9
1240000 49.6
1245000 125.5
1250000 107.1
1255000 46.7
1260000 53.6
1265000 0.0
1270000 135.7
1275000 55.9
1280000 77.6
1285000 85.5
1290000 3.2
1295000 125.9
1300000 0.4
1305000 43.7
1310000 112.3
1315000 34.3
1320000 173.2
1325000 54.2
1330000 18.2
1335000 0.0
1340000 91.9
1345000 31.8
1350000 143.3
1355000 0.0
1360000 186.6
1365000 3.2
1370000 72.8
1375000 32.5
1380000 0.1
1385000 6.8
1390000 42.3
1395000 49.0
1400000 59.4
1405000 53.1
1410000 65.5
1415000 0.0
1420000 86.8
1425000 2.3
1430000 17.9
1435000 43.2
1440000 30.5
1445000 31.3
1450000 107.8
1455000 44.0
1460000 100.5
1465000 70.7
1470000 82.8
1475000 90.9
1480000 81.5
1485000 0.6
1490000 2.2
1495000 0.0
1500000 91.9
1505000 42.9
1510000 41.3
1515000 0.1
1520000 32.1
1525000 47.4
1530000 0.2
1535000 65.5
1540000 71.6
1545000 54.6
1550000 111.7
1555000 1.0
1560000 56.3
1565000 68.6
1570000 73.3
1575000 120.1
1580000 124.6
1585000 0.1
1590000 110.8
1595000 35.9
1600000 1.6
1605000 17.2
1610000 86.6
1615000 66.8
1620000 98.1
1625000 94.2
1630000 77.6
1635000 31.6
1640000 86.7
1645000 37.2
1650000 128.0
1655000 39.3
1660000 24.2
1665000 147.3
1670000 55.9
1675000 94.7
1680000 1.8
1685000 0.0
1690000 39.0
1695000 37.3
1700000 166.3
1705000 76.9
1710000 0.0
1715000 35.7
1720000 73.7
1725000 130.2
1730000 56.6
1735000 67.8
1740000 34.5
1745000 0.7
1750000 8.2
1755000 58.2
1760000 61.8
1765000 7.9
1770000 26.1
1775000 44.3
1780000 52.7
1785000 40.4
1790000 136.5
1795000 2.5
1800000 118.3
1805000 44.3
1810000 37.4
1815000 0.0
1820000 132.9
1825000 138.6
1830000 31.1
1835000 52.4
1840000 127.0
1845000 21.4
1850000 87.8
1855000 29.0
1860000 73.1
1865000 0.6
1870000 0.8
1875000 39.7
1880000 48.3
1885000 40.3
1890000 107.7
1895000 40.4
1900000 92.7
1905000 39.8
1910000 92.2
1915000 46.7
1920000 102.5
1925000 57.4
1930000 0.7
1935000 2.1
1940000 1.3
1945000 40.0
1950000 0.5
1955000 82.2
1960000 5.4
1965000 42.5
1970000 0.0
1975000 143.6
1980000 38.6
1985000 50.5
1990000 105.2
1995000 2.8
2000000 5.0
