5000 0.0
10000 0.0
15000 164.8
20000 256.8
25000 507.9
30000 661.7
35000 708.0
40000 764.3
45000 779.0
50000 788.7
55000 783.4
60000 846.2
65000 870.9
70000 885.4
75000 879.1
80000 888.5
85000 889.6
90000 889.3
95000 890.4
100000 900.6
105000 900.5
110000 895.1
115000 890.3
120000 896.5
125000 900.4
130000 903.1
135000 885.0
140000 901.3
145000 894.4
150000 901.3
155000 901.5
160000 903.8
165000 631.0
170000 903.8
175000 910.2
180000 906.6
185000 902.4
190000 908.7
195000 906.0
200000 909.3
205000 904.9
210000 908.6
215000 908.9
220000 906.2
225000 908.0
230000 911.4
235000 910.2
240000 909.2
245000 911.2
250000 910.1
255000 908.7
260000 912.9
265000 912.1
270000 906.0
275000 910.8
280000 910.4
285000 905.0
290000 908.3
295000 905.7
300000 909.8
305000 907.4
310000 906.9
315000 908.9
320000 910.1
325000 686.7
330000 903.1
335000 907.5
340000 910.3
345000 906.7
350000 912.1
355000 907.7
360000 909.6
365000 910.0
370000 909.8
375000 910.6
380000 909.4
385000 909.3
390000 910.4
395000 908.9
400000 910.6
405000 909.7
410000 907.7
415000 910.3
420000 913.2
425000 912.2
430000 907.5
435000 907.1
440000 913.0
445000 914.5
450000 908.0
455000 909.2
460000 911.4
465000 911.2
470000 910.6
475000 910.7
480000 911.0
485000 554.9
490000 806.6
495000 848.9
500000 906.6
505000 906.8
510000 908.5
515000 908.6
520000 906.5
525000 911.4
530000 910.1
535000 909.5
540000 910.7
545000 909.4
550000 912.5
555000 910.2
560000 913.0
565000 910.2
570000 911.2
575000 911.6
580000 910.6
585000 911.2
590000 912.1
595000 913.2
600000 907.7
605000 910.3
610000 911.3
615000 910.6
620000 910.1
625000 910.3
630000 913.4
635000 912.3
640000 912.7
645000 561.6
650000 839.0
655000 786.4
660000 910.5
665000 911.8
670000 911.5
675000 908.8
680000 911.0
685000 912.2
690000 912.2
695000 912.4
700000 910.3
705000 912.1
710000 912.3
715000 911.0
720000 912.1
725000 911.9
730000 911.8
735000 911.8
740000 911.7
745000 912.5
750000 908.5
755000 911.3
760000 909.0
765000 912.7
770000 910.4
775000 911.8
780000 911.2
785000 909.6
790000 913.8
795000 911.9
800000 912.8
805000 582.4
810000 753.0
815000 908.0
820000 912.3
825000 910.9
830000 911.5
835000 907.2
840000 908.8
845000 911.1
850000 913.4
855000 909.4
860000 915.0
865000 910.3
870000 912.7
875000 922.8
880000 913.0
885000 973.6
890000 960.6
895000 980.4
900000 986.1
905000 987.1
910000 985.9
915000 988.4
920000 984.6
925000 986.8
930000 986.7
935000 986.5
940000 989.1
945000 988.8
950000 983.8
955000 989.0
960000 986.4
965000 481.4
970000 819.9
975000 924.6
980000 908.8
985000 896.5
990000 971.1
995000 985.7
1000000 982.5
1005000 969.8
1010000 984.6
1015000 985.5
1020000 981.6
1025000 986.6
1030000 987.0
1035000 987.8
1040000 985.4
1045000 985.6
1050000 988.5
1055000 985.0
1060000 987.5
1065000 987.6
1070000 984.8
1075000 984.5
1080000 983.9
1085000 987.0
1090000 983.0
1095000 986.8
1100000 987.7
1105000 987.8
1110000 988.7
1115000 986.9
1120000 990.5
1125000 372.6
1130000 822.5
1135000 914.7
1140000 967.7
1145000 982.6
1150000 984.1
1155000 984.1
1160000 987.0
1165000 984.5
1170000 990.6
1175000 986.7
1180000 990.2
1185000 983.8
1190000 987.2
1195000 983.9
1200000 984.8
1205000 987.8
1210000 989.3
1215000 988.3
1220000 985.5
1225000 987.7
1230000 986.8
1235000 987.7
1240000 991.4
1245000 982.6
1250000 984.3
1255000 989.8
1260000 984.6
1265000 985.8
1270000 988.7
1275000 987.9
1280000 985.4
1285000 514.3
1290000 853.1
1295000 979.7
1300000 981.9
1305000 985.2
1310000 976.2
1315000 985.3
1320000 987.7
1325000 986.5
1330000 985.4
1335000 989.6
1340000 991.4
1345000 984.0
1350000 984.3
1355000 987.7
1360000 985.4
1365000 985.5
1370000 987.7
1375000 986.3
1380000 989.5
1385000 987.6
1390000 986.7
1395000 987.9
1400000 986.2
1405000 984.3
1410000 982.4
1415000 985.5
1420000 985.2
1425000 988.9
1430000 990.6
1435000 987.2
1440000 985.7
1445000 466.7
1450000 771.8
1455000 980.7
1460000 984.4
1465000 971.2
1470000 981.4
1475000 982.4
1480000 983.5
1485000 986.2
1490000 983.4
1495000 987.1
1500000 987.5
1505000 923.1
1510000 983.8
1515000 988.1
1520000 987.5
1525000 990.8
1530000 989.2
1535000 990.9
1540000 985.2
1545000 987.7
1550000 988.9
1555000 985.1
1560000 989.9
1565000 986.6
1570000 988.1
1575000 985.2
1580000 987.9
1585000 988.2
1590000 987.9
1595000 987.7
1600000 989.5
1605000 491.5
1610000 754.9
1615000 783.9
1620000 982.7
1625000 983.0
1630000 985.6
1635000 986.2
1640000 988.4
1645000 985.1
1650000 989.6
1655000 986.0
1660000 986.4
1665000 986.8
1670000 986.7
1675000 987.9
1680000 989.0
1685000 988.6
1690000 989.7
1695000 986.1
1700000 988.4
1705000 987.2
1710000 987.3
1715000 989.5
1720000 986.2
1725000 985.3
1730000 989.6
1735000 987.5
1740000 986.9
1745000 987.2
1750000 987.9
1755000 990.0
1760000 987.6
1765000 337.1
1770000 870.1
1775000 987.0
1780000 982.7
1785000 982.8
1790000 984.4
1795000 985.5
1800000 984.8
1805000 984.4
1810000 982.9
1815000 985.9
1820000 986.6
1825000 987.9
1830000 988.2
1835000 984.7
1840000 990.0
1845000 989.6
1850000 987.7
1855000 984.9
1860000 987.0
1865000 987.9
1870000 986.8
1875000 985.5
1880000 989.4
1885000 986.5
1890000 987.5
1895000 988.4
1900000 986.1
1905000 986.7
1910000 986.8
1915000 987.8
1920000 989.8
1925000 988.9
1930000 988.1
1935000 986.3
1940000 987.5
1945000 983.8
1950000 988.7
1955000 989.0
1960000 987.6
1965000 986.6
1970000 986.3
1975000 985.8
1980000 988.9
1985000 988.9
1990000 989.3
1995000 988.7
2000000 989.6
