5000 0.0
10000 0.0
15000 179.6
20000 573.8
25000 685.7
30000 730.0
35000 758.3
40000 773.4
45000 809.0
50000 824.4
55000 816.0
60000 826.3
65000 846.9
70000 848.6
75000 843.6
80000 856.6
85000 853.7
90000 859.7
95000 876.0
100000 873.0
105000 870.3
110000 879.9
115000 916.6
120000 933.2
125000 963.1
130000 939.1
135000 908.2
140000 974.1
145000 974.6
150000 967.3
155000 951.8
160000 946.2
165000 871.8
170000 920.6
175000 950.6
180000 967.7
185000 985.7
190000 981.5
195000 983.9
200000 981.6
205000 986.2
210000 980.4
215000 982.0
220000 976.3
225000 971.9
230000 979.8
235000 983.4
240000 984.2
245000 985.6
250000 972.1
255000 982.6
260000 974.9
265000 965.8
270000 984.8
275000 988.0
280000 985.2
285000 983.5
290000 982.0
295000 976.6
300000 984.2
305000 985.8
310000 982.7
315000 984.1
320000 984.0
325000 851.9
330000 933.3
335000 967.9
340000 981.2
345000 985.6
350000 986.5
355000 986.8
360000 983.9
365000 983.7
370000 989.2
375000 988.8
380000 982.6
385000 984.3
390000 986.5
395000 980.9
400000 983.1
405000 986.6
410000 986.9
415000 980.9
420000 984.5
425000 987.2
430000 983.5
435000 985.6
440000 984.3
445000 989.6
450000 984.3
455000 985.0
460000 986.8
465000 987.0
470000 980.0
475000 982.4
480000 984.7
485000 810.7
490000 924.4
495000 976.7
500000 988.9
505000 987.2
510000 991.2
515000 980.7
520000 985.7
525000 984.9
530000 986.5
535000 984.3
540000 987.6
545000 984.1
550000 985.0
555000 983.8
560000 988.4
565000 983.4
570000 986.2
575000 987.9
580000 985.2
585000 986.0
590000 987.5
595000 983.1
600000 987.2
605000 985.8
610000 988.8
615000 985.2
620000 987.3
625000 988.7
630000 986.5
635000 985.1
640000 982.9
645000 815.4
650000 866.5
655000 963.9
660000 987.9
665000 988.7
670000 990.0
675000 989.1
680000 986.7
685000 984.7
690000 988.0
695000 986.7
700000 985.2
705000 979.2
710000 990.3
715000 986.0
720000 986.1
725000 788.2
730000 989.4
735000 987.2
740000 989.8
745000 990.4
750000 986.3
755000 985.0
760000 988.4
765000 984.8
770000 988.4
775000 985.4
780000 987.8
785000 987.4
790000 977.1
795000 988.2
800000 986.0
805000 836.3
810000 853.2
815000 989.1
820000 986.1
825000 987.6
830000 987.2
835000 983.9
840000 987.2
845000 985.8
850000 987.4
855000 985.7
860000 989.4
865000 985.5
870000 987.3
875000 987.8
880000 988.3
885000 987.9
890000 988.0
895000 989.0
900000 987.1
905000 990.0
910000 985.5
915000 990.2
920000 989.5
925000 986.9
930000 987.5
935000 989.9
940000 985.8
945000 984.2
950000 987.9
955000 985.6
960000 987.7
965000 759.8
970000 886.2
975000 956.3
980000 986.7
985000 987.9
990000 980.0
995000 984.3
1000000 981.1
1005000 986.4
1010000 988.5
1015000 988.5
1020000 989.8
1025000 988.4
1030000 989.4
1035000 988.5
1040000 985.7
1045000 990.1
1050000 989.4
1055000 987.8
1060000 988.6
1065000 987.3
1070000 985.9
1075000 988.8
1080000 990.0
1085000 988.5
1090000 987.2
1095000 988.2
1100000 986.3
1105000 982.0
1110000 983.1
1115000 986.2
1120000 985.0
1125000 578.2
1130000 816.4
1135000 896.0
1140000 950.2
1145000 980.8
1150000 984.7
1155000 983.0
1160000 985.1
1165000 987.5
1170000 982.1
1175000 989.7
1180000 985.1
1185000 884.5
1190000 985.6
1195000 986.5
1200000 987.5
1205000 990.0
1210000 989.1
1215000 986.8
1220000 986.3
1225000 989.3
1230000 987.0
1235000 985.4
1240000 988.9
1245000 986.4
1250000 988.1
1255000 986.7
1260000 989.5
1265000 986.4
1270000 989.8
1275000 988.7
1280000 987.6
1285000 661.1
1290000 885.1
1295000 795.6
1300000 982.2
1305000 982.5
1310000 983.3
1315000 987.4
1320000 986.1
1325000 988.2
1330000 984.7
1335000 985.2
1340000 985.0
1345000 990.0
1350000 988.3
1355000 987.6
1360000 985.4
1365000 985.3
1370000 989.5
1375000 988.3
1380000 987.0
1385000 991.2
1390000 984.6
1395000 988.7
1400000 987.9
1405000 989.0
1410000 988.9
1415000 984.8
1420000 989.7
1425000 984.0
1430000 992.6
1435000 986.2
1440000 990.6
1445000 716.6
1450000 881.6
1455000 978.8
1460000 987.2
1465000 986.4
1470000 988.9
1475000 989.4
1480000 984.2
1485000 989.9
1490000 988.0
1495000 988.3
1500000 986.0
1505000 987.3
1510000 989.2
1515000 988.6
1520000 986.8
1525000 984.5
1530000 987.0
1535000 985.2
1540000 989.2
1545000 989.2
1550000 990.0
1555000 986.9
1560000 986.1
1565000 989.8
1570000 988.0
1575000 984.6
1580000 987.3
1585000 985.6
1590000 987.7
1595000 986.0
1600000 989.1
1605000 667.9
1610000 888.3
1615000 914.1
1620000 905.5
1625000 981.7
1630000 985.5
1635000 990.4
1640000 987.9
1645000 988.8
1650000 987.6
1655000 986.0
1660000 988.4
1665000 989.9
1670000 986.8
1675000 985.2
1680000 989.2
1685000 990.7
1690000 987.8
1695000 988.2
1700000 987.3
1705000 986.8
1710000 986.4
1715000 989.3
1720000 985.4
1725000 987.2
1730000 990.7
1735000 987.6
1740000 987.9
1745000 988.4
1750000 987.7
1755000 990.8
1760000 990.9
1765000 670.7
1770000 919.2
1775000 850.4
1780000 984.3
1785000 979.5
1790000 988.2
1795000 990.6
1800000 985.3
1805000 941.3
1810000 988.8
1815000 988.5
1820000 984.3
1825000 988.1
1830000 989.8
1835000 990.5
1840000 986.1
1845000 987.4
1850000 986.5
1855000 981.0
1860000 987.8
1865000 989.3
1870000 988.9
1875000 988.4
1880000 986.9
1885000 989.4
1890000 986.4
1895000 988.9
1900000 989.0
1905000 990.1
1910000 988.4
1915000 987.7
1920000 990.3
1925000 988.0
1930000 988.6
1935000 991.5
1940000 988.4
1945000 987.5
1950000 988.6
1955000 986.4
1960000 989.3
1965000 983.4
1970000 989.6
1975000 989.4
1980000 990.6
1985000 987.8
1990000 989.0
1995000 989.2
2000000 991.4
