5000 0.0
10000 0.0
15000 73.4
20000 339.7
25000 470.2
30000 532.8
35000 662.9
40000 711.9
45000 771.4
50000 768.3
55000 756.5
60000 783.6
65000 805.6
70000 816.8
75000 829.7
80000 846.2
85000 854.4
90000 882.5
95000 876.3
100000 876.3
105000 901.8
110000 897.4
115000 900.1
120000 916.6
125000 914.0
130000 924.5
135000 931.1
140000 946.9
145000 938.0
150000 943.2
155000 953.2
160000 950.9
165000 620.2
170000 936.6
175000 948.2
180000 961.8
185000 954.4
190000 972.0
195000 969.0
200000 962.0
205000 968.9
210000 971.7
215000 977.6
220000 982.8
225000 980.7
230000 984.2
235000 983.8
240000 978.3
245000 979.6
250000 983.4
255000 983.6
260000 983.5
265000 982.3
270000 982.3
275000 983.4
280000 987.5
285000 983.1
290000 984.5
295000 983.7
300000 982.1
305000 980.6
310000 984.6
315000 982.7
320000 979.5
325000 670.1
330000 979.0
335000 964.3
340000 974.7
345000 982.3
350000 982.4
355000 975.8
360000 982.8
365000 984.9
370000 984.4
375000 987.6
380000 982.1
385000 982.8
390000 985.5
395000 986.6
400000 981.9
405000 984.2
410000 987.8
415000 983.6
420000 985.2
425000 985.4
430000 983.4
435000 983.6
440000 985.3
445000 983.3
450000 982.4
455000 987.0
460000 981.4
465000 986.3
470000 984.1
475000 986.8
480000 987.6
485000 520.2
490000 976.3
495000 958.4
500000 983.0
505000 982.9
510000 984.3
515000 981.3
520000 985.5
525000 985.9
530000 985.3
535000 986.5
540000 982.1
545000 983.8
550000 985.8
555000 985.3
560000 984.8
565000 980.8
570000 985.2
575000 983.8
580000 983.6
585000 985.9
590000 985.7
595000 987.5
600000 985.0
605000 988.1
610000 986.3
615000 982.1
620000 986.1
625000 984.4
630000 985.4
635000 984.4
640000 985.1
645000 662.6
650000 941.3
655000 978.9
660000 985.4
665000 988.5
670000 982.1
675000 986.0
680000 984.7
685000 983.1
690000 986.5
695000 986.4
700000 988.2
705000 988.7
710000 987.2
715000 983.8
720000 986.7
725000 988.9
730000 987.6
735000 987.9
740000 985.2
745000 986.9
750000 987.9
755000 986.1
760000 982.7
765000 987.4
770000 985.3
775000 985.3
780000 986.3
785000 986.3
790000 987.5
795000 987.5
800000 986.2
805000 548.5
810000 979.0
815000 977.9
820000 982.0
825000 986.9
830000 986.0
835000 984.8
840000 983.6
845000 986.3
850000 985.2
855000 987.0
860000 981.9
865000 984.6
870000 985.5
875000 982.9
880000 988.6
885000 984.5
890000 984.8
895000 986.0
900000 981.9
905000 981.5
910000 985.6
915000 985.6
920000 983.5
925000 983.9
930000 986.8
935000 985.9
940000 984.9
945000 985.4
950000 985.0
955000 984.3
960000 984.6
965000 577.3
970000 987.4
975000 974.8
980000 983.3
985000 981.7
990000 983.2
995000 984.6
1000000 985.6
1005000 985.0
1010000 983.9
1015000 985.7
1020000 984.3
1025000 984.4
1030000 986.5
1035000 985.3
1040000 983.8
1045000 985.3
1050000 983.2
1055000 987.4
1060000 983.3
1065000 987.0
1070000 981.9
1075000 986.8
1080000 987.8
1085000 986.2
1090000 985.8
1095000 985.5
1100000 985.1
1105000 986.8
1110000 986.2
1115000 983.8
1120000 986.1
1125000 323.8
1130000 790.8
1135000 978.3
1140000 929.5
1145000 979.9
1150000 983.3
1155000 982.6
1160000 984.8
1165000 984.8
1170000 987.4
1175000 982.1
1180000 983.3
1185000 986.0
1190000 961.3
1195000 981.3
1200000 988.5
1205000 983.4
1210000 983.8
1215000 986.7
1220000 986.9
1225000 987.2
1230000 983.1
1235000 986.4
1240000 984.2
1245000 984.0
1250000 985.7
1255000 987.9
1260000 986.9
1265000 984.8
1270000 981.6
1275000 986.0
1280000 986.5
1285000 272.9
1290000 803.1
1295000 945.0
1300000 984.9
1305000 982.8
1310000 982.6
1315000 984.8
1320000 987.0
1325000 986.3
1330000 984.5
1335000 986.9
1340000 984.6
1345000 983.6
1350000 987.3
1355000 978.1
1360000 987.3
1365000 985.7
1370000 986.6
1375000 985.4
1380000 985.7
1385000 985.3
1390000 983.5
1395000 983.2
1400000 985.4
1405000 985.4
1410000 985.0
1415000 984.3
1420000 985.3
1425000 985.7
1430000 984.8
1435000 986.4
1440000 984.3
1445000 295.3
1450000 902.9
1455000 984.7
1460000 983.4
1465000 985.1
1470000 962.4
1475000 984.9
1480000 986.1
1485000 985.8
1490000 984.7
1495000 986.5
1500000 987.4
1505000 985.8
1510000 985.2
1515000 984.4
1520000 987.8
1525000 985.1
1530000 984.5
1535000 986.1
1540000 983.9
1545000 982.8
1550000 984.1
1555000 984.1
1560000 985.1
1565000 985.4
1570000 987.2
1575000 986.3
1580000 984.2
1585000 987.8
1590000 984.9
1595000 985.0
1600000 987.6
1605000 630.2
1610000 880.3
1615000 983.8
1620000 985.7
1625000 971.3
1630000 982.9
1635000 986.8
1640000 984.1
1645000 984.5
1650000 985.4
1655000 972.7
1660000 984.8
1665000 983.0
1670000 987.6
1675000 985.4
1680000 985.1
1685000 982.2
1690000 987.1
1695000 982.8
1700000 985.9
1705000 985.8
1710000 986.9
1715000 986.1
1720000 984.4
1725000 984.0
1730000 984.2
1735000 983.5
1740000 986.9
1745000 984.2
1750000 982.0
1755000 983.9
1760000 985.0
1765000 238.8
1770000 824.4
1775000 937.8
1780000 981.7
1785000 982.5
1790000 984.2
1795000 984.4
1800000 985.9
1805000 982.4
1810000 987.5
1815000 984.0
1820000 986.0
1825000 987.5
1830000 985.3
1835000 984.9
1840000 984.3
1845000 987.5
1850000 979.5
1855000 986.5
1860000 984.7
1865000 982.9
1870000 983.9
1875000 985.8
1880000 986.4
1885000 986.4
1890000 984.1
1895000 988.7
1900000 985.8
1905000 984.5
1910000 987.2
1915000 986.2
1920000 984.8
1925000 985.4
1930000 984.3
1935000 987.0
1940000 986.4
1945000 984.7
1950000 985.1
1955000 983.1
1960000 985.4
1965000 982.7
1970000 987.2
1975000 986.1
1980000 985.1
1985000 983.2
1990000 982.6
1995000 986.6
2000000 983.3
