5000 0.0
10000 0.0
15000 172.0
20000 426.5
25000 606.2
30000 732.5
35000 746.0
40000 779.1
45000 775.5
50000 808.6
55000 791.3
60000 817.9
65000 813.4
70000 840.9
75000 823.9
80000 864.9
85000 873.0
90000 875.8
95000 858.9
100000 905.0
105000 890.4
110000 894.9
115000 889.1
120000 898.6
125000 896.6
130000 897.5
135000 904.7
140000 895.7
145000 904.6
150000 893.4
155000 898.9
160000 899.7
165000 492.7
170000 849.9
175000 907.6
180000 900.0
185000 911.8
190000 905.1
195000 908.0
200000 906.3
205000 907.2
210000 909.2
215000 907.4
220000 908.2
225000 909.9
230000 908.6
235000 902.5
240000 907.8
245000 911.0
250000 911.6
255000 911.8
260000 909.9
265000 911.7
270000 907.4
275000 906.4
280000 911.9
285000 909.5
290000 908.7
295000 910.6
300000 906.7
305000 909.5
310000 910.6
315000 910.2
320000 910.3
325000 696.2
330000 848.5
335000 912.6
340000 909.9
345000 909.6
350000 909.3
355000 909.7
360000 909.7
365000 909.7
370000 905.5
375000 908.7
380000 908.4
385000 911.6
390000 910.5
395000 912.1
400000 906.6
405000 913.1
410000 906.6
415000 907.0
420000 906.7
425000 913.1
430000 911.7
435000 908.2
440000 910.3
445000 910.1
450000 911.0
455000 912.1
460000 910.1
465000 908.4
470000 906.2
475000 909.7
480000 912.6
485000 539.0
490000 810.1
495000 908.8
500000 909.1
505000 910.8
510000 909.8
515000 907.3
520000 909.4
525000 909.9
530000 911.7
535000 909.9
540000 913.3
545000 909.6
550000 913.6
555000 911.9
560000 910.9
565000 909.9
570000 910.8
575000 913.5
580000 911.4
585000 914.7
590000 913.4
595000 911.8
600000 914.0
605000 911.5
610000 910.0
615000 913.3
620000 906.7
625000 910.4
630000 911.5
635000 909.2
640000 910.8
645000 581.8
650000 769.8
655000 905.2
660000 908.5
665000 907.7
670000 910.6
675000 908.4
680000 911.2
685000 912.5
690000 913.3
695000 908.6
700000 911.3
705000 911.8
710000 910.8
715000 911.7
720000 912.2
725000 911.5
730000 911.5
735000 910.8
740000 908.9
745000 910.6
750000 910.1
755000 912.5
760000 913.5
765000 911.1
770000 911.1
775000 909.6
780000 911.6
785000 907.9
790000 911.9
795000 909.5
800000 911.8
805000 416.6
810000 900.2
815000 842.7
820000 911.3
825000 912.4
830000 910.9
835000 910.3
840000 912.0
845000 911.2
850000 910.3
855000 910.5
860000 911.6
865000 912.4
870000 910.9
875000 913.1
880000 913.2
885000 910.3
890000 910.9
895000 913.4
900000 908.8
905000 909.5
910000 912.0
915000 910.1
920000 918.3
925000 913.4
930000 913.6
935000 927.2
940000 966.4
945000 913.9
950000 939.4
955000 974.6
960000 968.7
965000 423.1
970000 879.9
975000 914.7
980000 917.7
985000 929.6
990000 925.8
995000 933.5
1000000 963.6
1005000 917.8
1010000 985.3
1015000 983.2
1020000 986.5
1025000 978.3
1030000 987.4
1035000 986.1
1040000 984.1
1045000 988.5
1050000 987.8
1055000 989.9
1060000 983.5
1065000 989.8
1070000 989.5
1075000 987.4
1080000 988.4
1085000 981.6
1090000 987.3
1095000 986.1
1100000 987.7
1105000 989.3
1110000 986.4
1115000 985.3
1120000 987.2
1125000 452.5
1130000 738.2
1135000 949.7
1140000 985.7
1145000 986.8
1150000 982.7
1155000 984.4
1160000 983.4
1165000 980.8
1170000 985.7
1175000 986.2
1180000 988.1
1185000 987.7
1190000 990.9
1195000 983.2
1200000 988.8
1205000 990.2
1210000 987.6
1215000 989.1
1220000 984.4
1225000 988.5
1230000 988.2
1235000 989.5
1240000 987.8
1245000 986.5
1250000 988.5
1255000 985.3
1260000 986.9
1265000 989.8
1270000 987.9
1275000 986.0
1280000 986.2
1285000 478.0
1290000 863.5
1295000 965.5
1300000 983.2
1305000 982.7
1310000 982.8
1315000 983.0
1320000 949.5
1325000 988.2
1330000 985.2
1335000 984.5
1340000 986.3
1345000 988.0
1350000 986.2
1355000 988.9
1360000 984.4
1365000 989.1
1370000 985.3
1375000 988.0
1380000 986.9
1385000 985.0
1390000 988.2
1395000 987.9
1400000 987.0
1405000 987.5
1410000 986.3
1415000 984.8
1420000 986.8
1425000 986.2
1430000 988.3
1435000 984.5
1440000 987.4
1445000 400.4
1450000 792.5
1455000 981.1
1460000 985.6
1465000 988.4
1470000 983.9
1475000 987.0
1480000 985.4
1485000 988.0
1490000 985.5
1495000 988.1
1500000 992.1
1505000 985.2
1510000 986.1
1515000 990.1
1520000 989.9
1525000 990.8
1530000 986.3
1535000 984.3
1540000 989.4
1545000 983.9
1550000 984.0
1555000 986.7
1560000 989.0
1565000 989.2
1570000 984.9
1575000 981.2
1580000 985.2
1585000 986.3
1590000 990.2
1595000 987.7
1600000 988.3
1605000 321.2
1610000 895.1
1615000 983.5
1620000 980.2
1625000 985.8
1630000 984.7
1635000 982.7
1640000 986.1
1645000 990.6
1650000 987.0
1655000 988.3
1660000 985.1
1665000 986.7
1670000 988.9
1675000 987.5
1680000 988.4
1685000 985.7
1690000 986.3
1695000 987.4
1700000 987.9
1705000 989.2
1710000 985.3
1715000 986.4
1720000 983.6
1725000 988.3
1730000 984.4
1735000 987.7
1740000 990.1
1745000 987.4
1750000 987.0
1755000 989.5
1760000 988.0
1765000 516.0
1770000 916.6
1775000 986.0
1780000 983.7
1785000 986.7
1790000 987.6
1795000 984.6
1800000 984.0
1805000 986.9
1810000 989.1
1815000 988.1
1820000 988.7
1825000 983.0
1830000 987.6
1835000 991.0
1840000 986.4
1845000 989.2
1850000 985.6
1855000 985.0
1860000 990.0
1865000 987.0
1870000 987.6
1875000 986.7
1880000 990.6
1885000 988.4
1890000 986.8
1895000 986.9
1900000 988.2
1905000 985.4
1910000 989.6
1915000 988.9
1920000 989.6
1925000 985.8
1930000 987.7
1935000 989.1
1940000 989.8
1945000 990.4
1950000 986.6
1955000 986.2
1960000 989.7
1965000 987.4
1970000 988.4
1975000 984.5
1980000 991.8
1985000 985.9
1990000 990.0
1995000 984.5
2000000 987.1
