5000 0.0
10000 0.0
15000 156.6
20000 466.8
25000 632.0
30000 701.9
35000 742.6
40000 746.8
45000 750.5
50000 762.4
55000 774.1
60000 786.7
65000 774.6
70000 792.0
75000 805.4
80000 812.8
85000 828.7
90000 829.7
95000 841.2
100000 827.2
105000 832.1
110000 834.0
115000 835.7
120000 841.0
125000 841.8
130000 837.2
135000 829.8
140000 830.9
145000 835.9
150000 836.9
155000 834.8
160000 831.1
165000 777.4
170000 833.7
175000 840.4
180000 834.6
185000 833.1
190000 843.1
195000 842.3
200000 844.2
205000 839.4
210000 845.4
215000 837.6
220000 845.7
225000 851.8
230000 846.6
235000 844.8
240000 850.6
245000 847.1
250000 848.5
255000 844.4
260000 847.1
265000 851.9
270000 854.0
275000 849.4
280000 847.6
285000 852.5
290000 850.5
295000 851.7
300000 851.9
305000 850.5
310000 846.9
315000 850.7
320000 854.5
325000 723.9
330000 841.3
335000 846.3
340000 844.2
345000 840.7
350000 841.9
355000 846.6
360000 848.6
365000 853.8
370000 852.5
375000 852.4
380000 849.2
385000 849.5
390000 854.4
395000 851.8
400000 852.8
405000 850.7
410000 855.3
415000 852.2
420000 852.6
425000 852.0
430000 852.6
435000 853.6
440000 853.3
445000 848.3
450000 855.3
455000 852.7
460000 854.6
465000 860.2
470000 855.1
475000 853.3
480000 855.5
485000 777.8
490000 834.8
495000 761.1
500000 842.8
505000 843.3
510000 848.6
515000 850.1
520000 851.0
525000 858.0
530000 884.7
535000 890.5
540000 890.0
545000 901.4
550000 911.0
555000 919.6
560000 918.0
565000 917.8
570000 926.1
575000 978.9
580000 974.8
585000 963.9
590000 944.5
595000 986.8
600000 985.1
605000 986.7
610000 937.3
615000 985.7
620000 985.2
625000 982.9
630000 986.1
635000 939.0
640000 985.8
645000 792.3
650000 864.8
655000 978.3
660000 978.3
665000 981.6
670000 969.3
675000 985.3
680000 987.3
685000 979.1
690000 986.2
695000 984.3
700000 985.9
705000 988.5
710000 989.3
715000 987.1
720000 987.6
725000 986.2
730000 984.2
735000 984.1
740000 986.2
745000 987.8
750000 984.7
755000 987.7
760000 982.7
765000 986.9
770000 986.0
775000 986.0
780000 986.1
785000 985.8
790000 986.0
795000 988.0
800000 989.2
805000 794.9
810000 970.3
815000 919.4
820000 981.7
825000 985.8
830000 985.8
835000 983.2
840000 985.7
845000 988.7
850000 984.1
855000 986.1
860000 983.0
865000 987.3
870000 982.6
875000 983.9
880000 986.7
885000 981.7
890000 985.6
895000 985.5
900000 989.7
905000 990.2
910000 988.6
915000 986.4
920000 983.2
925000 987.6
930000 986.6
935000 987.4
940000 988.5
945000 987.4
950000 989.2
955000 989.4
960000 990.1
965000 745.1
970000 770.2
975000 984.9
980000 975.3
985000 982.1
990000 983.6
995000 987.2
1000000 988.7
1005000 987.3
1010000 983.4
1015000 988.4
1020000 986.0
1025000 988.1
1030000 987.4
1035000 986.2
1040000 988.4
1045000 987.9
1050000 973.2
1055000 988.8
1060000 987.4
1065000 986.5
1070000 987.2
1075000 982.7
1080000 984.1
1085000 985.6
1090000 986.0
1095000 987.1
1100000 986.5
1105000 988.8
1110000 990.8
1115000 988.2
1120000 988.3
1125000 662.9
1130000 814.6
1135000 972.3
1140000 976.3
1145000 981.2
1150000 985.8
1155000 981.1
1160000 986.6
1165000 982.2
1170000 976.7
1175000 984.2
1180000 985.8
1185000 985.4
1190000 982.4
1195000 987.5
1200000 986.0
1205000 987.1
1210000 987.9
1215000 988.6
1220000 988.8
1225000 989.7
1230000 985.2
1235000 984.2
1240000 989.3
1245000 985.3
1250000 988.6
1255000 987.5
1260000 987.6
1265000 984.8
1270000 984.9
1275000 985.8
1280000 989.9
1285000 659.7
1290000 973.4
1295000 980.5
1300000 949.6
1305000 987.2
1310000 987.4
1315000 990.1
1320000 986.1
1325000 984.3
1330000 989.0
1335000 986.2
1340000 986.1
1345000 989.0
1350000 984.6
1355000 984.0
1360000 990.1
1365000 987.5
1370000 987.8
1375000 986.4
1380000 986.2
1385000 984.0
1390000 986.8
1395000 986.6
1400000 986.8
1405000 986.5
1410000 990.5
1415000 986.2
1420000 988.4
1425000 987.6
1430000 987.2
1435000 984.6
1440000 988.7
1445000 738.8
1450000 875.7
1455000 974.8
1460000 983.8
1465000 985.6
1470000 988.7
1475000 980.5
1480000 984.9
1485000 983.7
1490000 983.4
1495000 985.3
1500000 985.2
1505000 984.6
1510000 982.7
1515000 986.4
1520000 978.8
1525000 984.7
1530000 987.6
1535000 988.3
1540000 987.7
1545000 991.1
1550000 986.0
1555000 986.5
1560000 986.8
1565000 986.5
1570000 983.1
1575000 989.1
1580000 990.4
1585000 987.9
1590000 987.2
1595000 986.6
1600000 987.4
1605000 446.1
1610000 847.9
1615000 910.4
1620000 981.9
1625000 981.4
1630000 986.7
1635000 986.8
1640000 985.2
1645000 986.2
1650000 982.5
1655000 987.0
1660000 986.9
1665000 984.4
1670000 988.9
1675000 987.9
1680000 988.4
1685000 986.6
1690000 989.6
1695000 984.7
1700000 986.6
1705000 985.5
1710000 986.3
1715000 985.7
1720000 983.8
1725000 983.7
1730000 985.9
1735000 988.7
1740000 987.4
1745000 989.8
1750000 986.4
1755000 986.9
1760000 986.3
1765000 441.2
1770000 886.2
1775000 921.9
1780000 983.0
1785000 986.8
1790000 984.1
1795000 987.8
1800000 985.8
1805000 986.2
1810000 983.2
1815000 986.8
1820000 983.1
1825000 988.0
1830000 986.6
1835000 984.1
1840000 988.0
1845000 984.8
1850000 985.7
1855000 989.9
1860000 989.8
1865000 988.2
1870000 986.8
1875000 987.2
1880000 991.2
1885000 989.7
1890000 986.8
1895000 989.7
1900000 987.9
1905000 989.7
1910000 991.0
1915000 987.7
1920000 987.9
1925000 990.0
1930000 986.6
1935000 991.4
1940000 986.8
1945000 983.7
1950000 986.9
1955000 989.1
1960000 988.0
1965000 989.3
1970000 988.4
1975000 991.1
1980000 989.5
1985000 990.8
1990000 988.1
1995000 985.5
2000000 988.5
