5000 44.2
10000 25.2
15000 59.8
20000 60.0
25000 137.2
30000 65.8
35000 136.6
40000 94.4
45000 191.3
50000 29.6
55000 34.8
60000 165.2
65000 27.4
70000 259.0
75000 325.5
80000 27.2
85000 95.1
90000 62.9
95000 55.2
100000 58.9
105000 74.6
110000 121.3
115000 103.6
120000 114.1
125000 203.5
130000 137.4
135000 149.2
140000 151.3
145000 136.7
150000 254.3
155000 247.8
160000 160.9
165000 208.5
170000 229.1
175000 297.9
180000 242.3
185000 295.2
190000 217.1
195000 192.1
200000 250.8
205000 237.7
210000 280.9
215000 274.5
220000 259.0
225000 316.3
230000 289.9
235000 342.1
240000 311.8
245000 340.3
250000 353.7
255000 413.5
260000 336.4
265000 355.9
270000 353.1
275000 364.4
280000 348.2
285000 297.0
290000 353.0
295000 322.7
300000 270.8
305000 262.6
310000 301.0
315000 229.5
320000 173.1
325000 380.3
330000 715.7
335000 861.7
340000 901.4
345000 875.6
350000 930.6
355000 820.7
360000 923.0
365000 940.9
370000 765.6
375000 924.4
380000 932.7
385000 892.9
390000 951.4
395000 918.6
400000 909.4
405000 927.5
410000 874.0
415000 943.8
420000 893.4
425000 934.8
430000 926.9
435000 919.2
440000 955.6
445000 926.6
450000 898.7
455000 929.4
460000 849.0
465000 939.7
470000 936.7
475000 920.1
480000 889.5
485000 908.3
490000 903.8
495000 943.6
500000 907.7
505000 944.6
510000 938.7
515000 955.2
520000 927.0
525000 921.3
530000 946.4
535000 852.7
540000 914.9
545000 920.8
550000 901.4
555000 924.8
560000 919.1
565000 916.3
570000 928.1
575000 931.3
580000 907.0
585000 961.2
590000 900.5
595000 936.1
600000 946.2
605000 914.7
610000 911.9
615000 863.8
620000 936.5
625000 937.6
630000 937.3
635000 928.4
640000 948.0
645000 269.8
650000 850.9
655000 931.4
660000 766.6
665000 930.6
670000 901.0
675000 925.7
680000 952.3
685000 933.2
690000 961.3
695000 921.9
700000 945.6
705000 938.9
710000 869.0
715000 939.0
720000 934.0
725000 963.4
730000 949.3
735000 917.7
740000 948.2
745000 875.6
750000 922.4
755000 944.1
760000 870.8
765000 941.7
770000 949.5
775000 933.9
780000 936.1
785000 919.1
790000 910.4
795000 927.4
800000 848.5
805000 951.1
810000 944.8
815000 938.5
820000 941.8
825000 887.7
830000 914.6
835000 963.3
840000 928.6
845000 924.2
850000 963.3
855000 906.5
860000 914.5
865000 931.6
870000 863.5
875000 932.9
880000 922.0
885000 900.9
890000 944.8
895000 961.1
900000 939.4
905000 956.4
910000 924.3
915000 917.6
920000 939.1
925000 956.8
930000 950.6
935000 918.4
940000 930.9
945000 927.0
950000 939.4
955000 939.9
960000 952.3
965000 293.3
970000 802.1
975000 929.7
980000 754.3
985000 906.8
990000 699.0
995000 941.3
1000000 943.9
1005000 955.0
1010000 956.6
1015000 941.8
1020000 938.2
1025000 953.5
1030000 972.5
1035000 959.6
1040000 955.5
1045000 955.7
1050000 913.9
1055000 935.7
1060000 953.7
1065000 937.8
1070000 941.3
1075000 940.0
1080000 964.3
1085000 918.6
1090000 970.7
1095000 955.1
1100000 92.1
1105000 918.7
1110000 946.6
1115000 938.4
1120000 954.5
1125000 940.5
1130000 949.2
1135000 955.6
1140000 926.6
1145000 920.8
1150000 946.2
1155000 948.8
1160000 960.8
1165000 956.0
1170000 961.9
1175000 957.1
1180000 940.3
1185000 971.2
1190000 943.0
1195000 953.6
1200000 942.6
1205000 936.1
1210000 965.1
1215000 937.4
1220000 951.0
1225000 941.4
1230000 949.8
1235000 944.6
1240000 955.5
1245000 939.6
1250000 946.3
1255000 944.4
1260000 954.3
1265000 958.3
1270000 967.8
1275000 944.9
1280000 948.4
1285000 88.9
1290000 651.8
1295000 745.9
1300000 888.7
1305000 958.2
1310000 896.5
1315000 918.6
1320000 934.6
1325000 934.2
1330000 930.8
1335000 945.3
1340000 897.8
1345000 942.7
1350000 922.8
1355000 927.2
1360000 932.4
1365000 923.7
1370000 956.9
1375000 939.5
1380000 925.8
1385000 953.0
1390000 937.4
1395000 934.8
1400000 955.4
1405000 954.2
1410000 954.7
1415000 954.1
1420000 932.3
1425000 886.3
1430000 901.7
1435000 959.9
1440000 901.1
1445000 938.1
1450000 946.0
1455000 920.6
1460000 940.5
1465000 954.7
1470000 950.7
1475000 932.4
1480000 940.4
1485000 957.6
1490000 966.6
1495000 972.2
1500000 936.4
1505000 888.6
1510000 960.1
1515000 934.3
1520000 955.3
1525000 934.0
1530000 945.8
1535000 949.6
1540000 961.4
1545000 930.2
1550000 943.3
1555000 946.8
1560000 965.1
1565000 771.2
1570000 919.7
1575000 856.0
1580000 950.5
1585000 949.4
1590000 950.4
1595000 946.2
1600000 934.2
1605000 94.7
1610000 547.8
1615000 836.7
1620000 807.1
1625000 859.8
1630000 909.7
1635000 931.0
1640000 903.6
1645000 935.0
1650000 939.9
1655000 955.7
1660000 969.2
1665000 961.3
1670000 953.0
1675000 960.9
1680000 950.7
1685000 914.1
1690000 932.9
1695000 942.4
1700000 932.5
1705000 938.0
1710000 939.9
1715000 949.6
1720000 952.6
1725000 934.1
1730000 947.7
1735000 966.5
1740000 945.3
1745000 969.3
1750000 918.9
1755000 948.1
1760000 943.4
1765000 931.7
1770000 939.7
1775000 956.8
1780000 940.4
1785000 946.3
1790000 941.9
1795000 960.7
1800000 944.9
1805000 949.6
1810000 956.9
1815000 962.0
1820000 968.1
1825000 949.0
1830000 944.3
1835000 929.2
1840000 933.6
1845000 920.8
1850000 941.2
1855000 864.2
1860000 959.8
1865000 952.2
1870000 913.6
1875000 949.3
1880000 932.0
1885000 971.3
1890000 919.5
1895000 912.4
1900000 934.2
1905000 968.1
1910000 949.3
1915000 930.7
1920000 965.4
1925000 494.2
1930000 933.7
1935000 963.7
1940000 932.0
1945000 941.8
1950000 952.2
1955000 943.7
1960000 955.5
1965000 932.3
1970000 938.8
1975000 937.6
1980000 947.8
1985000 916.4
1990000 952.0
1995000 953.1
2000000 917.9
