5000 35.7
10000 25.7
15000 103.4
20000 186.5
25000 101.3
30000 173.4
35000 121.8
40000 192.2
45000 136.9
50000 7.4
55000 146.3
60000 17.0
65000 13.5
70000 299.1
75000 104.6
80000 133.7
85000 77.6
90000 79.4
95000 102.3
100000 75.8
105000 113.4
110000 99.3
115000 156.1
120000 168.7
125000 121.6
130000 202.1
135000 167.3
140000 141.5
145000 171.5
150000 160.2
155000 150.0
160000 104.2
165000 136.2
170000 120.4
175000 203.0
180000 248.6
185000 214.1
190000 262.6
195000 276.3
200000 256.3
205000 172.7
210000 75.9
215000 255.2
220000 165.1
225000 147.4
230000 98.0
235000 80.9
240000 112.5
245000 253.0
250000 250.8
255000 215.5
260000 131.9
265000 121.8
270000 276.9
275000 250.6
280000 195.4
285000 176.4
290000 82.0
295000 145.9
300000 175.7
305000 165.0
310000 287.5
315000 141.0
320000 29.0
325000 17.5
330000 657.7
335000 824.2
340000 881.3
345000 857.7
350000 805.9
355000 863.7
360000 875.7
365000 926.6
370000 878.1
375000 939.8
380000 949.6
385000 779.2
390000 921.1
395000 933.3
400000 928.7
405000 906.2
410000 934.6
415000 878.8
420000 907.1
425000 876.7
430000 889.7
435000 877.5
440000 919.2
445000 887.0
450000 929.4
455000 904.3
460000 912.8
465000 886.8
470000 906.8
475000 943.4
480000 912.4
485000 931.2
490000 922.9
495000 906.8
500000 915.1
505000 920.9
510000 911.4
515000 949.7
520000 911.5
525000 933.8
530000 930.4
535000 865.5
540000 913.7
545000 935.3
550000 881.6
555000 932.2
560000 917.2
565000 961.4
570000 936.7
575000 925.8
580000 931.3
585000 890.8
590000 958.7
595000 925.8
600000 896.8
605000 935.8
610000 926.6
615000 932.1
620000 868.0
625000 923.3
630000 928.4
635000 907.5
640000 945.1
645000 454.3
650000 825.8
655000 927.1
660000 810.6
665000 909.8
670000 895.0
675000 947.6
680000 936.0
685000 943.1
690000 943.6
695000 912.7
700000 923.1
705000 934.4
710000 894.9
715000 923.2
720000 913.2
725000 900.9
730000 903.1
735000 928.9
740000 920.7
745000 920.9
750000 953.0
755000 898.6
760000 918.4
765000 923.7
770000 934.8
775000 875.5
780000 941.7
785000 913.0
790000 964.1
795000 912.6
800000 942.4
805000 936.5
810000 928.5
815000 938.1
820000 947.8
825000 925.4
830000 936.4
835000 964.1
840000 945.8
845000 924.1
850000 895.7
855000 931.6
860000 905.5
865000 914.2
870000 962.3
875000 946.9
880000 916.9
885000 905.1
890000 936.6
895000 914.1
900000 927.6
905000 934.8
910000 941.9
915000 902.7
920000 951.8
925000 944.2
930000 944.9
935000 933.6
940000 927.5
945000 944.6
950000 939.7
955000 914.7
960000 908.6
965000 233.1
970000 711.1
975000 904.9
980000 900.3
985000 960.9
990000 935.6
995000 933.5
1000000 954.3
1005000 920.3
1010000 889.2
1015000 912.6
1020000 889.7
1025000 935.5
1030000 956.4
1035000 905.6
1040000 897.0
1045000 936.0
1050000 910.1
1055000 937.9
1060000 942.8
1065000 902.3
1070000 908.5
1075000 927.4
1080000 920.4
1085000 931.2
1090000 911.1
1095000 950.8
1100000 936.3
1105000 927.3
1110000 923.7
1115000 951.0
1120000 951.3
1125000 936.9
1130000 930.3
1135000 982.8
1140000 917.1
1145000 929.6
1150000 932.4
1155000 960.9
1160000 912.4
1165000 947.5
1170000 923.7
1175000 847.7
1180000 930.2
1185000 941.4
1190000 934.8
1195000 932.4
1200000 935.6
1205000 935.6
1210000 928.9
1215000 929.6
1220000 930.0
1225000 925.6
1230000 946.8
1235000 893.9
1240000 736.6
1245000 768.8
1250000 933.3
1255000 942.6
1260000 916.0
1265000 889.7
1270000 930.0
1275000 926.1
1280000 929.8
1285000 182.4
1290000 653.2
1295000 852.4
1300000 840.2
1305000 865.8
1310000 901.2
1315000 912.0
1320000 886.7
1325000 882.9
1330000 876.1
1335000 808.1
1340000 914.4
1345000 940.2
1350000 902.4
1355000 910.2
1360000 861.1
1365000 946.8
1370000 961.8
1375000 924.1
1380000 891.8
1385000 935.3
1390000 783.5
1395000 921.6
1400000 897.8
1405000 882.0
1410000 938.6
1415000 878.8
1420000 919.8
1425000 875.5
1430000 934.8
1435000 933.9
1440000 944.3
1445000 914.3
1450000 904.3
1455000 944.2
1460000 920.8
1465000 939.4
1470000 924.8
1475000 945.0
1480000 939.0
1485000 951.1
1490000 790.5
1495000 908.4
1500000 929.8
1505000 933.1
1510000 876.2
1515000 932.2
1520000 932.5
1525000 933.2
1530000 889.6
1535000 939.2
1540000 948.4
1545000 963.0
1550000 926.0
1555000 316.6
1560000 948.0
1565000 951.3
1570000 938.1
1575000 939.9
1580000 950.6
1585000 945.2
1590000 971.0
1595000 963.7
1600000 906.5
1605000 206.2
1610000 554.4
1615000 506.0
1620000 904.0
1625000 869.6
1630000 874.1
1635000 930.8
1640000 941.6
1645000 937.8
1650000 887.3
1655000 927.4
1660000 927.8
1665000 922.2
1670000 948.1
1675000 876.5
1680000 927.6
1685000 941.0
1690000 920.1
1695000 950.9
1700000 933.0
1705000 906.4
1710000 933.6
1715000 946.7
1720000 939.9
1725000 935.7
1730000 950.4
1735000 953.2
1740000 959.2
1745000 938.9
1750000 952.9
1755000 960.5
1760000 959.8
1765000 934.3
1770000 848.0
1775000 914.0
1780000 957.9
1785000 911.4
1790000 941.3
1795000 957.2
1800000 919.6
1805000 936.0
1810000 944.1
1815000 934.3
1820000 920.1
1825000 950.9
1830000 932.0
1835000 937.0
1840000 956.1
1845000 921.9
1850000 930.4
1855000 954.1
1860000 942.3
1865000 912.4
1870000 964.8
1875000 933.7
1880000 942.1
1885000 943.0
1890000 932.0
1895000 928.4
1900000 924.9
1905000 898.5
1910000 935.6
1915000 899.3
1920000 940.8
1925000 919.0
1930000 919.3
1935000 953.1
1940000 884.5
1945000 923.7
1950000 940.1
1955000 911.8
1960000 932.5
1965000 900.3
1970000 938.1
1975000 946.4
1980000 974.3
1985000 925.6
1990000 924.0
1995000 941.8
2000000 918.7
