5000 104.6
10000 177.4
15000 252.4
20000 154.0
25000 65.5
30000 80.4
35000 183.8
40000 166.0
45000 145.9
50000 99.5
55000 163.2
60000 354.1
65000 169.3
70000 85.1
75000 73.4
80000 177.9
85000 92.7
90000 133.2
95000 145.8
100000 129.2
105000 15.4
110000 68.9
115000 163.2
120000 14.0
125000 176.2
130000 179.2
135000 70.4
140000 108.2
145000 54.4
150000 157.1
155000 124.8
160000 47.0
165000 61.5
170000 25.1
175000 28.6
180000 66.4
185000 68.2
190000 41.4
195000 64.9
200000 86.0
205000 66.8
210000 94.7
215000 134.3
220000 121.3
225000 104.8
230000 61.4
235000 193.2
240000 119.1
245000 113.9
250000 147.2
255000 155.4
260000 148.2
265000 106.1
270000 62.7
275000 152.7
280000 162.8
285000 109.9
290000 175.7
295000 132.3
300000 237.9
305000 109.6
310000 195.6
315000 243.4
320000 117.0
325000 135.0
330000 435.2
335000 661.2
340000 894.8
345000 913.3
350000 922.0
355000 883.3
360000 890.9
365000 860.1
370000 805.2
375000 814.9
380000 855.4
385000 848.7
390000 902.0
395000 918.7
400000 869.3
405000 890.2
410000 885.4
415000 800.5
420000 925.9
425000 926.8
430000 932.6
435000 905.3
440000 966.4
445000 883.7
450000 830.8
455000 918.1
460000 931.9
465000 856.6
470000 900.3
475000 959.5
480000 933.9
485000 931.5
490000 755.2
495000 959.5
500000 920.4
505000 906.7
510000 918.1
515000 949.8
520000 891.0
525000 828.0
530000 965.0
535000 921.3
540000 958.4
545000 916.2
550000 920.2
555000 919.0
560000 940.1
565000 965.3
570000 931.4
575000 942.1
580000 925.0
585000 893.9
590000 933.1
595000 901.1
600000 898.7
605000 885.0
610000 941.2
615000 941.7
620000 942.2
625000 940.6
630000 919.7
635000 932.4
640000 923.5
645000 144.8
650000 615.2
655000 805.9
660000 930.6
665000 871.6
670000 914.4
675000 927.7
680000 937.5
685000 944.9
690000 947.3
695000 949.3
700000 935.0
705000 929.4
710000 922.7
715000 943.1
720000 954.3
725000 926.1
730000 930.1
735000 964.0
740000 914.1
745000 955.5
750000 924.3
755000 948.9
760000 950.9
765000 948.2
770000 944.1
775000 944.6
780000 921.0
785000 929.6
790000 944.6
795000 951.2
800000 938.1
805000 956.6
810000 930.5
815000 957.0
820000 950.3
825000 918.8
830000 957.1
835000 942.1
840000 933.1
845000 948.6
850000 940.4
855000 948.0
860000 928.8
865000 906.8
870000 926.6
875000 910.0
880000 940.6
885000 936.1
890000 928.5
895000 926.8
900000 937.8
905000 926.6
910000 935.4
915000 949.3
920000 942.4
925000 951.4
930000 942.2
935000 936.6
940000 935.8
945000 939.4
950000 916.0
955000 922.5
960000 923.1
965000 405.6
970000 684.5
975000 883.1
980000 925.5
985000 875.8
990000 936.4
995000 964.8
1000000 911.6
1005000 929.2
1010000 945.0
1015000 927.3
1020000 947.2
1025000 937.1
1030000 931.5
1035000 918.3
1040000 951.4
1045000 933.1
1050000 960.5
1055000 960.4
1060000 941.2
1065000 946.4
1070000 959.2
1075000 942.7
1080000 970.1
1085000 949.9
1090000 939.3
1095000 953.9
1100000 943.4
1105000 933.9
1110000 958.6
1115000 936.7
1120000 945.2
1125000 948.3
1130000 942.9
1135000 942.3
1140000 924.7
1145000 926.1
1150000 946.4
1155000 913.1
1160000 940.4
1165000 929.7
1170000 954.3
1175000 941.2
1180000 957.9
1185000 955.0
1190000 934.2
1195000 922.7
1200000 933.0
1205000 948.9
1210000 920.7
1215000 929.2
1220000 913.9
1225000 922.7
1230000 913.8
1235000 938.8
1240000 959.0
1245000 939.9
1250000 928.4
1255000 944.1
1260000 934.2
1265000 950.3
1270000 910.2
1275000 955.0
1280000 946.9
1285000 469.0
1290000 698.8
1295000 631.7
1300000 886.9
1305000 906.1
1310000 927.5
1315000 957.7
1320000 945.4
1325000 921.2
1330000 939.5
1335000 956.8
1340000 909.5
1345000 946.8
1350000 926.4
1355000 931.1
1360000 945.4
1365000 902.8
1370000 927.2
1375000 913.3
1380000 934.8
1385000 936.6
1390000 909.3
1395000 928.3
1400000 911.2
1405000 935.2
1410000 951.9
1415000 934.2
1420000 938.9
1425000 934.4
1430000 958.9
1435000 941.7
1440000 922.4
1445000 935.0
1450000 932.1
1455000 905.4
1460000 963.7
1465000 952.1
1470000 953.2
1475000 943.0
1480000 945.8
1485000 885.8
1490000 925.1
1495000 908.0
1500000 916.2
1505000 943.6
1510000 945.3
1515000 898.0
1520000 911.7
1525000 950.8
1530000 923.6
1535000 944.5
1540000 955.8
1545000 963.7
1550000 943.7
1555000 929.6
1560000 906.5
1565000 954.4
1570000 940.1
1575000 948.8
1580000 936.4
1585000 945.6
1590000 947.1
1595000 948.7
1600000 932.6
1605000 246.7
1610000 766.6
1615000 952.6
1620000 863.5
1625000 900.0
1630000 949.7
1635000 927.8
1640000 920.3
1645000 932.8
1650000 940.4
1655000 913.5
1660000 935.8
1665000 937.4
1670000 955.7
1675000 967.7
1680000 950.1
1685000 911.1
1690000 928.2
1695000 926.8
1700000 929.2
1705000 941.8
1710000 943.8
1715000 954.2
1720000 941.8
1725000 955.0
1730000 946.8
1735000 925.6
1740000 908.7
1745000 952.4
1750000 922.9
1755000 926.7
1760000 923.8
1765000 921.8
1770000 935.5
1775000 909.2
1780000 943.1
1785000 883.9
1790000 912.0
1795000 664.1
1800000 940.4
1805000 936.8
1810000 958.6
1815000 914.3
1820000 935.7
1825000 893.9
1830000 963.7
1835000 947.2
1840000 929.7
1845000 969.7
1850000 931.9
1855000 955.1
1860000 922.6
1865000 868.8
1870000 923.2
1875000 942.9
1880000 952.9
1885000 957.5
1890000 942.7
1895000 939.1
1900000 903.6
1905000 889.8
1910000 942.6
1915000 919.5
1920000 931.5
1925000 949.1
1930000 943.9
1935000 948.8
1940000 927.8
1945000 954.2
1950000 955.1
1955000 944.0
1960000 952.2
1965000 962.0
1970000 946.9
1975000 931.3
1980000 910.7
1985000 930.4
1990000 929.1
1995000 938.0
2000000 853.5
