5000 64.5
10000 11.4
15000 57.1
20000 100.3
25000 267.0
30000 173.3
35000 79.2
40000 165.0
45000 90.7
50000 259.4
55000 96.6
60000 374.3
65000 194.7
70000 190.3
75000 431.3
80000 92.1
85000 193.5
90000 326.9
95000 165.7
100000 13.0
105000 181.6
110000 6.7
115000 101.2
120000 263.3
125000 201.6
130000 301.8
135000 82.3
140000 166.5
145000 80.7
150000 19.0
155000 31.5
160000 16.4
165000 14.3
170000 13.2
175000 73.3
180000 168.2
185000 160.0
190000 196.4
195000 205.0
200000 210.6
205000 142.2
210000 226.7
215000 239.3
220000 267.0
225000 208.4
230000 253.7
235000 400.8
240000 239.6
245000 206.2
250000 255.1
255000 205.4
260000 266.9
265000 202.9
270000 207.5
275000 239.5
280000 230.5
285000 227.5
290000 137.9
295000 223.1
300000 74.7
305000 78.5
310000 58.2
315000 213.4
320000 232.9
325000 373.3
330000 917.4
335000 861.8
340000 806.3
345000 808.6
350000 947.9
355000 933.4
360000 911.0
365000 921.3
370000 885.5
375000 905.7
380000 954.7
385000 905.2
390000 894.9
395000 938.8
400000 927.2
405000 939.1
410000 908.7
415000 948.3
420000 941.8
425000 938.1
430000 950.8
435000 941.2
440000 944.7
445000 930.3
450000 942.0
455000 950.3
460000 927.4
465000 923.5
470000 955.5
475000 950.5
480000 946.1
485000 958.6
490000 936.0
495000 956.9
500000 958.3
505000 958.5
510000 947.3
515000 954.9
520000 966.8
525000 962.9
530000 937.8
535000 950.6
540000 941.1
545000 949.3
550000 960.5
555000 905.1
560000 936.1
565000 947.6
570000 947.2
575000 937.3
580000 951.0
585000 937.6
590000 943.6
595000 951.5
600000 939.6
605000 947.3
610000 948.6
615000 953.5
620000 945.6
625000 902.3
630000 948.2
635000 916.8
640000 954.8
645000 416.9
650000 875.0
655000 923.9
660000 944.7
665000 940.0
670000 927.7
675000 932.5
680000 959.5
685000 957.9
690000 939.8
695000 942.9
700000 960.8
705000 956.0
710000 958.9
715000 951.1
720000 968.4
725000 952.4
730000 906.6
735000 954.2
740000 946.7
745000 947.7
750000 962.5
755000 953.6
760000 956.0
765000 948.5
770000 957.8
775000 957.2
780000 937.3
785000 968.3
790000 953.3
795000 933.9
800000 944.6
805000 941.8
810000 955.0
815000 948.2
820000 948.6
825000 959.7
830000 956.4
835000 956.5
840000 950.1
845000 945.1
850000 958.1
855000 947.8
860000 960.2
865000 954.9
870000 958.0
875000 963.4
880000 950.0
885000 961.0
890000 960.0
895000 954.6
900000 955.1
905000 969.1
910000 962.9
915000 953.9
920000 948.9
925000 967.7
930000 949.5
935000 955.4
940000 953.0
945000 946.0
950000 952.5
955000 955.1
960000 944.8
965000 385.5
970000 931.2
975000 934.5
980000 881.1
985000 910.7
990000 947.8
995000 957.4
1000000 944.9
1005000 966.1
1010000 966.1
1015000 970.7
1020000 951.6
1025000 952.7
1030000 954.2
1035000 943.6
1040000 954.1
1045000 957.6
1050000 947.1
1055000 957.8
1060000 952.6
1065000 961.5
1070000 961.5
1075000 959.0
1080000 963.8
1085000 960.2
1090000 965.9
1095000 944.9
1100000 952.1
1105000 948.2
1110000 962.8
1115000 965.7
1120000 957.6
1125000 964.8
1130000 957.5
1135000 956.9
1140000 964.8
1145000 940.4
1150000 942.9
1155000 948.4
1160000 954.2
1165000 958.9
1170000 962.9
1175000 964.1
1180000 963.0
1185000 954.4
1190000 963.0
1195000 957.1
1200000 964.0
1205000 963.1
1210000 964.3
1215000 955.1
1220000 953.4
1225000 971.1
1230000 968.8
1235000 963.0
1240000 965.5
1245000 959.6
1250000 964.1
1255000 977.2
1260000 948.4
1265000 964.3
1270000 952.5
1275000 952.9
1280000 947.7
1285000 113.6
1290000 897.4
1295000 896.2
1300000 942.2
1305000 894.4
1310000 967.1
1315000 937.9
1320000 956.1
1325000 926.5
1330000 967.1
1335000 955.8
1340000 966.8
1345000 961.4
1350000 944.4
1355000 964.2
1360000 941.9
1365000 956.8
1370000 960.2
1375000 959.7
1380000 946.1
1385000 967.0
1390000 949.9
1395000 944.2
1400000 933.1
1405000 952.3
1410000 931.8
1415000 940.0
1420000 940.3
1425000 945.1
1430000 942.5
1435000 970.2
1440000 959.3
1445000 945.5
1450000 970.5
1455000 960.6
1460000 947.1
1465000 970.2
1470000 957.2
1475000 978.2
1480000 961.0
1485000 939.9
1490000 975.3
1495000 957.0
1500000 952.8
1505000 954.1
1510000 967.6
1515000 958.0
1520000 954.9
1525000 957.9
1530000 961.6
1535000 955.6
1540000 975.7
1545000 948.1
1550000 963.7
1555000 980.7
1560000 947.2
1565000 948.1
1570000 941.0
1575000 923.8
1580000 965.5
1585000 959.3
1590000 949.1
1595000 940.8
1600000 953.3
1605000 27.3
1610000 770.9
1615000 845.4
1620000 882.9
1625000 963.9
1630000 941.0
1635000 950.0
1640000 947.6
1645000 955.4
1650000 963.0
1655000 966.1
1660000 955.1
1665000 914.5
1670000 951.9
1675000 946.8
1680000 960.6
1685000 962.3
1690000 864.8
1695000 965.8
1700000 959.5
1705000 974.3
1710000 949.6
1715000 940.4
1720000 922.5
1725000 961.9
1730000 953.2
1735000 955.8
1740000 964.0
1745000 963.0
1750000 953.9
1755000 954.7
1760000 936.0
1765000 930.4
1770000 969.4
1775000 964.1
1780000 945.5
1785000 957.5
1790000 947.1
1795000 921.5
1800000 965.6
1805000 965.9
1810000 951.9
1815000 950.4
1820000 974.8
1825000 951.4
1830000 954.8
1835000 942.0
1840000 949.9
1845000 931.3
1850000 939.8
1855000 945.0
1860000 952.4
1865000 963.2
1870000 955.8
1875000 968.0
1880000 952.2
1885000 958.9
1890000 950.7
1895000 948.1
1900000 957.6
1905000 943.6
1910000 959.2
1915000 957.1
1920000 923.1
1925000 957.9
1930000 948.8
1935000 966.2
1940000 978.0
1945000 938.1
1950000 973.8
1955000 963.2
1960000 971.4
1965000 940.5
1970000 941.5
1975000 946.8
1980000 960.8
1985000 960.5
1990000 962.9
1995000 967.5
2000000 954.5
