5000 102.5
10000 34.6
15000 225.9
20000 125.6
25000 24.8
30000 73.6
35000 9.2
40000 167.6
45000 214.1
50000 90.5
55000 128.7
60000 193.5
65000 343.9
70000 151.7
75000 313.2
80000 78.0
85000 233.9
90000 132.7
95000 70.0
100000 151.2
105000 67.2
110000 203.7
115000 131.8
120000 147.7
125000 137.5
130000 71.0
135000 137.7
140000 156.2
145000 183.5
150000 165.5
155000 228.2
160000 182.7
165000 179.4
170000 182.7
175000 175.4
180000 172.9
185000 180.7
190000 181.4
195000 52.1
200000 153.6
205000 167.7
210000 98.6
215000 157.2
220000 166.7
225000 108.4
230000 129.5
235000 131.2
240000 167.1
245000 218.1
250000 199.4
255000 102.5
260000 181.8
265000 116.3
270000 99.8
275000 125.2
280000 133.5
285000 210.7
290000 221.2
295000 157.3
300000 185.9
305000 199.2
310000 83.6
315000 132.0
320000 126.1
325000 210.7
330000 689.2
335000 647.4
340000 573.1
345000 730.0
350000 730.6
355000 842.1
360000 822.4
365000 839.1
370000 889.4
375000 833.8
380000 830.7
385000 827.8
390000 880.0
395000 878.2
400000 917.1
405000 861.9
410000 837.8
415000 910.7
420000 969.1
425000 816.7
430000 869.0
435000 927.7
440000 866.8
445000 889.8
450000 877.3
455000 855.9
460000 872.0
465000 870.9
470000 908.8
475000 895.0
480000 833.7
485000 891.0
490000 909.1
495000 906.2
500000 797.0
505000 933.3
510000 876.6
515000 916.1
520000 912.2
525000 474.0
530000 907.0
535000 835.0
540000 825.7
545000 931.6
550000 848.4
555000 804.9
560000 909.2
565000 817.1
570000 904.5
575000 916.9
580000 870.9
585000 832.0
590000 899.8
595000 902.9
600000 850.7
605000 883.3
610000 940.0
615000 913.8
620000 862.2
625000 768.8
630000 937.7
635000 893.5
640000 932.2
645000 269.7
650000 515.5
655000 795.7
660000 864.9
665000 847.5
670000 887.1
675000 889.6
680000 882.6
685000 919.5
690000 911.2
695000 903.5
700000 905.2
705000 942.2
710000 906.6
715000 914.3
720000 914.2
725000 894.8
730000 889.3
735000 901.8
740000 909.0
745000 866.9
750000 885.7
755000 925.4
760000 847.9
765000 885.5
770000 882.4
775000 934.2
780000 928.1
785000 888.4
790000 887.0
795000 905.8
800000 935.1
805000 897.3
810000 882.2
815000 927.6
820000 943.0
825000 873.4
830000 911.3
835000 860.4
840000 868.5
845000 931.1
850000 891.3
855000 921.9
860000 902.1
865000 858.6
870000 933.6
875000 899.7
880000 884.2
885000 894.5
890000 856.1
895000 895.6
900000 896.3
905000 918.9
910000 901.7
915000 918.3
920000 922.4
925000 917.2
930000 919.7
935000 894.6
940000 916.2
945000 935.3
950000 886.6
955000 924.2
960000 891.9
965000 94.8
970000 670.3
975000 826.3
980000 948.7
985000 901.3
990000 882.8
995000 898.0
1000000 872.1
1005000 921.5
1010000 942.8
1015000 897.0
1020000 787.9
1025000 913.9
1030000 913.1
1035000 920.3
1040000 712.3
1045000 919.3
1050000 896.8
1055000 851.2
1060000 878.9
1065000 915.3
1070000 916.0
1075000 901.4
1080000 915.6
1085000 935.5
1090000 931.2
1095000 881.7
1100000 863.9
1105000 863.3
1110000 913.0
1115000 919.1
1120000 903.8
1125000 908.6
1130000 928.7
1135000 919.7
1140000 909.4
1145000 907.0
1150000 927.2
1155000 948.0
1160000 928.1
1165000 924.4
1170000 916.6
1175000 924.0
1180000 926.7
1185000 901.3
1190000 909.5
1195000 911.8
1200000 918.5
1205000 910.6
1210000 937.0
1215000 907.8
1220000 914.6
1225000 901.4
1230000 912.8
1235000 926.5
1240000 888.0
1245000 899.4
1250000 849.4
1255000 909.7
1260000 948.9
1265000 922.1
1270000 885.1
1275000 890.4
1280000 911.3
1285000 169.3
1290000 685.7
1295000 880.8
1300000 915.5
1305000 821.8
1310000 826.5
1315000 908.2
1320000 926.5
1325000 933.7
1330000 907.0
1335000 907.9
1340000 930.8
1345000 923.5
1350000 946.5
1355000 904.1
1360000 834.7
1365000 919.3
1370000 860.1
1375000 931.6
1380000 899.9
1385000 895.9
1390000 916.5
1395000 916.8
1400000 957.3
1405000 886.5
1410000 922.9
1415000 912.8
1420000 958.6
1425000 747.7
1430000 931.1
1435000 917.8
1440000 940.3
1445000 916.6
1450000 917.6
1455000 885.0
1460000 953.9
1465000 813.6
1470000 914.0
1475000 886.3
1480000 898.2
1485000 955.3
1490000 926.9
1495000 924.7
1500000 930.2
1505000 882.1
1510000 889.5
1515000 943.5
1520000 906.5
1525000 900.8
1530000 952.7
1535000 875.2
1540000 859.6
1545000 895.0
1550000 909.1
1555000 919.4
1560000 877.1
1565000 881.8
1570000 889.9
1575000 906.5
1580000 944.3
1585000 907.4
1590000 929.2
1595000 911.3
1600000 893.3
1605000 159.7
1610000 579.0
1615000 798.1
1620000 789.4
1625000 912.3
1630000 926.3
1635000 917.0
1640000 942.2
1645000 903.5
1650000 918.3
1655000 918.4
1660000 934.1
1665000 933.8
1670000 903.7
1675000 921.6
1680000 837.0
1685000 950.9
1690000 893.0
1695000 944.4
1700000 913.0
1705000 908.5
1710000 918.6
1715000 906.4
1720000 948.7
1725000 915.0
1730000 928.2
1735000 959.1
1740000 909.2
1745000 920.8
1750000 923.5
1755000 941.7
1760000 913.4
1765000 909.1
1770000 957.3
1775000 956.1
1780000 938.5
1785000 954.8
1790000 913.0
1795000 927.2
1800000 957.3
1805000 933.8
1810000 916.4
1815000 938.4
1820000 934.9
1825000 897.2
1830000 928.3
1835000 954.6
1840000 949.2
1845000 905.2
1850000 944.2
1855000 946.3
1860000 920.4
1865000 948.7
1870000 921.3
1875000 926.8
1880000 932.4
1885000 925.1
1890000 955.0
1895000 920.9
1900000 938.1
1905000 932.6
1910000 870.5
1915000 920.7
1920000 950.5
1925000 764.5
1930000 936.3
1935000 938.7
1940000 923.3
1945000 859.7
1950000 923.7
1955000 934.1
1960000 915.1
1965000 958.2
1970000 941.8
1975000 898.1
1980000 907.0
1985000 927.3
1990000 911.9
1995000 911.0
2000000 978.2
