5000 2.0
10000 1.2
15000 2.0
20000 2.0
25000 4.1
30000 0.5
35000 5.0
40000 7.5
45000 1.5
50000 0.3
55000 0.0
60000 3.1
65000 0.0
70000 11.0
75000 1.6
80000 4.4
85000 3.5
90000 1.0
95000 4.5
100000 3.1
105000 6.8
110000 1.3
115000 5.1
120000 2.0
125000 1.1
130000 6.3
135000 5.4
140000 0.0
145000 2.3
150000 3.3
155000 2.8
160000 4.9
165000 9.5
170000 4.7
175000 2.4
180000 0.9
185000 6.1
190000 19.0
195000 12.1
200000 179.2
205000 329.8
210000 195.6
215000 467.0
220000 102.3
225000 399.4
230000 254.3
235000 326.2
240000 333.9
245000 435.9
250000 346.0
255000 147.6
260000 297.8
265000 443.5
270000 99.5
275000 545.3
280000 106.4
285000 545.2
290000 559.6
295000 187.1
300000 468.8
305000 279.9
310000 380.0
315000 468.0
320000 288.0
325000 189.2
330000 100.2
335000 575.4
340000 374.7
345000 391.9
350000 191.2
355000 188.9
360000 384.4
365000 190.7
370000 286.1
375000 470.4
380000 288.3
385000 380.4
390000 473.4
395000 286.5
400000 476.7
405000 376.3
410000 287.1
415000 378.2
420000 279.2
425000 566.9
430000 288.3
435000 190.9
440000 288.2
445000 374.6
450000 289.6
455000 287.8
460000 667.0
465000 557.7
470000 381.7
475000 93.2
480000 381.0
485000 377.4
490000 288.6
495000 380.8
500000 480.7
505000 384.1
510000 191.9
515000 386.3
520000 380.2
525000 473.0
530000 102.2
535000 387.0
540000 475.2
545000 382.8
550000 483.1
555000 200.7
560000 193.7
565000 377.0
570000 380.1
575000 287.8
580000 474.0
585000 278.3
590000 189.4
595000 286.7
600000 572.4
605000 572.2
610000 386.6
615000 284.5
620000 288.4
625000 844.6
630000 472.5
635000 378.3
640000 285.5
645000 480.1
650000 294.6
655000 278.7
660000 282.9
665000 478.3
670000 568.3
675000 293.6
680000 380.3
685000 567.5
690000 377.7
695000 282.3
700000 478.8
705000 571.3
710000 186.4
715000 566.1
720000 575.6
725000 469.5
730000 289.0
735000 372.2
740000 386.2
745000 187.1
750000 384.7
755000 472.1
760000 471.3
765000 386.8
770000 568.0
775000 476.6
780000 202.7
785000 286.7
790000 477.9
795000 288.9
800000 473.3
805000 473.8
810000 381.3
815000 380.0
820000 384.3
825000 284.8
830000 478.8
835000 479.5
840000 487.1
845000 194.5
850000 562.0
855000 287.8
860000 467.6
865000 573.4
870000 190.2
875000 481.5
880000 283.1
885000 474.2
890000 477.5
895000 568.5
900000 480.4
905000 190.5
910000 557.5
915000 481.9
920000 377.9
925000 475.2
930000 288.9
935000 373.4
940000 474.8
945000 379.9
950000 384.9
955000 100.1
960000 288.6
965000 377.0
970000 384.8
975000 385.1
980000 480.9
985000 570.2
990000 385.1
995000 285.1
1000000 194.3
