5000 0.8
10000 2.3
15000 3.5
20000 7.3
25000 10.9
30000 0.9
35000 10.7
40000 6.8
45000 8.7
50000 7.1
55000 1.1
60000 10.7
65000 60.0
70000 166.5
75000 186.4
80000 60.4
85000 275.2
90000 240.3
95000 109.9
100000 421.0
105000 348.5
110000 349.8
115000 194.5
120000 337.7
125000 349.6
130000 265.9
135000 283.8
140000 190.7
145000 275.2
150000 539.1
155000 464.5
160000 441.9
165000 459.6
170000 540.7
175000 259.6
180000 362.0
185000 353.5
190000 188.1
195000 634.0
200000 540.4
205000 365.0
210000 380.4
215000 272.6
220000 191.3
225000 463.6
230000 272.7
235000 209.6
240000 362.4
245000 270.9
250000 368.0
255000 208.4
260000 453.9
265000 182.2
270000 275.0
275000 273.7
280000 183.1
285000 530.2
290000 290.0
295000 453.4
300000 365.5
305000 280.0
310000 451.6
315000 190.0
320000 454.1
325000 542.2
330000 462.5
335000 457.9
340000 545.9
345000 185.5
350000 194.5
355000 366.9
360000 458.4
365000 106.2
370000 634.3
375000 261.1
380000 277.2
385000 182.8
390000 716.7
395000 94.7
400000 447.4
405000 187.1
410000 361.8
415000 91.0
420000 623.8
425000 453.7
430000 270.5
435000 451.6
440000 634.4
445000 641.5
450000 462.2
455000 624.7
460000 274.1
465000 273.5
470000 454.0
475000 265.1
480000 461.4
485000 563.3
490000 285.2
495000 99.3
500000 287.1
505000 557.1
510000 458.7
515000 271.2
520000 562.4
525000 284.3
530000 470.9
535000 653.6
540000 558.2
545000 384.0
550000 657.5
555000 467.0
560000 574.3
565000 368.7
570000 287.4
575000 461.2
580000 190.4
585000 291.4
590000 473.2
595000 669.9
600000 252.3
605000 193.1
610000 377.4
615000 471.6
620000 481.4
625000 549.2
630000 286.8
635000 290.8
640000 190.6
645000 571.9
650000 581.9
655000 474.1
660000 664.4
665000 196.3
670000 288.8
675000 572.6
680000 379.4
685000 381.3
690000 102.8
695000 479.3
700000 380.0
705000 572.5
710000 662.1
715000 294.8
720000 378.5
725000 378.8
730000 566.7
735000 383.0
740000 380.8
745000 571.1
750000 579.1
755000 472.5
760000 479.4
765000 380.1
770000 575.5
775000 286.6
780000 565.2
785000 476.2
790000 476.5
795000 658.2
800000 568.5
805000 386.4
810000 189.6
815000 381.4
820000 480.3
825000 97.2
830000 471.0
835000 195.9
840000 383.8
845000 472.3
850000 476.1
855000 570.8
860000 284.7
865000 285.0
870000 381.0
875000 479.4
880000 479.2
885000 473.8
890000 381.2
895000 565.7
900000 289.4
905000 378.8
910000 574.1
915000 476.0
920000 382.1
925000 387.3
930000 479.2
935000 760.6
940000 388.6
945000 571.7
950000 383.6
955000 662.5
960000 288.8
965000 385.4
970000 477.3
975000 299.9
980000 663.1
985000 567.9
990000 195.6
995000 380.0
1000000 381.9
