5000 1.7
10000 1.7
15000 6.7
20000 5.8
25000 7.9
30000 1.0
35000 0.0
40000 11.2
45000 1.4
50000 1.6
55000 2.2
60000 4.6
65000 3.8
70000 6.3
75000 10.6
80000 1.5
85000 1.3
90000 25.6
95000 8.9
100000 26.2
105000 78.8
110000 0.0
115000 37.2
120000 3.3
125000 509.6
130000 182.1
135000 452.2
140000 457.3
145000 465.0
150000 187.4
155000 182.1
160000 381.1
165000 281.5
170000 565.2
175000 471.3
180000 659.3
185000 272.5
190000 378.0
195000 655.1
200000 297.7
205000 197.7
210000 300.0
215000 363.1
220000 375.5
225000 190.1
230000 655.2
235000 385.4
240000 375.8
245000 190.4
250000 655.7
255000 468.7
260000 670.3
265000 187.8
270000 475.0
275000 377.2
280000 660.5
285000 194.7
290000 191.5
295000 382.4
300000 476.1
305000 471.9
310000 567.6
315000 473.9
320000 281.2
325000 477.7
330000 288.6
335000 391.4
340000 295.6
345000 175.4
350000 200.3
355000 384.1
360000 860.5
365000 395.9
370000 294.7
375000 570.7
380000 482.9
385000 100.7
390000 575.0
395000 291.4
400000 284.8
405000 1.2
410000 380.7
415000 659.7
420000 388.4
425000 268.0
430000 291.5
435000 476.7
440000 487.7
445000 382.8
450000 388.1
455000 195.1
460000 191.3
465000 385.6
470000 288.0
475000 389.6
480000 479.4
485000 663.8
490000 190.2
495000 475.0
500000 384.1
505000 578.4
510000 572.2
515000 483.5
520000 580.8
525000 580.8
530000 476.4
535000 661.0
540000 193.2
545000 480.8
550000 477.4
555000 574.4
560000 481.1
565000 476.4
570000 363.0
575000 383.0
580000 470.2
585000 384.7
590000 291.6
595000 285.1
600000 424.7
605000 382.8
610000 475.6
615000 388.8
620000 204.2
625000 390.3
630000 389.0
635000 289.6
640000 482.3
645000 476.1
650000 487.2
655000 389.9
660000 568.3
665000 562.8
670000 384.4
675000 580.7
680000 474.4
685000 480.0
690000 678.2
695000 483.6
700000 195.1
705000 191.7
710000 384.0
715000 571.7
720000 571.5
725000 490.4
730000 478.3
735000 576.0
740000 382.5
745000 479.7
750000 482.0
755000 389.7
760000 392.3
765000 392.5
770000 391.6
775000 290.7
780000 287.0
785000 573.3
790000 288.7
795000 388.8
800000 287.1
805000 383.8
810000 428.8
815000 385.7
820000 385.0
825000 385.3
830000 478.6
835000 291.2
840000 486.2
845000 575.3
850000 485.0
855000 200.6
860000 485.5
865000 473.6
870000 384.1
875000 285.6
880000 392.3
885000 480.2
890000 479.5
895000 288.8
900000 392.2
905000 660.6
910000 382.1
915000 480.5
920000 286.2
925000 379.5
930000 386.7
935000 572.6
940000 482.1
945000 191.7
950000 478.8
955000 287.7
960000 486.1
965000 385.3
970000 586.5
975000 204.0
980000 381.6
985000 478.0
990000 290.3
995000 294.4
1000000 387.7
