5000 0.8
10000 1.1
15000 3.5
20000 2.7
25000 7.1
30000 1.5
35000 3.9
40000 0.0
45000 0.9
50000 3.5
55000 0.0
60000 2.6
65000 4.0
70000 2.2
75000 3.0
80000 5.5
85000 4.6
90000 9.6
95000 4.4
100000 8.0
105000 6.9
110000 3.6
115000 8.2
120000 5.1
125000 6.5
130000 4.2
135000 74.5
140000 114.7
145000 131.5
150000 70.8
155000 123.2
160000 158.2
165000 115.7
170000 58.6
175000 438.1
180000 436.5
185000 262.1
190000 269.2
195000 514.7
200000 458.7
205000 551.3
210000 445.2
215000 162.5
220000 637.6
225000 353.1
230000 350.2
235000 185.6
240000 94.6
245000 274.9
250000 358.1
255000 177.5
260000 535.6
265000 659.2
270000 639.5
275000 271.2
280000 470.9
285000 270.2
290000 273.0
295000 371.6
300000 273.3
305000 642.7
310000 644.1
315000 455.7
320000 460.0
325000 449.7
330000 371.2
335000 467.6
340000 373.8
345000 370.8
350000 374.5
355000 282.8
360000 449.9
365000 743.8
370000 194.2
375000 372.9
380000 461.1
385000 359.8
390000 377.9
395000 557.8
400000 458.6
405000 284.0
410000 373.3
415000 186.4
420000 452.6
425000 464.9
430000 363.9
435000 459.8
440000 369.8
445000 367.3
450000 374.0
455000 371.2
460000 276.0
465000 276.2
470000 99.8
475000 192.7
480000 288.6
485000 835.5
490000 285.7
495000 194.0
500000 374.6
505000 291.7
510000 468.4
515000 467.3
520000 195.2
525000 557.2
530000 374.6
535000 463.9
540000 375.5
545000 183.4
550000 562.0
555000 542.2
560000 473.5
565000 282.8
570000 465.6
575000 189.3
580000 646.7
585000 461.4
590000 466.9
595000 474.7
600000 747.3
605000 737.4
610000 194.1
615000 373.6
620000 377.4
625000 372.9
630000 473.0
635000 654.1
640000 282.6
645000 367.7
650000 285.2
655000 94.9
660000 186.2
665000 374.9
670000 291.2
675000 652.4
680000 100.1
685000 469.1
690000 282.4
695000 277.0
700000 93.1
705000 189.7
710000 477.3
715000 201.2
720000 659.7
725000 475.3
730000 392.6
735000 368.1
740000 280.3
745000 92.2
750000 369.7
755000 291.2
760000 465.2
765000 285.0
770000 468.1
775000 375.6
780000 288.7
785000 471.6
790000 280.0
795000 474.1
800000 378.7
805000 5.6
810000 287.3
815000 281.1
820000 465.5
825000 3.0
830000 190.5
835000 554.5
840000 377.8
845000 473.1
850000 467.3
855000 374.1
860000 374.7
865000 292.0
870000 660.0
875000 378.8
880000 282.2
885000 473.6
890000 345.4
895000 758.5
900000 466.5
905000 479.9
910000 558.9
915000 654.4
920000 471.8
925000 755.5
930000 664.9
935000 655.4
940000 281.0
945000 474.4
950000 375.1
955000 475.0
960000 371.4
965000 449.7
970000 275.8
975000 659.0
980000 373.9
985000 376.7
990000 561.5
995000 470.0
1000000 666.6
