5000 0.0
10000 3.5
15000 3.0
20000 2.5
25000 0.7
30000 1.5
35000 1.6
40000 1.9
45000 5.8
50000 2.9
55000 6.6
60000 1.6
65000 12.0
70000 29.4
75000 66.8
80000 4.1
85000 99.6
90000 216.4
95000 341.4
100000 411.4
105000 242.5
110000 419.3
115000 192.3
120000 160.5
125000 256.7
130000 332.1
135000 503.4
140000 86.5
145000 89.8
150000 365.4
155000 266.8
160000 271.1
165000 273.5
170000 278.5
175000 274.0
180000 361.3
185000 366.0
190000 365.4
195000 458.0
200000 367.2
205000 553.1
210000 368.4
215000 728.9
220000 186.4
225000 549.0
230000 282.2
235000 453.7
240000 188.1
245000 454.5
250000 552.0
255000 93.5
260000 365.8
265000 447.9
270000 270.6
275000 276.1
280000 460.9
285000 462.4
290000 273.6
295000 369.4
300000 363.2
305000 284.9
310000 724.1
315000 278.1
320000 539.5
325000 549.3
330000 565.7
335000 99.4
340000 276.4
345000 552.9
350000 466.6
355000 467.2
360000 457.5
365000 655.5
370000 192.4
375000 375.1
380000 365.2
385000 279.3
390000 464.0
395000 286.6
400000 451.1
405000 463.4
410000 283.4
415000 557.6
420000 649.3
425000 461.6
430000 368.4
435000 453.4
440000 280.4
445000 373.9
450000 275.6
455000 463.9
460000 369.5
465000 563.2
470000 465.3
475000 277.5
480000 280.1
485000 284.1
490000 279.2
495000 189.3
500000 283.1
505000 372.0
510000 282.0
515000 286.9
520000 464.9
525000 278.2
530000 473.1
535000 474.8
540000 282.8
545000 293.0
550000 556.6
555000 461.7
560000 558.2
565000 466.3
570000 658.0
575000 471.2
580000 369.1
585000 280.9
590000 564.1
595000 187.6
600000 551.3
605000 566.9
610000 564.1
615000 466.6
620000 373.1
625000 275.0
630000 192.5
635000 191.1
640000 554.3
645000 375.2
650000 570.9
655000 285.1
660000 563.9
665000 280.4
670000 279.5
675000 289.4
680000 376.2
685000 381.9
690000 190.3
695000 462.5
700000 562.6
705000 94.2
710000 562.7
715000 564.7
720000 380.9
725000 562.6
730000 282.2
735000 560.5
740000 561.1
745000 281.9
750000 285.2
755000 467.3
760000 370.3
765000 371.3
770000 469.4
775000 378.5
780000 285.5
785000 656.1
790000 572.3
795000 651.6
800000 468.2
805000 281.4
810000 282.9
815000 194.9
820000 475.9
825000 566.3
830000 383.3
835000 377.1
840000 748.5
845000 296.6
850000 470.3
855000 568.8
860000 189.9
865000 479.8
870000 192.7
875000 284.7
880000 283.0
885000 471.5
890000 284.4
895000 380.1
900000 566.6
905000 568.8
910000 382.9
915000 284.0
920000 284.2
925000 189.5
930000 568.1
935000 657.2
940000 285.4
945000 575.8
950000 285.1
955000 95.2
960000 188.3
965000 383.3
970000 472.3
975000 482.0
980000 284.6
985000 566.1
990000 191.5
995000 383.1
1000000 184.0
