5000 0.3
10000 3.5
15000 1.1
20000 5.0
25000 8.6
30000 1.9
35000 0.0
40000 1.6
45000 3.8
50000 5.0
55000 3.6
60000 0.0
65000 1.5
70000 4.2
75000 4.6
80000 1.7
85000 3.6
90000 7.9
95000 168.8
100000 114.7
105000 105.3
110000 172.1
115000 175.2
120000 229.6
125000 308.0
130000 225.1
135000 186.8
140000 183.2
145000 219.2
150000 136.7
155000 475.8
160000 394.9
165000 410.6
170000 531.9
175000 458.9
180000 617.3
185000 373.6
190000 559.2
195000 560.0
200000 278.8
205000 189.2
210000 193.6
215000 178.2
220000 289.9
225000 281.2
230000 728.0
235000 553.4
240000 349.3
245000 302.0
250000 380.6
255000 191.2
260000 290.8
265000 386.7
270000 375.8
275000 188.6
280000 467.2
285000 346.9
290000 570.0
295000 361.8
300000 377.9
305000 469.4
310000 477.3
315000 96.0
320000 471.4
325000 368.6
330000 572.7
335000 566.4
340000 301.5
345000 377.8
350000 568.6
355000 467.8
360000 471.1
365000 378.5
370000 104.7
375000 290.4
380000 466.3
385000 475.6
390000 380.7
395000 388.4
400000 289.1
405000 479.0
410000 566.6
415000 474.8
420000 98.0
425000 333.5
430000 286.6
435000 190.2
440000 465.3
445000 386.3
450000 469.7
455000 478.9
460000 476.4
465000 474.6
470000 471.8
475000 576.4
480000 199.2
485000 290.7
490000 669.4
495000 857.3
500000 572.9
505000 559.2
510000 385.1
515000 667.9
520000 286.2
525000 475.9
530000 382.8
535000 386.8
540000 477.8
545000 282.6
550000 378.4
555000 574.5
560000 387.4
565000 290.8
570000 287.8
575000 481.9
580000 384.8
585000 291.7
590000 378.6
595000 99.2
600000 194.3
605000 476.6
610000 384.6
615000 376.9
620000 286.6
625000 672.9
630000 473.4
635000 478.0
640000 287.2
645000 285.9
650000 478.9
655000 285.8
660000 195.6
665000 568.8
670000 474.8
675000 380.3
680000 383.5
685000 576.6
690000 361.4
695000 668.5
700000 290.3
705000 191.1
710000 295.0
715000 387.6
720000 289.3
725000 291.5
730000 568.7
735000 482.0
740000 485.7
745000 199.2
750000 672.7
755000 667.0
760000 189.2
765000 477.8
770000 483.9
775000 389.3
780000 483.6
785000 564.8
790000 378.2
795000 289.7
800000 288.8
805000 571.1
810000 193.1
815000 285.1
820000 670.2
825000 196.9
830000 758.8
835000 569.2
840000 858.4
845000 386.3
850000 288.7
855000 294.6
860000 470.1
865000 96.5
870000 390.5
875000 491.3
880000 479.3
885000 378.5
890000 291.0
895000 573.1
900000 287.0
905000 572.3
910000 668.1
915000 573.2
920000 381.7
925000 387.2
930000 570.7
935000 474.6
940000 486.3
945000 294.3
950000 290.5
955000 487.8
960000 575.8
965000 195.5
970000 480.4
975000 576.4
980000 380.4
985000 385.3
990000 574.9
995000 381.9
1000000 373.3
