5000 3.4
10000 1.7
15000 0.4
20000 1.5
25000 0.4
30000 6.2
35000 1.7
40000 17.6
45000 4.1
50000 0.9
55000 4.0
60000 0.0
65000 3.3
70000 110.2
75000 118.2
80000 103.2
85000 164.1
90000 196.2
95000 396.3
100000 435.3
105000 474.4
110000 525.6
115000 461.3
120000 582.1
125000 676.1
130000 605.8
135000 914.2
140000 891.1
145000 743.0
150000 800.9
155000 915.4
160000 822.6
165000 924.4
170000 915.4
175000 898.6
180000 911.0
185000 824.7
190000 925.7
195000 917.6
200000 929.9
205000 933.2
210000 917.7
215000 909.7
220000 837.1
225000 926.7
230000 935.9
235000 907.8
240000 919.6
245000 920.9
250000 914.6
255000 918.1
260000 925.8
265000 920.7
270000 930.8
275000 928.6
280000 927.4
285000 933.4
290000 933.2
295000 943.7
300000 918.5
305000 931.4
310000 944.2
315000 942.6
320000 937.5
325000 942.0
330000 937.4
335000 942.4
340000 932.9
345000 925.9
350000 934.2
355000 911.1
360000 926.9
365000 931.0
370000 930.1
375000 933.3
380000 915.3
385000 948.0
390000 937.9
395000 900.2
400000 943.4
405000 844.2
410000 940.5
415000 947.4
420000 934.7
425000 942.5
430000 944.0
435000 941.4
440000 846.6
445000 944.4
450000 932.2
455000 945.5
460000 937.6
465000 940.2
470000 936.6
475000 939.9
480000 930.3
485000 842.6
490000 947.2
495000 939.1
500000 935.1
505000 935.0
510000 939.1
515000 942.2
520000 943.6
525000 937.7
530000 941.7
535000 941.8
540000 938.8
545000 947.5
550000 933.9
555000 939.5
560000 941.6
565000 938.2
570000 941.3
575000 848.6
580000 938.7
585000 941.4
590000 937.7
595000 942.1
600000 937.0
605000 942.9
610000 943.9
615000 944.6
620000 945.8
625000 947.4
630000 943.1
635000 935.5
640000 851.2
645000 853.7
650000 951.1
655000 941.6
660000 941.3
665000 941.1
670000 850.2
675000 891.6
680000 920.6
685000 930.7
690000 943.0
695000 944.2
700000 929.9
705000 888.5
710000 945.0
715000 913.6
720000 945.3
725000 941.4
730000 847.0
735000 852.9
740000 940.1
745000 937.0
750000 809.5
755000 849.2
760000 943.2
765000 936.7
770000 944.1
775000 943.4
780000 946.6
785000 943.1
790000 940.2
795000 946.8
800000 947.7
805000 943.8
810000 945.2
815000 942.5
820000 944.7
825000 950.0
830000 937.2
835000 944.8
840000 943.1
845000 948.0
850000 941.5
855000 942.6
860000 946.6
865000 946.2
870000 941.3
875000 847.0
880000 946.3
885000 940.7
890000 941.8
895000 943.5
900000 935.7
905000 943.9
910000 934.9
915000 942.8
920000 850.4
925000 842.5
930000 939.8
935000 935.6
940000 933.8
945000 937.1
950000 940.0
955000 940.8
960000 941.7
965000 945.5
970000 938.2
975000 948.7
980000 948.9
985000 848.2
990000 945.5
995000 944.7
1000000 946.2
