5000 0.0
10000 1.4
15000 1.5
20000 0.5
25000 3.1
30000 4.1
35000 11.6
40000 0.3
45000 0.0
50000 3.7
55000 0.0
60000 4.8
65000 0.0
70000 1.9
75000 1.3
80000 10.6
85000 36.4
90000 16.7
95000 28.0
100000 1.6
105000 20.0
110000 16.2
115000 21.2
120000 172.8
125000 406.8
130000 351.9
135000 181.4
140000 532.2
145000 358.8
150000 440.4
155000 177.5
160000 457.4
165000 450.1
170000 360.8
175000 202.6
180000 622.0
185000 361.7
190000 361.9
195000 372.0
200000 456.9
205000 494.0
210000 279.5
215000 360.9
220000 275.6
225000 284.3
230000 375.8
235000 192.6
240000 458.3
245000 96.1
250000 278.2
255000 267.4
260000 566.8
265000 751.8
270000 475.3
275000 351.1
280000 591.3
285000 283.6
290000 187.4
295000 381.3
300000 385.7
305000 186.8
310000 575.8
315000 288.5
320000 570.6
325000 387.0
330000 348.9
335000 384.4
340000 99.0
345000 376.8
350000 381.0
355000 288.2
360000 377.6
365000 386.0
370000 191.8
375000 384.1
380000 365.0
385000 375.7
390000 574.2
395000 383.6
400000 288.0
405000 475.6
410000 285.4
415000 387.6
420000 191.2
425000 285.5
430000 288.8
435000 758.3
440000 473.3
445000 493.4
450000 472.5
455000 378.2
460000 289.0
465000 476.5
470000 666.3
475000 474.7
480000 285.7
485000 275.1
490000 285.3
495000 287.2
500000 478.5
505000 375.8
510000 195.8
515000 478.9
520000 477.9
525000 385.7
530000 381.9
535000 387.7
540000 478.9
545000 482.6
550000 385.4
555000 482.3
560000 379.5
565000 380.9
570000 384.2
575000 378.0
580000 765.1
585000 387.1
590000 273.5
595000 285.7
600000 674.2
605000 475.6
610000 296.1
615000 381.6
620000 640.6
625000 392.7
630000 450.3
635000 578.9
640000 481.3
645000 284.5
650000 481.0
655000 576.3
660000 287.0
665000 375.5
670000 484.7
675000 287.4
680000 478.5
685000 489.0
690000 193.0
695000 288.2
700000 576.5
705000 380.2
710000 189.9
715000 386.0
720000 478.8
725000 285.3
730000 668.3
735000 285.7
740000 580.8
745000 286.8
750000 477.1
755000 387.0
760000 271.3
765000 382.5
770000 576.6
775000 391.0
780000 669.3
785000 287.4
790000 383.1
795000 193.0
800000 381.9
805000 576.7
810000 487.6
815000 193.9
820000 579.7
825000 481.1
830000 769.4
835000 575.9
840000 667.3
845000 483.9
850000 199.5
855000 578.2
860000 102.4
865000 482.2
870000 382.8
875000 295.5
880000 384.3
885000 383.7
890000 299.9
895000 390.3
900000 385.4
905000 386.0
910000 573.0
915000 676.8
920000 286.0
925000 385.0
930000 384.4
935000 191.7
940000 201.2
945000 477.5
950000 387.8
955000 344.9
960000 379.3
965000 576.2
970000 190.5
975000 287.0
980000 671.7
985000 480.9
990000 574.0
995000 475.5
1000000 476.3
