5000 2.4
10000 1.7
15000 1.0
20000 2.6
25000 0.6
30000 3.4
35000 7.6
40000 2.0
45000 0.0
50000 39.1
55000 154.7
60000 90.5
65000 91.3
70000 164.9
75000 35.4
80000 232.0
85000 35.9
90000 245.2
95000 200.6
100000 73.8
105000 235.0
110000 75.3
115000 123.9
120000 445.5
125000 206.1
130000 63.2
135000 99.2
140000 65.8
145000 59.0
150000 384.9
155000 211.6
160000 233.5
165000 380.4
170000 567.2
175000 474.2
180000 284.0
185000 380.6
190000 376.0
195000 557.2
200000 465.5
205000 91.3
210000 376.6
215000 464.2
220000 378.8
225000 567.2
230000 375.8
235000 282.8
240000 476.0
245000 570.6
250000 561.1
255000 381.5
260000 286.0
265000 98.1
270000 381.1
275000 302.8
280000 376.3
285000 388.1
290000 471.9
295000 569.8
300000 382.9
305000 281.8
310000 286.8
315000 279.1
320000 277.0
325000 285.2
330000 290.8
335000 477.3
340000 474.3
345000 190.4
350000 636.3
355000 472.7
360000 664.4
365000 476.9
370000 473.5
375000 575.5
380000 351.1
385000 472.5
390000 291.6
395000 282.9
400000 641.6
405000 191.3
410000 287.1
415000 661.6
420000 284.5
425000 379.2
430000 280.8
435000 655.7
440000 383.4
445000 475.5
450000 671.5
455000 580.0
460000 580.9
465000 470.0
470000 386.2
475000 381.0
480000 378.3
485000 752.7
490000 384.2
495000 474.4
500000 661.1
505000 479.9
510000 556.6
515000 478.3
520000 283.9
525000 291.5
530000 392.0
535000 386.9
540000 578.1
545000 667.3
550000 480.2
555000 669.0
560000 286.9
565000 97.0
570000 749.9
575000 383.2
580000 288.0
585000 480.7
590000 486.1
595000 294.6
600000 476.0
605000 256.1
610000 482.3
615000 478.6
620000 260.5
625000 194.9
630000 574.3
635000 384.5
640000 478.1
645000 385.8
650000 767.9
655000 388.9
660000 404.1
665000 475.8
670000 284.3
675000 468.3
680000 286.2
685000 199.6
690000 669.5
695000 390.3
700000 288.5
705000 287.4
710000 657.5
715000 383.4
720000 380.6
725000 194.4
730000 106.9
735000 756.0
740000 375.8
745000 279.9
750000 477.5
755000 380.9
760000 289.2
765000 475.8
770000 100.3
775000 558.9
780000 661.3
785000 475.3
790000 379.9
795000 292.3
800000 571.5
805000 476.2
810000 766.0
815000 195.9
820000 474.1
825000 198.8
830000 288.4
835000 573.1
840000 288.6
845000 381.1
850000 473.5
855000 481.2
860000 571.1
865000 288.4
870000 473.0
875000 285.9
880000 476.8
885000 286.2
890000 476.6
895000 384.0
900000 468.9
905000 388.0
910000 477.3
915000 567.4
920000 288.2
925000 375.6
930000 286.7
935000 386.9
940000 471.8
945000 284.7
950000 380.6
955000 482.9
960000 388.6
965000 383.6
970000 381.0
975000 381.9
980000 571.9
985000 564.9
990000 383.3
995000 479.2
1000000 99.1
