5000 4.2
10000 2.0
15000 4.5
20000 0.2
25000 5.3
30000 4.4
35000 2.2
40000 3.2
45000 5.1
50000 19.0
55000 8.7
60000 4.3
65000 2.0
70000 164.9
75000 96.6
80000 38.9
85000 29.3
90000 215.5
95000 134.8
100000 339.4
105000 200.1
110000 597.9
115000 267.5
120000 356.2
125000 811.5
130000 273.7
135000 180.4
140000 538.2
145000 449.6
150000 471.0
155000 295.4
160000 368.6
165000 198.1
170000 645.1
175000 420.7
180000 98.6
185000 298.7
190000 567.9
195000 375.3
200000 667.8
205000 331.3
210000 803.7
215000 823.8
220000 752.2
225000 897.4
230000 745.8
235000 853.3
240000 894.3
245000 698.8
250000 600.5
255000 825.2
260000 833.5
265000 912.4
270000 827.3
275000 840.5
280000 892.9
285000 837.7
290000 931.6
295000 892.3
300000 914.3
305000 824.4
310000 911.1
315000 894.7
320000 817.8
325000 927.4
330000 735.7
335000 836.3
340000 917.9
345000 910.6
350000 920.4
355000 827.9
360000 852.5
365000 831.8
370000 913.4
375000 919.7
380000 939.3
385000 938.8
390000 932.6
395000 735.4
400000 924.6
405000 931.5
410000 941.0
415000 835.2
420000 935.7
425000 930.1
430000 928.4
435000 840.3
440000 912.5
445000 923.2
450000 920.0
455000 922.4
460000 939.2
465000 934.3
470000 834.6
475000 928.4
480000 824.2
485000 937.1
490000 926.4
495000 928.7
500000 941.3
505000 941.0
510000 832.9
515000 936.2
520000 932.7
525000 939.2
530000 927.0
535000 943.5
540000 937.8
545000 941.2
550000 936.6
555000 922.4
560000 931.6
565000 931.8
570000 920.1
575000 921.3
580000 935.2
585000 930.7
590000 931.6
595000 935.3
600000 834.8
605000 830.5
610000 936.3
615000 928.2
620000 939.5
625000 948.7
630000 849.1
635000 922.1
640000 926.8
645000 924.9
650000 931.8
655000 941.2
660000 931.5
665000 947.8
670000 941.2
675000 932.3
680000 936.5
685000 945.3
690000 935.9
695000 939.6
700000 912.8
705000 906.2
710000 934.2
715000 918.8
720000 939.4
725000 928.5
730000 928.2
735000 837.8
740000 844.2
745000 940.8
750000 932.1
755000 944.2
760000 936.0
765000 930.1
770000 947.6
775000 941.7
780000 927.0
785000 941.1
790000 942.3
795000 934.4
800000 931.1
805000 941.2
810000 934.5
815000 938.5
820000 840.0
825000 948.3
830000 931.8
835000 937.3
840000 937.7
845000 943.1
850000 929.9
855000 928.3
860000 922.9
865000 921.6
870000 942.0
875000 933.1
880000 939.4
885000 946.2
890000 946.4
895000 943.1
900000 939.6
905000 908.2
910000 929.4
915000 941.9
920000 845.6
925000 931.6
930000 944.9
935000 941.1
940000 929.3
945000 934.1
950000 938.9
955000 849.0
960000 927.7
965000 935.0
970000 944.4
975000 930.4
980000 955.9
985000 936.9
990000 949.0
995000 917.0
1000000 932.4
