5000 1.0
10000 1.7
15000 2.0
20000 3.8
25000 3.1
30000 2.7
35000 0.0
40000 2.6
45000 7.3
50000 9.4
55000 0.7
60000 2.2
65000 124.7
70000 17.5
75000 12.3
80000 114.4
85000 150.5
90000 267.0
95000 103.7
100000 165.4
105000 260.7
110000 246.5
115000 250.3
120000 318.1
125000 226.0
130000 446.2
135000 103.1
140000 439.3
145000 254.8
150000 350.1
155000 278.6
160000 534.3
165000 261.0
170000 192.1
175000 422.8
180000 354.3
185000 518.3
190000 267.7
195000 455.1
200000 532.6
205000 443.5
210000 95.4
215000 455.1
220000 180.2
225000 354.2
230000 445.5
235000 283.4
240000 454.1
245000 204.2
250000 180.8
255000 179.2
260000 270.4
265000 269.8
270000 363.3
275000 537.4
280000 106.7
285000 198.3
290000 274.8
295000 355.2
300000 531.0
305000 363.2
310000 453.3
315000 366.0
320000 356.3
325000 373.1
330000 541.9
335000 363.1
340000 358.8
345000 441.1
350000 180.3
355000 439.0
360000 278.5
365000 535.3
370000 269.7
375000 185.9
380000 270.7
385000 451.6
390000 373.3
395000 460.5
400000 540.8
405000 455.7
410000 354.3
415000 372.9
420000 447.6
425000 543.5
430000 264.6
435000 181.5
440000 274.0
445000 186.1
450000 356.8
455000 275.0
460000 272.8
465000 448.4
470000 273.0
475000 444.9
480000 629.8
485000 284.5
490000 445.0
495000 448.4
500000 268.4
505000 282.5
510000 362.0
515000 510.0
520000 632.6
525000 543.4
530000 177.5
535000 93.4
540000 181.1
545000 364.4
550000 632.9
555000 361.2
560000 365.3
565000 621.8
570000 279.9
575000 535.3
580000 91.7
585000 361.3
590000 188.9
595000 185.8
600000 447.5
605000 361.2
610000 448.6
615000 274.0
620000 267.8
625000 445.8
630000 185.4
635000 273.7
640000 268.8
645000 453.5
650000 361.3
655000 181.3
660000 362.3
665000 358.9
670000 621.9
675000 449.8
680000 541.5
685000 270.0
690000 550.7
695000 366.4
700000 460.3
705000 271.3
710000 272.2
715000 363.1
720000 269.3
725000 185.8
730000 269.5
735000 268.6
740000 362.1
745000 457.6
750000 361.7
755000 457.1
760000 456.0
765000 456.4
770000 272.3
775000 548.6
780000 524.3
785000 179.7
790000 276.0
795000 537.1
800000 540.8
805000 451.8
810000 538.4
815000 543.7
820000 92.8
825000 369.5
830000 456.6
835000 266.8
840000 537.8
845000 547.7
850000 451.0
855000 455.1
860000 180.3
865000 637.1
870000 271.3
875000 734.5
880000 453.1
885000 269.7
890000 279.3
895000 539.8
900000 463.7
905000 452.1
910000 357.7
915000 190.8
920000 182.7
925000 187.6
930000 275.2
935000 537.3
940000 96.1
945000 99.3
950000 273.0
955000 275.5
960000 361.4
965000 445.3
970000 185.9
975000 630.1
980000 462.4
985000 363.4
990000 196.1
995000 4.2
1000000 451.4
