5000 5.8
10000 2.7
15000 0.7
20000 1.5
25000 2.8
30000 1.0
35000 2.3
40000 1.1
45000 2.2
50000 1.4
55000 3.1
60000 9.9
65000 3.1
70000 3.6
75000 1.6
80000 3.7
85000 4.2
90000 7.2
95000 10.5
100000 8.6
105000 18.6
110000 28.1
115000 11.7
120000 74.3
125000 9.3
130000 7.1
135000 109.8
140000 94.7
145000 63.0
150000 64.2
155000 35.9
160000 79.4
165000 151.0
170000 12.9
175000 476.7
180000 136.0
185000 189.4
190000 12.5
195000 320.8
200000 187.2
205000 88.9
210000 259.8
215000 358.2
220000 252.3
225000 350.6
230000 508.3
235000 175.4
240000 162.6
245000 507.5
250000 247.6
255000 344.1
260000 363.5
265000 338.6
270000 327.3
275000 342.0
280000 87.8
285000 319.3
290000 106.6
295000 439.7
300000 444.0
305000 517.0
310000 435.6
315000 448.8
320000 8.5
325000 426.3
330000 432.7
335000 89.7
340000 444.8
345000 521.8
350000 265.9
355000 20.8
360000 267.6
365000 524.0
370000 354.1
375000 177.7
380000 275.8
385000 354.5
390000 278.9
395000 278.3
400000 90.6
405000 435.4
410000 444.0
415000 272.9
420000 272.2
425000 267.3
430000 269.8
435000 450.0
440000 181.4
445000 270.5
450000 92.7
455000 285.0
460000 466.6
465000 91.8
470000 276.2
475000 265.4
480000 193.0
485000 284.1
490000 188.6
495000 456.4
500000 461.8
505000 185.9
510000 277.7
515000 101.8
520000 450.0
525000 357.1
530000 460.5
535000 363.6
540000 372.1
545000 196.3
550000 442.3
555000 279.1
560000 280.9
565000 458.5
570000 468.3
575000 386.1
580000 648.6
585000 180.1
590000 553.7
595000 363.6
600000 183.5
605000 274.9
610000 276.1
615000 464.7
620000 551.8
625000 372.1
630000 292.6
635000 290.3
640000 461.0
645000 373.1
650000 463.2
655000 467.9
660000 304.1
665000 554.5
670000 387.7
675000 373.6
680000 369.4
685000 471.0
690000 387.6
695000 378.7
700000 375.4
705000 559.0
710000 372.2
715000 474.0
720000 384.0
725000 189.5
730000 281.8
735000 381.1
740000 375.6
745000 274.1
750000 468.5
755000 387.2
760000 660.7
765000 758.0
770000 470.3
775000 563.7
780000 478.2
785000 187.0
790000 101.7
795000 383.0
800000 569.6
805000 285.5
810000 372.4
815000 378.4
820000 462.2
825000 376.9
830000 378.3
835000 560.0
840000 278.7
845000 467.7
850000 564.9
855000 383.4
860000 559.3
865000 378.4
870000 286.1
875000 288.8
880000 379.9
885000 470.3
890000 466.2
895000 747.1
900000 286.8
905000 474.2
910000 189.4
915000 556.5
920000 376.1
925000 99.5
930000 469.0
935000 278.8
940000 370.3
945000 474.4
950000 464.7
955000 192.2
960000 575.3
965000 567.2
970000 747.8
975000 375.1
980000 199.1
985000 194.6
990000 562.6
995000 375.7
1000000 187.3
