5000 0.8
10000 0.9
15000 4.5
20000 3.9
25000 2.3
30000 0.0
35000 0.0
40000 2.9
45000 1.7
50000 1.0
55000 6.5
60000 0.0
65000 3.6
70000 12.1
75000 1.0
80000 1.1
85000 1.3
90000 2.3
95000 1.2
100000 35.5
105000 43.6
110000 135.1
115000 15.4
120000 70.7
125000 298.2
130000 358.9
135000 179.7
140000 319.4
145000 258.4
150000 433.3
155000 528.4
160000 183.6
165000 96.5
170000 603.6
175000 435.1
180000 262.8
185000 274.9
190000 358.8
195000 227.8
200000 271.1
205000 189.3
210000 93.1
215000 617.6
220000 415.4
225000 267.1
230000 536.1
235000 269.6
240000 178.8
245000 432.2
250000 447.9
255000 447.1
260000 181.2
265000 265.8
270000 176.1
275000 441.7
280000 179.9
285000 630.2
290000 447.1
295000 457.4
300000 704.8
305000 272.5
310000 270.7
315000 356.4
320000 445.6
325000 93.9
330000 519.9
335000 183.9
340000 179.4
345000 360.3
350000 355.4
355000 91.5
360000 706.8
365000 267.6
370000 530.3
375000 270.6
380000 356.6
385000 620.0
390000 357.5
395000 363.0
400000 356.3
405000 183.2
410000 276.4
415000 455.9
420000 625.5
425000 458.1
430000 90.6
435000 269.2
440000 623.4
445000 277.1
450000 358.7
455000 546.3
460000 452.5
465000 271.7
470000 444.8
475000 360.5
480000 277.7
485000 541.6
490000 270.9
495000 358.5
500000 105.6
505000 277.0
510000 179.8
515000 457.7
520000 445.4
525000 536.4
530000 246.7
535000 269.9
540000 445.7
545000 452.9
550000 458.7
555000 367.4
560000 275.2
565000 446.6
570000 538.3
575000 375.0
580000 800.1
585000 363.0
590000 537.2
595000 543.3
600000 627.2
605000 363.0
610000 713.0
615000 535.1
620000 180.1
625000 355.9
630000 457.4
635000 463.0
640000 543.4
645000 179.8
650000 442.8
655000 365.2
660000 260.5
665000 267.6
670000 632.6
675000 449.7
680000 452.8
685000 277.0
690000 537.7
695000 547.0
700000 271.0
705000 275.9
710000 450.2
715000 362.0
720000 726.8
725000 446.5
730000 271.2
735000 364.9
740000 184.5
745000 624.4
750000 537.7
755000 99.8
760000 455.6
765000 360.8
770000 411.1
775000 633.7
780000 360.9
785000 184.5
790000 356.0
795000 366.7
800000 547.6
805000 630.2
810000 366.9
815000 364.5
820000 274.1
825000 376.2
830000 278.3
835000 278.9
840000 366.1
845000 457.9
850000 628.1
855000 350.9
860000 187.4
865000 457.7
870000 453.7
875000 541.7
880000 452.1
885000 361.8
890000 461.3
895000 636.0
900000 363.5
905000 527.6
910000 548.5
915000 547.6
920000 556.8
925000 463.8
930000 362.1
935000 554.4
940000 377.0
945000 189.8
950000 657.2
955000 567.0
960000 193.7
965000 565.0
970000 470.6
975000 569.1
980000 472.7
985000 640.8
990000 198.6
995000 568.1
1000000 373.3
