5000 0.9
10000 2.6
15000 1.4
20000 2.4
25000 4.2
30000 1.9
35000 3.4
40000 4.8
45000 5.5
50000 6.3
55000 37.1
60000 16.4
65000 89.4
70000 330.8
75000 167.1
80000 52.2
85000 38.3
90000 423.5
95000 326.4
100000 335.5
105000 256.6
110000 511.2
115000 261.0
120000 73.1
125000 423.9
130000 248.3
135000 326.2
140000 53.4
145000 169.6
150000 436.9
155000 349.8
160000 88.3
165000 517.0
170000 440.4
175000 98.2
180000 182.2
185000 257.4
190000 429.4
195000 450.2
200000 356.6
205000 265.2
210000 351.2
215000 269.4
220000 180.4
225000 625.1
230000 283.5
235000 446.9
240000 365.3
245000 349.2
250000 274.4
255000 536.4
260000 274.2
265000 524.6
270000 456.5
275000 368.4
280000 532.4
285000 528.8
290000 194.3
295000 284.0
300000 453.1
305000 275.6
310000 463.7
315000 187.8
320000 467.5
325000 190.4
330000 368.5
335000 374.5
340000 660.4
345000 380.7
350000 287.7
355000 197.1
360000 190.7
365000 650.1
370000 566.0
375000 368.3
380000 465.1
385000 376.8
390000 651.6
395000 458.1
400000 387.2
405000 375.0
410000 661.7
415000 481.7
420000 291.0
425000 570.7
430000 559.0
435000 571.8
440000 191.7
445000 477.9
450000 473.3
455000 186.4
460000 380.7
465000 476.6
470000 567.2
475000 737.4
480000 749.9
485000 382.8
490000 377.8
495000 369.6
500000 464.9
505000 651.2
510000 476.3
515000 378.2
520000 184.4
525000 286.1
530000 289.0
535000 384.1
540000 469.6
545000 382.5
550000 378.2
555000 377.1
560000 196.4
565000 284.8
570000 760.3
575000 377.7
580000 568.1
585000 193.1
590000 387.7
595000 476.7
600000 471.6
605000 375.5
610000 388.7
615000 481.1
620000 375.1
625000 378.8
630000 571.9
635000 565.2
640000 574.0
645000 387.5
650000 199.8
655000 476.5
660000 380.8
665000 288.1
670000 570.3
675000 576.4
680000 381.8
685000 577.2
690000 487.8
695000 379.7
700000 375.4
705000 481.6
710000 663.2
715000 474.3
720000 560.5
725000 286.9
730000 378.3
735000 852.5
740000 654.3
745000 377.0
750000 559.5
755000 665.0
760000 570.4
765000 567.9
770000 568.3
775000 580.6
780000 573.6
785000 377.3
790000 473.6
795000 382.4
800000 574.3
805000 564.0
810000 765.5
815000 473.9
820000 486.6
825000 568.3
830000 568.4
835000 667.6
840000 563.8
845000 665.0
850000 289.5
855000 472.5
860000 658.7
865000 739.0
870000 473.6
875000 559.8
880000 670.2
885000 759.5
890000 750.2
895000 567.2
900000 657.6
905000 666.8
910000 388.7
915000 478.1
920000 666.5
925000 282.1
930000 471.2
935000 753.2
940000 668.8
945000 665.6
950000 471.8
955000 671.3
960000 656.8
965000 562.8
970000 671.9
975000 663.5
980000 765.9
985000 564.9
990000 663.1
995000 379.7
1000000 569.8
