5000 0.0
10000 2.2
15000 1.1
20000 5.1
25000 23.3
30000 8.2
35000 5.7
40000 3.7
45000 6.9
50000 9.7
55000 178.0
60000 106.5
65000 18.6
70000 82.8
75000 177.6
80000 148.3
85000 200.7
90000 188.4
95000 27.8
100000 25.4
105000 167.4
110000 245.4
115000 252.0
120000 405.0
125000 252.6
130000 345.8
135000 349.6
140000 412.1
145000 278.8
150000 295.1
155000 287.2
160000 123.6
165000 133.1
170000 356.8
175000 238.7
180000 540.9
185000 135.2
190000 182.0
195000 281.7
200000 454.1
205000 453.6
210000 375.1
215000 7.3
220000 370.8
225000 452.0
230000 441.7
235000 465.5
240000 207.0
245000 458.4
250000 464.8
255000 391.2
260000 183.6
265000 380.2
270000 359.0
275000 378.3
280000 373.3
285000 468.6
290000 651.5
295000 381.8
300000 469.7
305000 935.8
310000 467.2
315000 188.5
320000 186.7
325000 97.1
330000 564.2
335000 457.5
340000 751.7
345000 287.0
350000 741.8
355000 374.9
360000 282.2
365000 449.6
370000 691.9
375000 186.2
380000 284.6
385000 476.0
390000 105.7
395000 760.4
400000 380.3
405000 285.0
410000 286.8
415000 186.7
420000 104.4
425000 299.4
430000 285.7
435000 471.6
440000 571.4
445000 189.8
450000 472.8
455000 473.8
460000 477.0
465000 571.4
470000 302.2
475000 569.0
480000 380.7
485000 477.8
490000 761.3
495000 289.7
500000 479.6
505000 286.1
510000 199.5
515000 476.9
520000 568.7
525000 389.7
530000 477.1
535000 662.0
540000 382.6
545000 288.4
550000 10.1
555000 573.2
560000 288.3
565000 388.6
570000 288.5
575000 284.7
580000 382.7
585000 378.8
590000 191.7
595000 572.1
600000 474.0
605000 193.5
610000 287.6
615000 385.1
620000 190.7
625000 298.1
630000 573.4
635000 378.5
640000 198.5
645000 478.9
650000 772.8
655000 481.5
660000 286.6
665000 390.0
670000 672.3
675000 381.8
680000 674.0
685000 571.9
690000 568.7
695000 285.2
700000 475.4
705000 295.3
710000 291.8
715000 199.2
720000 285.9
725000 477.2
730000 290.3
735000 949.6
740000 190.9
745000 94.9
750000 381.3
755000 383.0
760000 190.3
765000 575.9
770000 480.8
775000 479.8
780000 201.6
785000 296.7
790000 281.8
795000 667.5
800000 481.7
805000 286.4
810000 304.4
815000 289.1
820000 481.5
825000 579.0
830000 387.9
835000 477.0
840000 296.0
845000 287.6
850000 483.5
855000 384.3
860000 580.6
865000 480.4
870000 578.6
875000 288.7
880000 389.1
885000 285.7
890000 286.9
895000 287.1
900000 574.1
905000 205.2
910000 381.0
915000 386.4
920000 479.2
925000 572.6
930000 390.5
935000 482.1
940000 384.9
945000 476.9
950000 285.1
955000 381.3
960000 386.5
965000 571.5
970000 191.3
975000 388.7
980000 188.3
985000 294.0
990000 389.9
995000 482.9
1000000 199.5
