5000 1.9
10000 2.4
15000 0.0
20000 0.0
25000 2.4
30000 5.0
35000 6.5
40000 1.6
45000 5.9
50000 2.8
55000 0.2
60000 0.0
65000 4.2
70000 4.3
75000 2.5
80000 3.2
85000 0.0
90000 1.4
95000 5.3
100000 0.0
105000 1.3
110000 0.4
115000 10.9
120000 20.3
125000 54.2
130000 27.0
135000 30.4
140000 45.4
145000 23.6
150000 72.6
155000 58.2
160000 16.5
165000 158.2
170000 56.5
175000 181.0
180000 154.0
185000 181.0
190000 364.8
195000 448.8
200000 425.2
205000 288.5
210000 452.3
215000 211.7
220000 461.2
225000 200.9
230000 214.9
235000 193.9
240000 564.9
245000 373.4
250000 468.9
255000 382.2
260000 358.3
265000 385.6
270000 188.6
275000 290.1
280000 190.0
285000 465.6
290000 470.1
295000 372.3
300000 373.1
305000 279.6
310000 190.4
315000 670.0
320000 380.0
325000 379.4
330000 97.9
335000 563.0
340000 283.4
345000 377.3
350000 474.6
355000 665.3
360000 291.1
365000 290.8
370000 282.9
375000 286.3
380000 474.5
385000 478.9
390000 191.0
395000 374.2
400000 378.0
405000 475.5
410000 376.8
415000 382.0
420000 285.4
425000 569.2
430000 562.8
435000 282.2
440000 301.9
445000 664.9
450000 280.0
455000 654.3
460000 285.6
465000 375.8
470000 572.4
475000 566.7
480000 285.7
485000 288.6
490000 288.7
495000 568.7
500000 203.3
505000 383.2
510000 201.7
515000 296.2
520000 378.1
525000 563.1
530000 94.6
535000 279.0
540000 385.7
545000 665.5
550000 289.7
555000 188.9
560000 760.7
565000 99.3
570000 382.6
575000 287.2
580000 640.8
585000 379.6
590000 186.3
595000 282.8
600000 389.1
605000 190.6
610000 566.5
615000 384.3
620000 476.9
625000 282.3
630000 317.6
635000 467.6
640000 174.8
645000 192.9
650000 477.6
655000 391.8
660000 289.5
665000 100.7
670000 191.8
675000 390.5
680000 564.8
685000 383.2
690000 276.4
695000 569.5
700000 561.7
705000 284.9
710000 379.1
715000 374.0
720000 476.6
725000 668.4
730000 378.6
735000 284.9
740000 383.7
745000 476.4
750000 760.0
755000 563.6
760000 472.7
765000 290.4
770000 389.2
775000 382.2
780000 387.5
785000 93.8
790000 580.2
795000 382.5
800000 388.5
805000 192.2
810000 571.8
815000 300.4
820000 390.2
825000 385.0
830000 295.2
835000 474.9
840000 381.0
845000 565.8
850000 384.1
855000 189.1
860000 284.9
865000 191.8
870000 574.5
875000 381.6
880000 288.9
885000 474.4
890000 753.3
895000 284.5
900000 383.6
905000 667.1
910000 571.2
915000 287.5
920000 476.0
925000 383.3
930000 191.5
935000 188.7
940000 383.0
945000 384.0
950000 195.5
955000 576.6
960000 481.1
965000 189.6
970000 485.2
975000 392.7
980000 286.3
985000 285.9
990000 285.6
995000 550.7
1000000 472.4
