5000 6.0
10000 1.5
15000 0.9
20000 8.7
25000 1.1
30000 1.3
35000 4.7
40000 0.7
45000 1.5
50000 2.3
55000 3.2
60000 5.2
65000 2.3
70000 5.1
75000 2.1
80000 0.6
85000 0.0
90000 2.6
95000 5.8
100000 1.0
105000 1.7
110000 1.2
115000 1.6
120000 0.0
125000 3.3
130000 1.3
135000 3.6
140000 5.6
145000 3.7
150000 3.5
155000 7.2
160000 2.2
165000 5.0
170000 9.7
175000 4.2
180000 5.2
185000 1.1
190000 0.0
195000 0.0
200000 10.6
205000 1.4
210000 58.5
215000 3.8
220000 3.7
225000 14.7
230000 1.8
235000 88.1
240000 252.2
245000 252.4
250000 259.2
255000 180.3
260000 186.4
265000 362.7
270000 175.9
275000 87.3
280000 263.7
285000 183.4
290000 285.6
295000 362.5
300000 95.4
305000 368.8
310000 105.7
315000 196.9
320000 279.0
325000 468.6
330000 110.1
335000 567.4
340000 845.3
345000 468.7
350000 368.7
355000 368.4
360000 194.3
365000 556.8
370000 379.1
375000 122.0
380000 482.0
385000 274.6
390000 550.4
395000 294.9
400000 474.0
405000 278.4
410000 369.9
415000 280.6
420000 279.6
425000 284.7
430000 368.2
435000 373.1
440000 387.4
445000 292.0
450000 551.4
455000 286.2
460000 290.3
465000 560.7
470000 558.4
475000 470.6
480000 571.6
485000 472.0
490000 287.8
495000 574.4
500000 487.3
505000 382.4
510000 385.4
515000 299.0
520000 577.4
525000 383.7
530000 287.8
535000 478.2
540000 286.2
545000 287.8
550000 576.4
555000 666.4
560000 288.3
565000 290.8
570000 474.5
575000 380.4
580000 382.4
585000 287.4
590000 469.3
595000 95.4
600000 672.6
605000 479.0
610000 290.2
615000 666.3
620000 471.2
625000 192.3
630000 280.3
635000 286.4
640000 390.6
645000 379.6
650000 285.3
655000 573.5
660000 564.7
665000 661.7
670000 293.4
675000 383.1
680000 475.4
685000 286.8
690000 390.9
695000 479.7
700000 290.0
705000 281.5
710000 388.5
715000 384.2
720000 577.2
725000 857.5
730000 376.3
735000 471.7
740000 382.4
745000 379.2
750000 475.5
755000 573.8
760000 387.8
765000 472.2
770000 385.3
775000 575.9
780000 467.0
785000 474.9
790000 286.2
795000 382.8
800000 483.0
805000 191.1
810000 284.6
815000 473.3
820000 385.0
825000 740.4
830000 387.8
835000 474.5
840000 568.4
845000 481.7
850000 193.3
855000 389.3
860000 385.2
865000 667.0
870000 381.6
875000 100.4
880000 392.6
885000 474.7
890000 287.8
895000 570.5
900000 284.2
905000 574.3
910000 472.5
915000 191.0
920000 487.3
925000 291.3
930000 487.5
935000 475.5
940000 678.2
945000 382.9
950000 483.9
955000 479.8
960000 286.3
965000 482.1
970000 674.7
975000 191.8
980000 661.9
985000 394.4
990000 476.7
995000 286.3
1000000 391.9
