5000 0.7
10000 1.6
15000 3.0
20000 5.7
25000 3.1
30000 8.1
35000 2.7
40000 0.5
45000 2.2
50000 2.3
55000 0.0
60000 0.1
65000 5.8
70000 3.3
75000 0.2
80000 0.7
85000 21.2
90000 41.8
95000 278.2
100000 168.0
105000 52.6
110000 92.1
115000 95.6
120000 442.7
125000 355.1
130000 365.9
135000 707.9
140000 357.6
145000 109.5
150000 442.4
155000 469.1
160000 465.6
165000 344.5
170000 469.7
175000 351.7
180000 473.9
185000 385.3
190000 282.0
195000 283.5
200000 479.5
205000 468.5
210000 185.3
215000 215.0
220000 471.5
225000 377.5
230000 283.1
235000 115.4
240000 293.4
245000 617.2
250000 546.0
255000 477.6
260000 197.5
265000 103.9
270000 393.9
275000 479.8
280000 261.0
285000 192.6
290000 392.8
295000 475.7
300000 379.2
305000 379.8
310000 289.5
315000 476.8
320000 279.4
325000 286.2
330000 388.3
335000 284.7
340000 381.3
345000 380.9
350000 564.6
355000 380.2
360000 571.9
365000 476.5
370000 292.8
375000 573.8
380000 286.5
385000 668.4
390000 486.3
395000 296.1
400000 470.5
405000 294.0
410000 380.1
415000 201.1
420000 191.5
425000 345.9
430000 379.1
435000 306.6
440000 282.9
445000 379.4
450000 479.2
455000 195.8
460000 97.2
465000 564.5
470000 660.9
475000 475.0
480000 572.0
485000 671.7
490000 185.9
495000 662.4
500000 288.6
505000 574.7
510000 290.4
515000 374.2
520000 486.0
525000 473.0
530000 479.7
535000 578.7
540000 571.7
545000 477.5
550000 665.1
555000 570.3
560000 481.7
565000 286.2
570000 576.7
575000 282.4
580000 477.4
585000 99.0
590000 391.7
595000 757.9
600000 482.0
605000 386.0
610000 290.1
615000 475.4
620000 390.6
625000 479.5
630000 482.1
635000 566.6
640000 191.2
645000 486.0
650000 287.3
655000 485.2
660000 478.5
665000 379.5
670000 379.4
675000 481.5
680000 567.3
685000 475.9
690000 477.5
695000 481.5
700000 203.9
705000 289.4
710000 294.2
715000 563.6
720000 385.2
725000 379.2
730000 198.8
735000 283.6
740000 669.3
745000 285.3
750000 384.3
755000 286.9
760000 470.5
765000 196.3
770000 376.5
775000 477.3
780000 290.6
785000 572.0
790000 571.4
795000 479.6
800000 478.6
805000 758.8
810000 382.6
815000 389.0
820000 95.2
825000 475.9
830000 201.1
835000 385.1
840000 576.7
845000 7.4
850000 383.2
855000 677.1
860000 481.1
865000 190.7
870000 484.3
875000 193.4
880000 481.3
885000 477.9
890000 382.6
895000 287.6
900000 477.8
905000 575.8
910000 192.5
915000 291.5
920000 572.4
925000 477.4
930000 383.8
935000 476.2
940000 192.7
945000 104.3
950000 190.1
955000 388.1
960000 575.5
965000 384.3
970000 284.8
975000 576.4
980000 572.5
985000 385.0
990000 480.1
995000 385.7
1000000 290.6
