5000 3.1
10000 1.0
15000 1.6
20000 1.2
25000 8.9
30000 2.2
35000 9.8
40000 8.1
45000 4.2
50000 1.3
55000 7.4
60000 0.0
65000 0.0
70000 1.1
75000 8.3
80000 3.9
85000 7.7
90000 2.9
95000 2.0
100000 0.4
105000 4.9
110000 10.6
115000 5.6
120000 5.0
125000 3.2
130000 11.0
135000 6.2
140000 3.8
145000 0.3
150000 4.1
155000 4.3
160000 0.0
165000 11.0
170000 7.0
175000 3.6
180000 2.2
185000 5.9
190000 7.0
195000 4.1
200000 6.9
205000 0.0
210000 0.5
215000 1.3
220000 1.4
225000 0.0
230000 3.0
235000 9.4
240000 8.9
245000 8.9
250000 8.6
255000 28.7
260000 93.5
265000 96.7
270000 3.7
275000 5.2
280000 2.3
285000 10.0
290000 21.2
295000 6.9
300000 13.3
305000 94.9
310000 201.3
315000 123.8
320000 158.6
325000 95.6
330000 3.2
335000 107.8
340000 164.5
345000 17.3
350000 51.5
355000 104.3
360000 137.6
365000 192.2
370000 65.2
375000 119.8
380000 113.7
385000 197.2
390000 198.5
395000 194.8
400000 35.1
405000 184.8
410000 164.0
415000 263.9
420000 108.1
425000 231.6
430000 72.4
435000 73.1
440000 209.3
445000 119.6
450000 156.4
455000 348.5
460000 222.0
465000 225.7
470000 155.1
475000 115.8
480000 79.5
485000 172.2
490000 217.8
495000 195.5
500000 42.9
505000 198.8
510000 126.5
515000 70.3
520000 338.0
525000 126.4
530000 217.1
535000 151.5
540000 194.5
545000 123.5
550000 217.7
555000 149.0
560000 277.5
565000 204.0
570000 161.3
575000 159.2
580000 341.3
585000 149.1
590000 110.3
595000 224.6
600000 162.6
605000 119.0
610000 236.0
615000 121.8
620000 281.8
625000 247.6
630000 117.6
635000 189.4
640000 94.5
645000 208.4
650000 42.6
655000 240.7
660000 128.4
665000 212.7
670000 51.6
675000 172.9
680000 183.4
685000 197.0
690000 110.0
695000 79.0
700000 142.9
705000 116.4
710000 38.5
715000 226.8
720000 80.1
725000 203.2
730000 268.5
735000 192.6
740000 296.3
745000 353.1
750000 157.9
755000 156.6
760000 186.9
765000 208.3
770000 200.5
775000 246.8
780000 113.3
785000 283.7
790000 223.6
795000 217.5
800000 248.4
805000 158.7
810000 123.0
815000 235.8
820000 164.3
825000 182.0
830000 268.1
835000 172.7
840000 224.2
845000 247.7
850000 162.0
855000 183.5
860000 87.8
865000 134.5
870000 211.4
875000 125.6
880000 82.0
885000 87.2
890000 207.3
895000 210.1
900000 306.5
905000 287.5
910000 84.4
915000 249.2
920000 210.3
925000 323.8
930000 46.7
935000 165.2
940000 219.7
945000 183.6
950000 213.0
955000 250.4
960000 137.5
965000 127.9
970000 126.1
975000 128.5
980000 125.3
985000 222.5
990000 170.2
995000 253.3
1000000 180.9
