5000 1.5
10000 4.7
15000 2.4
20000 5.0
25000 7.8
30000 3.1
35000 9.1
40000 1.5
45000 5.1
50000 6.0
55000 5.5
60000 7.9
65000 10.8
70000 67.2
75000 8.3
80000 76.6
85000 2.2
90000 21.0
95000 207.7
100000 99.9
105000 70.3
110000 180.2
115000 361.6
120000 11.6
125000 275.7
130000 367.6
135000 451.5
140000 273.0
145000 459.6
150000 250.1
155000 477.5
160000 283.8
165000 373.8
170000 96.1
175000 572.1
180000 102.5
185000 109.3
190000 477.9
195000 375.7
200000 283.4
205000 375.9
210000 281.9
215000 647.9
220000 464.3
225000 379.4
230000 472.9
235000 375.5
240000 378.8
245000 176.4
250000 189.4
255000 562.7
260000 564.3
265000 666.0
270000 472.2
275000 298.0
280000 469.4
285000 381.1
290000 286.0
295000 481.4
300000 286.8
305000 193.4
310000 381.7
315000 189.8
320000 480.5
325000 376.8
330000 471.5
335000 100.6
340000 376.1
345000 289.7
350000 476.1
355000 664.4
360000 383.1
365000 282.8
370000 567.5
375000 375.1
380000 375.4
385000 471.3
390000 569.0
395000 287.2
400000 379.4
405000 283.6
410000 288.5
415000 284.4
420000 567.8
425000 295.1
430000 194.6
435000 467.7
440000 381.2
445000 192.4
450000 478.8
455000 471.8
460000 186.9
465000 480.8
470000 576.6
475000 481.2
480000 573.3
485000 482.6
490000 191.6
495000 558.2
500000 562.0
505000 380.3
510000 98.9
515000 288.0
520000 289.2
525000 575.0
530000 767.2
535000 473.4
540000 381.4
545000 472.3
550000 283.4
555000 286.7
560000 475.4
565000 191.2
570000 477.7
575000 474.3
580000 472.2
585000 474.9
590000 384.7
595000 477.3
600000 668.9
605000 572.8
610000 334.9
615000 570.8
620000 384.1
625000 472.0
630000 662.6
635000 571.4
640000 385.6
645000 191.9
650000 288.5
655000 481.8
660000 193.4
665000 378.7
670000 574.0
675000 476.8
680000 269.1
685000 192.1
690000 290.5
695000 479.9
700000 286.9
705000 285.7
710000 666.5
715000 384.7
720000 192.0
725000 573.3
730000 660.7
735000 463.2
740000 284.2
745000 382.6
750000 286.8
755000 473.2
760000 477.7
765000 283.6
770000 659.8
775000 478.5
780000 475.4
785000 482.1
790000 381.5
795000 189.6
800000 674.7
805000 374.0
810000 478.7
815000 374.3
820000 380.2
825000 381.9
830000 384.7
835000 468.2
840000 287.3
845000 669.8
850000 388.3
855000 383.0
860000 191.1
865000 483.3
870000 576.6
875000 476.0
880000 581.6
885000 473.1
890000 386.0
895000 190.2
900000 388.2
905000 479.5
910000 476.6
915000 573.8
920000 484.4
925000 574.7
930000 190.5
935000 579.9
940000 196.9
945000 482.1
950000 566.5
955000 670.4
960000 381.5
965000 384.9
970000 481.8
975000 674.5
980000 378.5
985000 287.0
990000 572.8
995000 384.4
1000000 376.6
