5000 0.0
10000 0.0
15000 0.0
20000 0.3
25000 1.1
30000 0.8
35000 0.2
40000 0.0
45000 0.1
50000 0.1
55000 0.1
60000 0.7
65000 0.0
70000 0.0
75000 0.1
80000 0.2
85000 0.5
90000 0.0
95000 2.1
100000 13.4
105000 16.3
110000 4.5
115000 0.2
120000 0.1
125000 0.5
130000 7.6
135000 14.6
140000 1.6
145000 0.1
150000 8.8
155000 0.6
160000 4.6
165000 32.7
170000 30.1
175000 54.2
180000 38.9
185000 105.6
190000 94.8
195000 78.7
200000 61.2
205000 80.8
210000 119.7
215000 138.4
220000 121.7
225000 150.9
230000 107.4
235000 151.7
240000 133.5
245000 151.1
250000 114.7
255000 142.6
260000 142.8
265000 153.9
270000 104.2
275000 158.1
280000 130.8
285000 182.6
290000 166.1
295000 119.0
300000 170.9
305000 139.6
310000 155.3
315000 175.7
320000 143.7
325000 39.5
330000 89.5
335000 165.1
340000 152.7
345000 154.8
350000 122.3
355000 130.0
360000 159.2
365000 127.5
370000 141.4
375000 172.6
380000 153.9
385000 159.0
390000 188.1
395000 140.7
400000 205.7
405000 182.4
410000 173.0
415000 176.2
420000 137.1
425000 212.6
430000 174.9
435000 139.9
440000 154.1
445000 172.6
450000 157.5
455000 160.8
460000 230.8
465000 211.3
470000 178.9
475000 123.7
480000 195.1
485000 16.6
490000 103.5
495000 152.1
500000 194.3
505000 176.1
510000 141.5
515000 172.5
520000 178.7
525000 200.3
530000 117.8
535000 177.9
540000 195.7
545000 181.7
550000 182.3
555000 165.9
560000 165.7
565000 200.0
570000 184.2
575000 168.9
580000 202.7
585000 165.9
590000 139.1
595000 171.2
600000 223.4
605000 222.8
610000 206.5
615000 169.5
620000 169.5
625000 273.6
630000 204.8
635000 190.9
640000 169.7
645000 34.2
650000 134.3
655000 133.9
660000 160.3
665000 187.6
670000 220.4
675000 163.0
680000 182.3
685000 218.8
690000 186.1
695000 157.2
700000 203.2
705000 223.2
710000 152.9
715000 220.3
720000 226.6
725000 204.7
730000 162.1
735000 188.9
740000 190.8
745000 153.5
750000 191.1
755000 208.3
760000 197.5
765000 226.0
770000 224.6
775000 212.9
780000 176.6
785000 176.2
790000 208.9
795000 175.6
800000 213.2
805000 19.3
810000 167.0
815000 173.9
820000 184.4
825000 162.3
830000 207.7
835000 223.8
840000 221.6
845000 156.1
850000 225.7
855000 176.4
860000 211.4
865000 226.6
870000 158.6
875000 210.2
880000 175.8
885000 213.4
890000 213.5
895000 228.3
900000 212.4
905000 161.1
910000 228.7
915000 211.6
920000 194.5
925000 210.4
930000 191.2
935000 163.5
940000 211.2
945000 196.8
950000 193.3
955000 145.1
960000 184.4
965000 51.9
970000 142.0
975000 179.0
980000 196.1
985000 217.7
990000 187.0
995000 172.8
1000000 169.5
1005000 171.5
1010000 225.5
1015000 186.3
1020000 225.8
1025000 263.7
1030000 193.5
1035000 246.9
1040000 230.2
1045000 213.2
1050000 195.7
1055000 213.2
1060000 212.1
1065000 194.1
1070000 247.9
1075000 214.7
1080000 199.6
1085000 228.4
1090000 236.8
1095000 218.9
1100000 197.0
1105000 268.8
1110000 181.2
1115000 232.8
1120000 198.5
1125000 37.7
1130000 111.3
1135000 166.4
1140000 201.9
1145000 194.7
1150000 157.6
1155000 240.6
1160000 190.4
1165000 230.0
1170000 158.7
1175000 186.4
1180000 235.7
1185000 195.9
1190000 197.8
1195000 198.8
1200000 212.8
1205000 265.4
1210000 196.2
1215000 168.7
1220000 197.2
1225000 186.9
1230000 288.2
1235000 214.8
1240000 200.4
1245000 251.3
1250000 189.1
1255000 170.9
1260000 238.1
1265000 180.0
1270000 217.4
1275000 234.8
1280000 235.3
1285000 58.5
1290000 111.8
1295000 150.6
1300000 180.3
1305000 250.2
1310000 219.6
1315000 243.8
1320000 212.1
1325000 207.4
1330000 210.6
1335000 182.9
1340000 212.4
1345000 235.0
1350000 257.5
1355000 252.6
1360000 145.4
1365000 212.1
1370000 234.5
1375000 196.0
1380000 236.2
1385000 180.1
1390000 240.1
1395000 184.6
1400000 151.4
1405000 218.7
1410000 251.3
1415000 200.6
1420000 215.2
1425000 219.9
1430000 219.4
1435000 202.0
1440000 269.7
1445000 25.2
1450000 70.2
1455000 168.8
1460000 167.1
1465000 203.6
1470000 176.9
1475000 194.0
1480000 233.3
1485000 180.9
1490000 232.4
1495000 197.2
1500000 236.0
1505000 216.8
1510000 233.6
1515000 213.7
1520000 235.3
1525000 219.5
1530000 250.8
1535000 271.2
1540000 234.6
1545000 238.3
1550000 202.9
1555000 146.3
1560000 203.5
1565000 171.0
1570000 236.5
1575000 187.6
1580000 202.0
1585000 246.1
1590000 140.1
1595000 172.5
1600000 256.9
1605000 17.5
1610000 89.8
1615000 182.3
1620000 206.3
1625000 194.4
1630000 213.4
1635000 146.7
1640000 178.1
1645000 217.7
1650000 179.2
1655000 234.8
1660000 165.2
1665000 218.9
1670000 217.2
1675000 250.2
1680000 234.6
1685000 239.3
1690000 256.9
1695000 228.1
1700000 223.0
1705000 269.1
1710000 200.9
1715000 273.5
1720000 176.8
1725000 235.1
1730000 234.9
1735000 258.1
1740000 270.5
1745000 259.3
1750000 219.3
1755000 276.3
1760000 208.3
1765000 48.9
1770000 133.1
1775000 190.3
1780000 213.8
1785000 211.9
1790000 248.4
1795000 214.7
1800000 218.7
1805000 251.4
1810000 218.9
1815000 168.2
1820000 222.9
1825000 205.8
1830000 238.7
1835000 254.9
1840000 206.9
1845000 242.4
1850000 197.5
1855000 243.4
1860000 245.5
1865000 276.7
1870000 238.7
1875000 275.7
1880000 248.0
1885000 261.7
1890000 241.1
1895000 276.8
1900000 283.0
1905000 267.6
1910000 254.8
1915000 225.4
1920000 268.4
1925000 221.9
1930000 257.2
1935000 303.8
1940000 271.9
1945000 268.3
1950000 187.6
1955000 292.9
1960000 282.9
1965000 224.2
1970000 225.3
1975000 253.5
1980000 258.3
1985000 251.9
1990000 282.4
1995000 232.0
2000000 296.8
