5000 0.0
10000 0.0
15000 0.0
20000 0.0
25000 0.0
30000 0.0
35000 0.0
40000 0.0
45000 1.0
50000 0.2
55000 1.3
60000 0.0
65000 0.3
70000 33.0
75000 0.0
80000 3.5
85000 21.3
90000 8.1
95000 2.0
100000 0.2
105000 1.2
110000 4.1
115000 1.4
120000 9.9
125000 3.6
130000 5.9
135000 8.7
140000 94.2
145000 115.2
150000 72.0
155000 136.7
160000 142.8
165000 109.1
170000 127.0
175000 163.3
180000 186.9
185000 180.7
190000 214.0
195000 213.0
200000 215.8
205000 213.0
210000 218.6
215000 223.2
220000 222.8
225000 229.9
230000 222.3
235000 233.3
240000 230.2
245000 207.1
250000 238.3
255000 236.9
260000 232.6
265000 239.2
270000 243.8
275000 237.6
280000 245.1
285000 245.3
290000 246.3
295000 245.2
300000 248.1
305000 243.7
310000 245.5
315000 252.2
320000 252.7
325000 27.8
330000 219.6
335000 247.9
340000 243.2
345000 256.0
350000 255.3
355000 250.0
360000 251.8
365000 261.1
370000 251.3
375000 260.2
380000 260.0
385000 256.7
390000 265.8
395000 268.9
400000 265.6
405000 263.6
410000 259.5
415000 268.4
420000 275.9
425000 271.8
430000 272.5
435000 272.6
440000 273.7
445000 278.9
450000 279.5
455000 277.8
460000 280.2
465000 273.5
470000 287.1
475000 286.1
480000 283.5
485000 173.9
490000 250.5
495000 260.3
500000 268.7
505000 269.9
510000 253.0
515000 248.6
520000 278.6
525000 278.9
530000 281.6
535000 283.7
540000 288.3
545000 284.3
550000 281.7
555000 287.3
560000 289.1
565000 295.3
570000 291.4
575000 288.1
580000 263.1
585000 289.6
590000 293.0
595000 294.8
600000 293.5
605000 296.0
610000 292.2
615000 296.1
620000 296.3
625000 293.0
630000 264.8
635000 297.7
640000 291.9
645000 180.2
650000 251.9
655000 280.7
660000 272.7
665000 252.3
670000 295.3
675000 297.4
680000 288.7
685000 289.5
690000 290.4
695000 299.7
700000 298.3
705000 300.1
710000 296.2
715000 304.9
720000 298.1
725000 302.8
730000 299.0
735000 271.2
740000 302.2
745000 301.4
750000 307.3
755000 281.0
760000 301.7
765000 275.2
770000 308.0
775000 309.8
780000 311.4
785000 304.6
790000 317.8
795000 310.8
800000 309.5
805000 201.9
810000 265.4
815000 287.8
820000 296.5
825000 298.7
830000 297.3
835000 302.9
840000 301.1
845000 267.7
850000 299.6
855000 299.9
860000 307.0
865000 304.0
870000 315.8
875000 310.3
880000 309.3
885000 309.5
890000 307.5
895000 313.7
900000 312.6
905000 317.3
910000 322.7
915000 318.0
920000 319.4
925000 320.5
930000 318.6
935000 320.2
940000 320.7
945000 322.3
950000 326.5
955000 325.8
960000 320.7
965000 169.2
970000 240.3
975000 310.7
980000 284.9
985000 300.5
990000 291.2
995000 319.3
1000000 318.0
1005000 321.8
1010000 325.0
1015000 313.7
1020000 316.5
1025000 323.3
1030000 294.1
1035000 319.4
1040000 325.0
1045000 326.2
1050000 325.7
1055000 329.7
1060000 335.1
1065000 333.6
1070000 335.9
1075000 333.6
1080000 336.0
1085000 332.3
1090000 333.7
1095000 336.3
1100000 337.6
1105000 338.4
1110000 337.0
1115000 334.6
1120000 338.1
1125000 134.2
1130000 195.5
1135000 287.5
1140000 329.1
1145000 329.4
1150000 333.7
1155000 337.3
1160000 338.9
1165000 341.6
1170000 343.3
1175000 344.2
1180000 338.6
1185000 340.3
1190000 339.5
1195000 307.6
1200000 340.2
1205000 343.5
1210000 343.2
1215000 345.7
1220000 348.3
1225000 346.4
1230000 344.2
1235000 313.3
1240000 344.5
1245000 342.2
1250000 343.5
1255000 350.1
1260000 342.7
1265000 347.5
1270000 351.2
1275000 347.2
1280000 348.8
1285000 4.3
1290000 263.8
1295000 324.0
1300000 335.4
1305000 306.3
1310000 338.5
1315000 341.7
1320000 341.6
1325000 343.5
1330000 348.5
1335000 352.9
1340000 352.3
1345000 355.3
1350000 347.8
1355000 357.2
1360000 349.7
1365000 348.1
1370000 359.2
1375000 359.8
1380000 356.6
1385000 361.0
1390000 356.4
1395000 360.3
1400000 353.8
1405000 359.2
1410000 357.6
1415000 361.1
1420000 324.2
1425000 358.2
1430000 356.4
1435000 359.3
1440000 325.3
1445000 63.9
1450000 296.4
1455000 325.6
1460000 343.7
1465000 347.8
1470000 355.2
1475000 355.2
1480000 350.3
1485000 357.5
1490000 357.5
1495000 359.4
1500000 355.5
1505000 354.8
1510000 362.8
1515000 358.6
1520000 358.2
1525000 361.4
1530000 354.5
1535000 322.4
1540000 357.3
1545000 361.3
1550000 356.9
1555000 361.7
1560000 323.5
1565000 357.8
1570000 322.8
1575000 358.0
1580000 357.6
1585000 357.1
1590000 361.4
1595000 364.5
1600000 360.3
1605000 176.8
1610000 249.3
1615000 294.1
1620000 341.7
1625000 309.8
1630000 348.0
1635000 353.0
1640000 359.6
1645000 354.6
1650000 358.2
1655000 357.6
1660000 353.4
1665000 356.7
1670000 362.4
1675000 360.9
1680000 362.7
1685000 356.6
1690000 363.5
1695000 362.7
1700000 361.5
1705000 362.3
1710000 364.8
1715000 362.3
1720000 361.6
1725000 363.7
1730000 366.3
1735000 365.4
1740000 367.5
1745000 366.9
1750000 364.9
1755000 366.1
1760000 366.3
1765000 93.4
1770000 273.2
1775000 310.0
1780000 337.0
1785000 344.3
1790000 355.3
1795000 352.2
1800000 359.5
1805000 356.8
1810000 361.9
1815000 355.8
1820000 323.3
1825000 359.2
1830000 362.2
1835000 362.8
1840000 360.0
1845000 359.2
1850000 364.6
1855000 360.6
1860000 363.9
1865000 368.2
1870000 363.4
1875000 366.0
1880000 363.2
1885000 330.2
1890000 370.7
1895000 363.8
1900000 369.7
1905000 367.7
1910000 367.9
1915000 365.9
1920000 366.2
1925000 371.3
1930000 367.8
1935000 367.0
1940000 369.9
1945000 370.8
1950000 367.4
1955000 371.6
1960000 371.9
1965000 367.7
1970000 373.3
1975000 372.8
1980000 368.5
1985000 368.5
1990000 372.5
1995000 370.2
2000000 372.7
