5000 0.0
10000 0.1
15000 0.2
20000 0.0
25000 0.0
30000 0.1
35000 0.0
40000 6.4
45000 22.3
50000 32.0
55000 36.2
60000 12.2
65000 30.0
70000 14.1
75000 33.8
80000 18.8
85000 63.4
90000 69.8
95000 100.2
100000 79.3
105000 114.2
110000 127.5
115000 87.4
120000 64.9
125000 110.2
130000 129.1
135000 117.0
140000 131.8
145000 146.6
150000 128.2
155000 144.6
160000 128.4
165000 68.3
170000 131.9
175000 100.4
180000 125.1
185000 158.6
190000 139.3
195000 141.3
200000 165.0
205000 150.6
210000 159.8
215000 137.4
220000 144.3
225000 168.9
230000 158.5
235000 170.3
240000 171.7
245000 147.8
250000 146.6
255000 160.0
260000 180.7
265000 177.0
270000 163.9
275000 168.1
280000 165.1
285000 172.0
290000 170.7
295000 168.6
300000 163.0
305000 179.2
310000 173.2
315000 174.7
320000 175.0
325000 53.4
330000 143.8
335000 187.9
340000 176.5
345000 175.1
350000 173.2
355000 181.4
360000 162.2
365000 174.6
370000 151.6
375000 181.4
380000 162.9
385000 172.5
390000 183.9
395000 184.8
400000 179.9
405000 197.7
410000 196.6
415000 182.2
420000 175.6
425000 190.5
430000 201.7
435000 194.3
440000 172.2
445000 199.5
450000 192.0
455000 182.8
460000 159.1
465000 197.2
470000 190.2
475000 195.7
480000 191.1
485000 56.9
490000 169.0
495000 173.0
500000 196.1
505000 190.9
510000 203.1
515000 189.8
520000 184.7
525000 186.3
530000 197.5
535000 195.1
540000 192.1
545000 187.7
550000 193.5
555000 186.3
560000 200.7
565000 188.4
570000 189.0
575000 196.3
580000 174.5
585000 193.6
590000 191.1
595000 190.8
600000 175.6
605000 198.3
610000 181.6
615000 191.6
620000 208.7
625000 202.3
630000 189.8
635000 188.7
640000 194.1
645000 8.4
650000 154.5
655000 179.3
660000 199.2
665000 196.2
670000 173.1
675000 193.5
680000 191.9
685000 198.6
690000 189.9
695000 191.8
700000 205.0
705000 204.5
710000 191.5
715000 201.6
720000 183.0
725000 199.4
730000 195.8
735000 181.8
740000 212.3
745000 190.4
750000 197.2
755000 211.0
760000 199.8
765000 207.8
770000 198.5
775000 174.6
780000 205.0
785000 213.0
790000 203.4
795000 204.7
800000 204.3
805000 79.8
810000 178.4
815000 165.2
820000 199.0
825000 189.2
830000 195.1
835000 205.3
840000 202.6
845000 197.1
850000 192.3
855000 203.1
860000 214.4
865000 201.3
870000 197.5
875000 199.4
880000 209.2
885000 209.1
890000 206.1
895000 196.9
900000 212.8
905000 200.4
910000 197.2
915000 200.2
920000 199.8
925000 208.2
930000 207.2
935000 199.7
940000 212.7
945000 221.6
950000 205.5
955000 206.2
960000 222.1
965000 65.2
970000 170.4
975000 185.6
980000 193.5
985000 193.9
990000 211.0
995000 196.2
1000000 186.6
1005000 197.1
1010000 215.3
1015000 206.4
1020000 209.4
1025000 199.2
1030000 206.9
1035000 200.7
1040000 206.4
1045000 216.5
1050000 216.2
1055000 216.1
1060000 220.9
1065000 208.4
1070000 222.3
1075000 207.3
1080000 212.8
1085000 218.5
1090000 219.8
1095000 214.8
1100000 224.9
1105000 195.8
1110000 213.6
1115000 219.9
1120000 219.2
1125000 0.0
1130000 76.8
1135000 181.9
1140000 203.3
1145000 206.8
1150000 205.3
1155000 203.7
1160000 196.1
1165000 213.7
1170000 210.1
1175000 215.0
1180000 216.4
1185000 214.1
1190000 223.8
1195000 213.8
1200000 223.3
1205000 218.9
1210000 217.5
1215000 219.8
1220000 215.5
1225000 217.5
1230000 217.2
1235000 220.7
1240000 229.0
1245000 223.9
1250000 211.4
1255000 223.0
1260000 222.1
1265000 226.2
1270000 223.7
1275000 227.8
1280000 223.4
1285000 50.6
1290000 161.7
1295000 180.8
1300000 205.6
1305000 208.3
1310000 222.4
1315000 221.9
1320000 222.7
1325000 215.0
1330000 224.5
1335000 224.3
1340000 220.7
1345000 230.5
1350000 226.6
1355000 228.9
1360000 224.6
1365000 233.4
1370000 230.5
1375000 231.0
1380000 233.4
1385000 237.4
1390000 233.7
1395000 238.8
1400000 237.2
1405000 234.9
1410000 230.9
1415000 209.1
1420000 235.6
1425000 236.1
1430000 236.6
1435000 237.0
1440000 239.2
1445000 22.0
1450000 189.3
1455000 186.2
1460000 212.8
1465000 230.2
1470000 227.2
1475000 209.6
1480000 236.0
1485000 241.2
1490000 238.5
1495000 235.9
1500000 217.5
1505000 235.4
1510000 240.1
1515000 234.6
1520000 244.4
1525000 241.3
1530000 240.6
1535000 242.3
1540000 243.4
1545000 252.0
1550000 252.9
1555000 243.4
1560000 239.8
1565000 246.4
1570000 256.2
1575000 248.8
1580000 258.1
1585000 253.4
1590000 245.6
1595000 250.1
1600000 256.7
1605000 55.8
1610000 190.6
1615000 222.3
1620000 202.1
1625000 241.1
1630000 231.8
1635000 234.8
1640000 248.5
1645000 236.3
1650000 248.7
1655000 239.7
1660000 245.2
1665000 244.3
1670000 258.1
1675000 256.0
1680000 263.9
1685000 249.6
1690000 248.3
1695000 270.6
1700000 259.7
1705000 273.4
1710000 260.1
1715000 229.8
1720000 273.0
1725000 266.4
1730000 266.3
1735000 258.5
1740000 264.9
1745000 265.8
1750000 239.9
1755000 258.5
1760000 260.0
1765000 33.6
1770000 117.0
1775000 231.8
1780000 217.4
1785000 243.8
1790000 243.5
1795000 266.3
1800000 232.1
1805000 278.7
1810000 261.6
1815000 259.3
1820000 266.7
1825000 266.3
1830000 268.1
1835000 281.6
1840000 262.9
1845000 263.1
1850000 256.8
1855000 273.8
1860000 237.5
1865000 279.7
1870000 274.2
1875000 275.5
1880000 277.4
1885000 277.1
1890000 122.0
1895000 234.6
1900000 283.1
1905000 258.2
1910000 252.5
1915000 263.8
1920000 262.0
1925000 264.8
1930000 268.7
1935000 286.4
1940000 214.5
1945000 277.8
1950000 276.5
1955000 285.5
1960000 262.8
1965000 292.6
1970000 268.0
1975000 263.3
1980000 281.8
1985000 276.7
1990000 285.9
1995000 270.7
2000000 264.6
