5000 0.0
10000 0.6
15000 0.0
20000 0.3
25000 0.0
30000 0.0
35000 0.0
40000 1.9
45000 0.0
50000 67.6
55000 103.4
60000 86.0
65000 121.0
70000 117.4
75000 135.6
80000 156.6
85000 167.7
90000 163.7
95000 159.6
100000 167.3
105000 163.9
110000 158.3
115000 175.0
120000 193.9
125000 190.4
130000 209.5
135000 202.4
140000 203.1
145000 203.5
150000 210.8
155000 211.9
160000 168.1
165000 132.6
170000 171.5
175000 221.7
180000 220.7
185000 206.7
190000 194.8
195000 234.6
200000 234.9
205000 237.0
210000 226.0
215000 230.6
220000 236.4
225000 234.7
230000 229.9
235000 239.9
240000 237.2
245000 243.7
250000 239.9
255000 246.1
260000 240.6
265000 249.1
270000 246.5
275000 246.6
280000 251.4
285000 250.5
290000 248.3
295000 250.1
300000 255.9
305000 253.5
310000 254.1
315000 256.9
320000 260.0
325000 149.9
330000 205.1
335000 245.3
340000 233.1
345000 218.5
350000 254.9
355000 216.9
360000 262.0
365000 262.2
370000 262.7
375000 241.6
380000 256.0
385000 262.4
390000 263.0
395000 235.1
400000 262.9
405000 263.2
410000 263.2
415000 238.7
420000 266.6
425000 270.8
430000 267.1
435000 270.8
440000 271.1
445000 271.4
450000 272.1
455000 270.8
460000 275.6
465000 267.6
470000 245.2
475000 270.6
480000 272.3
485000 154.2
490000 216.5
495000 195.2
500000 258.9
505000 261.6
510000 269.2
515000 209.4
520000 268.3
525000 270.1
530000 276.8
535000 272.9
540000 273.4
545000 276.4
550000 276.3
555000 253.0
560000 283.1
565000 283.4
570000 282.9
575000 288.9
580000 285.2
585000 288.1
590000 286.9
595000 289.6
600000 256.9
605000 286.2
610000 285.3
615000 289.1
620000 289.9
625000 287.0
630000 290.5
635000 286.0
640000 290.5
645000 117.0
650000 215.6
655000 242.1
660000 231.0
665000 270.1
670000 276.0
675000 273.0
680000 280.8
685000 289.7
690000 271.6
695000 285.9
700000 285.8
705000 284.9
710000 281.2
715000 288.1
720000 292.6
725000 290.2
730000 292.1
735000 292.0
740000 287.4
745000 259.1
750000 263.3
755000 288.3
760000 287.2
765000 292.1
770000 295.0
775000 295.7
780000 292.6
785000 295.1
790000 291.8
795000 293.3
800000 290.6
805000 150.6
810000 199.5
815000 232.8
820000 269.6
825000 245.6
830000 258.7
835000 277.7
840000 242.4
845000 258.1
850000 279.6
855000 291.3
860000 216.2
865000 290.7
870000 287.1
875000 292.5
880000 286.7
885000 285.1
890000 288.5
895000 293.4
900000 287.3
905000 291.3
910000 297.5
915000 288.2
920000 291.7
925000 291.9
930000 291.2
935000 296.0
940000 290.1
945000 293.0
950000 265.5
955000 291.2
960000 291.8
965000 130.8
970000 214.5
975000 201.2
980000 265.7
985000 280.6
990000 288.4
995000 289.2
1000000 273.0
1005000 289.8
1010000 292.7
1015000 294.8
1020000 287.4
1025000 280.0
1030000 289.1
1035000 264.1
1040000 288.6
1045000 287.2
1050000 290.9
1055000 292.5
1060000 294.7
1065000 297.6
1070000 293.7
1075000 295.8
1080000 294.2
1085000 293.3
1090000 284.6
1095000 291.1
1100000 295.7
1105000 293.5
1110000 299.3
1115000 270.6
1120000 299.4
1125000 89.7
1130000 138.5
1135000 210.6
1140000 279.0
1145000 278.6
1150000 261.2
1155000 272.7
1160000 280.9
1165000 288.2
1170000 288.5
1175000 295.0
1180000 294.7
1185000 239.8
1190000 258.9
1195000 297.3
1200000 289.9
1205000 289.3
1210000 296.2
1215000 287.0
1220000 298.6
1225000 295.0
1230000 288.0
1235000 295.7
1240000 278.0
1245000 292.9
1250000 289.4
1255000 299.6
1260000 299.0
1265000 295.8
1270000 294.8
1275000 300.1
1280000 299.7
1285000 86.9
1290000 151.2
1295000 238.2
1300000 256.9
1305000 239.5
1310000 194.2
1315000 254.7
1320000 276.8
1325000 286.3
1330000 288.7
1335000 281.2
1340000 283.6
1345000 286.1
1350000 296.5
1355000 284.5
1360000 285.5
1365000 292.6
1370000 288.0
1375000 257.8
1380000 290.3
1385000 291.9
1390000 304.6
1395000 295.9
1400000 268.3
1405000 289.1
1410000 290.2
1415000 294.7
1420000 301.3
1425000 300.1
1430000 297.9
1435000 295.4
1440000 299.8
1445000 103.3
1450000 179.7
1455000 247.9
1460000 248.8
1465000 248.5
1470000 279.3
1475000 284.1
1480000 283.2
1485000 285.7
1490000 290.2
1495000 285.6
1500000 299.3
1505000 294.6
1510000 296.4
1515000 286.8
1520000 286.1
1525000 296.3
1530000 298.9
1535000 296.1
1540000 288.4
1545000 298.3
1550000 295.2
1555000 300.5
1560000 298.2
1565000 297.0
1570000 298.4
1575000 297.7
1580000 298.0
1585000 301.4
1590000 297.2
1595000 300.7
1600000 296.6
1605000 21.7
1610000 187.7
1615000 225.0
1620000 242.6
1625000 245.7
1630000 280.9
1635000 250.1
1640000 253.5
1645000 288.9
1650000 284.5
1655000 278.0
1660000 285.9
1665000 285.9
1670000 281.7
1675000 297.2
1680000 290.5
1685000 294.1
1690000 298.8
1695000 296.9
1700000 296.5
1705000 288.1
1710000 300.0
1715000 300.6
1720000 261.1
1725000 270.8
1730000 298.1
1735000 303.8
1740000 270.3
1745000 282.5
1750000 296.7
1755000 299.7
1760000 300.1
1765000 110.0
1770000 189.8
1775000 229.1
1780000 248.5
1785000 229.9
1790000 277.8
1795000 258.9
1800000 280.5
1805000 285.4
1810000 299.1
1815000 291.3
1820000 295.5
1825000 289.6
1830000 267.9
1835000 293.8
1840000 240.2
1845000 297.4
1850000 298.6
1855000 299.9
1860000 298.7
1865000 300.1
1870000 294.5
1875000 298.9
1880000 299.8
1885000 299.7
1890000 302.0
1895000 301.4
1900000 303.9
1905000 302.9
1910000 302.9
1915000 300.7
1920000 305.9
1925000 263.0
1930000 296.8
1935000 301.7
1940000 304.2
1945000 292.8
1950000 304.8
1955000 297.4
1960000 293.3
1965000 303.6
1970000 304.9
1975000 302.5
1980000 306.6
1985000 301.3
1990000 304.8
1995000 306.9
2000000 305.3
