5000 0.0
10000 0.0
15000 0.0
20000 0.5
25000 2.9
30000 3.6
35000 11.1
40000 13.0
45000 69.8
50000 107.2
55000 96.8
60000 137.3
65000 151.5
70000 148.1
75000 142.6
80000 178.7
85000 178.5
90000 176.7
95000 172.0
100000 162.8
105000 187.9
110000 185.2
115000 195.6
120000 178.3
125000 175.3
130000 197.3
135000 193.2
140000 175.8
145000 181.0
150000 179.9
155000 187.3
160000 211.7
165000 142.7
170000 145.9
175000 181.5
180000 181.5
185000 199.2
190000 189.2
195000 202.5
200000 206.6
205000 209.7
210000 216.8
215000 217.5
220000 219.0
225000 217.5
230000 221.2
235000 221.8
240000 225.9
245000 223.3
250000 224.5
255000 228.8
260000 222.2
265000 229.4
270000 230.8
275000 229.9
280000 225.8
285000 236.0
290000 232.7
295000 239.2
300000 237.7
305000 243.2
310000 239.6
315000 242.3
320000 247.4
325000 39.4
330000 213.8
335000 227.1
340000 238.1
345000 240.9
350000 244.4
355000 251.2
360000 245.1
365000 252.0
370000 229.1
375000 229.4
380000 259.8
385000 237.5
390000 253.1
395000 257.0
400000 263.2
405000 264.9
410000 260.0
415000 258.5
420000 264.6
425000 266.0
430000 264.7
435000 267.9
440000 267.9
445000 268.9
450000 272.2
455000 272.7
460000 245.2
465000 270.0
470000 273.7
475000 277.1
480000 273.7
485000 101.6
490000 231.9
495000 249.6
500000 260.2
505000 266.4
510000 213.8
515000 264.8
520000 267.4
525000 273.2
530000 274.0
535000 221.9
540000 273.8
545000 252.0
550000 247.3
555000 279.9
560000 277.6
565000 277.3
570000 257.4
575000 279.0
580000 282.9
585000 287.7
590000 288.7
595000 288.3
600000 292.0
605000 293.4
610000 294.0
615000 291.2
620000 296.4
625000 297.8
630000 293.8
635000 293.6
640000 297.5
645000 149.9
650000 251.7
655000 256.5
660000 270.1
665000 282.2
670000 276.9
675000 286.0
680000 292.5
685000 278.3
690000 292.0
695000 295.9
700000 290.4
705000 265.5
710000 294.4
715000 295.6
720000 297.6
725000 288.3
730000 301.8
735000 284.2
740000 303.2
745000 266.2
750000 301.5
755000 296.3
760000 301.3
765000 294.6
770000 301.0
775000 296.2
780000 291.1
785000 272.0
790000 298.7
795000 271.8
800000 302.3
805000 99.0
810000 259.8
815000 265.0
820000 269.6
825000 275.1
830000 279.8
835000 281.4
840000 284.2
845000 290.2
850000 291.7
855000 289.0
860000 291.3
865000 289.3
870000 292.4
875000 302.4
880000 295.5
885000 294.3
890000 292.9
895000 300.5
900000 294.9
905000 303.5
910000 301.1
915000 296.6
920000 299.6
925000 292.0
930000 302.8
935000 301.8
940000 299.6
945000 299.0
950000 301.1
955000 302.6
960000 304.7
965000 62.2
970000 247.8
975000 265.7
980000 264.8
985000 285.6
990000 293.1
995000 284.6
1000000 290.8
1005000 284.0
1010000 298.2
1015000 293.0
1020000 261.1
1025000 293.6
1030000 299.8
1035000 293.7
1040000 296.3
1045000 299.4
1050000 300.7
1055000 303.3
1060000 308.3
1065000 298.2
1070000 297.3
1075000 302.9
1080000 308.3
1085000 276.0
1090000 310.0
1095000 306.5
1100000 304.0
1105000 305.7
1110000 302.3
1115000 304.4
1120000 308.6
1125000 38.5
1130000 170.2
1135000 254.8
1140000 280.7
1145000 294.2
1150000 264.8
1155000 295.1
1160000 303.2
1165000 268.0
1170000 298.4
1175000 300.4
1180000 300.0
1185000 303.2
1190000 305.9
1195000 301.6
1200000 309.9
1205000 310.9
1210000 304.1
1215000 308.6
1220000 306.1
1225000 310.0
1230000 305.8
1235000 270.1
1240000 306.1
1245000 304.5
1250000 308.5
1255000 308.8
1260000 304.4
1265000 278.3
1270000 310.5
1275000 306.0
1280000 309.1
1285000 97.3
1290000 215.4
1295000 208.2
1300000 229.1
1305000 298.2
1310000 268.0
1315000 303.1
1320000 299.8
1325000 306.1
1330000 303.7
1335000 306.0
1340000 301.4
1345000 302.0
1350000 303.2
1355000 306.7
1360000 308.6
1365000 274.9
1370000 310.2
1375000 307.5
1380000 309.0
1385000 305.0
1390000 309.5
1395000 307.6
1400000 311.1
1405000 310.7
1410000 310.2
1415000 308.7
1420000 311.6
1425000 310.6
1430000 309.9
1435000 312.0
1440000 308.5
1445000 20.5
1450000 207.5
1455000 269.6
1460000 283.6
1465000 290.9
1470000 295.2
1475000 268.8
1480000 303.7
1485000 300.9
1490000 300.8
1495000 302.4
1500000 301.7
1505000 301.5
1510000 304.1
1515000 309.9
1520000 308.0
1525000 312.4
1530000 307.6
1535000 309.6
1540000 310.9
1545000 307.3
1550000 311.4
1555000 311.3
1560000 309.7
1565000 307.1
1570000 313.0
1575000 312.1
1580000 314.2
1585000 308.6
1590000 311.0
1595000 312.5
1600000 277.0
1605000 16.5
1610000 229.1
1615000 282.7
1620000 283.0
1625000 286.4
1630000 289.3
1635000 298.3
1640000 299.4
1645000 302.8
1650000 298.2
1655000 276.2
1660000 308.7
1665000 304.5
1670000 305.0
1675000 303.9
1680000 282.7
1685000 307.7
1690000 307.6
1695000 284.4
1700000 308.3
1705000 308.1
1710000 314.1
1715000 309.9
1720000 277.3
1725000 308.6
1730000 276.8
1735000 306.5
1740000 278.8
1745000 313.9
1750000 314.7
1755000 279.2
1760000 279.3
1765000 54.7
1770000 184.7
1775000 289.8
1780000 249.8
1785000 301.2
1790000 293.8
1795000 296.2
1800000 269.7
1805000 271.3
1810000 304.4
1815000 305.2
1820000 273.4
1825000 249.0
1830000 307.3
1835000 305.4
1840000 311.0
1845000 273.9
1850000 306.1
1855000 311.8
1860000 308.0
1865000 310.1
1870000 282.9
1875000 308.8
1880000 305.1
1885000 311.1
1890000 310.5
1895000 314.3
1900000 285.4
1905000 314.8
1910000 313.8
1915000 312.6
1920000 316.8
1925000 316.9
1930000 313.1
1935000 314.0
1940000 313.6
1945000 314.8
1950000 315.2
1955000 314.2
1960000 318.2
1965000 311.6
1970000 314.7
1975000 314.1
1980000 311.6
1985000 315.3
1990000 313.4
1995000 313.1
2000000 317.1
