5000 53.4
10000 82.8
15000 74.0
20000 109.8
25000 90.0
30000 186.5
35000 80.2
40000 72.3
45000 96.0
50000 85.8
55000 68.5
60000 50.1
65000 148.6
70000 80.6
75000 95.1
80000 51.2
85000 66.9
90000 88.2
95000 199.2
100000 120.9
105000 144.9
110000 169.6
115000 47.0
120000 93.2
125000 136.5
130000 118.6
135000 49.5
140000 60.6
145000 76.9
150000 84.3
155000 172.2
160000 84.1
165000 155.7
170000 45.7
175000 283.9
180000 147.3
185000 158.0
190000 151.1
195000 253.3
200000 89.7
205000 58.4
210000 125.9
215000 78.1
220000 187.3
225000 223.0
230000 65.3
235000 71.3
240000 137.3
245000 206.2
250000 352.7
255000 578.7
260000 232.0
265000 311.6
270000 456.1
275000 306.6
280000 453.0
285000 393.5
290000 223.8
295000 347.7
300000 188.0
305000 405.2
310000 260.5
315000 308.1
320000 236.1
325000 265.7
330000 523.4
335000 350.1
340000 505.0
345000 415.5
350000 595.3
355000 192.0
360000 471.8
365000 279.3
370000 293.9
375000 153.0
380000 184.6
385000 445.7
390000 418.6
395000 404.7
400000 424.0
405000 383.5
410000 265.4
415000 412.5
420000 576.7
425000 385.1
430000 268.1
435000 363.8
440000 361.5
445000 726.0
450000 581.8
455000 306.7
460000 345.9
465000 408.7
470000 333.5
475000 321.4
480000 320.9
485000 369.6
490000 312.4
495000 327.1
500000 287.9
505000 474.2
510000 496.6
515000 436.5
520000 636.6
525000 299.0
530000 445.9
535000 359.3
540000 353.2
545000 496.8
550000 437.0
555000 347.8
560000 336.8
565000 427.5
570000 386.4
575000 401.1
580000 404.1
585000 516.8
590000 534.3
595000 555.8
600000 737.1
605000 631.3
610000 657.5
615000 443.2
620000 619.5
625000 482.7
630000 726.0
635000 707.2
640000 399.0
645000 339.9
650000 374.9
655000 601.1
660000 476.8
665000 587.7
670000 677.1
675000 628.0
680000 550.6
685000 607.8
690000 470.4
695000 356.8
700000 475.5
705000 393.6
710000 704.7
715000 470.0
720000 419.3
725000 378.5
730000 189.0
735000 399.9
740000 488.1
745000 444.9
750000 575.7
755000 325.5
760000 584.9
765000 442.8
770000 561.9
775000 578.1
780000 596.8
785000 210.2
790000 561.3
795000 581.8
800000 518.5
805000 633.6
810000 649.2
815000 534.6
820000 308.7
825000 516.5
830000 534.5
835000 507.6
840000 684.7
845000 498.5
850000 405.7
855000 530.6
860000 566.8
865000 604.4
870000 494.6
875000 596.4
880000 518.1
885000 386.2
890000 789.4
895000 668.4
900000 835.8
905000 559.0
910000 363.6
915000 491.1
920000 455.5
925000 579.7
930000 632.0
935000 510.3
940000 597.1
945000 622.1
950000 705.4
955000 520.9
960000 493.5
965000 602.9
970000 515.6
975000 523.2
980000 428.2
985000 391.5
990000 665.1
995000 764.6
1000000 564.8
1005000 555.0
1010000 511.2
1015000 735.8
1020000 533.8
1025000 515.7
1030000 645.9
1035000 509.3
1040000 675.7
1045000 396.2
1050000 549.8
1055000 280.0
1060000 542.6
1065000 613.4
1070000 550.7
1075000 522.3
1080000 637.4
1085000 586.3
1090000 579.2
1095000 430.7
1100000 745.6
1105000 496.9
1110000 306.0
1115000 455.3
1120000 497.0
1125000 439.2
1130000 633.4
1135000 493.0
1140000 629.3
1145000 796.8
1150000 498.8
1155000 429.7
1160000 662.5
1165000 503.5
1170000 577.9
1175000 724.6
1180000 662.2
1185000 612.3
1190000 552.5
1195000 416.3
1200000 521.0
1205000 424.5
1210000 490.6
1215000 556.2
1220000 498.9
1225000 502.1
1230000 512.9
1235000 694.4
1240000 581.5
1245000 570.6
1250000 531.3
1255000 468.3
1260000 503.3
1265000 502.4
1270000 728.3
1275000 525.7
1280000 465.4
1285000 453.9
1290000 642.6
1295000 407.8
1300000 564.0
1305000 399.5
1310000 622.3
1315000 279.3
1320000 396.1
1325000 493.7
1330000 720.0
1335000 620.6
1340000 599.0
1345000 528.6
1350000 645.7
1355000 505.3
1360000 542.8
1365000 625.8
1370000 553.8
1375000 565.3
1380000 660.8
1385000 625.6
1390000 743.0
1395000 612.8
1400000 647.1
1405000 657.2
1410000 463.4
1415000 589.4
1420000 680.9
1425000 537.4
1430000 594.6
1435000 619.4
1440000 723.7
1445000 608.5
1450000 382.0
1455000 638.6
1460000 654.5
1465000 664.5
1470000 550.6
1475000 686.7
1480000 520.4
1485000 629.0
1490000 439.7
1495000 699.3
1500000 574.8
1505000 608.4
1510000 692.2
1515000 595.1
1520000 680.8
1525000 493.2
1530000 582.0
1535000 584.8
1540000 468.3
1545000 764.2
1550000 573.1
1555000 581.6
1560000 616.3
1565000 466.3
1570000 648.6
1575000 762.3
1580000 359.9
1585000 544.7
1590000 769.2
1595000 594.5
1600000 574.9
1605000 365.6
1610000 571.8
1615000 684.4
1620000 562.5
1625000 504.6
1630000 579.1
1635000 569.1
1640000 471.3
1645000 537.9
1650000 643.3
1655000 482.4
1660000 615.5
1665000 524.0
1670000 642.4
1675000 543.6
1680000 786.7
1685000 445.6
1690000 556.9
1695000 660.9
1700000 558.1
1705000 777.8
1710000 665.2
1715000 722.3
1720000 573.4
1725000 624.2
1730000 528.7
1735000 784.2
1740000 657.9
1745000 504.2
1750000 611.7
1755000 703.0
1760000 721.6
1765000 551.0
1770000 644.3
1775000 647.1
1780000 799.2
1785000 621.0
1790000 575.7
1795000 623.6
1800000 670.3
1805000 509.9
1810000 681.3
1815000 531.3
1820000 592.3
1825000 667.7
1830000 693.7
1835000 718.3
1840000 777.3
1845000 256.4
1850000 608.8
1855000 506.8
1860000 665.5
1865000 528.6
1870000 459.9
1875000 541.2
1880000 720.9
1885000 614.8
1890000 596.5
1895000 671.2
1900000 700.4
1905000 593.3
1910000 706.9
1915000 678.0
1920000 564.1
1925000 570.7
1930000 696.2
1935000 615.1
1940000 593.6
1945000 654.1
1950000 663.4
1955000 613.5
1960000 734.0
1965000 602.0
1970000 599.8
1975000 698.5
1980000 733.5
1985000 614.7
1990000 550.3
1995000 711.4
2000000 517.1
