5000 83.8
10000 66.4
15000 85.9
20000 123.5
25000 57.9
30000 86.2
35000 74.9
40000 146.7
45000 144.0
50000 124.5
55000 83.4
60000 65.9
65000 63.9
70000 64.1
75000 78.3
80000 56.9
85000 96.0
90000 124.0
95000 108.4
100000 98.3
105000 77.0
110000 142.9
115000 130.1
120000 139.8
125000 58.1
130000 169.7
135000 58.0
140000 127.0
145000 60.3
150000 200.2
155000 122.3
160000 105.5
165000 303.2
170000 172.2
175000 195.0
180000 248.4
185000 190.5
190000 269.8
195000 61.5
200000 170.6
205000 152.4
210000 66.2
215000 171.8
220000 253.8
225000 69.2
230000 232.4
235000 150.9
240000 217.6
245000 306.1
250000 336.8
255000 143.3
260000 197.4
265000 242.5
270000 204.7
275000 266.2
280000 127.8
285000 213.3
290000 194.2
295000 229.9
300000 389.9
305000 366.6
310000 286.7
315000 316.0
320000 301.3
325000 184.3
330000 283.6
335000 360.6
340000 339.2
345000 213.4
350000 389.0
355000 337.5
360000 415.8
365000 337.0
370000 226.3
375000 412.9
380000 389.3
385000 99.5
390000 224.5
395000 190.5
400000 289.5
405000 512.5
410000 487.2
415000 431.4
420000 283.4
425000 441.2
430000 381.8
435000 333.0
440000 409.7
445000 527.0
450000 333.2
455000 409.0
460000 568.4
465000 533.1
470000 713.1
475000 239.4
480000 307.0
485000 269.3
490000 503.9
495000 397.4
500000 333.6
505000 366.9
510000 458.1
515000 707.8
520000 432.1
525000 322.9
530000 554.1
535000 420.1
540000 206.3
545000 405.3
550000 425.9
555000 479.8
560000 469.1
565000 499.4
570000 633.9
575000 557.7
580000 389.2
585000 440.0
590000 418.1
595000 254.6
600000 504.7
605000 288.2
610000 382.4
615000 437.9
620000 545.0
625000 430.1
630000 380.5
635000 326.5
640000 445.9
645000 546.0
650000 534.9
655000 561.2
660000 210.1
665000 490.8
670000 613.8
675000 548.5
680000 527.6
685000 568.8
690000 197.9
695000 343.1
700000 640.9
705000 339.5
710000 450.4
715000 640.1
720000 448.6
725000 272.3
730000 577.1
735000 548.8
740000 526.8
745000 526.6
750000 428.7
755000 359.3
760000 525.5
765000 611.0
770000 401.4
775000 568.7
780000 585.3
785000 511.8
790000 407.4
795000 381.1
800000 698.5
805000 495.2
810000 426.4
815000 415.4
820000 411.9
825000 392.2
830000 566.2
835000 652.9
840000 733.2
845000 452.4
850000 684.0
855000 567.9
860000 403.0
865000 700.4
870000 668.0
875000 584.8
880000 670.0
885000 549.9
890000 588.6
895000 575.4
900000 517.9
905000 761.0
910000 644.6
915000 623.5
920000 688.5
925000 431.2
930000 688.2
935000 585.2
940000 315.0
945000 555.2
950000 476.2
955000 567.2
960000 655.9
965000 419.9
970000 449.0
975000 754.9
980000 497.5
985000 663.8
990000 588.9
995000 506.3
1000000 565.6
1005000 519.7
1010000 621.1
1015000 625.6
1020000 590.8
1025000 542.0
1030000 732.5
1035000 484.2
1040000 663.6
1045000 514.7
1050000 770.8
1055000 707.2
1060000 429.0
1065000 587.5
1070000 739.9
1075000 652.2
1080000 655.5
1085000 704.1
1090000 670.8
1095000 671.8
1100000 669.0
1105000 694.2
1110000 650.8
1115000 483.8
1120000 686.8
1125000 562.5
1130000 572.1
1135000 494.5
1140000 605.6
1145000 728.2
1150000 498.1
1155000 685.3
1160000 609.6
1165000 565.2
1170000 530.7
1175000 602.3
1180000 538.6
1185000 622.3
1190000 752.1
1195000 780.5
1200000 499.5
1205000 653.3
1210000 521.1
1215000 699.2
1220000 465.9
1225000 701.8
1230000 626.5
1235000 359.8
1240000 573.5
1245000 621.5
1250000 495.4
1255000 608.5
1260000 721.6
1265000 462.7
1270000 528.9
1275000 536.7
1280000 581.9
1285000 754.1
1290000 654.9
1295000 410.6
1300000 725.9
1305000 732.2
1310000 658.3
1315000 752.5
1320000 734.7
1325000 373.0
1330000 614.2
1335000 618.2
1340000 818.1
1345000 652.4
1350000 558.7
1355000 653.2
1360000 770.6
1365000 482.7
1370000 624.7
1375000 482.2
1380000 665.8
1385000 676.6
1390000 688.1
1395000 523.7
1400000 424.2
1405000 590.2
1410000 197.0
1415000 257.7
1420000 353.9
1425000 586.1
1430000 695.4
1435000 599.8
1440000 668.8
1445000 370.3
1450000 622.7
1455000 536.5
1460000 593.1
1465000 410.1
1470000 483.4
1475000 634.5
1480000 352.1
1485000 583.6
1490000 637.0
1495000 392.3
1500000 687.8
1505000 500.0
1510000 562.9
1515000 574.5
1520000 410.2
1525000 408.9
1530000 526.5
1535000 521.8
1540000 647.8
1545000 637.6
1550000 302.3
1555000 648.9
1560000 453.8
1565000 427.5
1570000 567.6
1575000 652.9
1580000 795.4
1585000 509.6
1590000 626.4
1595000 695.9
1600000 442.1
1605000 606.6
1610000 458.4
1615000 681.1
1620000 586.5
1625000 804.2
1630000 673.4
1635000 647.7
1640000 683.7
1645000 556.1
1650000 641.5
1655000 562.3
1660000 480.8
1665000 534.4
1670000 652.9
1675000 700.2
1680000 652.8
1685000 608.1
1690000 413.1
1695000 508.4
1700000 469.1
1705000 535.0
1710000 706.6
1715000 671.2
1720000 480.0
1725000 539.8
1730000 718.3
1735000 514.0
1740000 801.0
1745000 493.7
1750000 666.2
1755000 604.8
1760000 755.6
1765000 736.7
1770000 534.3
1775000 639.4
1780000 596.1
1785000 499.0
1790000 652.7
1795000 575.3
1800000 617.4
1805000 499.5
1810000 584.5
1815000 688.6
1820000 697.9
1825000 714.7
1830000 698.6
1835000 692.7
1840000 509.7
1845000 416.3
1850000 609.7
1855000 635.1
1860000 455.2
1865000 742.8
1870000 568.8
1875000 669.5
1880000 651.0
1885000 795.4
1890000 763.1
1895000 572.2
1900000 627.3
1905000 625.2
1910000 655.4
1915000 549.3
1920000 662.9
1925000 382.1
1930000 397.2
1935000 561.6
1940000 488.0
1945000 470.6
1950000 510.4
1955000 603.4
1960000 407.8
1965000 603.0
1970000 590.8
1975000 556.6
1980000 608.6
1985000 598.1
1990000 447.1
1995000 431.0
2000000 558.8
