5000 70.9
10000 84.6
15000 44.2
20000 98.1
25000 74.0
30000 84.8
35000 77.0
40000 85.8
45000 108.1
50000 67.9
55000 153.1
60000 75.2
65000 77.3
70000 58.8
75000 150.8
80000 61.2
85000 106.7
90000 64.9
95000 55.7
100000 158.7
105000 138.7
110000 134.3
115000 114.5
120000 133.1
125000 64.6
130000 110.4
135000 70.7
140000 67.6
145000 179.3
150000 54.2
155000 68.0
160000 223.0
165000 206.8
170000 167.1
175000 148.4
180000 160.7
185000 207.7
190000 102.4
195000 199.0
200000 58.4
205000 172.0
210000 95.7
215000 109.7
220000 104.5
225000 134.8
230000 141.2
235000 250.5
240000 211.8
245000 118.7
250000 396.4
255000 370.3
260000 316.3
265000 255.2
270000 236.4
275000 414.9
280000 396.6
285000 122.3
290000 339.8
295000 274.7
300000 235.5
305000 564.4
310000 175.5
315000 329.6
320000 239.4
325000 199.5
330000 471.8
335000 350.0
340000 341.6
345000 336.6
350000 428.1
355000 431.9
360000 446.5
365000 409.7
370000 471.7
375000 397.4
380000 322.1
385000 243.1
390000 236.9
395000 276.4
400000 268.5
405000 572.5
410000 380.1
415000 130.1
420000 375.5
425000 278.9
430000 469.4
435000 272.7
440000 246.8
445000 313.7
450000 252.3
455000 273.6
460000 231.2
465000 262.4
470000 391.2
475000 332.5
480000 190.0
485000 354.8
490000 339.7
495000 466.2
500000 198.0
505000 213.9
510000 399.9
515000 561.9
520000 301.2
525000 472.4
530000 473.9
535000 623.8
540000 138.9
545000 280.7
550000 565.7
555000 519.5
560000 331.9
565000 360.0
570000 479.7
575000 317.1
580000 328.6
585000 67.0
590000 282.5
595000 342.9
600000 557.1
605000 393.4
610000 235.3
615000 419.0
620000 690.9
625000 476.9
630000 451.7
635000 337.7
640000 425.2
645000 530.9
650000 562.6
655000 484.0
660000 308.9
665000 535.1
670000 480.7
675000 297.9
680000 420.2
685000 351.2
690000 415.7
695000 454.5
700000 461.0
705000 445.1
710000 573.9
715000 407.5
720000 483.7
725000 569.5
730000 566.5
735000 310.1
740000 594.1
745000 386.4
750000 526.8
755000 468.8
760000 610.3
765000 381.9
770000 291.0
775000 267.1
780000 543.4
785000 223.9
790000 342.3
795000 453.0
800000 361.5
805000 494.6
810000 738.0
815000 250.4
820000 540.9
825000 699.9
830000 284.5
835000 595.1
840000 549.8
845000 389.8
850000 521.3
855000 321.6
860000 386.0
865000 463.4
870000 402.0
875000 406.7
880000 481.4
885000 434.8
890000 501.6
895000 383.6
900000 494.6
905000 610.1
910000 434.4
915000 405.0
920000 398.0
925000 487.8
930000 459.7
935000 554.7
940000 385.3
945000 394.2
950000 319.8
955000 416.8
960000 386.3
965000 319.5
970000 521.4
975000 526.6
980000 679.2
985000 398.2
990000 354.7
995000 623.4
1000000 388.0
1005000 509.0
1010000 468.4
1015000 559.3
1020000 666.5
1025000 521.4
1030000 420.5
1035000 529.5
1040000 417.0
1045000 294.2
1050000 476.2
1055000 599.8
1060000 515.9
1065000 553.0
1070000 597.3
1075000 288.4
1080000 461.9
1085000 542.8
1090000 591.2
1095000 468.2
1100000 295.3
1105000 455.7
1110000 521.2
1115000 549.1
1120000 546.6
1125000 203.7
1130000 540.2
1135000 482.9
1140000 289.0
1145000 590.1
1150000 590.6
1155000 461.2
1160000 506.1
1165000 439.3
1170000 431.8
1175000 460.7
1180000 556.9
1185000 717.0
1190000 350.3
1195000 398.8
1200000 440.2
1205000 483.2
1210000 679.1
1215000 478.0
1220000 496.6
1225000 589.0
1230000 645.0
1235000 569.9
1240000 359.8
1245000 500.6
1250000 436.0
1255000 651.3
1260000 258.3
1265000 341.0
1270000 591.9
1275000 500.8
1280000 628.2
1285000 408.5
1290000 306.7
1295000 439.9
1300000 563.8
1305000 387.7
1310000 509.0
1315000 338.4
1320000 480.6
1325000 645.3
1330000 573.7
1335000 439.5
1340000 510.0
1345000 524.9
1350000 591.3
1355000 588.1
1360000 358.7
1365000 356.3
1370000 316.4
1375000 574.6
1380000 281.1
1385000 316.4
1390000 579.4
1395000 512.9
1400000 560.5
1405000 464.6
1410000 636.2
1415000 702.4
1420000 416.5
1425000 464.1
1430000 414.9
1435000 484.9
1440000 364.0
1445000 513.4
1450000 448.2
1455000 486.8
1460000 235.7
1465000 338.4
1470000 418.2
1475000 184.5
1480000 595.8
1485000 334.1
1490000 718.4
1495000 414.0
1500000 398.7
1505000 361.5
1510000 694.4
1515000 438.9
1520000 472.0
1525000 637.2
1530000 345.7
1535000 528.3
1540000 359.3
1545000 410.5
1550000 430.6
1555000 604.2
1560000 433.8
1565000 597.8
1570000 630.3
1575000 544.8
1580000 434.5
1585000 656.0
1590000 538.3
1595000 396.6
1600000 665.7
1605000 303.1
1610000 247.3
1615000 420.7
1620000 462.7
1625000 693.0
1630000 336.7
1635000 669.7
1640000 459.3
1645000 391.9
1650000 399.6
1655000 452.6
1660000 517.1
1665000 341.9
1670000 344.4
1675000 415.3
1680000 494.9
1685000 375.1
1690000 196.9
1695000 496.7
1700000 456.6
1705000 341.6
1710000 574.8
1715000 406.1
1720000 293.3
1725000 565.0
1730000 461.6
1735000 328.5
1740000 510.5
1745000 469.2
1750000 509.2
1755000 781.0
1760000 371.8
1765000 474.9
1770000 486.0
1775000 453.3
1780000 374.1
1785000 443.3
1790000 573.1
1795000 467.7
1800000 410.2
1805000 690.7
1810000 593.9
1815000 346.2
1820000 486.1
1825000 498.3
1830000 643.5
1835000 397.0
1840000 707.4
1845000 638.6
1850000 466.3
1855000 405.3
1860000 574.7
1865000 350.1
1870000 499.4
1875000 444.8
1880000 414.4
1885000 665.1
1890000 585.8
1895000 425.7
1900000 409.8
1905000 589.2
1910000 508.5
1915000 596.4
1920000 464.1
1925000 307.5
1930000 520.2
1935000 389.3
1940000 631.4
1945000 553.8
1950000 529.0
1955000 314.1
1960000 405.7
1965000 359.0
1970000 635.0
1975000 473.6
1980000 638.2
1985000 187.8
1990000 629.0
1995000 517.2
2000000 427.4
