5000 53.0
10000 66.8
15000 64.0
20000 48.2
25000 99.4
30000 216.1
35000 96.1
40000 76.2
45000 297.4
50000 58.2
55000 80.2
60000 147.8
65000 164.3
70000 136.1
75000 49.9
80000 95.0
85000 161.3
90000 131.2
95000 103.6
100000 107.7
105000 229.6
110000 76.0
115000 148.7
120000 154.7
125000 151.0
130000 204.0
135000 95.9
140000 115.1
145000 105.3
150000 179.5
155000 139.9
160000 140.3
165000 209.4
170000 154.2
175000 193.1
180000 253.3
185000 505.0
190000 69.4
195000 139.7
200000 57.1
205000 228.7
210000 347.7
215000 286.8
220000 215.0
225000 57.8
230000 260.8
235000 195.7
240000 413.2
245000 479.8
250000 451.0
255000 267.1
260000 314.4
265000 396.3
270000 366.5
275000 122.5
280000 392.4
285000 186.5
290000 207.6
295000 130.0
300000 337.5
305000 312.1
310000 494.0
315000 241.9
320000 153.5
325000 208.8
330000 361.3
335000 392.0
340000 127.9
345000 186.1
350000 466.3
355000 187.3
360000 256.1
365000 314.7
370000 289.3
375000 146.8
380000 362.6
385000 331.6
390000 252.7
395000 140.7
400000 297.5
405000 283.8
410000 375.0
415000 589.3
420000 263.5
425000 437.5
430000 208.5
435000 120.2
440000 466.1
445000 519.9
450000 485.7
455000 482.9
460000 434.0
465000 305.4
470000 333.0
475000 184.8
480000 397.5
485000 418.5
490000 205.2
495000 528.2
500000 651.8
505000 556.4
510000 477.9
515000 335.5
520000 317.3
525000 526.2
530000 482.2
535000 338.8
540000 561.6
545000 419.0
550000 661.1
555000 273.9
560000 269.2
565000 468.0
570000 574.3
575000 474.4
580000 588.4
585000 314.6
590000 406.9
595000 376.7
600000 346.0
605000 549.7
610000 508.1
615000 580.1
620000 400.3
625000 435.2
630000 479.8
635000 413.9
640000 515.1
645000 497.2
650000 579.0
655000 439.5
660000 337.6
665000 503.7
670000 254.0
675000 218.6
680000 464.1
685000 415.0
690000 529.1
695000 438.3
700000 520.7
705000 433.9
710000 644.3
715000 591.2
720000 608.3
725000 470.1
730000 437.2
735000 334.4
740000 542.6
745000 595.1
750000 428.0
755000 587.7
760000 398.7
765000 711.9
770000 421.3
775000 593.6
780000 578.8
785000 640.2
790000 600.7
795000 448.6
800000 598.2
805000 449.8
810000 348.2
815000 717.5
820000 371.5
825000 636.5
830000 676.3
835000 482.3
840000 398.7
845000 705.6
850000 529.1
855000 496.9
860000 563.7
865000 512.6
870000 619.3
875000 534.9
880000 610.5
885000 648.3
890000 565.9
895000 566.2
900000 576.1
905000 499.0
910000 339.8
915000 628.3
920000 734.5
925000 649.1
930000 655.4
935000 695.0
940000 497.5
945000 726.6
950000 530.0
955000 543.9
960000 481.5
965000 562.4
970000 541.3
975000 561.2
980000 453.3
985000 496.7
990000 707.2
995000 488.7
1000000 562.7
1005000 577.5
1010000 574.2
1015000 650.5
1020000 683.7
1025000 643.2
1030000 696.7
1035000 502.1
1040000 670.2
1045000 526.0
1050000 357.3
1055000 745.3
1060000 639.7
1065000 579.5
1070000 727.5
1075000 614.2
1080000 502.9
1085000 582.1
1090000 659.3
1095000 556.6
1100000 622.1
1105000 731.4
1110000 563.3
1115000 536.2
1120000 422.2
1125000 434.6
1130000 467.2
1135000 395.8
1140000 750.6
1145000 640.5
1150000 546.8
1155000 516.5
1160000 542.5
1165000 621.2
1170000 565.5
1175000 556.3
1180000 420.9
1185000 510.7
1190000 631.3
1195000 499.5
1200000 708.5
1205000 521.3
1210000 624.7
1215000 591.5
1220000 603.5
1225000 515.1
1230000 673.0
1235000 396.7
1240000 774.0
1245000 666.0
1250000 451.2
1255000 725.9
1260000 641.2
1265000 480.8
1270000 616.6
1275000 694.0
1280000 617.1
1285000 643.9
1290000 430.9
1295000 670.7
1300000 629.7
1305000 469.9
1310000 626.2
1315000 506.5
1320000 547.0
1325000 586.6
1330000 562.5
1335000 689.8
1340000 509.5
1345000 690.1
1350000 607.3
1355000 609.5
1360000 511.8
1365000 634.3
1370000 550.9
1375000 469.2
1380000 455.2
1385000 526.0
1390000 674.5
1395000 551.9
1400000 626.8
1405000 550.2
1410000 592.7
1415000 766.8
1420000 464.8
1425000 719.7
1430000 473.6
1435000 547.0
1440000 743.6
1445000 440.1
1450000 739.2
1455000 651.6
1460000 604.6
1465000 784.3
1470000 641.0
1475000 716.2
1480000 673.2
1485000 355.6
1490000 553.7
1495000 658.3
1500000 664.0
1505000 478.3
1510000 561.2
1515000 681.1
1520000 591.9
1525000 596.3
1530000 583.6
1535000 588.1
1540000 538.6
1545000 677.3
1550000 533.2
1555000 634.1
1560000 497.6
1565000 722.6
1570000 671.9
1575000 651.1
1580000 466.1
1585000 393.6
1590000 522.8
1595000 529.2
1600000 513.6
1605000 587.4
1610000 631.6
1615000 650.2
1620000 619.2
1625000 543.9
1630000 620.7
1635000 572.2
1640000 636.7
1645000 551.3
1650000 648.5
1655000 480.6
1660000 510.8
1665000 687.9
1670000 687.0
1675000 655.2
1680000 720.1
1685000 293.9
1690000 561.6
1695000 677.5
1700000 416.4
1705000 438.2
1710000 539.2
1715000 631.1
1720000 535.7
1725000 721.3
1730000 447.6
1735000 527.1
1740000 632.0
1745000 636.1
1750000 693.5
1755000 511.5
1760000 515.3
1765000 609.2
1770000 649.7
1775000 583.6
1780000 579.9
1785000 511.0
1790000 545.6
1795000 666.2
1800000 697.3
1805000 561.9
1810000 408.3
1815000 422.8
1820000 725.1
1825000 601.7
1830000 527.3
1835000 730.9
1840000 673.6
1845000 447.3
1850000 474.6
1855000 474.9
1860000 477.3
1865000 592.9
1870000 569.0
1875000 356.4
1880000 515.9
1885000 660.8
1890000 712.0
1895000 610.0
1900000 485.2
1905000 524.0
1910000 730.7
1915000 493.8
1920000 785.8
1925000 611.9
1930000 614.8
1935000 416.6
1940000 779.2
1945000 531.0
1950000 600.2
1955000 649.6
1960000 443.0
1965000 694.9
1970000 627.1
1975000 759.6
1980000 624.2
1985000 591.6
1990000 565.0
1995000 627.1
2000000 612.6
