5000 48.7
10000 82.6
15000 72.7
20000 32.9
25000 72.8
30000 111.2
35000 103.8
40000 63.6
45000 79.1
50000 56.3
55000 63.3
60000 80.4
65000 72.1
70000 47.5
75000 54.9
80000 68.8
85000 71.8
90000 151.6
95000 104.9
100000 50.2
105000 142.0
110000 66.8
115000 90.3
120000 125.6
125000 215.6
130000 105.2
135000 241.8
140000 94.1
145000 65.5
150000 59.3
155000 121.5
160000 147.8
165000 114.0
170000 91.1
175000 141.7
180000 175.0
185000 121.5
190000 168.3
195000 204.1
200000 142.3
205000 115.1
210000 299.7
215000 183.4
220000 202.0
225000 300.2
230000 79.1
235000 140.1
240000 154.8
245000 327.7
250000 165.7
255000 224.0
260000 116.9
265000 318.5
270000 235.5
275000 318.2
280000 539.7
285000 229.7
290000 168.8
295000 168.4
300000 249.4
305000 429.7
310000 247.7
315000 210.5
320000 84.2
325000 403.1
330000 239.2
335000 386.6
340000 319.6
345000 126.7
350000 440.2
355000 266.0
360000 290.4
365000 252.6
370000 292.0
375000 371.1
380000 332.7
385000 455.0
390000 200.9
395000 274.0
400000 407.1
405000 570.1
410000 274.1
415000 412.9
420000 252.2
425000 346.2
430000 546.8
435000 560.6
440000 375.6
445000 560.8
450000 482.3
455000 458.9
460000 499.5
465000 462.0
470000 568.0
475000 309.4
480000 443.8
485000 387.9
490000 450.5
495000 516.6
500000 394.3
505000 567.2
510000 386.0
515000 297.9
520000 538.8
525000 411.2
530000 635.1
535000 450.7
540000 521.6
545000 609.2
550000 468.5
555000 534.2
560000 519.8
565000 376.0
570000 629.6
575000 566.3
580000 302.8
585000 420.8
590000 448.9
595000 259.1
600000 456.0
605000 330.8
610000 531.6
615000 442.2
620000 494.9
625000 541.2
630000 463.9
635000 430.5
640000 499.0
645000 651.4
650000 633.9
655000 551.8
660000 674.7
665000 509.3
670000 479.9
675000 395.6
680000 700.1
685000 542.2
690000 625.1
695000 588.3
700000 687.4
705000 445.3
710000 638.8
715000 683.5
720000 630.3
725000 552.8
730000 590.6
735000 545.7
740000 353.0
745000 481.1
750000 551.0
755000 624.7
760000 633.2
765000 561.1
770000 694.6
775000 382.2
780000 620.6
785000 555.6
790000 705.2
795000 615.5
800000 682.2
805000 642.6
810000 679.9
815000 636.6
820000 583.5
825000 367.4
830000 557.1
835000 617.5
840000 570.6
845000 578.4
850000 614.0
855000 704.7
860000 525.0
865000 656.6
870000 681.1
875000 643.1
880000 630.3
885000 632.7
890000 625.5
895000 654.3
900000 542.2
905000 830.4
910000 739.5
915000 577.9
920000 664.2
925000 517.0
930000 622.9
935000 624.7
940000 636.4
945000 560.6
950000 818.0
955000 721.4
960000 734.6
965000 696.9
970000 626.2
975000 502.9
980000 754.6
985000 559.7
990000 609.5
995000 711.9
1000000 497.2
1005000 458.0
1010000 520.3
1015000 530.2
1020000 712.6
1025000 667.8
1030000 695.3
1035000 740.7
1040000 740.3
1045000 519.0
1050000 801.6
1055000 520.5
1060000 618.4
1065000 741.4
1070000 660.7
1075000 538.2
1080000 710.8
1085000 474.2
1090000 794.8
1095000 531.0
1100000 700.7
1105000 638.7
1110000 577.7
1115000 513.1
1120000 680.3
1125000 572.3
1130000 667.0
1135000 678.6
1140000 732.5
1145000 601.4
1150000 583.0
1155000 592.4
1160000 705.8
1165000 707.0
1170000 674.1
1175000 740.0
1180000 653.3
1185000 784.4
1190000 664.2
1195000 670.8
1200000 722.9
1205000 514.1
1210000 474.6
1215000 655.1
1220000 777.8
1225000 595.1
1230000 576.1
1235000 811.7
1240000 783.7
1245000 288.4
1250000 626.2
1255000 448.4
1260000 507.0
1265000 580.6
1270000 566.1
1275000 499.7
1280000 585.3
1285000 495.8
1290000 672.7
1295000 708.8
1300000 812.3
1305000 492.2
1310000 509.1
1315000 656.2
1320000 571.4
1325000 626.9
1330000 506.7
1335000 503.4
1340000 615.3
1345000 674.0
1350000 540.0
1355000 561.2
1360000 601.7
1365000 517.3
1370000 622.1
1375000 696.3
1380000 631.9
1385000 756.5
1390000 636.3
1395000 733.1
1400000 679.5
1405000 726.1
1410000 632.9
1415000 683.4
1420000 760.1
1425000 739.2
1430000 659.1
1435000 563.7
1440000 712.6
1445000 278.4
1450000 565.3
1455000 699.4
1460000 670.0
1465000 599.9
1470000 673.6
1475000 663.7
1480000 712.3
1485000 742.2
1490000 512.0
1495000 732.9
1500000 571.3
1505000 532.0
1510000 705.7
1515000 419.9
1520000 478.5
1525000 434.5
1530000 420.8
1535000 639.5
1540000 775.8
1545000 718.5
1550000 658.2
1555000 686.0
1560000 692.1
1565000 709.8
1570000 659.4
1575000 711.3
1580000 599.1
1585000 606.8
1590000 723.9
1595000 808.3
1600000 452.8
1605000 412.8
1610000 668.7
1615000 499.2
1620000 422.3
1625000 580.5
1630000 340.9
1635000 591.4
1640000 498.2
1645000 481.4
1650000 598.3
1655000 580.5
1660000 642.5
1665000 722.8
1670000 689.3
1675000 650.6
1680000 572.6
1685000 601.5
1690000 693.3
1695000 587.5
1700000 601.5
1705000 720.4
1710000 523.9
1715000 562.9
1720000 400.9
1725000 796.3
1730000 584.0
1735000 719.3
1740000 622.2
1745000 614.9
1750000 572.9
1755000 795.4
1760000 581.1
1765000 596.7
1770000 664.6
1775000 661.5
1780000 540.4
1785000 678.0
1790000 567.3
1795000 622.5
1800000 633.4
1805000 455.1
1810000 576.3
1815000 645.9
1820000 616.7
1825000 615.0
1830000 607.0
1835000 595.6
1840000 638.9
1845000 596.2
1850000 638.1
1855000 557.9
1860000 767.5
1865000 474.2
1870000 655.6
1875000 646.9
1880000 604.6
1885000 701.9
1890000 355.5
1895000 608.2
1900000 572.7
1905000 514.8
1910000 749.3
1915000 629.5
1920000 715.9
1925000 495.5
1930000 657.6
1935000 677.4
1940000 639.4
1945000 647.4
1950000 715.6
1955000 624.1
1960000 614.4
1965000 646.8
1970000 515.5
1975000 626.9
1980000 480.6
1985000 726.9
1990000 647.7
1995000 456.6
2000000 606.6
