5000 3.6
10000 4.4
15000 4.9
20000 5.9
25000 5.0
30000 4.6
35000 7.3
40000 4.1
45000 6.1
50000 5.4
55000 3.1
60000 6.1
65000 6.0
70000 6.0
75000 6.1
80000 5.8
85000 6.4
90000 6.4
95000 7.1
100000 6.7
105000 5.4
110000 16.2
115000 15.1
120000 35.0
125000 18.9
130000 6.4
135000 6.0
140000 62.0
145000 111.7
150000 77.7
155000 85.4
160000 91.3
165000 133.3
170000 43.3
175000 127.7
180000 175.4
185000 194.0
190000 184.6
195000 7.3
200000 102.3
205000 76.9
210000 182.2
215000 155.2
220000 237.4
225000 12.1
230000 262.1
235000 216.0
240000 4.9
245000 286.5
250000 28.8
255000 240.9
260000 270.0
265000 6.7
270000 322.9
275000 313.6
280000 6.5
285000 373.3
290000 331.3
295000 376.5
300000 86.2
305000 248.0
310000 369.9
315000 341.3
320000 416.8
325000 4.7
330000 149.0
335000 293.1
340000 382.8
345000 377.4
350000 375.8
355000 399.3
360000 375.1
365000 427.9
370000 485.2
375000 484.9
380000 471.5
385000 497.7
390000 455.0
395000 475.2
400000 448.5
405000 515.9
410000 511.2
415000 509.9
420000 536.4
425000 539.7
430000 576.4
435000 541.1
440000 596.0
445000 572.4
450000 609.7
455000 629.9
460000 624.2
465000 573.2
470000 585.6
475000 598.2
480000 661.8
485000 701.8
490000 742.5
495000 721.2
500000 806.6
505000 742.3
510000 792.5
515000 724.6
520000 806.8
525000 813.9
530000 800.5
535000 791.4
540000 751.1
545000 793.9
550000 816.0
555000 842.6
560000 828.2
565000 840.6
570000 818.2
575000 801.1
580000 218.6
585000 3.9
590000 835.3
595000 846.1
600000 864.1
605000 6.5
610000 825.9
615000 825.2
620000 800.1
625000 803.7
630000 780.8
635000 837.7
640000 783.7
645000 8.5
650000 102.9
655000 287.7
660000 695.3
665000 760.7
670000 693.2
675000 755.1
680000 729.5
685000 823.9
690000 815.6
695000 776.8
700000 785.2
705000 822.4
710000 792.0
715000 821.3
720000 825.1
725000 845.1
730000 832.9
735000 823.8
740000 811.9
745000 821.5
750000 852.6
755000 819.2
760000 845.2
765000 844.3
770000 837.8
775000 814.8
780000 855.5
785000 862.3
790000 862.2
795000 863.0
800000 847.8
805000 836.8
810000 849.1
815000 829.6
820000 855.0
825000 868.3
830000 861.1
835000 876.3
840000 861.4
845000 865.6
850000 854.5
855000 862.6
860000 870.8
865000 871.9
870000 875.5
875000 861.7
880000 883.8
885000 873.2
890000 872.2
895000 871.3
900000 870.2
905000 872.5
910000 887.7
915000 878.7
920000 862.6
925000 870.4
930000 857.1
935000 883.0
940000 877.8
945000 6.4
950000 834.7
955000 862.4
960000 891.9
965000 6.5
970000 132.6
975000 358.5
980000 575.3
985000 738.2
990000 672.3
995000 802.1
1000000 773.1
1005000 829.0
1010000 794.1
1015000 754.8
1020000 853.8
1025000 800.2
1030000 808.0
1035000 827.5
1040000 823.7
1045000 846.8
1050000 816.1
1055000 850.2
1060000 856.7
1065000 867.7
1070000 872.5
1075000 868.9
1080000 870.2
1085000 857.5
1090000 862.5
1095000 887.2
1100000 758.9
1105000 869.5
1110000 851.3
1115000 842.9
1120000 863.0
1125000 853.2
1130000 876.3
1135000 876.2
1140000 854.9
1145000 867.5
1150000 877.0
1155000 866.9
1160000 869.4
1165000 832.2
1170000 862.3
1175000 866.6
1180000 840.3
1185000 866.1
1190000 866.2
1195000 885.2
1200000 6.6
1205000 6.1
1210000 757.6
1215000 857.1
1220000 704.1
1225000 880.3
1230000 891.0
1235000 856.0
1240000 877.0
1245000 878.7
1250000 531.2
1255000 853.5
1260000 867.4
1265000 871.5
1270000 839.2
1275000 769.8
1280000 771.4
1285000 4.2
1290000 59.6
1295000 208.2
1300000 227.9
1305000 488.3
1310000 680.4
1315000 667.2
1320000 735.2
1325000 749.1
1330000 837.8
1335000 828.7
1340000 808.8
1345000 714.7
1350000 349.4
1355000 849.9
1360000 782.1
1365000 833.0
1370000 833.9
1375000 804.9
1380000 775.6
1385000 792.6
1390000 857.1
1395000 844.9
1400000 875.5
1405000 852.4
1410000 845.3
1415000 873.2
1420000 842.3
1425000 677.3
1430000 4.7
1435000 254.2
1440000 824.7
1445000 864.2
1450000 888.4
1455000 870.1
1460000 855.4
1465000 863.3
1470000 581.3
1475000 5.9
1480000 856.6
1485000 883.1
1490000 874.7
1495000 757.1
1500000 843.9
1505000 885.8
1510000 881.3
1515000 881.5
1520000 897.9
1525000 863.4
1530000 861.8
1535000 866.5
1540000 872.3
1545000 710.8
1550000 860.5
1555000 870.4
1560000 788.1
1565000 767.7
1570000 881.2
1575000 4.0
1580000 6.2
1585000 848.9
1590000 876.5
1595000 806.0
1600000 877.5
1605000 7.0
1610000 42.5
1615000 169.0
1620000 248.8
1625000 305.9
1630000 384.0
1635000 417.2
1640000 516.2
1645000 640.8
1650000 629.8
1655000 688.1
1660000 735.8
1665000 677.2
1670000 610.8
1675000 810.2
1680000 754.6
1685000 727.4
1690000 837.5
1695000 824.3
1700000 817.9
1705000 853.1
1710000 837.5
1715000 862.5
1720000 846.6
1725000 819.3
1730000 855.8
1735000 850.6
1740000 870.4
1745000 817.2
1750000 880.4
1755000 870.0
1760000 862.6
1765000 848.5
1770000 788.1
1775000 843.1
1780000 6.4
1785000 860.7
1790000 868.2
1795000 881.2
1800000 875.0
1805000 856.9
1810000 845.9
1815000 863.5
1820000 822.4
1825000 843.1
1830000 831.5
1835000 883.7
1840000 861.2
1845000 878.4
1850000 89.7
1855000 5.7
1860000 893.1
1865000 899.1
1870000 858.6
1875000 697.4
1880000 767.1
1885000 784.8
1890000 889.9
1895000 874.8
1900000 881.5
1905000 785.5
1910000 874.0
1915000 856.4
1920000 835.5
1925000 873.3
1930000 854.2
1935000 861.0
1940000 836.6
1945000 785.5
1950000 866.8
1955000 899.0
1960000 887.5
1965000 880.0
1970000 821.6
1975000 621.9
1980000 765.2
1985000 875.6
1990000 878.4
1995000 609.7
2000000 142.8
