5000 3.4
10000 4.9
15000 3.8
20000 5.3
25000 4.7
30000 2.9
35000 6.6
40000 4.4
45000 6.0
50000 6.3
55000 5.3
60000 6.1
65000 7.2
70000 8.0
75000 8.2
80000 7.1
85000 5.4
90000 6.2
95000 17.1
100000 13.5
105000 88.1
110000 73.6
115000 9.0
120000 11.3
125000 69.5
130000 101.8
135000 46.2
140000 124.7
145000 15.5
150000 74.0
155000 124.6
160000 100.9
165000 28.3
170000 32.0
175000 56.7
180000 185.2
185000 139.3
190000 38.7
195000 179.9
200000 7.5
205000 5.2
210000 165.4
215000 235.7
220000 220.0
225000 269.1
230000 216.9
235000 127.2
240000 241.1
245000 243.9
250000 279.5
255000 136.2
260000 261.7
265000 244.6
270000 278.3
275000 301.6
280000 292.0
285000 267.9
290000 65.0
295000 278.5
300000 136.3
305000 278.5
310000 302.9
315000 344.1
320000 330.0
325000 5.0
330000 197.2
335000 242.7
340000 341.4
345000 369.6
350000 339.9
355000 381.0
360000 385.1
365000 295.0
370000 344.0
375000 129.7
380000 433.3
385000 479.6
390000 469.0
395000 471.2
400000 456.7
405000 452.4
410000 394.8
415000 4.8
420000 489.5
425000 408.8
430000 462.2
435000 481.5
440000 477.1
445000 474.1
450000 509.3
455000 508.6
460000 500.0
465000 510.9
470000 526.3
475000 524.5
480000 530.5
485000 522.5
490000 533.3
495000 563.3
500000 550.9
505000 540.2
510000 558.4
515000 558.6
520000 554.4
525000 458.9
530000 565.7
535000 575.6
540000 568.9
545000 561.0
550000 513.4
555000 590.8
560000 569.5
565000 589.8
570000 580.6
575000 551.7
580000 574.4
585000 582.9
590000 589.7
595000 616.3
600000 630.5
605000 643.9
610000 638.3
615000 634.0
620000 631.4
625000 692.2
630000 636.5
635000 640.4
640000 682.4
645000 18.6
650000 281.3
655000 413.8
660000 544.3
665000 543.8
670000 586.9
675000 689.4
680000 611.0
685000 716.9
690000 673.1
695000 720.8
700000 703.4
705000 692.1
710000 716.6
715000 738.4
720000 673.7
725000 782.2
730000 734.6
735000 849.8
740000 806.5
745000 805.3
750000 828.7
755000 829.4
760000 831.2
765000 831.7
770000 865.1
775000 859.9
780000 847.1
785000 815.7
790000 823.0
795000 813.6
800000 852.3
805000 829.2
810000 867.5
815000 862.0
820000 838.4
825000 818.0
830000 831.9
835000 871.4
840000 837.2
845000 830.3
850000 854.7
855000 867.0
860000 861.1
865000 787.8
870000 875.1
875000 857.8
880000 842.3
885000 791.0
890000 855.0
895000 875.2
900000 873.1
905000 800.2
910000 866.5
915000 879.4
920000 819.5
925000 872.8
930000 870.4
935000 898.8
940000 884.4
945000 882.4
950000 836.1
955000 893.1
960000 884.8
965000 5.0
970000 278.1
975000 436.8
980000 617.8
985000 673.6
990000 699.2
995000 799.6
1000000 771.5
1005000 763.1
1010000 758.4
1015000 647.3
1020000 822.6
1025000 778.7
1030000 839.3
1035000 850.6
1040000 885.5
1045000 855.4
1050000 832.2
1055000 840.0
1060000 868.7
1065000 890.5
1070000 882.6
1075000 866.6
1080000 861.8
1085000 848.9
1090000 869.5
1095000 882.5
1100000 782.5
1105000 873.9
1110000 877.0
1115000 885.0
1120000 881.2
1125000 878.5
1130000 877.9
1135000 855.6
1140000 890.8
1145000 891.2
1150000 863.9
1155000 880.6
1160000 879.7
1165000 891.6
1170000 871.0
1175000 862.8
1180000 799.0
1185000 871.5
1190000 880.8
1195000 840.1
1200000 880.1
1205000 881.5
1210000 867.7
1215000 874.3
1220000 877.2
1225000 875.9
1230000 861.6
1235000 894.9
1240000 893.0
1245000 868.1
1250000 895.2
1255000 894.0
1260000 870.6
1265000 869.2
1270000 807.7
1275000 184.5
1280000 6.1
1285000 11.8
1290000 216.8
1295000 110.2
1300000 501.3
1305000 586.3
1310000 647.6
1315000 769.8
1320000 632.2
1325000 781.7
1330000 673.1
1335000 803.8
1340000 696.9
1345000 858.8
1350000 758.3
1355000 813.3
1360000 639.4
1365000 843.2
1370000 828.6
1375000 837.4
1380000 845.1
1385000 834.7
1390000 366.0
1395000 878.2
1400000 15.3
1405000 27.9
1410000 4.3
1415000 525.5
1420000 729.3
1425000 755.4
1430000 834.5
1435000 859.0
1440000 845.2
1445000 731.3
1450000 701.4
1455000 855.9
1460000 683.3
1465000 264.5
1470000 875.8
1475000 858.7
1480000 860.8
1485000 835.0
1490000 870.6
1495000 515.1
1500000 864.8
1505000 878.1
1510000 869.8
1515000 837.0
1520000 868.1
1525000 885.7
1530000 722.7
1535000 886.5
1540000 4.4
1545000 895.1
1550000 889.8
1555000 891.0
1560000 883.7
1565000 751.4
1570000 902.9
1575000 882.0
1580000 891.1
1585000 839.4
1590000 743.0
1595000 5.5
1600000 855.9
1605000 6.3
1610000 259.2
1615000 239.9
1620000 368.9
1625000 386.6
1630000 418.9
1635000 567.6
1640000 620.0
1645000 745.0
1650000 758.2
1655000 769.3
1660000 776.4
1665000 846.4
1670000 835.1
1675000 857.9
1680000 813.3
1685000 850.5
1690000 812.7
1695000 856.4
1700000 792.1
1705000 836.0
1710000 876.0
1715000 871.2
1720000 864.7
1725000 866.6
1730000 888.3
1735000 862.4
1740000 883.2
1745000 892.5
1750000 856.9
1755000 858.2
1760000 103.8
1765000 905.3
1770000 716.5
1775000 811.2
1780000 213.8
1785000 789.5
1790000 899.6
1795000 817.3
1800000 876.3
1805000 875.6
1810000 330.1
1815000 893.9
1820000 886.5
1825000 805.2
1830000 877.8
1835000 872.6
1840000 866.7
1845000 903.7
1850000 802.0
1855000 879.7
1860000 867.1
1865000 891.5
1870000 885.7
1875000 887.1
1880000 889.0
1885000 700.0
1890000 902.7
1895000 714.5
1900000 892.3
1905000 860.3
1910000 859.5
1915000 93.4
1920000 879.6
1925000 815.5
1930000 842.1
1935000 893.3
1940000 883.9
1945000 879.4
1950000 786.3
1955000 892.2
1960000 873.2
1965000 888.9
1970000 907.4
1975000 907.3
1980000 274.3
1985000 822.5
1990000 885.0
1995000 882.9
2000000 6.8
