5000 4.0
10000 4.4
15000 4.4
20000 5.7
25000 4.6
30000 3.8
35000 4.8
40000 4.4
45000 5.0
50000 6.0
55000 4.7
60000 3.2
65000 7.4
70000 7.6
75000 5.9
80000 5.3
85000 7.2
90000 7.6
95000 12.2
100000 5.5
105000 5.4
110000 13.0
115000 20.3
120000 114.1
125000 78.0
130000 73.6
135000 104.5
140000 46.6
145000 189.6
150000 154.0
155000 94.6
160000 200.7
165000 84.3
170000 215.7
175000 204.2
180000 218.4
185000 3.6
190000 283.8
195000 165.0
200000 4.8
205000 228.4
210000 293.9
215000 166.5
220000 16.4
225000 309.4
230000 298.8
235000 274.1
240000 10.6
245000 283.2
250000 286.2
255000 56.3
260000 335.4
265000 367.8
270000 55.3
275000 363.9
280000 358.0
285000 78.8
290000 410.5
295000 404.1
300000 252.6
305000 388.6
310000 419.6
315000 418.8
320000 387.4
325000 4.8
330000 62.1
335000 280.8
340000 396.1
345000 439.4
350000 465.8
355000 505.0
360000 499.5
365000 505.1
370000 495.8
375000 560.1
380000 711.6
385000 753.1
390000 625.5
395000 609.0
400000 745.5
405000 568.7
410000 706.7
415000 714.8
420000 705.0
425000 734.1
430000 821.3
435000 739.9
440000 806.5
445000 836.5
450000 784.1
455000 783.2
460000 793.6
465000 829.0
470000 760.8
475000 851.4
480000 818.4
485000 835.2
490000 809.3
495000 815.4
500000 825.2
505000 852.6
510000 822.6
515000 860.5
520000 782.5
525000 838.9
530000 853.1
535000 828.9
540000 754.3
545000 801.9
550000 861.3
555000 838.5
560000 835.9
565000 781.2
570000 852.8
575000 94.0
580000 620.0
585000 878.5
590000 858.4
595000 873.6
600000 856.3
605000 490.2
610000 814.4
615000 852.4
620000 895.1
625000 889.2
630000 894.1
635000 891.0
640000 868.4
645000 6.0
650000 276.7
655000 455.0
660000 521.6
665000 788.6
670000 749.0
675000 739.8
680000 826.7
685000 829.9
690000 881.8
695000 863.8
700000 896.4
705000 870.3
710000 872.1
715000 736.8
720000 855.8
725000 872.6
730000 856.2
735000 878.2
740000 876.6
745000 888.8
750000 869.8
755000 881.9
760000 871.1
765000 844.4
770000 879.4
775000 878.8
780000 904.3
785000 875.1
790000 911.3
795000 889.1
800000 757.6
805000 613.4
810000 880.4
815000 900.5
820000 888.6
825000 908.3
830000 896.2
835000 812.1
840000 894.5
845000 906.1
850000 899.9
855000 801.3
860000 900.3
865000 898.9
870000 895.1
875000 885.1
880000 880.8
885000 898.5
890000 680.4
895000 903.4
900000 873.2
905000 898.1
910000 905.7
915000 898.7
920000 902.8
925000 904.5
930000 902.1
935000 896.8
940000 906.9
945000 897.7
950000 904.1
955000 886.6
960000 899.5
965000 21.4
970000 206.0
975000 387.6
980000 828.0
985000 844.1
990000 730.5
995000 650.0
1000000 751.9
1005000 704.9
1010000 687.8
1015000 803.6
1020000 867.4
1025000 749.1
1030000 906.4
1035000 605.2
1040000 892.5
1045000 887.6
1050000 751.6
1055000 902.5
1060000 848.4
1065000 892.7
1070000 857.6
1075000 908.3
1080000 885.6
1085000 915.6
1090000 906.3
1095000 850.5
1100000 760.0
1105000 5.4
1110000 886.9
1115000 887.8
1120000 901.8
1125000 819.4
1130000 901.9
1135000 893.6
1140000 902.1
1145000 867.7
1150000 623.6
1155000 287.4
1160000 904.4
1165000 896.6
1170000 901.0
1175000 898.9
1180000 893.3
1185000 887.9
1190000 6.7
1195000 4.9
1200000 543.6
1205000 836.7
1210000 888.9
1215000 890.3
1220000 7.2
1225000 770.7
1230000 904.9
1235000 851.5
1240000 865.4
1245000 883.6
1250000 5.4
1255000 571.9
1260000 898.9
1265000 900.7
1270000 896.4
1275000 886.4
1280000 5.0
1285000 5.0
1290000 223.7
1295000 59.5
1300000 441.5
1305000 506.6
1310000 630.0
1315000 648.2
1320000 638.3
1325000 724.7
1330000 549.2
1335000 725.8
1340000 82.5
1345000 800.7
1350000 705.0
1355000 850.5
1360000 754.4
1365000 861.8
1370000 731.5
1375000 815.6
1380000 824.9
1385000 866.4
1390000 900.0
1395000 786.2
1400000 774.9
1405000 795.9
1410000 895.7
1415000 815.8
1420000 893.6
1425000 431.6
1430000 895.6
1435000 902.6
1440000 903.1
1445000 888.4
1450000 880.3
1455000 890.0
1460000 904.0
1465000 899.9
1470000 897.5
1475000 901.8
1480000 4.4
1485000 891.4
1490000 864.8
1495000 891.5
1500000 674.3
1505000 180.3
1510000 755.2
1515000 905.4
1520000 886.9
1525000 887.8
1530000 623.4
1535000 863.3
1540000 628.1
1545000 710.3
1550000 800.6
1555000 813.0
1560000 884.5
1565000 8.2
1570000 897.5
1575000 880.6
1580000 840.3
1585000 897.4
1590000 506.9
1595000 897.1
1600000 462.0
1605000 32.1
1610000 133.6
1615000 349.0
1620000 358.9
1625000 498.4
1630000 503.3
1635000 671.0
1640000 638.0
1645000 651.4
1650000 668.3
1655000 735.6
1660000 827.7
1665000 767.5
1670000 801.4
1675000 777.1
1680000 852.3
1685000 856.2
1690000 873.1
1695000 885.0
1700000 873.1
1705000 784.4
1710000 876.8
1715000 784.2
1720000 7.8
1725000 363.3
1730000 854.0
1735000 871.9
1740000 864.5
1745000 861.7
1750000 32.3
1755000 760.4
1760000 862.3
1765000 831.7
1770000 889.7
1775000 856.5
1780000 856.8
1785000 881.0
1790000 797.4
1795000 866.9
1800000 888.6
1805000 893.8
1810000 898.8
1815000 890.3
1820000 860.9
1825000 887.4
1830000 904.2
1835000 865.5
1840000 880.0
1845000 896.2
1850000 790.7
1855000 776.6
1860000 448.6
1865000 898.9
1870000 896.1
1875000 892.1
1880000 891.4
1885000 872.0
1890000 277.5
1895000 864.7
1900000 894.7
1905000 889.0
1910000 899.0
1915000 902.2
1920000 905.3
1925000 874.6
1930000 896.7
1935000 897.8
1940000 909.2
1945000 663.9
1950000 906.9
1955000 900.1
1960000 407.2
1965000 776.7
1970000 876.9
1975000 890.2
1980000 844.7
1985000 7.0
1990000 897.0
1995000 891.0
2000000 903.3
