5000 4.9
10000 3.6
15000 4.1
20000 4.7
25000 3.4
30000 5.3
35000 5.5
40000 6.3
45000 5.2
50000 5.9
55000 6.8
60000 6.8
65000 6.4
70000 5.7
75000 6.1
80000 4.7
85000 5.2
90000 6.3
95000 7.7
100000 6.1
105000 5.7
110000 7.8
115000 5.7
120000 16.6
125000 29.5
130000 23.5
135000 62.6
140000 7.8
145000 53.2
150000 137.4
155000 162.7
160000 14.9
165000 64.6
170000 5.7
175000 111.9
180000 47.0
185000 5.0
190000 262.1
195000 41.3
200000 258.0
205000 31.8
210000 40.2
215000 206.8
220000 220.9
225000 248.8
230000 224.6
235000 262.0
240000 73.3
245000 4.9
250000 282.4
255000 236.1
260000 113.7
265000 243.1
270000 301.4
275000 289.3
280000 187.3
285000 279.9
290000 132.8
295000 174.4
300000 138.3
305000 192.7
310000 242.5
315000 97.6
320000 136.6
325000 8.8
330000 165.9
335000 378.0
340000 382.4
345000 355.5
350000 389.1
355000 428.0
360000 433.2
365000 425.1
370000 401.0
375000 398.6
380000 448.1
385000 423.9
390000 449.6
395000 455.2
400000 364.8
405000 465.8
410000 451.0
415000 479.1
420000 448.5
425000 462.3
430000 478.8
435000 503.3
440000 491.9
445000 476.0
450000 473.3
455000 477.5
460000 528.9
465000 483.9
470000 573.5
475000 533.9
480000 464.7
485000 553.1
490000 242.9
495000 574.9
500000 588.2
505000 640.1
510000 641.0
515000 583.0
520000 626.7
525000 562.5
530000 700.3
535000 650.1
540000 738.4
545000 674.7
550000 677.0
555000 725.8
560000 591.3
565000 623.3
570000 723.3
575000 721.1
580000 715.4
585000 732.1
590000 701.1
595000 812.5
600000 756.0
605000 802.7
610000 809.8
615000 765.0
620000 805.1
625000 826.6
630000 831.4
635000 803.5
640000 854.5
645000 15.5
650000 329.4
655000 403.4
660000 582.0
665000 612.5
670000 676.5
675000 712.0
680000 778.4
685000 763.5
690000 787.8
695000 796.5
700000 799.0
705000 781.9
710000 831.8
715000 787.2
720000 869.8
725000 728.3
730000 812.2
735000 801.5
740000 852.4
745000 855.7
750000 853.0
755000 828.1
760000 841.5
765000 871.7
770000 848.2
775000 884.4
780000 849.0
785000 869.1
790000 849.7
795000 709.1
800000 815.1
805000 881.1
810000 853.6
815000 850.6
820000 860.0
825000 863.2
830000 870.8
835000 872.8
840000 850.7
845000 864.6
850000 867.6
855000 887.7
860000 872.5
865000 854.0
870000 799.7
875000 873.6
880000 895.5
885000 843.2
890000 778.0
895000 887.2
900000 880.6
905000 877.8
910000 898.0
915000 886.7
920000 898.9
925000 874.9
930000 860.6
935000 840.4
940000 872.0
945000 860.0
950000 898.4
955000 886.3
960000 806.5
965000 5.2
970000 283.0
975000 442.9
980000 579.9
985000 627.8
990000 793.9
995000 783.1
1000000 861.9
1005000 793.0
1010000 855.1
1015000 842.4
1020000 764.8
1025000 879.1
1030000 805.3
1035000 863.6
1040000 874.9
1045000 862.6
1050000 852.6
1055000 896.8
1060000 876.5
1065000 833.9
1070000 886.4
1075000 863.3
1080000 889.2
1085000 892.4
1090000 884.8
1095000 894.5
1100000 891.1
1105000 905.8
1110000 900.5
1115000 878.4
1120000 839.1
1125000 840.2
1130000 897.8
1135000 895.0
1140000 897.5
1145000 891.9
1150000 894.5
1155000 897.7
1160000 887.3
1165000 879.0
1170000 893.4
1175000 898.8
1180000 906.8
1185000 895.7
1190000 895.9
1195000 882.2
1200000 905.8
1205000 891.2
1210000 889.0
1215000 876.4
1220000 898.7
1225000 7.1
1230000 7.8
1235000 740.3
1240000 883.7
1245000 869.6
1250000 874.1
1255000 866.9
1260000 836.7
1265000 885.6
1270000 877.4
1275000 17.8
1280000 534.1
1285000 8.9
1290000 47.3
1295000 348.2
1300000 607.2
1305000 6.4
1310000 680.5
1315000 763.8
1320000 760.8
1325000 629.9
1330000 889.1
1335000 741.0
1340000 692.2
1345000 890.4
1350000 843.7
1355000 25.3
1360000 890.8
1365000 6.4
1370000 803.4
1375000 878.8
1380000 790.9
1385000 812.4
1390000 816.7
1395000 777.6
1400000 867.0
1405000 880.0
1410000 881.1
1415000 864.4
1420000 806.9
1425000 861.5
1430000 893.4
1435000 790.1
1440000 122.5
1445000 899.6
1450000 713.1
1455000 151.5
1460000 867.5
1465000 897.2
1470000 899.4
1475000 880.4
1480000 890.9
1485000 894.2
1490000 895.5
1495000 96.1
1500000 831.3
1505000 901.8
1510000 893.5
1515000 879.9
1520000 900.0
1525000 897.8
1530000 884.6
1535000 878.8
1540000 891.3
1545000 882.2
1550000 856.9
1555000 913.5
1560000 905.1
1565000 914.1
1570000 906.2
1575000 37.1
1580000 847.7
1585000 917.0
1590000 912.4
1595000 901.2
1600000 880.1
1605000 49.5
1610000 50.0
1615000 325.8
1620000 358.0
1625000 401.3
1630000 456.0
1635000 519.3
1640000 637.0
1645000 715.5
1650000 760.3
1655000 698.6
1660000 815.9
1665000 783.4
1670000 879.2
1675000 856.6
1680000 720.4
1685000 875.0
1690000 772.0
1695000 880.3
1700000 635.6
1705000 898.8
1710000 894.0
1715000 779.2
1720000 805.7
1725000 835.0
1730000 714.6
1735000 802.9
1740000 5.7
1745000 683.7
1750000 897.2
1755000 889.1
1760000 890.9
1765000 888.5
1770000 857.1
1775000 617.4
1780000 6.8
1785000 888.9
1790000 820.4
1795000 809.7
1800000 910.8
1805000 547.6
1810000 890.9
1815000 872.1
1820000 887.9
1825000 909.4
1830000 881.9
1835000 873.8
1840000 881.0
1845000 870.6
1850000 771.6
1855000 869.7
1860000 880.2
1865000 885.2
1870000 875.9
1875000 6.2
1880000 900.5
1885000 874.8
1890000 707.1
1895000 898.9
1900000 876.0
1905000 802.6
1910000 899.0
1915000 893.7
1920000 905.6
1925000 897.5
1930000 898.5
1935000 878.6
1940000 911.6
1945000 883.0
1950000 900.3
1955000 908.1
1960000 881.8
1965000 902.8
1970000 888.3
1975000 804.9
1980000 432.8
1985000 887.0
1990000 880.7
1995000 889.2
2000000 910.8
