5000 4.2
10000 5.2
15000 4.6
20000 4.5
25000 5.8
30000 3.2
35000 3.9
40000 3.2
45000 6.7
50000 3.9
55000 4.0
60000 4.7
65000 5.6
70000 4.5
75000 5.8
80000 7.2
85000 4.9
90000 6.2
95000 37.2
100000 20.0
105000 10.1
110000 73.3
115000 73.8
120000 86.5
125000 110.9
130000 105.9
135000 85.0
140000 100.5
145000 101.6
150000 65.7
155000 144.5
160000 146.8
165000 143.8
170000 172.1
175000 205.7
180000 63.2
185000 56.5
190000 4.6
195000 109.3
200000 36.7
205000 238.2
210000 215.5
215000 242.2
220000 147.7
225000 13.9
230000 179.5
235000 217.5
240000 258.9
245000 261.5
250000 265.2
255000 175.0
260000 234.3
265000 34.5
270000 281.8
275000 269.1
280000 271.6
285000 7.7
290000 288.7
295000 327.9
300000 224.2
305000 268.2
310000 305.4
315000 223.8
320000 240.4
325000 7.7
330000 132.4
335000 291.5
340000 306.1
345000 338.4
350000 356.2
355000 323.7
360000 339.6
365000 373.2
370000 378.9
375000 452.4
380000 400.2
385000 475.1
390000 420.3
395000 417.5
400000 392.4
405000 399.7
410000 435.4
415000 455.4
420000 474.0
425000 434.8
430000 462.6
435000 442.7
440000 479.8
445000 485.2
450000 497.3
455000 346.2
460000 484.9
465000 514.5
470000 498.0
475000 546.6
480000 502.5
485000 517.6
490000 505.5
495000 454.1
500000 514.0
505000 528.9
510000 526.1
515000 529.8
520000 521.8
525000 512.5
530000 567.5
535000 508.2
540000 545.3
545000 540.9
550000 556.1
555000 575.1
560000 567.8
565000 571.7
570000 552.1
575000 545.8
580000 571.6
585000 588.7
590000 567.2
595000 579.8
600000 583.6
605000 565.4
610000 568.1
615000 602.1
620000 578.5
625000 598.3
630000 590.7
635000 607.6
640000 624.3
645000 6.6
650000 101.1
655000 391.7
660000 431.9
665000 473.5
670000 502.0
675000 500.0
680000 564.3
685000 595.8
690000 592.2
695000 594.3
700000 605.6
705000 588.6
710000 605.7
715000 589.4
720000 607.9
725000 638.3
730000 626.8
735000 632.7
740000 616.0
745000 650.2
750000 629.8
755000 657.3
760000 655.4
765000 660.1
770000 658.0
775000 667.1
780000 659.5
785000 693.3
790000 682.8
795000 705.1
800000 674.4
805000 690.5
810000 722.5
815000 697.8
820000 683.4
825000 707.5
830000 720.8
835000 717.1
840000 728.8
845000 731.6
850000 773.1
855000 783.0
860000 723.2
865000 730.0
870000 788.2
875000 740.7
880000 762.2
885000 792.3
890000 766.1
895000 792.4
900000 783.9
905000 827.7
910000 796.7
915000 822.5
920000 765.8
925000 793.2
930000 835.8
935000 832.5
940000 836.7
945000 669.4
950000 826.5
955000 825.1
960000 830.8
965000 7.9
970000 175.5
975000 358.3
980000 407.6
985000 479.8
990000 642.2
995000 651.2
1000000 726.3
1005000 804.7
1010000 805.2
1015000 839.6
1020000 792.1
1025000 818.3
1030000 848.9
1035000 794.3
1040000 807.4
1045000 819.3
1050000 769.6
1055000 832.7
1060000 790.3
1065000 836.3
1070000 843.4
1075000 841.6
1080000 832.0
1085000 852.4
1090000 867.0
1095000 851.1
1100000 855.3
1105000 862.9
1110000 861.4
1115000 840.7
1120000 877.4
1125000 867.9
1130000 829.6
1135000 861.9
1140000 851.3
1145000 836.3
1150000 870.4
1155000 860.1
1160000 647.1
1165000 857.2
1170000 830.8
1175000 862.0
1180000 863.1
1185000 839.4
1190000 867.7
1195000 877.0
1200000 875.4
1205000 868.5
1210000 838.5
1215000 864.2
1220000 873.7
1225000 884.5
1230000 862.3
1235000 845.8
1240000 889.9
1245000 883.8
1250000 870.6
1255000 842.6
1260000 890.1
1265000 866.6
1270000 873.5
1275000 867.2
1280000 883.2
1285000 6.3
1290000 27.6
1295000 230.1
1300000 324.5
1305000 531.9
1310000 709.5
1315000 771.3
1320000 769.9
1325000 804.8
1330000 761.6
1335000 797.2
1340000 859.7
1345000 884.4
1350000 852.9
1355000 858.2
1360000 831.8
1365000 812.7
1370000 831.9
1375000 826.4
1380000 840.9
1385000 832.2
1390000 857.8
1395000 873.8
1400000 884.2
1405000 865.4
1410000 854.8
1415000 833.9
1420000 782.4
1425000 880.5
1430000 882.0
1435000 873.8
1440000 843.2
1445000 864.0
1450000 830.4
1455000 839.0
1460000 3.1
1465000 3.7
1470000 7.3
1475000 4.5
1480000 696.2
1485000 622.2
1490000 693.4
1495000 787.2
1500000 820.5
1505000 825.0
1510000 847.8
1515000 828.9
1520000 799.4
1525000 828.9
1530000 854.5
1535000 867.3
1540000 840.9
1545000 842.3
1550000 873.2
1555000 879.5
1560000 849.6
1565000 880.0
1570000 6.3
1575000 836.2
1580000 865.9
1585000 884.0
1590000 890.3
1595000 886.8
1600000 879.7
1605000 4.2
1610000 62.5
1615000 117.6
1620000 283.5
1625000 354.7
1630000 445.3
1635000 540.5
1640000 668.9
1645000 720.9
1650000 748.8
1655000 765.8
1660000 857.6
1665000 816.4
1670000 794.6
1675000 620.8
1680000 837.1
1685000 293.1
1690000 820.3
1695000 799.8
1700000 810.0
1705000 831.4
1710000 829.2
1715000 868.7
1720000 775.1
1725000 726.0
1730000 807.6
1735000 861.4
1740000 865.6
1745000 836.6
1750000 863.1
1755000 849.6
1760000 873.3
1765000 819.4
1770000 863.4
1775000 5.6
1780000 800.2
1785000 874.5
1790000 879.3
1795000 860.8
1800000 855.8
1805000 867.3
1810000 834.4
1815000 867.8
1820000 863.8
1825000 858.5
1830000 831.1
1835000 43.0
1840000 823.9
1845000 870.3
1850000 849.3
1855000 856.6
1860000 92.1
1865000 841.9
1870000 863.5
1875000 845.5
1880000 537.7
1885000 873.4
1890000 877.0
1895000 796.1
1900000 865.1
1905000 851.1
1910000 5.0
1915000 874.5
1920000 830.7
1925000 862.7
1930000 780.7
1935000 843.6
1940000 863.4
1945000 870.4
1950000 861.0
1955000 856.8
1960000 864.6
1965000 837.2
1970000 869.0
1975000 889.5
1980000 882.8
1985000 869.8
1990000 867.6
1995000 855.3
2000000 883.6
