5000 0.3
10000 0.6
15000 4.5
20000 8.2
25000 19.9
30000 14.4
35000 14.5
40000 9.7
45000 20.7
50000 21.2
55000 27.8
60000 26.9
65000 3.2
70000 43.8
75000 58.0
80000 59.7
85000 71.7
90000 66.2
95000 58.9
100000 81.8
105000 40.6
110000 19.1
115000 24.0
120000 3.6
125000 82.3
130000 63.3
135000 31.3
140000 57.0
145000 96.8
150000 69.0
155000 25.2
160000 166.6
165000 53.7
170000 47.4
175000 39.9
180000 85.4
185000 77.2
190000 112.0
195000 30.3
200000 44.9
205000 114.3
210000 103.9
215000 37.4
220000 146.8
225000 23.6
230000 149.7
235000 69.4
240000 31.4
245000 90.3
250000 33.9
255000 0.0
260000 73.9
265000 78.6
270000 66.5
275000 37.6
280000 46.0
285000 89.1
290000 0.9
295000 205.6
300000 88.7
305000 170.5
310000 59.3
315000 45.0
320000 105.6
325000 100.4
330000 72.3
335000 45.8
340000 76.3
345000 80.2
350000 54.9
355000 83.7
360000 128.0
365000 91.1
370000 69.5
375000 148.3
380000 115.7
385000 31.3
390000 45.6
395000 143.2
400000 147.4
405000 49.9
410000 43.1
415000 114.2
420000 67.8
425000 34.6
430000 97.4
435000 180.2
440000 81.4
445000 96.8
450000 34.2
455000 175.2
460000 31.8
465000 74.3
470000 52.7
475000 94.8
480000 82.7
485000 231.9
490000 42.5
495000 115.4
500000 82.3
505000 59.9
510000 2.9
515000 144.8
520000 0.0
525000 92.0
530000 80.4
535000 77.4
540000 141.4
545000 129.6
550000 61.9
555000 30.0
560000 0.0
565000 126.8
570000 116.0
575000 43.9
580000 110.7
585000 69.7
590000 95.7
595000 128.2
600000 39.6
605000 1.9
610000 36.9
615000 147.8
620000 206.5
625000 101.2
630000 59.5
635000 0.5
640000 38.4
645000 8.7
650000 143.2
655000 62.6
660000 73.9
665000 57.5
670000 170.0
675000 104.5
680000 70.1
685000 0.0
690000 67.0
695000 102.6
700000 43.2
705000 110.6
710000 114.2
715000 141.4
720000 102.2
725000 95.2
730000 0.0
735000 71.4
740000 49.9
745000 3.1
750000 39.5
755000 45.9
760000 41.3
765000 109.7
770000 41.6
775000 50.8
780000 92.0
785000 90.0
790000 88.4
795000 34.8
800000 62.7
805000 101.1
810000 93.3
815000 166.0
820000 114.1
825000 116.7
830000 110.8
835000 0.0
840000 140.4
845000 0.6
850000 40.2
855000 0.1
860000 89.2
865000 136.4
870000 47.6
875000 88.3
880000 3.4
885000 17.2
890000 43.1
895000 120.9
900000 221.9
905000 0.9
910000 32.8
915000 226.8
920000 149.2
925000 0.1
930000 0.3
935000 40.2
940000 90.5
945000 93.6
950000 43.0
955000 134.6
960000 89.3
965000 107.7
970000 51.7
975000 155.6
980000 76.1
985000 44.6
990000 0.1
995000 100.9
1000000 127.0
1005000 80.7
1010000 1.0
1015000 41.9
1020000 96.9
1025000 39.7
1030000 181.9
1035000 69.0
1040000 0.0
1045000 89.7
1050000 177.3
1055000 64.2
1060000 125.9
1065000 37.9
1070000 193.6
1075000 116.3
1080000 108.7
1085000 86.8
1090000 98.1
1095000 89.9
1100000 82.1
1105000 94.4
1110000 3.1
1115000 167.3
1120000 218.9
1125000 43.0
1130000 66.0
1135000 90.7
1140000 56.8
1145000 38.8
1150000 62.5
1155000 35.8
1160000 104.3
1165000 8.5
1170000 77.0
1175000 143.1
1180000 107.0
1185000 6.2
1190000 5.7
1195000 46.6
1200000 38.9
1205000 0.1
1210000 91.0
1215000 51.2
1220000 104.6
1225000 90.4
1230000 31.9
1235000 37.5
1240000 110.4
1245000 27.5
1250000 39.0
1255000 96.3
1260000 86.9
1265000 90.5
1270000 94.6
1275000 0.1
1280000 175.9
1285000 91.4
1290000 50.8
1295000 91.9
1300000 94.2
1305000 66.2
1310000 45.6
1315000 97.5
1320000 86.7
1325000 6.8
1330000 182.7
1335000 97.9
1340000 44.2
1345000 91.3
1350000 48.7
1355000 27.1
1360000 149.1
1365000 57.5
1370000 50.6
1375000 94.0
1380000 0.5
1385000 161.9
1390000 43.0
1395000 45.0
1400000 154.0
1405000 58.4
1410000 27.8
1415000 104.5
1420000 2.3
1425000 40.6
1430000 1.5
1435000 47.4
1440000 98.6
1445000 32.1
1450000 82.7
1455000 45.3
1460000 151.8
1465000 1.3
1470000 108.8
1475000 55.1
1480000 51.8
1485000 5.7
1490000 0.0
1495000 88.2
1500000 51.0
1505000 70.8
1510000 48.0
1515000 129.9
1520000 102.6
1525000 13.9
1530000 58.9
1535000 8.1
1540000 137.0
1545000 37.3
1550000 58.0
1555000 0.0
1560000 3.2
1565000 43.0
1570000 35.0
1575000 0.0
1580000 196.4
1585000 116.7
1590000 39.0
1595000 47.3
1600000 83.3
1605000 0.1
1610000 0.0
1615000 92.1
1620000 0.1
1625000 169.5
1630000 0.1
1635000 97.1
1640000 41.0
1645000 83.8
1650000 0.3
1655000 145.9
1660000 62.1
1665000 39.1
1670000 320.3
1675000 79.5
1680000 30.7
1685000 34.7
1690000 37.0
1695000 44.8
1700000 3.5
1705000 0.2
1710000 133.8
1715000 140.1
1720000 40.2
1725000 1.1
1730000 43.3
1735000 144.0
1740000 43.2
1745000 105.3
1750000 109.0
1755000 142.6
1760000 94.8
1765000 34.2
1770000 81.2
1775000 230.8
1780000 0.2
1785000 189.0
1790000 103.3
1795000 50.3
1800000 140.0
1805000 39.5
1810000 1.6
1815000 0.1
1820000 0.5
1825000 43.5
1830000 35.2
1835000 44.8
1840000 101.3
1845000 54.3
1850000 50.1
1855000 161.5
1860000 0.3
1865000 196.2
1870000 104.4
1875000 156.8
1880000 0.0
1885000 141.3
1890000 93.9
1895000 59.8
1900000 39.5
1905000 113.1
1910000 106.2
1915000 50.9
1920000 50.6
1925000 67.3
1930000 0.9
1935000 44.6
1940000 91.9
1945000 52.9
1950000 46.1
1955000 0.0
1960000 2.1
1965000 99.0
1970000 133.7
1975000 39.2
1980000 85.5
1985000 106.4
1990000 87.3
1995000 51.9
2000000 37.2
