5000 0.8
10000 4.6
15000 30.3
20000 21.8
25000 17.9
30000 19.5
35000 11.0
40000 29.7
45000 31.1
50000 29.9
55000 44.9
60000 48.4
65000 3.9
70000 64.9
75000 14.6
80000 37.2
85000 12.1
90000 48.0
95000 9.5
100000 0.1
105000 17.0
110000 58.4
115000 85.5
120000 69.1
125000 0.7
130000 75.3
135000 49.1
140000 22.7
145000 93.2
150000 46.0
155000 174.2
160000 100.8
165000 132.7
170000 57.8
175000 85.3
180000 102.3
185000 73.1
190000 45.1
195000 128.6
200000 97.0
205000 145.6
210000 94.9
215000 88.0
220000 46.7
225000 3.0
230000 43.2
235000 71.2
240000 86.1
245000 130.5
250000 41.0
255000 148.5
260000 146.8
265000 0.1
270000 124.0
275000 161.2
280000 166.9
285000 25.2
290000 128.3
295000 108.4
300000 50.8
305000 112.4
310000 96.8
315000 48.1
320000 171.5
325000 46.4
330000 194.5
335000 43.5
340000 111.8
345000 98.9
350000 79.1
355000 0.5
360000 42.6
365000 131.2
370000 5.1
375000 57.3
380000 150.3
385000 45.0
390000 1.9
395000 104.7
400000 48.5
405000 44.7
410000 244.3
415000 0.2
420000 57.1
425000 89.8
430000 97.8
435000 96.3
440000 100.0
445000 112.6
450000 61.0
455000 184.5
460000 185.1
465000 145.7
470000 97.5
475000 3.5
480000 153.3
485000 38.5
490000 52.2
495000 0.7
500000 86.3
505000 78.7
510000 49.7
515000 112.0
520000 136.3
525000 137.1
530000 155.8
535000 44.1
540000 112.3
545000 111.6
550000 186.1
555000 115.7
560000 91.7
565000 92.6
570000 90.7
575000 44.3
580000 88.4
585000 125.4
590000 106.2
595000 45.7
600000 164.9
605000 89.2
610000 45.6
615000 48.8
620000 2.3
625000 6.5
630000 46.8
635000 58.2
640000 38.9
645000 0.1
650000 55.0
655000 55.8
660000 47.6
665000 49.9
670000 49.2
675000 43.4
680000 94.1
685000 191.7
690000 47.7
695000 146.9
700000 126.2
705000 47.0
710000 0.1
715000 0.0
720000 150.4
725000 55.1
730000 43.2
735000 198.6
740000 154.3
745000 38.0
750000 40.8
755000 60.2
760000 108.0
765000 61.8
770000 105.6
775000 44.8
780000 274.0
785000 98.7
790000 0.0
795000 0.8
800000 48.0
805000 59.4
810000 51.1
815000 98.9
820000 46.0
825000 87.3
830000 204.5
835000 122.5
840000 115.2
845000 143.4
850000 111.0
855000 153.0
860000 5.2
865000 0.1
870000 119.2
875000 48.1
880000 50.9
885000 138.7
890000 88.2
895000 66.0
900000 100.4
905000 172.4
910000 106.2
915000 60.9
920000 114.5
925000 98.1
930000 95.9
935000 44.4
940000 94.0
945000 0.0
950000 54.9
955000 68.4
960000 214.2
965000 144.0
970000 94.6
975000 93.5
980000 0.3
985000 52.9
990000 2.3
995000 116.1
1000000 0.3
1005000 145.1
1010000 175.2
1015000 0.0
1020000 3.6
1025000 160.9
1030000 159.2
1035000 143.2
1040000 128.7
1045000 2.7
1050000 147.8
1055000 331.0
1060000 57.9
1065000 100.0
1070000 45.1
1075000 0.0
1080000 66.9
1085000 113.7
1090000 113.4
1095000 0.1
1100000 62.0
1105000 42.8
1110000 116.3
1115000 0.0
1120000 125.9
1125000 147.5
1130000 49.7
1135000 108.8
1140000 65.6
1145000 0.9
1150000 151.8
1155000 59.5
1160000 0.1
1165000 0.0
1170000 100.1
1175000 0.0
1180000 51.4
1185000 0.1
1190000 106.0
1195000 51.2
1200000 51.7
1205000 20.1
1210000 4.4
1215000 190.8
1220000 153.9
1225000 35.7
1230000 101.6
1235000 0.6
1240000 1.7
1245000 14.5
1250000 0.0
1255000 108.3
1260000 211.0
1265000 88.7
1270000 79.2
1275000 0.1
1280000 54.5
1285000 17.8
1290000 96.2
1295000 44.8
1300000 163.4
1305000 3.7
1310000 53.1
1315000 155.3
1320000 116.7
1325000 7.3
1330000 83.6
1335000 115.2
1340000 62.9
1345000 19.3
1350000 86.7
1355000 115.6
1360000 66.3
1365000 23.1
1370000 51.5
1375000 63.3
1380000 116.8
1385000 52.4
1390000 154.9
1395000 60.5
1400000 183.0
1405000 3.7
1410000 195.9
1415000 175.1
1420000 115.6
1425000 0.0
1430000 56.4
1435000 0.0
1440000 192.1
1445000 42.8
1450000 43.6
1455000 7.2
1460000 44.3
1465000 41.2
1470000 70.3
1475000 0.5
1480000 169.3
1485000 53.9
1490000 53.1
1495000 0.0
1500000 0.3
1505000 172.1
1510000 154.3
1515000 210.8
1520000 58.0
1525000 93.3
1530000 2.7
1535000 115.1
1540000 298.5
1545000 86.1
1550000 108.4
1555000 60.0
1560000 98.4
1565000 92.7
1570000 143.9
1575000 97.6
1580000 0.0
1585000 34.7
1590000 111.1
1595000 4.0
1600000 44.8
1605000 0.0
1610000 47.4
1615000 138.5
1620000 0.1
1625000 0.0
1630000 51.1
1635000 124.1
1640000 0.0
1645000 57.2
1650000 43.4
1655000 58.7
1660000 164.4
1665000 5.2
1670000 3.2
1675000 5.1
1680000 7.3
1685000 36.6
1690000 56.4
1695000 60.6
1700000 58.2
1705000 57.2
1710000 39.6
1715000 0.1
1720000 57.4
1725000 37.3
1730000 88.2
1735000 43.9
1740000 55.9
1745000 0.0
1750000 115.6
1755000 55.7
1760000 0.1
1765000 171.5
1770000 0.1
1775000 0.1
1780000 162.0
1785000 43.3
1790000 140.5
1795000 7.5
1800000 1.0
1805000 45.0
1810000 64.2
1815000 0.0
1820000 124.8
1825000 44.7
1830000 113.3
1835000 0.1
1840000 44.0
1845000 88.4
1850000 102.6
1855000 67.1
1860000 53.9
1865000 103.8
1870000 110.1
1875000 60.5
1880000 58.0
1885000 0.4
1890000 50.3
1895000 54.6
1900000 0.1
1905000 0.9
1910000 94.4
1915000 0.0
1920000 62.6
1925000 46.7
1930000 163.3
1935000 174.0
1940000 59.2
1945000 7.9
1950000 60.7
1955000 112.8
1960000 136.6
1965000 27.4
1970000 39.8
1975000 51.8
1980000 70.1
1985000 0.0
1990000 105.5
1995000 45.5
2000000 61.7
