5000 2.9
10000 1.1
15000 20.1
20000 13.7
25000 28.0
30000 11.4
35000 50.1
40000 39.4
45000 25.1
50000 26.8
55000 45.0
60000 58.3
65000 51.0
70000 35.3
75000 21.5
80000 51.2
85000 21.3
90000 43.5
95000 74.8
100000 43.7
105000 28.2
110000 38.8
115000 59.2
120000 230.7
125000 24.6
130000 122.2
135000 73.4
140000 100.0
145000 52.1
150000 87.0
155000 69.8
160000 44.6
165000 73.3
170000 153.5
175000 141.5
180000 28.3
185000 69.3
190000 73.0
195000 143.2
200000 117.1
205000 49.0
210000 76.5
215000 114.8
220000 212.8
225000 68.3
230000 204.2
235000 86.5
240000 76.5
245000 105.2
250000 147.8
255000 124.0
260000 142.5
265000 24.1
270000 0.0
275000 173.6
280000 73.4
285000 121.6
290000 57.3
295000 180.1
300000 146.1
305000 89.0
310000 87.7
315000 92.3
320000 81.3
325000 86.7
330000 121.5
335000 106.8
340000 168.3
345000 160.0
350000 103.3
355000 336.7
360000 92.5
365000 59.3
370000 83.3
375000 77.3
380000 218.1
385000 0.0
390000 47.3
395000 0.0
400000 0.0
405000 40.7
410000 30.2
415000 143.2
420000 198.5
425000 67.5
430000 169.4
435000 75.5
440000 102.5
445000 14.4
450000 55.7
455000 91.3
460000 179.7
465000 118.6
470000 149.7
475000 103.9
480000 171.4
485000 15.8
490000 45.8
495000 143.5
500000 143.3
505000 3.2
510000 81.5
515000 154.3
520000 163.6
525000 214.0
530000 44.7
535000 147.5
540000 91.1
545000 64.6
550000 123.4
555000 67.7
560000 135.0
565000 109.6
570000 0.0
575000 214.9
580000 160.2
585000 108.4
590000 163.3
595000 76.6
600000 92.7
605000 132.7
610000 98.9
615000 107.3
620000 147.0
625000 106.5
630000 185.1
635000 77.8
640000 208.9
645000 76.6
650000 44.6
655000 91.8
660000 82.1
665000 31.6
670000 34.9
675000 26.9
680000 120.5
685000 147.9
690000 52.4
695000 101.0
700000 108.7
705000 50.2
710000 95.5
715000 37.7
720000 93.9
725000 55.6
730000 42.0
735000 91.5
740000 23.3
745000 128.0
750000 28.6
755000 98.2
760000 92.2
765000 87.3
770000 33.9
775000 204.2
780000 89.6
785000 47.8
790000 13.9
795000 190.9
800000 98.4
805000 45.8
810000 78.3
815000 86.9
820000 193.9
825000 0.0
830000 83.1
835000 87.7
840000 132.1
845000 55.2
850000 1.4
855000 50.3
860000 70.2
865000 27.5
870000 92.3
875000 111.0
880000 140.5
885000 76.3
890000 34.1
895000 117.3
900000 137.2
905000 18.3
910000 125.3
915000 44.8
920000 0.0
925000 73.3
930000 94.2
935000 46.2
940000 140.4
945000 0.1
950000 71.4
955000 52.1
960000 114.1
965000 147.0
970000 27.0
975000 143.4
980000 104.5
985000 44.1
990000 76.8
995000 82.9
1000000 152.2
1005000 91.7
1010000 52.6
1015000 1.6
1020000 190.6
1025000 27.3
1030000 52.3
1035000 156.6
1040000 143.5
1045000 176.4
1050000 113.7
1055000 84.0
1060000 83.2
1065000 26.3
1070000 33.7
1075000 87.0
1080000 59.3
1085000 46.5
1090000 2.1
1095000 109.1
1100000 5.5
1105000 69.4
1110000 2.8
1115000 225.5
1120000 44.6
1125000 43.4
1130000 83.9
1135000 45.3
1140000 38.0
1145000 68.1
1150000 32.6
1155000 45.5
1160000 0.0
1165000 17.2
1170000 157.7
1175000 41.5
1180000 63.3
1185000 86.6
1190000 94.3
1195000 87.4
1200000 99.5
1205000 14.0
1210000 42.2
1215000 192.4
1220000 77.3
1225000 0.0
1230000 0.0
1235000 40.4
1240000 146.1
1245000 44.2
1250000 80.5
1255000 114.1
1260000 115.4
1265000 64.5
1270000 108.6
1275000 51.5
1280000 103.4
1285000 2.5
1290000 80.2
1295000 0.6
1300000 78.8
1305000 87.7
1310000 68.8
1315000 117.6
1320000 26.3
1325000 16.5
1330000 54.8
1335000 89.6
1340000 43.3
1345000 11.8
1350000 50.0
1355000 103.1
1360000 123.6
1365000 2.7
1370000 143.6
1375000 7.4
1380000 72.2
1385000 9.1
1390000 140.8
1395000 106.1
1400000 86.4
1405000 96.4
1410000 76.8
1415000 0.4
1420000 63.7
1425000 44.9
1430000 43.4
1435000 35.5
1440000 94.6
1445000 13.2
1450000 36.6
1455000 0.0
1460000 54.9
1465000 36.8
1470000 59.4
1475000 44.9
1480000 43.2
1485000 0.0
1490000 44.5
1495000 44.1
1500000 31.9
1505000 147.7
1510000 102.6
1515000 73.6
1520000 57.1
1525000 12.3
1530000 48.9
1535000 105.0
1540000 32.6
1545000 1.3
1550000 0.0
1555000 168.3
1560000 82.0
1565000 0.0
1570000 0.0
1575000 152.8
1580000 212.4
1585000 34.4
1590000 93.0
1595000 0.5
1600000 88.7
1605000 20.0
1610000 0.0
1615000 0.0
1620000 43.4
1625000 0.7
1630000 23.9
1635000 40.1
1640000 97.6
1645000 0.0
1650000 64.3
1655000 32.0
1660000 0.1
1665000 69.1
1670000 0.0
1675000 0.2
1680000 66.8
1685000 27.9
1690000 29.2
1695000 0.1
1700000 42.9
1705000 0.7
1710000 73.7
1715000 29.4
1720000 40.0
1725000 68.5
1730000 33.6
1735000 61.7
1740000 93.8
1745000 12.2
1750000 1.3
1755000 205.9
1760000 3.7
1765000 70.8
1770000 67.6
1775000 105.4
1780000 131.8
1785000 41.1
1790000 45.4
1795000 75.3
1800000 43.0
1805000 0.1
1810000 0.2
1815000 57.6
1820000 113.6
1825000 48.9
1830000 85.0
1835000 47.3
1840000 0.1
1845000 43.0
1850000 81.3
1855000 93.2
1860000 0.3
1865000 52.7
1870000 112.5
1875000 43.3
1880000 120.1
1885000 69.5
1890000 42.5
1895000 170.5
1900000 7.2
1905000 24.7
1910000 100.5
1915000 0.2
1920000 208.1
1925000 0.1
1930000 37.0
1935000 60.2
1940000 152.9
1945000 24.9
1950000 59.2
1955000 0.0
1960000 148.5
1965000 0.0
1970000 53.8
1975000 87.3
1980000 226.8
1985000 7.9
1990000 35.4
1995000 103.7
2000000 55.0
