5000 28.0
10000 7.3
15000 10.9
20000 25.9
25000 11.0
30000 20.5
35000 40.4
40000 110.3
45000 27.8
50000 37.6
55000 63.2
60000 57.1
65000 81.4
70000 36.3
75000 93.5
80000 54.1
85000 12.0
90000 44.8
95000 56.7
100000 81.7
105000 0.1
110000 74.4
115000 56.2
120000 33.2
125000 22.0
130000 32.0
135000 52.6
140000 103.6
145000 42.3
150000 84.0
155000 81.6
160000 108.5
165000 53.8
170000 157.1
175000 72.9
180000 142.7
185000 50.7
190000 0.2
195000 191.1
200000 141.3
205000 69.9
210000 88.1
215000 77.0
220000 119.1
225000 75.6
230000 127.1
235000 91.0
240000 75.0
245000 92.0
250000 213.8
255000 159.6
260000 96.5
265000 54.2
270000 62.8
275000 165.4
280000 151.6
285000 218.2
290000 47.3
295000 108.3
300000 97.7
305000 95.5
310000 96.5
315000 178.7
320000 53.8
325000 38.2
330000 46.4
335000 60.4
340000 89.1
345000 129.3
350000 78.8
355000 87.6
360000 232.4
365000 17.2
370000 97.6
375000 48.7
380000 153.5
385000 94.0
390000 212.7
395000 103.9
400000 109.3
405000 85.5
410000 192.7
415000 161.1
420000 103.3
425000 55.3
430000 58.3
435000 85.1
440000 240.0
445000 72.3
450000 42.5
455000 0.0
460000 81.3
465000 107.2
470000 0.0
475000 45.8
480000 104.3
485000 117.7
490000 70.4
495000 169.4
500000 46.2
505000 211.4
510000 98.4
515000 68.2
520000 190.3
525000 124.6
530000 42.0
535000 279.5
540000 112.5
545000 34.0
550000 85.5
555000 195.7
560000 144.3
565000 92.4
570000 219.2
575000 52.2
580000 185.8
585000 46.2
590000 149.4
595000 263.8
600000 104.0
605000 40.1
610000 59.1
615000 93.9
620000 62.0
625000 2.2
630000 122.9
635000 55.0
640000 161.8
645000 131.1
650000 103.8
655000 83.3
660000 141.4
665000 41.2
670000 134.3
675000 44.3
680000 110.0
685000 190.7
690000 288.3
695000 0.1
700000 0.6
705000 46.8
710000 44.4
715000 48.4
720000 183.5
725000 86.8
730000 1.5
735000 56.8
740000 115.9
745000 0.2
750000 170.0
755000 144.7
760000 103.2
765000 81.2
770000 46.1
775000 1.1
780000 151.5
785000 65.3
790000 103.5
795000 146.2
800000 90.9
805000 71.2
810000 61.2
815000 177.7
820000 0.0
825000 116.9
830000 84.0
835000 0.1
840000 154.9
845000 23.4
850000 121.0
855000 98.1
860000 88.8
865000 134.3
870000 67.3
875000 112.1
880000 147.5
885000 62.2
890000 139.1
895000 29.9
900000 157.3
905000 185.6
910000 97.2
915000 47.0
920000 111.2
925000 52.2
930000 146.5
935000 163.7
940000 46.3
945000 104.3
950000 56.0
955000 1.0
960000 115.2
965000 140.5
970000 192.2
975000 174.4
980000 56.5
985000 47.4
990000 68.6
995000 121.6
1000000 90.7
1005000 40.7
1010000 48.1
1015000 1.5
1020000 112.6
1025000 71.6
1030000 0.2
1035000 129.6
1040000 119.2
1045000 34.4
1050000 31.0
1055000 125.4
1060000 28.9
1065000 49.1
1070000 142.5
1075000 111.0
1080000 123.3
1085000 47.6
1090000 117.9
1095000 68.3
1100000 116.8
1105000 47.3
1110000 56.1
1115000 50.0
1120000 45.5
1125000 65.9
1130000 107.4
1135000 0.0
1140000 94.4
1145000 32.9
1150000 35.6
1155000 61.4
1160000 80.7
1165000 31.1
1170000 0.2
1175000 87.0
1180000 163.0
1185000 136.0
1190000 52.3
1195000 40.3
1200000 228.9
1205000 84.2
1210000 76.1
1215000 100.6
1220000 34.6
1225000 52.4
1230000 23.5
1235000 103.3
1240000 65.1
1245000 45.6
1250000 0.1
1255000 211.0
1260000 0.4
1265000 0.0
1270000 169.1
1275000 152.1
1280000 151.7
1285000 37.1
1290000 0.1
1295000 213.5
1300000 105.7
1305000 51.3
1310000 57.2
1315000 107.0
1320000 54.3
1325000 83.4
1330000 32.7
1335000 90.2
1340000 0.0
1345000 75.2
1350000 0.5
1355000 146.7
1360000 42.1
1365000 58.9
1370000 101.9
1375000 58.4
1380000 46.3
1385000 202.6
1390000 95.9
1395000 66.5
1400000 108.0
1405000 55.6
1410000 42.5
1415000 112.0
1420000 97.1
1425000 119.0
1430000 100.5
1435000 1.2
1440000 0.6
1445000 142.6
1450000 257.8
1455000 153.9
1460000 185.3
1465000 100.5
1470000 65.6
1475000 0.0
1480000 290.4
1485000 88.1
1490000 124.8
1495000 0.9
1500000 120.7
1505000 106.4
1510000 174.2
1515000 154.0
1520000 227.0
1525000 84.4
1530000 202.2
1535000 52.8
1540000 212.8
1545000 66.8
1550000 37.0
1555000 39.2
1560000 110.1
1565000 30.1
1570000 85.2
1575000 0.0
1580000 171.5
1585000 37.2
1590000 89.4
1595000 0.0
1600000 170.4
1605000 37.7
1610000 46.1
1615000 242.1
1620000 170.0
1625000 57.5
1630000 103.3
1635000 94.4
1640000 1.1
1645000 65.9
1650000 38.3
1655000 0.4
1660000 192.4
1665000 2.0
1670000 46.8
1675000 107.6
1680000 56.4
1685000 135.5
1690000 67.9
1695000 109.2
1700000 55.7
1705000 266.4
1710000 164.0
1715000 58.8
1720000 107.4
1725000 43.4
1730000 120.0
1735000 60.0
1740000 108.8
1745000 32.5
1750000 62.7
1755000 118.8
1760000 79.2
1765000 55.8
1770000 133.5
1775000 89.2
1780000 172.4
1785000 135.3
1790000 70.9
1795000 0.4
1800000 52.3
1805000 3.1
1810000 127.6
1815000 150.1
1820000 169.6
1825000 64.1
1830000 66.2
1835000 55.5
1840000 232.9
1845000 101.4
1850000 194.6
1855000 156.8
1860000 195.7
1865000 177.7
1870000 57.3
1875000 99.0
1880000 94.4
1885000 65.0
1890000 211.2
1895000 113.0
1900000 205.6
1905000 0.7
1910000 164.2
1915000 0.9
1920000 68.2
1925000 27.0
1930000 213.7
1935000 127.8
1940000 129.5
1945000 123.3
1950000 124.1
1955000 167.8
1960000 169.9
1965000 161.2
1970000 72.8
1975000 148.1
1980000 248.1
1985000 140.7
1990000 95.1
1995000 144.2
2000000 45.3
