5000 45.2
10000 0.3
15000 1.0
20000 20.6
25000 24.2
30000 10.6
35000 25.8
40000 8.4
45000 77.0
50000 0.3
55000 47.7
60000 89.8
65000 16.8
70000 53.1
75000 32.0
80000 54.0
85000 46.3
90000 19.3
95000 30.0
100000 60.6
105000 4.9
110000 49.4
115000 39.9
120000 65.5
125000 44.6
130000 81.2
135000 44.8
140000 92.7
145000 13.0
150000 41.3
155000 60.7
160000 44.0
165000 47.4
170000 26.6
175000 116.0
180000 124.7
185000 4.6
190000 82.2
195000 193.1
200000 167.4
205000 1.2
210000 13.1
215000 109.8
220000 51.5
225000 21.4
230000 171.8
235000 30.5
240000 57.5
245000 42.3
250000 136.1
255000 64.3
260000 39.3
265000 238.3
270000 143.7
275000 5.5
280000 35.9
285000 1.2
290000 150.9
295000 136.7
300000 40.4
305000 64.9
310000 30.6
315000 7.8
320000 88.0
325000 77.5
330000 90.8
335000 56.8
340000 29.2
345000 44.8
350000 96.0
355000 69.5
360000 84.0
365000 102.0
370000 54.6
375000 147.1
380000 56.6
385000 95.6
390000 82.4
395000 149.9
400000 157.9
405000 193.4
410000 106.5
415000 44.2
420000 192.9
425000 73.6
430000 51.8
435000 50.2
440000 91.7
445000 83.8
450000 52.3
455000 1.1
460000 38.9
465000 180.1
470000 36.9
475000 0.0
480000 72.6
485000 69.3
490000 165.2
495000 139.0
500000 88.2
505000 36.1
510000 89.0
515000 281.9
520000 193.1
525000 42.2
530000 126.0
535000 36.3
540000 136.6
545000 69.4
550000 79.9
555000 85.4
560000 50.9
565000 45.2
570000 106.3
575000 105.9
580000 118.0
585000 0.1
590000 102.9
595000 78.3
600000 147.8
605000 44.3
610000 68.1
615000 129.5
620000 242.1
625000 75.2
630000 135.5
635000 74.3
640000 52.4
645000 0.0
650000 50.8
655000 146.5
660000 50.0
665000 66.6
670000 148.7
675000 43.8
680000 4.3
685000 60.4
690000 39.8
695000 60.3
700000 86.6
705000 103.9
710000 93.9
715000 55.7
720000 82.8
725000 61.8
730000 146.7
735000 91.3
740000 134.0
745000 105.0
750000 81.6
755000 113.7
760000 115.0
765000 96.9
770000 138.0
775000 175.1
780000 111.8
785000 38.5
790000 154.8
795000 55.2
800000 39.2
805000 35.7
810000 121.1
815000 100.5
820000 204.5
825000 87.3
830000 0.9
835000 2.3
840000 130.1
845000 159.3
850000 0.2
855000 85.3
860000 161.1
865000 70.4
870000 42.2
875000 89.8
880000 42.3
885000 59.7
890000 108.1
895000 0.0
900000 101.4
905000 129.8
910000 0.1
915000 49.0
920000 83.2
925000 0.0
930000 0.0
935000 48.0
940000 108.9
945000 107.1
950000 39.2
955000 46.2
960000 270.0
965000 179.0
970000 135.8
975000 81.4
980000 133.3
985000 46.5
990000 77.2
995000 45.3
1000000 0.3
1005000 267.3
1010000 47.1
1015000 0.2
1020000 68.5
1025000 40.9
1030000 76.2
1035000 55.1
1040000 209.2
1045000 50.9
1050000 61.5
1055000 117.7
1060000 108.1
1065000 0.0
1070000 0.1
1075000 181.3
1080000 119.6
1085000 131.5
1090000 32.1
1095000 93.3
1100000 79.0
1105000 108.9
1110000 75.9
1115000 201.2
1120000 0.0
1125000 139.5
1130000 137.0
1135000 0.0
1140000 47.1
1145000 0.1
1150000 1.0
1155000 148.0
1160000 61.5
1165000 63.2
1170000 36.5
1175000 104.8
1180000 0.0
1185000 79.1
1190000 36.2
1195000 113.6
1200000 50.8
1205000 23.6
1210000 58.4
1215000 190.9
1220000 98.6
1225000 61.1
1230000 87.8
1235000 0.0
1240000 4.0
1245000 56.7
1250000 100.0
1255000 133.2
1260000 52.3
1265000 0.0
1270000 50.4
1275000 48.5
1280000 0.5
1285000 175.5
1290000 54.9
1295000 55.7
1300000 43.5
1305000 58.0
1310000 79.9
1315000 76.5
1320000 157.3
1325000 55.4
1330000 1.2
1335000 0.0
1340000 97.1
1345000 43.1
1350000 58.4
1355000 0.0
1360000 150.3
1365000 57.9
1370000 76.2
1375000 39.9
1380000 98.8
1385000 83.5
1390000 101.4
1395000 97.0
1400000 91.3
1405000 98.6
1410000 82.6
1415000 0.0
1420000 122.7
1425000 47.3
1430000 85.7
1435000 43.9
1440000 42.2
1445000 0.0
1450000 53.2
1455000 122.0
1460000 139.3
1465000 69.0
1470000 63.8
1475000 114.6
1480000 88.5
1485000 4.2
1490000 86.3
1495000 34.3
1500000 115.3
1505000 79.9
1510000 244.2
1515000 0.1
1520000 105.7
1525000 112.6
1530000 0.1
1535000 89.3
1540000 37.3
1545000 111.6
1550000 141.3
1555000 41.0
1560000 82.5
1565000 38.5
1570000 48.5
1575000 96.3
1580000 141.9
1585000 78.5
1590000 102.8
1595000 123.8
1600000 79.3
1605000 2.4
1610000 144.4
1615000 93.5
1620000 105.1
1625000 71.9
1630000 42.1
1635000 163.2
1640000 131.1
1645000 0.1
1650000 49.5
1655000 39.5
1660000 83.7
1665000 45.4
1670000 89.9
1675000 49.9
1680000 2.3
1685000 0.0
1690000 136.2
1695000 0.7
1700000 43.6
1705000 0.0
1710000 31.4
1715000 102.0
1720000 91.2
1725000 43.0
1730000 75.7
1735000 97.4
1740000 42.0
1745000 0.7
1750000 45.7
1755000 54.9
1760000 93.2
1765000 111.8
1770000 0.6
1775000 109.4
1780000 102.8
1785000 1.1
1790000 148.7
1795000 45.3
1800000 142.6
1805000 98.0
1810000 58.3
1815000 0.0
1820000 54.2
1825000 0.7
1830000 94.6
1835000 103.8
1840000 194.3
1845000 0.3
1850000 99.4
1855000 60.8
1860000 116.5
1865000 62.4
1870000 8.7
1875000 111.9
1880000 58.7
1885000 0.0
1890000 59.9
1895000 141.0
1900000 123.7
1905000 151.3
1910000 94.7
1915000 94.5
1920000 122.7
1925000 94.1
1930000 4.7
1935000 56.0
1940000 105.3
1945000 136.6
1950000 79.1
1955000 83.1
1960000 53.0
1965000 110.5
1970000 36.7
1975000 40.1
1980000 89.8
1985000 92.0
1990000 167.9
1995000 154.6
2000000 60.4
