5000 23.1
10000 22.7
15000 50.3
20000 61.0
25000 136.5
30000 247.6
35000 341.0
40000 432.3
45000 429.6
50000 524.6
55000 566.2
60000 597.9
65000 577.1
70000 596.4
75000 605.3
80000 608.5
85000 597.0
90000 614.5
95000 630.5
100000 621.9
105000 639.7
110000 621.1
115000 649.3
120000 632.4
125000 640.5
130000 658.3
135000 654.9
140000 673.1
145000 655.2
150000 683.2
155000 659.7
160000 675.3
165000 671.7
170000 685.9
175000 678.8
180000 683.8
185000 685.0
190000 690.5
195000 709.2
200000 697.3
205000 696.6
210000 698.3
215000 700.6
220000 709.5
225000 698.0
230000 708.5
235000 724.5
240000 710.9
245000 709.1
250000 728.9
255000 729.5
260000 716.6
265000 637.8
270000 713.5
275000 715.2
280000 720.8
285000 722.5
290000 723.5
295000 717.5
300000 706.6
305000 727.5
310000 727.3
315000 735.2
320000 727.3
325000 266.5
330000 592.1
335000 627.4
340000 700.6
345000 698.4
350000 724.1
355000 727.1
360000 727.8
365000 717.0
370000 738.7
375000 739.7
380000 724.1
385000 744.1
390000 749.4
395000 745.9
400000 744.7
405000 740.5
410000 752.3
415000 661.9
420000 751.4
425000 742.5
430000 748.6
435000 754.5
440000 746.4
445000 745.7
450000 750.7
455000 758.6
460000 759.6
465000 753.2
470000 755.3
475000 751.7
480000 749.6
485000 765.7
490000 758.5
495000 752.1
500000 757.8
505000 764.3
510000 762.1
515000 762.1
520000 770.1
525000 762.1
530000 768.0
535000 761.4
540000 773.5
545000 772.2
550000 772.9
555000 762.8
560000 767.1
565000 776.8
570000 763.5
575000 776.8
580000 770.4
585000 774.0
590000 775.1
595000 775.4
600000 774.7
605000 779.7
610000 775.0
615000 780.7
620000 777.1
625000 771.4
630000 771.7
635000 772.9
640000 783.5
645000 241.4
650000 646.8
655000 687.5
660000 722.1
665000 745.6
670000 747.8
675000 740.0
680000 766.5
685000 775.0
690000 772.5
695000 774.3
700000 776.6
705000 776.5
710000 773.6
715000 783.8
720000 780.8
725000 780.3
730000 785.5
735000 779.0
740000 776.9
745000 774.6
750000 777.5
755000 783.9
760000 787.9
765000 777.8
770000 787.2
775000 779.9
780000 782.4
785000 786.0
790000 789.5
795000 784.6
800000 781.6
805000 780.2
810000 788.6
815000 790.1
820000 783.7
825000 797.8
830000 788.9
835000 789.8
840000 782.6
845000 782.5
850000 791.7
855000 796.1
860000 780.3
865000 795.1
870000 795.9
875000 792.0
880000 796.1
885000 792.0
890000 786.8
895000 795.7
900000 800.7
905000 802.6
910000 795.0
915000 799.0
920000 796.9
925000 804.3
930000 790.2
935000 801.1
940000 802.6
945000 796.2
950000 803.7
955000 803.3
960000 794.8
965000 184.1
970000 658.5
975000 678.0
980000 652.2
985000 746.5
990000 774.1
995000 786.3
1000000 787.9
1005000 780.8
1010000 796.9
1015000 787.9
1020000 796.2
1025000 784.2
1030000 799.6
1035000 799.3
1040000 790.7
1045000 798.9
1050000 799.7
1055000 799.3
1060000 800.9
1065000 800.7
1070000 802.3
1075000 804.3
1080000 805.3
1085000 816.2
1090000 803.9
1095000 806.6
1100000 803.0
1105000 806.5
1110000 803.2
1115000 805.6
1120000 815.4
1125000 806.8
1130000 803.8
1135000 806.0
1140000 797.9
1145000 810.4
1150000 807.4
1155000 809.9
1160000 809.2
1165000 804.3
1170000 807.8
1175000 808.8
1180000 807.4
1185000 810.9
1190000 808.9
1195000 816.9
1200000 814.3
1205000 815.5
1210000 812.4
1215000 808.7
1220000 809.0
1225000 811.6
1230000 816.3
1235000 821.7
1240000 806.0
1245000 815.8
1250000 813.0
1255000 812.4
1260000 812.4
1265000 819.2
1270000 810.6
1275000 812.5
1280000 818.5
1285000 136.8
1290000 401.1
1295000 592.0
1300000 640.8
1305000 731.4
1310000 771.3
1315000 786.7
1320000 788.6
1325000 787.2
1330000 784.2
1335000 791.0
1340000 790.4
1345000 798.1
1350000 801.4
1355000 803.5
1360000 819.0
1365000 806.7
1370000 810.8
1375000 811.8
1380000 811.4
1385000 814.3
1390000 810.4
1395000 817.2
1400000 808.9
1405000 817.7
1410000 810.8
1415000 817.8
1420000 817.0
1425000 816.4
1430000 812.0
1435000 819.8
1440000 812.8
1445000 817.1
1450000 812.0
1455000 815.8
1460000 822.8
1465000 816.7
1470000 819.1
1475000 810.5
1480000 829.4
1485000 817.2
1490000 817.4
1495000 816.7
1500000 812.5
1505000 810.9
1510000 821.9
1515000 813.3
1520000 816.7
1525000 814.1
1530000 821.4
1535000 820.7
1540000 818.9
1545000 822.7
1550000 812.1
1555000 821.6
1560000 823.0
1565000 819.6
1570000 815.9
1575000 815.1
1580000 818.5
1585000 819.9
1590000 825.4
1595000 822.5
1600000 816.0
1605000 148.1
1610000 283.7
1615000 586.3
1620000 683.9
1625000 726.0
1630000 743.6
1635000 773.4
1640000 770.5
1645000 790.6
1650000 791.8
1655000 819.6
1660000 810.0
1665000 812.8
1670000 812.5
1675000 805.1
1680000 805.8
1685000 817.1
1690000 820.8
1695000 815.4
1700000 820.3
1705000 810.6
1710000 818.5
1715000 814.2
1720000 818.4
1725000 812.1
1730000 822.8
1735000 830.6
1740000 815.2
1745000 805.8
1750000 812.4
1755000 825.3
1760000 818.5
1765000 816.1
1770000 820.7
1775000 824.8
1780000 818.7
1785000 824.9
1790000 829.0
1795000 820.1
1800000 819.7
1805000 817.7
1810000 821.0
1815000 826.7
1820000 812.4
1825000 824.7
1830000 823.0
1835000 819.9
1840000 815.7
1845000 820.1
1850000 827.0
1855000 824.5
1860000 818.7
1865000 823.0
1870000 824.0
1875000 757.6
1880000 818.3
1885000 821.5
1890000 823.1
1895000 825.8
1900000 831.6
1905000 819.8
1910000 827.8
1915000 833.8
1920000 817.9
1925000 824.6
1930000 827.8
1935000 830.0
1940000 823.8
1945000 823.9
1950000 823.5
1955000 812.1
1960000 828.4
1965000 822.4
1970000 832.5
1975000 827.0
1980000 832.6
1985000 834.6
1990000 829.1
1995000 821.9
2000000 834.6
