5000 19.1
10000 30.3
15000 25.3
20000 54.1
25000 107.0
30000 178.6
35000 243.6
40000 347.6
45000 371.7
50000 118.0
55000 421.9
60000 425.7
65000 427.1
70000 445.4
75000 440.4
80000 456.6
85000 427.1
90000 461.3
95000 466.0
100000 464.2
105000 466.4
110000 464.0
115000 473.4
120000 471.6
125000 445.8
130000 445.5
135000 350.2
140000 499.8
145000 504.9
150000 507.5
155000 504.8
160000 516.3
165000 507.9
170000 527.5
175000 508.8
180000 505.6
185000 505.3
190000 534.4
195000 522.5
200000 528.9
205000 527.6
210000 524.2
215000 536.5
220000 534.3
225000 540.0
230000 533.3
235000 549.8
240000 547.5
245000 547.4
250000 546.3
255000 566.0
260000 556.5
265000 558.9
270000 568.8
275000 570.3
280000 574.1
285000 578.8
290000 563.8
295000 572.4
300000 579.4
305000 565.8
310000 575.8
315000 578.9
320000 581.8
325000 161.3
330000 312.1
335000 401.3
340000 414.1
345000 461.9
350000 489.1
355000 506.9
360000 525.2
365000 556.0
370000 554.0
375000 551.7
380000 564.8
385000 589.0
390000 582.4
395000 579.1
400000 594.9
405000 596.7
410000 592.4
415000 425.1
420000 596.0
425000 597.8
430000 600.8
435000 588.4
440000 610.5
445000 599.5
450000 597.5
455000 608.3
460000 603.3
465000 604.2
470000 611.3
475000 605.5
480000 605.3
485000 611.0
490000 590.2
495000 604.4
500000 620.5
505000 619.5
510000 608.6
515000 614.3
520000 609.1
525000 615.7
530000 616.8
535000 615.7
540000 623.8
545000 620.0
550000 616.1
555000 621.5
560000 625.1
565000 625.7
570000 623.6
575000 615.0
580000 616.6
585000 619.0
590000 621.0
595000 624.2
600000 616.7
605000 619.7
610000 620.1
615000 621.4
620000 626.8
625000 629.8
630000 626.3
635000 636.3
640000 638.0
645000 80.6
650000 284.1
655000 396.2
660000 442.8
665000 484.0
670000 546.9
675000 561.1
680000 578.1
685000 575.3
690000 527.2
695000 601.8
700000 598.5
705000 602.2
710000 598.3
715000 603.7
720000 606.3
725000 592.8
730000 616.8
735000 604.3
740000 609.2
745000 620.5
750000 627.3
755000 624.6
760000 616.2
765000 634.6
770000 623.9
775000 631.9
780000 627.8
785000 619.8
790000 633.8
795000 636.5
800000 625.3
805000 634.9
810000 633.4
815000 622.5
820000 637.6
825000 635.9
830000 634.9
835000 642.7
840000 639.8
845000 636.2
850000 646.4
855000 646.2
860000 647.1
865000 634.7
870000 648.9
875000 648.8
880000 645.1
885000 629.1
890000 643.2
895000 637.7
900000 638.6
905000 636.5
910000 639.3
915000 650.1
920000 650.8
925000 606.4
930000 648.1
935000 592.9
940000 651.6
945000 644.1
950000 638.3
955000 646.4
960000 644.7
965000 161.5
970000 300.8
975000 418.2
980000 430.8
985000 471.5
990000 533.1
995000 561.9
1000000 575.0
1005000 587.1
1010000 596.1
1015000 606.9
1020000 618.6
1025000 604.9
1030000 596.4
1035000 633.7
1040000 552.4
1045000 626.1
1050000 635.0
1055000 612.9
1060000 614.3
1065000 634.6
1070000 641.5
1075000 638.4
1080000 649.0
1085000 625.9
1090000 637.6
1095000 638.4
1100000 647.6
1105000 642.0
1110000 637.6
1115000 642.8
1120000 641.7
1125000 647.7
1130000 648.2
1135000 632.3
1140000 650.0
1145000 645.6
1150000 649.1
1155000 642.9
1160000 648.2
1165000 645.4
1170000 652.0
1175000 651.9
1180000 654.0
1185000 648.0
1190000 639.1
1195000 648.2
1200000 649.5
1205000 647.9
1210000 647.5
1215000 654.9
1220000 651.3
1225000 653.0
1230000 648.1
1235000 654.0
1240000 654.3
1245000 653.9
1250000 656.4
1255000 654.6
1260000 651.2
1265000 649.7
1270000 651.4
1275000 655.2
1280000 658.7
1285000 142.6
1290000 247.6
1295000 408.4
1300000 459.0
1305000 488.7
1310000 547.2
1315000 527.8
1320000 577.2
1325000 607.4
1330000 613.5
1335000 614.7
1340000 611.3
1345000 607.3
1350000 622.7
1355000 649.4
1360000 635.9
1365000 646.1
1370000 643.4
1375000 647.0
1380000 620.6
1385000 630.7
1390000 650.0
1395000 654.9
1400000 649.3
1405000 628.1
1410000 644.0
1415000 646.9
1420000 633.7
1425000 655.4
1430000 642.9
1435000 652.3
1440000 656.1
1445000 656.7
1450000 657.2
1455000 653.4
1460000 652.4
1465000 649.8
1470000 654.8
1475000 643.7
1480000 661.3
1485000 663.4
1490000 662.4
1495000 665.0
1500000 650.2
1505000 652.2
1510000 651.9
1515000 654.0
1520000 654.8
1525000 652.6
1530000 656.8
1535000 654.2
1540000 658.3
1545000 654.1
1550000 662.6
1555000 650.9
1560000 666.2
1565000 658.5
1570000 660.7
1575000 658.6
1580000 654.4
1585000 664.8
1590000 654.4
1595000 662.2
1600000 658.9
1605000 89.2
1610000 257.8
1615000 374.9
1620000 424.2
1625000 447.2
1630000 508.2
1635000 576.9
1640000 583.3
1645000 611.9
1650000 605.6
1655000 620.8
1660000 623.6
1665000 597.5
1670000 637.7
1675000 649.7
1680000 649.4
1685000 597.9
1690000 639.6
1695000 650.0
1700000 652.2
1705000 628.4
1710000 641.1
1715000 643.6
1720000 653.7
1725000 656.4
1730000 661.2
1735000 649.6
1740000 655.2
1745000 651.1
1750000 655.5
1755000 662.0
1760000 658.1
1765000 661.3
1770000 659.1
1775000 634.7
1780000 656.2
1785000 657.4
1790000 656.7
1795000 663.4
1800000 664.8
1805000 662.3
1810000 666.5
1815000 664.6
1820000 667.5
1825000 668.0
1830000 655.5
1835000 662.0
1840000 665.1
1845000 657.4
1850000 663.3
1855000 666.6
1860000 653.2
1865000 660.2
1870000 668.5
1875000 676.5
1880000 664.0
1885000 672.1
1890000 662.9
1895000 659.9
1900000 669.9
1905000 674.3
1910000 667.6
1915000 671.5
1920000 666.4
1925000 668.6
1930000 663.5
1935000 669.6
1940000 672.4
1945000 673.8
1950000 667.5
1955000 669.0
1960000 667.3
1965000 674.1
1970000 671.8
1975000 669.7
1980000 668.3
1985000 671.2
1990000 675.1
1995000 657.7
2000000 675.4
