5000 23.0
10000 20.7
15000 50.3
20000 64.4
25000 111.5
30000 197.5
35000 215.9
40000 120.4
45000 403.8
50000 446.2
55000 460.7
60000 581.1
65000 526.0
70000 558.4
75000 613.4
80000 634.0
85000 635.6
90000 633.7
95000 649.5
100000 655.0
105000 667.6
110000 682.8
115000 524.2
120000 689.7
125000 686.7
130000 697.9
135000 702.7
140000 700.9
145000 715.5
150000 717.4
155000 722.3
160000 721.2
165000 726.6
170000 728.7
175000 669.8
180000 740.1
185000 723.0
190000 751.1
195000 728.1
200000 732.9
205000 727.5
210000 752.3
215000 729.9
220000 742.3
225000 750.3
230000 743.2
235000 751.1
240000 754.2
245000 759.0
250000 747.1
255000 762.1
260000 765.9
265000 754.6
270000 765.5
275000 766.9
280000 778.6
285000 774.4
290000 780.2
295000 769.3
300000 769.7
305000 769.9
310000 773.3
315000 767.9
320000 780.9
325000 245.8
330000 582.3
335000 704.4
340000 729.8
345000 769.4
350000 775.4
355000 763.4
360000 775.2
365000 791.8
370000 787.1
375000 772.4
380000 788.4
385000 788.5
390000 797.4
395000 797.9
400000 796.7
405000 788.0
410000 783.0
415000 783.3
420000 790.1
425000 786.0
430000 784.8
435000 789.6
440000 797.8
445000 795.8
450000 803.7
455000 796.5
460000 792.7
465000 795.6
470000 791.4
475000 797.8
480000 795.1
485000 793.9
490000 789.0
495000 800.1
500000 797.2
505000 797.3
510000 786.6
515000 802.2
520000 811.4
525000 799.3
530000 806.9
535000 805.8
540000 796.0
545000 806.6
550000 796.9
555000 803.0
560000 809.5
565000 805.6
570000 807.8
575000 807.9
580000 814.4
585000 813.8
590000 806.1
595000 811.5
600000 813.3
605000 806.1
610000 812.0
615000 804.5
620000 813.6
625000 814.6
630000 806.9
635000 804.8
640000 817.9
645000 284.2
650000 611.1
655000 687.1
660000 739.3
665000 779.0
670000 787.4
675000 790.8
680000 803.7
685000 810.0
690000 811.0
695000 809.6
700000 801.7
705000 798.9
710000 807.4
715000 802.7
720000 803.6
725000 813.4
730000 817.5
735000 814.3
740000 810.3
745000 813.3
750000 812.4
755000 813.4
760000 817.5
765000 817.7
770000 821.5
775000 814.5
780000 815.5
785000 820.7
790000 815.9
795000 812.3
800000 807.3
805000 810.1
810000 814.2
815000 818.1
820000 813.3
825000 818.0
830000 816.4
835000 822.7
840000 810.0
845000 816.0
850000 814.6
855000 825.4
860000 810.1
865000 821.7
870000 803.1
875000 824.6
880000 816.1
885000 821.3
890000 821.7
895000 828.3
900000 806.5
905000 825.4
910000 815.1
915000 817.2
920000 821.3
925000 826.5
930000 820.4
935000 820.1
940000 823.7
945000 817.5
950000 825.8
955000 825.3
960000 822.6
965000 194.7
970000 628.3
975000 697.0
980000 760.1
985000 771.8
990000 797.2
995000 790.1
1000000 808.8
1005000 801.1
1010000 793.9
1015000 820.2
1020000 789.0
1025000 813.9
1030000 819.7
1035000 825.1
1040000 821.3
1045000 822.6
1050000 816.1
1055000 824.4
1060000 815.7
1065000 815.9
1070000 817.5
1075000 820.8
1080000 824.7
1085000 822.2
1090000 817.3
1095000 823.8
1100000 830.7
1105000 823.1
1110000 828.5
1115000 828.7
1120000 832.6
1125000 825.7
1130000 825.9
1135000 818.1
1140000 830.6
1145000 821.6
1150000 825.3
1155000 834.2
1160000 822.5
1165000 822.1
1170000 742.3
1175000 825.7
1180000 829.2
1185000 823.6
1190000 828.6
1195000 828.7
1200000 821.0
1205000 831.1
1210000 824.5
1215000 833.9
1220000 832.9
1225000 828.1
1230000 824.4
1235000 815.3
1240000 831.8
1245000 821.9
1250000 833.8
1255000 833.0
1260000 834.8
1265000 833.1
1270000 824.4
1275000 827.9
1280000 827.2
1285000 36.4
1290000 406.6
1295000 626.7
1300000 665.3
1305000 684.7
1310000 711.3
1315000 778.7
1320000 808.2
1325000 816.5
1330000 742.6
1335000 809.1
1340000 748.1
1345000 808.9
1350000 816.4
1355000 820.8
1360000 826.9
1365000 826.3
1370000 830.6
1375000 827.1
1380000 825.2
1385000 825.4
1390000 831.4
1395000 822.6
1400000 828.5
1405000 818.5
1410000 825.8
1415000 833.7
1420000 825.2
1425000 823.7
1430000 835.0
1435000 826.7
1440000 827.7
1445000 830.2
1450000 825.1
1455000 828.7
1460000 827.1
1465000 824.8
1470000 832.6
1475000 829.2
1480000 828.1
1485000 829.8
1490000 827.1
1495000 823.2
1500000 835.1
1505000 829.9
1510000 834.8
1515000 832.8
1520000 831.1
1525000 828.8
1530000 821.2
1535000 836.6
1540000 829.7
1545000 836.8
1550000 830.6
1555000 831.6
1560000 826.6
1565000 825.7
1570000 836.6
1575000 827.7
1580000 811.7
1585000 830.4
1590000 821.9
1595000 823.9
1600000 834.0
1605000 91.2
1610000 425.1
1615000 700.4
1620000 745.9
1625000 749.5
1630000 770.8
1635000 791.6
1640000 812.3
1645000 788.8
1650000 815.3
1655000 822.2
1660000 824.1
1665000 816.2
1670000 822.7
1675000 822.3
1680000 826.7
1685000 825.0
1690000 823.5
1695000 830.2
1700000 828.7
1705000 827.2
1710000 827.7
1715000 836.2
1720000 827.5
1725000 827.3
1730000 826.4
1735000 824.9
1740000 821.9
1745000 830.1
1750000 829.5
1755000 829.7
1760000 834.5
1765000 819.6
1770000 826.3
1775000 826.0
1780000 832.7
1785000 832.6
1790000 830.8
1795000 831.5
1800000 834.1
1805000 826.2
1810000 833.4
1815000 832.2
1820000 826.9
1825000 835.3
1830000 830.7
1835000 834.7
1840000 832.7
1845000 827.8
1850000 828.9
1855000 829.2
1860000 829.2
1865000 841.8
1870000 835.3
1875000 833.9
1880000 827.7
1885000 830.9
1890000 826.6
1895000 828.8
1900000 821.3
1905000 834.9
1910000 832.1
1915000 827.9
1920000 836.7
1925000 837.0
1930000 830.9
1935000 819.9
1940000 834.0
1945000 837.2
1950000 827.9
1955000 833.6
1960000 831.4
1965000 836.4
1970000 824.3
1975000 833.6
1980000 833.7
1985000 825.7
1990000 838.1
1995000 829.2
2000000 835.3
