5000 16.3
10000 18.4
15000 25.1
20000 87.8
25000 145.8
30000 218.5
35000 237.7
40000 280.7
45000 452.9
50000 492.8
55000 541.3
60000 472.8
65000 473.7
70000 572.4
75000 590.9
80000 609.1
85000 640.2
90000 647.9
95000 663.3
100000 679.6
105000 652.0
110000 661.3
115000 670.4
120000 673.0
125000 604.4
130000 522.5
135000 609.5
140000 676.2
145000 677.8
150000 660.8
155000 697.1
160000 689.9
165000 689.1
170000 689.4
175000 687.7
180000 698.4
185000 623.1
190000 698.4
195000 703.0
200000 713.9
205000 707.1
210000 704.1
215000 710.1
220000 710.3
225000 711.2
230000 711.2
235000 715.3
240000 564.5
245000 717.7
250000 706.6
255000 718.9
260000 733.0
265000 728.0
270000 717.2
275000 712.4
280000 725.7
285000 726.6
290000 717.5
295000 732.6
300000 727.4
305000 717.3
310000 732.6
315000 729.1
320000 736.5
325000 238.7
330000 622.3
335000 686.7
340000 707.5
345000 728.5
350000 733.8
355000 705.0
360000 729.4
365000 731.3
370000 715.0
375000 723.7
380000 738.4
385000 744.1
390000 728.3
395000 742.1
400000 743.3
405000 716.0
410000 734.5
415000 742.9
420000 745.4
425000 741.3
430000 747.4
435000 748.6
440000 752.5
445000 741.0
450000 736.4
455000 752.2
460000 747.9
465000 748.5
470000 752.4
475000 747.7
480000 757.0
485000 753.6
490000 757.7
495000 764.5
500000 762.3
505000 759.0
510000 754.7
515000 752.3
520000 765.9
525000 757.7
530000 756.1
535000 757.3
540000 764.1
545000 756.8
550000 756.3
555000 762.2
560000 762.7
565000 764.1
570000 760.4
575000 757.3
580000 763.7
585000 755.7
590000 758.7
595000 764.2
600000 760.5
605000 753.7
610000 757.7
615000 759.4
620000 756.3
625000 760.4
630000 766.6
635000 760.4
640000 759.1
645000 182.8
650000 558.6
655000 685.1
660000 685.9
665000 729.9
670000 734.8
675000 739.4
680000 712.8
685000 730.9
690000 747.9
695000 737.0
700000 739.3
705000 747.0
710000 757.3
715000 763.4
720000 749.3
725000 765.8
730000 755.7
735000 760.9
740000 764.1
745000 755.1
750000 767.1
755000 755.2
760000 759.7
765000 771.6
770000 767.0
775000 768.4
780000 764.4
785000 761.7
790000 762.8
795000 769.2
800000 766.4
805000 768.2
810000 764.2
815000 766.8
820000 774.9
825000 777.5
830000 704.3
835000 774.1
840000 766.7
845000 769.9
850000 777.1
855000 774.2
860000 765.3
865000 767.2
870000 776.7
875000 779.4
880000 781.9
885000 778.7
890000 785.1
895000 779.2
900000 780.0
905000 777.2
910000 789.2
915000 780.0
920000 774.5
925000 787.2
930000 787.7
935000 792.1
940000 785.9
945000 787.4
950000 779.6
955000 789.1
960000 786.6
965000 87.2
970000 603.4
975000 675.2
980000 704.7
985000 724.4
990000 718.5
995000 727.1
1000000 741.2
1005000 751.6
1010000 772.8
1015000 738.7
1020000 762.2
1025000 757.7
1030000 775.7
1035000 769.1
1040000 783.4
1045000 797.3
1050000 781.2
1055000 791.3
1060000 783.0
1065000 784.6
1070000 790.0
1075000 791.8
1080000 800.8
1085000 790.8
1090000 797.2
1095000 798.1
1100000 796.8
1105000 794.4
1110000 802.1
1115000 794.1
1120000 793.5
1125000 661.0
1130000 791.4
1135000 793.4
1140000 726.7
1145000 730.6
1150000 738.5
1155000 798.0
1160000 798.2
1165000 800.1
1170000 796.4
1175000 800.3
1180000 789.6
1185000 797.3
1190000 791.0
1195000 800.7
1200000 791.4
1205000 797.2
1210000 798.6
1215000 800.7
1220000 804.4
1225000 746.9
1230000 807.6
1235000 795.3
1240000 800.2
1245000 794.7
1250000 798.7
1255000 793.4
1260000 796.3
1265000 805.6
1270000 798.5
1275000 800.6
1280000 805.4
1285000 26.9
1290000 331.4
1295000 639.6
1300000 685.9
1305000 735.5
1310000 657.5
1315000 745.7
1320000 757.3
1325000 751.6
1330000 746.9
1335000 765.3
1340000 781.3
1345000 770.6
1350000 778.7
1355000 791.8
1360000 778.4
1365000 799.7
1370000 793.0
1375000 788.8
1380000 777.7
1385000 786.1
1390000 768.3
1395000 794.5
1400000 728.0
1405000 796.7
1410000 796.6
1415000 799.3
1420000 797.1
1425000 795.3
1430000 787.2
1435000 790.0
1440000 803.2
1445000 796.7
1450000 794.7
1455000 797.4
1460000 803.8
1465000 724.8
1470000 802.1
1475000 807.5
1480000 801.5
1485000 792.7
1490000 807.5
1495000 791.9
1500000 801.5
1505000 810.4
1510000 802.7
1515000 810.6
1520000 812.7
1525000 791.6
1530000 802.2
1535000 807.7
1540000 797.9
1545000 793.2
1550000 807.6
1555000 808.9
1560000 811.8
1565000 800.3
1570000 794.7
1575000 801.8
1580000 808.4
1585000 793.0
1590000 808.4
1595000 798.5
1600000 813.3
1605000 114.7
1610000 383.2
1615000 612.5
1620000 683.0
1625000 702.9
1630000 739.4
1635000 742.5
1640000 744.8
1645000 714.8
1650000 761.6
1655000 767.7
1660000 780.6
1665000 786.9
1670000 792.7
1675000 785.9
1680000 791.6
1685000 792.5
1690000 797.2
1695000 793.7
1700000 806.9
1705000 792.0
1710000 792.0
1715000 811.8
1720000 790.4
1725000 795.3
1730000 792.9
1735000 790.6
1740000 781.7
1745000 798.4
1750000 804.9
1755000 799.6
1760000 804.6
1765000 788.7
1770000 801.9
1775000 813.6
1780000 805.3
1785000 798.8
1790000 803.9
1795000 811.0
1800000 806.8
1805000 809.8
1810000 800.4
1815000 811.3
1820000 794.6
1825000 800.9
1830000 814.9
1835000 812.9
1840000 806.0
1845000 811.4
1850000 821.4
1855000 815.5
1860000 811.3
1865000 806.2
1870000 810.3
1875000 803.5
1880000 801.6
1885000 816.6
1890000 811.7
1895000 810.1
1900000 805.0
1905000 808.8
1910000 810.8
1915000 805.4
1920000 818.5
1925000 811.4
1930000 809.5
1935000 811.7
1940000 805.5
1945000 809.7
1950000 816.8
1955000 811.3
1960000 799.2
1965000 814.3
1970000 809.4
1975000 809.9
1980000 809.3
1985000 815.9
1990000 809.2
1995000 816.2
2000000 815.7
