5000 17.6
10000 29.0
15000 35.4
20000 46.8
25000 74.1
30000 147.3
35000 284.3
40000 416.3
45000 534.1
50000 534.8
55000 572.3
60000 581.2
65000 573.1
70000 631.3
75000 631.8
80000 649.2
85000 644.8
90000 666.8
95000 612.2
100000 614.1
105000 695.0
110000 684.5
115000 700.4
120000 704.9
125000 686.4
130000 619.2
135000 701.0
140000 701.7
145000 698.0
150000 702.1
155000 716.8
160000 712.1
165000 704.8
170000 723.6
175000 714.8
180000 727.3
185000 714.2
190000 713.1
195000 717.2
200000 722.6
205000 718.6
210000 719.4
215000 727.1
220000 729.0
225000 737.3
230000 752.4
235000 738.6
240000 746.7
245000 731.3
250000 727.5
255000 737.8
260000 713.9
265000 729.9
270000 745.1
275000 744.0
280000 742.4
285000 748.8
290000 744.2
295000 747.4
300000 757.1
305000 753.8
310000 755.4
315000 766.1
320000 756.5
325000 248.8
330000 468.5
335000 693.1
340000 703.6
345000 702.1
350000 715.2
355000 734.6
360000 755.4
365000 732.2
370000 756.1
375000 763.3
380000 759.5
385000 768.5
390000 776.7
395000 774.1
400000 764.9
405000 769.0
410000 758.7
415000 768.3
420000 762.7
425000 772.1
430000 767.7
435000 776.3
440000 781.2
445000 788.9
450000 774.6
455000 778.4
460000 708.2
465000 776.2
470000 774.9
475000 785.3
480000 782.5
485000 780.0
490000 788.6
495000 793.6
500000 791.3
505000 786.7
510000 785.1
515000 799.3
520000 802.0
525000 787.5
530000 790.2
535000 798.6
540000 787.9
545000 787.3
550000 785.1
555000 792.9
560000 795.5
565000 797.0
570000 797.1
575000 803.0
580000 800.7
585000 800.2
590000 797.9
595000 811.4
600000 812.9
605000 798.1
610000 791.1
615000 796.1
620000 803.8
625000 803.6
630000 802.9
635000 804.7
640000 807.1
645000 224.6
650000 581.5
655000 705.1
660000 721.3
665000 735.6
670000 757.4
675000 766.8
680000 770.2
685000 782.6
690000 785.2
695000 803.0
700000 787.5
705000 785.6
710000 793.7
715000 792.3
720000 800.1
725000 797.0
730000 791.0
735000 789.4
740000 813.0
745000 797.6
750000 796.7
755000 812.1
760000 809.4
765000 805.8
770000 809.8
775000 803.2
780000 801.2
785000 800.4
790000 809.8
795000 804.8
800000 791.2
805000 793.1
810000 809.5
815000 796.1
820000 807.4
825000 806.0
830000 807.5
835000 796.7
840000 818.9
845000 803.2
850000 804.6
855000 803.0
860000 812.0
865000 825.2
870000 815.7
875000 814.6
880000 811.0
885000 817.2
890000 808.0
895000 809.4
900000 812.9
905000 816.7
910000 817.9
915000 809.4
920000 818.8
925000 825.8
930000 812.7
935000 825.7
940000 823.0
945000 821.2
950000 817.2
955000 824.2
960000 806.3
965000 208.9
970000 572.1
975000 690.6
980000 726.2
985000 754.6
990000 787.9
995000 772.5
1000000 780.7
1005000 796.4
1010000 792.2
1015000 796.7
1020000 809.1
1025000 813.0
1030000 809.8
1035000 802.5
1040000 813.6
1045000 803.0
1050000 813.5
1055000 818.5
1060000 805.6
1065000 816.0
1070000 820.2
1075000 815.7
1080000 817.0
1085000 822.5
1090000 820.2
1095000 811.1
1100000 824.3
1105000 823.4
1110000 819.2
1115000 831.2
1120000 818.8
1125000 815.3
1130000 826.6
1135000 819.7
1140000 820.2
1145000 830.8
1150000 821.8
1155000 823.7
1160000 823.9
1165000 825.3
1170000 824.8
1175000 827.8
1180000 833.6
1185000 825.9
1190000 830.2
1195000 828.7
1200000 825.5
1205000 832.4
1210000 822.2
1215000 818.2
1220000 824.5
1225000 824.8
1230000 826.3
1235000 827.5
1240000 829.3
1245000 831.4
1250000 830.8
1255000 822.3
1260000 825.7
1265000 826.8
1270000 823.8
1275000 824.4
1280000 825.2
1285000 43.1
1290000 460.8
1295000 662.6
1300000 746.7
1305000 753.7
1310000 761.8
1315000 786.9
1320000 798.2
1325000 735.3
1330000 806.1
1335000 818.3
1340000 815.2
1345000 818.0
1350000 827.5
1355000 816.8
1360000 823.4
1365000 823.8
1370000 816.0
1375000 808.9
1380000 815.7
1385000 825.5
1390000 824.9
1395000 828.9
1400000 826.7
1405000 827.6
1410000 819.0
1415000 822.1
1420000 829.9
1425000 818.7
1430000 823.1
1435000 809.9
1440000 824.7
1445000 801.7
1450000 828.5
1455000 821.8
1460000 827.3
1465000 831.5
1470000 836.9
1475000 828.0
1480000 825.6
1485000 833.5
1490000 833.1
1495000 835.9
1500000 828.4
1505000 836.2
1510000 830.8
1515000 826.7
1520000 835.4
1525000 836.8
1530000 832.2
1535000 831.7
1540000 828.1
1545000 826.4
1550000 831.0
1555000 831.5
1560000 834.2
1565000 829.7
1570000 831.7
1575000 837.2
1580000 834.0
1585000 829.5
1590000 838.9
1595000 830.7
1600000 831.2
1605000 30.1
1610000 342.0
1615000 689.4
1620000 662.7
1625000 765.0
1630000 753.1
1635000 735.4
1640000 800.4
1645000 795.1
1650000 813.6
1655000 822.3
1660000 822.9
1665000 829.5
1670000 826.0
1675000 811.4
1680000 821.1
1685000 818.5
1690000 825.2
1695000 813.6
1700000 829.1
1705000 819.3
1710000 816.1
1715000 824.9
1720000 824.0
1725000 824.8
1730000 837.8
1735000 828.2
1740000 827.0
1745000 829.1
1750000 831.4
1755000 826.0
1760000 827.4
1765000 836.6
1770000 824.4
1775000 826.9
1780000 831.4
1785000 832.3
1790000 799.7
1795000 826.6
1800000 824.5
1805000 830.3
1810000 830.2
1815000 830.3
1820000 831.1
1825000 833.3
1830000 836.8
1835000 831.1
1840000 837.9
1845000 829.0
1850000 834.6
1855000 831.7
1860000 832.6
1865000 823.6
1870000 838.4
1875000 832.4
1880000 839.2
1885000 834.5
1890000 830.3
1895000 827.3
1900000 832.3
1905000 827.8
1910000 831.1
1915000 834.9
1920000 837.1
1925000 836.7
1930000 835.2
1935000 832.4
1940000 836.4
1945000 831.0
1950000 830.2
1955000 835.8
1960000 833.7
1965000 833.1
1970000 839.3
1975000 836.6
1980000 834.2
1985000 836.2
1990000 836.3
1995000 842.1
2000000 832.5
