5000 300.0
10000 400.0
15000 450.4
20000 90.7
25000 458.2
30000 588.1
35000 563.7
40000 520.1
45000 368.7
50000 381.4
55000 442.8
60000 581.3
65000 791.8
70000 747.2
75000 665.5
80000 690.2
85000 391.7
90000 675.1
95000 954.9
100000 855.6
105000 781.7
110000 491.1
115000 772.6
120000 549.3
125000 699.8
130000 670.3
135000 682.4
140000 877.4
145000 786.4
150000 762.8
155000 856.0
160000 674.9
165000 867.6
170000 576.2
175000 674.6
180000 593.2
185000 871.5
190000 680.2
195000 895.1
200000 960.7
205000 793.1
210000 865.0
215000 780.8
220000 802.2
225000 881.3
230000 870.4
235000 974.7
240000 980.6
245000 751.8
250000 871.1
255000 875.2
260000 968.8
265000 978.5
270000 784.7
275000 868.8
280000 987.9
285000 978.2
290000 881.7
295000 779.8
300000 772.4
305000 782.9
310000 960.0
315000 971.9
320000 968.9
325000 791.0
330000 780.7
335000 960.1
340000 974.9
345000 972.2
350000 956.9
355000 780.5
360000 980.1
365000 971.1
370000 982.9
375000 681.8
380000 871.3
385000 868.7
390000 877.9
395000 982.6
400000 807.0
405000 968.8
410000 990.7
415000 966.6
420000 871.6
425000 878.3
430000 973.6
435000 976.5
440000 783.2
445000 975.3
450000 979.4
455000 969.5
460000 986.7
465000 974.3
470000 980.0
475000 879.9
480000 877.2
485000 395.6
490000 878.4
495000 981.9
500000 884.9
505000 962.2
510000 982.9
515000 958.4
520000 979.2
525000 982.8
530000 971.5
535000 979.6
540000 977.1
545000 974.7
550000 977.3
555000 881.4
560000 981.0
565000 846.4
570000 980.0
575000 877.5
580000 977.6
585000 983.9
590000 948.7
595000 778.8
600000 684.5
605000 976.1
610000 980.9
615000 967.2
620000 986.7
625000 886.2
630000 970.2
635000 977.7
640000 979.6
645000 768.0
650000 692.5
655000 876.9
660000 768.0
665000 978.3
670000 887.1
675000 977.8
680000 969.5
685000 981.9
690000 975.6
695000 983.8
700000 981.5
705000 974.4
710000 977.4
715000 981.2
720000 966.9
725000 570.0
730000 829.3
735000 972.1
740000 976.6
745000 978.5
750000 876.7
755000 985.7
760000 976.6
765000 976.2
770000 879.4
775000 887.9
780000 870.9
785000 965.9
790000 966.9
795000 975.8
800000 981.5
805000 848.7
810000 963.9
815000 977.8
820000 987.6
825000 884.4
830000 983.6
835000 986.7
840000 982.6
845000 879.6
850000 983.8
855000 976.5
860000 882.6
865000 888.5
870000 883.0
875000 981.3
880000 974.5
885000 780.4
890000 760.9
895000 884.8
900000 862.8
905000 881.8
910000 970.3
915000 889.4
920000 990.4
925000 880.0
930000 884.6
935000 982.7
940000 972.8
945000 962.6
950000 968.0
955000 971.5
960000 973.3
965000 871.1
970000 973.0
975000 884.2
980000 974.7
985000 983.0
990000 981.9
995000 979.1
1000000 975.8
1005000 986.5
1010000 983.9
1015000 884.1
1020000 976.1
1025000 988.6
1030000 987.1
1035000 967.6
1040000 982.4
1045000 500.0
1050000 876.3
1055000 985.6
1060000 872.7
1065000 884.0
1070000 978.2
1075000 985.2
1080000 888.0
1085000 987.8
1090000 976.9
1095000 985.5
1100000 985.7
1105000 975.9
1110000 979.8
1115000 983.2
1120000 982.1
1125000 655.7
1130000 962.4
1135000 984.3
1140000 885.4
1145000 978.2
1150000 976.2
1155000 980.3
1160000 885.9
1165000 885.4
1170000 888.1
1175000 959.6
1180000 980.5
1185000 979.3
1190000 962.5
1195000 980.4
1200000 988.7
1205000 790.2
1210000 868.0
1215000 977.2
1220000 977.2
1225000 986.3
1230000 880.4
1235000 981.9
1240000 980.0
1245000 982.6
1250000 975.1
1255000 980.0
1260000 982.5
1265000 885.8
1270000 875.8
1275000 886.8
1280000 885.7
1285000 669.0
1290000 878.0
1295000 882.7
1300000 791.4
1305000 883.1
1310000 879.7
1315000 883.8
1320000 965.3
1325000 976.8
1330000 879.6
1335000 882.2
1340000 886.3
1345000 970.0
1350000 970.1
1355000 980.7
1360000 986.9
1365000 376.3
1370000 586.5
1375000 981.7
1380000 783.3
1385000 780.6
1390000 886.4
1395000 871.5
1400000 990.3
1405000 981.8
1410000 886.5
1415000 889.5
1420000 886.6
1425000 978.0
1430000 986.8
1435000 992.6
1440000 981.8
1445000 585.2
1450000 784.5
1455000 770.8
1460000 983.3
1465000 878.4
1470000 788.1
1475000 973.4
1480000 974.3
1485000 676.9
1490000 980.2
1495000 986.5
1500000 883.7
1505000 891.7
1510000 972.9
1515000 877.1
1520000 985.6
1525000 484.9
1530000 784.2
1535000 877.4
1540000 885.4
1545000 978.2
1550000 784.1
1555000 978.0
1560000 885.8
1565000 984.9
1570000 887.9
1575000 984.7
1580000 976.5
1585000 981.1
1590000 979.6
1595000 988.7
1600000 976.6
1605000 590.4
1610000 882.1
1615000 982.2
1620000 981.6
1625000 874.5
1630000 980.3
1635000 878.3
1640000 983.2
1645000 783.7
1650000 976.3
1655000 970.8
1660000 980.2
1665000 872.6
1670000 875.5
1675000 954.3
1680000 990.5
1685000 524.2
1690000 782.8
1695000 983.5
1700000 838.7
1705000 972.6
1710000 978.9
1715000 971.5
1720000 880.6
1725000 986.7
1730000 973.3
1735000 985.7
1740000 888.4
1745000 879.5
1750000 983.4
1755000 980.7
1760000 975.2
1765000 667.0
1770000 872.7
1775000 953.7
1780000 783.5
1785000 987.4
1790000 984.7
1795000 985.2
1800000 979.5
1805000 986.9
1810000 884.9
1815000 987.8
1820000 790.2
1825000 879.0
1830000 983.3
1835000 980.4
1840000 883.5
1845000 477.7
1850000 981.5
1855000 777.3
1860000 884.1
1865000 870.8
1870000 974.4
1875000 976.5
1880000 980.4
1885000 981.6
1890000 987.7
1895000 885.4
1900000 984.6
1905000 985.8
1910000 984.5
1915000 886.9
1920000 991.6
1925000 485.4
1930000 979.9
1935000 885.4
1940000 882.9
1945000 973.0
1950000 987.4
1955000 979.7
1960000 978.6
1965000 977.6
1970000 887.6
1975000 964.2
1980000 879.9
1985000 987.8
1990000 982.9
1995000 983.3
2000000 986.4
