5000 96.3
10000 0.0
15000 296.9
20000 196.8
25000 391.9
30000 220.8
35000 571.7
40000 383.5
45000 417.5
50000 581.2
55000 588.5
60000 476.3
65000 545.7
70000 969.0
75000 552.1
80000 660.3
85000 555.0
90000 430.4
95000 881.1
100000 868.1
105000 688.5
110000 777.2
115000 877.9
120000 862.2
125000 787.0
130000 875.7
135000 582.6
140000 674.1
145000 682.7
150000 771.3
155000 775.1
160000 874.5
165000 670.0
170000 698.9
175000 872.2
180000 872.6
185000 967.2
190000 874.2
195000 873.0
200000 877.9
205000 981.6
210000 877.9
215000 862.6
220000 974.0
225000 788.6
230000 869.8
235000 858.9
240000 952.8
245000 679.7
250000 882.8
255000 971.4
260000 781.0
265000 979.9
270000 781.8
275000 964.3
280000 980.1
285000 777.2
290000 879.9
295000 872.8
300000 775.2
305000 941.7
310000 959.7
315000 782.9
320000 968.1
325000 780.3
330000 779.3
335000 876.0
340000 963.8
345000 974.7
350000 968.4
355000 979.7
360000 976.1
365000 870.2
370000 980.8
375000 963.2
380000 970.3
385000 974.0
390000 884.3
395000 867.8
400000 974.9
405000 583.4
410000 979.4
415000 873.2
420000 883.2
425000 684.4
430000 982.7
435000 973.5
440000 970.9
445000 895.0
450000 976.2
455000 875.6
460000 979.7
465000 974.9
470000 877.4
475000 975.8
480000 981.3
485000 682.4
490000 986.1
495000 981.0
500000 978.7
505000 977.6
510000 882.2
515000 976.7
520000 876.9
525000 986.3
530000 979.3
535000 982.0
540000 882.8
545000 978.1
550000 982.3
555000 984.0
560000 985.1
565000 677.7
570000 959.6
575000 982.3
580000 878.8
585000 882.2
590000 981.0
595000 971.0
600000 973.6
605000 880.3
610000 980.7
615000 977.3
620000 974.7
625000 977.8
630000 977.5
635000 803.1
640000 981.4
645000 790.5
650000 682.3
655000 884.2
660000 876.3
665000 980.1
670000 976.2
675000 969.6
680000 979.8
685000 983.0
690000 983.9
695000 879.3
700000 887.1
705000 974.7
710000 981.7
715000 877.3
720000 986.9
725000 977.5
730000 986.1
735000 977.3
740000 983.3
745000 881.5
750000 978.6
755000 979.8
760000 970.9
765000 977.2
770000 974.2
775000 945.0
780000 972.4
785000 971.9
790000 988.2
795000 983.5
800000 986.1
805000 590.2
810000 685.1
815000 871.4
820000 984.8
825000 980.0
830000 882.1
835000 983.9
840000 981.3
845000 987.8
850000 979.9
855000 984.3
860000 984.6
865000 885.1
870000 973.3
875000 990.6
880000 883.4
885000 771.8
890000 783.5
895000 988.5
900000 975.0
905000 784.7
910000 976.7
915000 980.6
920000 875.8
925000 982.1
930000 986.2
935000 980.8
940000 977.0
945000 986.3
950000 986.9
955000 983.2
960000 975.1
965000 721.5
970000 967.1
975000 881.9
980000 877.0
985000 978.1
990000 877.9
995000 978.6
1000000 991.0
1005000 974.4
1010000 887.5
1015000 881.2
1020000 983.0
1025000 984.1
1030000 981.6
1035000 979.7
1040000 887.4
1045000 399.8
1050000 987.6
1055000 779.6
1060000 987.1
1065000 886.7
1070000 979.3
1075000 985.3
1080000 988.8
1085000 985.3
1090000 985.7
1095000 975.1
1100000 982.9
1105000 983.4
1110000 982.8
1115000 979.6
1120000 982.0
1125000 383.9
1130000 684.9
1135000 878.0
1140000 972.1
1145000 983.0
1150000 983.2
1155000 977.4
1160000 875.2
1165000 988.8
1170000 879.6
1175000 936.3
1180000 967.1
1185000 982.4
1190000 980.0
1195000 883.3
1200000 980.8
1205000 558.9
1210000 886.4
1215000 878.5
1220000 796.1
1225000 886.8
1230000 883.9
1235000 878.7
1240000 888.3
1245000 965.4
1250000 983.2
1255000 885.2
1260000 982.0
1265000 982.3
1270000 983.1
1275000 980.4
1280000 987.0
1285000 579.8
1290000 811.2
1295000 863.7
1300000 986.4
1305000 980.6
1310000 885.0
1315000 970.1
1320000 984.3
1325000 979.5
1330000 976.8
1335000 977.6
1340000 881.4
1345000 972.7
1350000 987.9
1355000 970.0
1360000 984.9
1365000 360.4
1370000 781.4
1375000 879.2
1380000 858.2
1385000 977.2
1390000 983.2
1395000 978.0
1400000 986.4
1405000 986.1
1410000 980.9
1415000 979.5
1420000 980.3
1425000 984.1
1430000 891.2
1435000 985.3
1440000 978.4
1445000 396.1
1450000 874.8
1455000 689.9
1460000 882.4
1465000 780.8
1470000 975.0
1475000 980.4
1480000 972.7
1485000 980.7
1490000 986.7
1495000 981.8
1500000 979.1
1505000 984.7
1510000 983.2
1515000 888.2
1520000 979.5
1525000 675.1
1530000 779.2
1535000 882.1
1540000 971.5
1545000 970.1
1550000 986.2
1555000 976.4
1560000 880.3
1565000 974.6
1570000 989.0
1575000 980.2
1580000 985.2
1585000 979.1
1590000 875.7
1595000 979.0
1600000 983.8
1605000 565.1
1610000 654.4
1615000 881.0
1620000 982.7
1625000 882.7
1630000 984.6
1635000 979.0
1640000 980.5
1645000 882.3
1650000 972.6
1655000 978.4
1660000 978.5
1665000 984.1
1670000 982.7
1675000 888.5
1680000 981.5
1685000 467.2
1690000 981.2
1695000 887.9
1700000 977.7
1705000 888.0
1710000 978.0
1715000 977.2
1720000 984.7
1725000 979.8
1730000 979.8
1735000 977.0
1740000 985.7
1745000 983.5
1750000 982.6
1755000 978.9
1760000 975.7
1765000 484.8
1770000 879.6
1775000 972.9
1780000 979.7
1785000 882.4
1790000 982.1
1795000 886.6
1800000 967.4
1805000 984.1
1810000 986.7
1815000 887.6
1820000 979.4
1825000 974.9
1830000 984.1
1835000 979.0
1840000 982.3
1845000 686.1
1850000 779.4
1855000 788.1
1860000 982.0
1865000 982.4
1870000 985.8
1875000 980.9
1880000 982.4
1885000 791.4
1890000 978.1
1895000 987.5
1900000 985.3
1905000 985.4
1910000 974.3
1915000 881.1
1920000 882.9
1925000 593.7
1930000 787.4
1935000 783.8
1940000 970.1
1945000 981.7
1950000 792.8
1955000 979.0
1960000 982.6
1965000 976.8
1970000 976.2
1975000 980.7
1980000 785.7
1985000 981.1
1990000 982.7
1995000 982.1
2000000 880.7
