5000 100.0
10000 100.0
15000 93.7
20000 433.0
25000 305.2
30000 556.6
35000 406.2
40000 476.6
45000 500.4
50000 323.7
55000 209.6
60000 484.7
65000 693.0
70000 747.8
75000 568.3
80000 591.0
85000 378.0
90000 785.4
95000 585.8
100000 592.6
105000 696.3
110000 975.6
115000 664.1
120000 846.2
125000 737.7
130000 577.7
135000 759.8
140000 785.2
145000 877.9
150000 870.4
155000 865.3
160000 964.2
165000 767.5
170000 780.4
175000 745.1
180000 866.2
185000 933.7
190000 772.9
195000 887.9
200000 879.6
205000 773.6
210000 873.0
215000 797.1
220000 877.9
225000 879.8
230000 961.8
235000 966.3
240000 840.1
245000 768.1
250000 767.0
255000 759.5
260000 872.5
265000 782.0
270000 773.2
275000 964.0
280000 975.4
285000 964.2
290000 816.7
295000 867.6
300000 875.0
305000 974.2
310000 978.6
315000 981.3
320000 979.0
325000 667.1
330000 770.1
335000 875.1
340000 785.4
345000 775.7
350000 973.9
355000 888.4
360000 974.7
365000 873.2
370000 974.5
375000 882.6
380000 968.1
385000 878.1
390000 968.0
395000 970.5
400000 972.6
405000 718.6
410000 877.0
415000 973.6
420000 866.8
425000 984.9
430000 886.2
435000 973.7
440000 980.7
445000 968.6
450000 975.6
455000 877.0
460000 975.3
465000 877.4
470000 687.4
475000 880.5
480000 981.7
485000 648.7
490000 973.7
495000 970.9
500000 976.6
505000 972.9
510000 974.7
515000 980.0
520000 884.2
525000 974.5
530000 979.2
535000 982.6
540000 875.7
545000 985.6
550000 974.1
555000 986.8
560000 973.1
565000 820.1
570000 972.6
575000 973.4
580000 888.8
585000 876.1
590000 983.7
595000 977.5
600000 976.4
605000 974.5
610000 982.5
615000 981.5
620000 977.2
625000 980.3
630000 970.6
635000 971.5
640000 968.2
645000 975.1
650000 859.9
655000 980.4
660000 982.4
665000 876.4
670000 984.6
675000 880.5
680000 981.1
685000 875.2
690000 887.1
695000 980.6
700000 976.2
705000 980.3
710000 980.6
715000 978.1
720000 975.1
725000 631.4
730000 983.5
735000 782.3
740000 957.6
745000 971.8
750000 977.9
755000 975.8
760000 973.8
765000 980.5
770000 986.0
775000 981.7
780000 978.0
785000 878.8
790000 981.4
795000 979.6
800000 986.1
805000 755.5
810000 879.7
815000 974.7
820000 982.2
825000 876.8
830000 978.8
835000 972.1
840000 979.5
845000 979.3
850000 785.5
855000 970.6
860000 980.0
865000 975.9
870000 984.5
875000 983.1
880000 981.4
885000 529.2
890000 778.6
895000 877.3
900000 981.5
905000 981.5
910000 873.4
915000 990.0
920000 973.9
925000 977.9
930000 981.8
935000 977.6
940000 965.2
945000 991.0
950000 983.1
955000 985.6
960000 879.7
965000 579.9
970000 876.6
975000 977.6
980000 873.1
985000 980.9
990000 986.1
995000 883.8
1000000 879.3
1005000 981.5
1010000 970.8
1015000 973.2
1020000 982.0
1025000 977.0
1030000 984.4
1035000 975.1
1040000 980.8
1045000 483.4
1050000 584.2
1055000 871.4
1060000 977.0
1065000 974.5
1070000 884.7
1075000 981.5
1080000 968.5
1085000 972.7
1090000 979.1
1095000 988.0
1100000 980.4
1105000 969.5
1110000 977.7
1115000 980.6
1120000 980.4
1125000 395.1
1130000 881.0
1135000 682.8
1140000 972.2
1145000 686.2
1150000 883.3
1155000 916.9
1160000 789.5
1165000 976.4
1170000 983.1
1175000 784.6
1180000 982.5
1185000 969.0
1190000 971.1
1195000 974.7
1200000 985.1
1205000 779.0
1210000 874.6
1215000 778.4
1220000 971.3
1225000 986.0
1230000 859.4
1235000 979.5
1240000 758.6
1245000 888.0
1250000 981.5
1255000 991.4
1260000 878.7
1265000 892.7
1270000 981.7
1275000 972.3
1280000 964.8
1285000 347.8
1290000 881.1
1295000 774.7
1300000 891.1
1305000 985.3
1310000 880.8
1315000 982.3
1320000 869.2
1325000 978.8
1330000 970.3
1335000 939.0
1340000 887.1
1345000 974.5
1350000 965.0
1355000 979.4
1360000 877.6
1365000 397.5
1370000 764.6
1375000 882.4
1380000 866.8
1385000 886.7
1390000 779.1
1395000 981.3
1400000 983.1
1405000 973.1
1410000 984.2
1415000 977.6
1420000 887.2
1425000 875.2
1430000 984.7
1435000 979.6
1440000 885.6
1445000 583.5
1450000 880.2
1455000 973.4
1460000 881.9
1465000 979.8
1470000 976.0
1475000 876.1
1480000 881.7
1485000 782.9
1490000 981.1
1495000 981.4
1500000 885.7
1505000 979.9
1510000 969.2
1515000 971.7
1520000 988.9
1525000 731.5
1530000 778.1
1535000 697.3
1540000 968.0
1545000 982.7
1550000 974.4
1555000 985.1
1560000 986.9
1565000 982.0
1570000 935.6
1575000 975.9
1580000 981.2
1585000 973.8
1590000 977.7
1595000 975.6
1600000 971.0
1605000 472.0
1610000 878.3
1615000 962.7
1620000 984.1
1625000 888.1
1630000 875.4
1635000 981.2
1640000 983.9
1645000 983.7
1650000 979.7
1655000 985.6
1660000 885.0
1665000 985.7
1670000 969.4
1675000 983.2
1680000 983.1
1685000 569.6
1690000 690.0
1695000 971.9
1700000 773.6
1705000 986.2
1710000 880.6
1715000 973.2
1720000 980.4
1725000 979.9
1730000 980.3
1735000 990.5
1740000 967.7
1745000 978.0
1750000 971.5
1755000 990.1
1760000 976.8
1765000 780.9
1770000 976.7
1775000 885.2
1780000 988.3
1785000 900.9
1790000 873.8
1795000 984.1
1800000 871.1
1805000 977.0
1810000 973.0
1815000 979.9
1820000 978.1
1825000 968.3
1830000 991.5
1835000 978.5
1840000 981.1
1845000 570.1
1850000 978.7
1855000 871.7
1860000 982.6
1865000 883.5
1870000 972.5
1875000 986.6
1880000 878.5
1885000 973.0
1890000 881.9
1895000 984.0
1900000 976.6
1905000 972.5
1910000 777.9
1915000 982.9
1920000 979.8
1925000 586.3
1930000 987.6
1935000 878.1
1940000 935.7
1945000 982.7
1950000 986.7
1955000 976.6
1960000 972.8
1965000 977.5
1970000 888.9
1975000 974.1
1980000 978.2
1985000 968.3
1990000 984.3
1995000 980.6
2000000 967.6
