5000 200.0
10000 200.0
15000 400.0
20000 1.2
25000 230.3
30000 289.0
35000 481.3
40000 449.6
45000 291.5
50000 299.3
55000 298.6
60000 288.0
65000 584.7
70000 568.0
75000 668.2
80000 664.2
85000 680.2
90000 386.2
95000 872.2
100000 491.4
105000 678.3
110000 683.6
115000 776.1
120000 761.3
125000 773.1
130000 775.4
135000 758.0
140000 869.9
145000 928.1
150000 776.7
155000 750.1
160000 958.9
165000 767.9
170000 682.0
175000 853.4
180000 670.1
185000 972.8
190000 952.6
195000 972.0
200000 968.4
205000 967.9
210000 965.1
215000 868.4
220000 871.3
225000 862.4
230000 979.0
235000 842.3
240000 856.2
245000 769.5
250000 865.7
255000 955.0
260000 966.1
265000 956.8
270000 874.9
275000 975.0
280000 971.7
285000 974.0
290000 871.0
295000 857.3
300000 977.0
305000 833.1
310000 770.9
315000 872.0
320000 887.3
325000 766.4
330000 868.2
335000 870.6
340000 781.9
345000 890.7
350000 863.5
355000 784.4
360000 871.0
365000 880.3
370000 883.7
375000 879.5
380000 975.6
385000 996.7
390000 970.3
395000 972.8
400000 884.1
405000 957.8
410000 882.0
415000 972.0
420000 973.5
425000 885.4
430000 979.0
435000 878.2
440000 880.3
445000 965.4
450000 779.7
455000 983.8
460000 972.9
465000 948.4
470000 973.1
475000 965.7
480000 883.2
485000 971.5
490000 981.3
495000 969.8
500000 983.5
505000 981.0
510000 987.2
515000 980.5
520000 984.5
525000 973.1
530000 979.1
535000 977.1
540000 975.7
545000 972.7
550000 981.5
555000 983.5
560000 966.0
565000 582.0
570000 786.7
575000 976.3
580000 876.7
585000 887.3
590000 981.6
595000 887.6
600000 875.4
605000 978.7
610000 977.0
615000 880.2
620000 976.2
625000 887.0
630000 983.9
635000 978.7
640000 981.1
645000 679.8
650000 874.1
655000 972.4
660000 975.6
665000 982.1
670000 973.3
675000 985.0
680000 788.3
685000 967.4
690000 879.1
695000 887.3
700000 986.5
705000 865.7
710000 971.0
715000 977.9
720000 981.5
725000 957.7
730000 682.6
735000 885.0
740000 975.3
745000 985.0
750000 944.1
755000 980.6
760000 970.8
765000 982.7
770000 972.4
775000 982.7
780000 971.4
785000 877.5
790000 980.4
795000 979.2
800000 987.3
805000 872.9
810000 974.2
815000 874.1
820000 977.7
825000 969.2
830000 971.5
835000 883.2
840000 980.1
845000 975.4
850000 785.8
855000 980.2
860000 975.1
865000 975.7
870000 978.2
875000 874.0
880000 987.6
885000 674.9
890000 982.3
895000 866.0
900000 981.3
905000 884.1
910000 885.9
915000 976.7
920000 983.2
925000 983.4
930000 975.7
935000 984.1
940000 981.7
945000 981.2
950000 972.6
955000 982.4
960000 982.0
965000 683.8
970000 979.4
975000 978.0
980000 981.2
985000 975.8
990000 984.2
995000 973.9
1000000 981.8
1005000 989.2
1010000 880.9
1015000 977.7
1020000 987.4
1025000 977.5
1030000 974.8
1035000 979.8
1040000 983.5
1045000 794.9
1050000 977.6
1055000 786.6
1060000 848.7
1065000 877.5
1070000 782.8
1075000 883.5
1080000 784.5
1085000 978.8
1090000 976.6
1095000 883.8
1100000 977.3
1105000 886.2
1110000 877.7
1115000 980.4
1120000 986.5
1125000 295.2
1130000 780.6
1135000 691.0
1140000 778.6
1145000 981.2
1150000 782.3
1155000 886.0
1160000 783.4
1165000 977.0
1170000 983.2
1175000 974.8
1180000 794.5
1185000 974.3
1190000 886.3
1195000 988.6
1200000 788.8
1205000 486.6
1210000 773.3
1215000 863.4
1220000 884.4
1225000 788.2
1230000 987.0
1235000 981.4
1240000 882.4
1245000 985.2
1250000 983.4
1255000 873.2
1260000 983.7
1265000 782.2
1270000 978.5
1275000 975.0
1280000 872.2
1285000 186.2
1290000 984.0
1295000 581.9
1300000 984.9
1305000 974.3
1310000 878.3
1315000 975.4
1320000 981.9
1325000 988.3
1330000 877.7
1335000 983.9
1340000 881.6
1345000 978.8
1350000 881.8
1355000 974.4
1360000 981.6
1365000 738.9
1370000 870.7
1375000 981.8
1380000 773.2
1385000 977.2
1390000 789.0
1395000 976.6
1400000 876.5
1405000 981.7
1410000 985.6
1415000 981.4
1420000 879.8
1425000 985.3
1430000 986.0
1435000 877.3
1440000 978.1
1445000 569.2
1450000 787.0
1455000 962.8
1460000 973.5
1465000 882.3
1470000 978.8
1475000 978.3
1480000 980.0
1485000 985.5
1490000 979.4
1495000 869.0
1500000 982.2
1505000 884.6
1510000 976.3
1515000 986.3
1520000 980.7
1525000 304.6
1530000 777.3
1535000 962.4
1540000 882.7
1545000 983.0
1550000 974.3
1555000 983.6
1560000 971.3
1565000 782.0
1570000 980.8
1575000 883.0
1580000 983.5
1585000 978.6
1590000 981.3
1595000 981.9
1600000 978.4
1605000 365.1
1610000 783.9
1615000 884.4
1620000 980.0
1625000 882.2
1630000 883.9
1635000 980.2
1640000 883.6
1645000 983.1
1650000 984.0
1655000 981.7
1660000 944.7
1665000 984.1
1670000 988.8
1675000 979.9
1680000 977.4
1685000 671.2
1690000 801.7
1695000 880.8
1700000 956.1
1705000 988.9
1710000 879.3
1715000 983.2
1720000 979.0
1725000 876.6
1730000 847.8
1735000 789.1
1740000 984.8
1745000 976.3
1750000 977.0
1755000 970.5
1760000 974.5
1765000 350.0
1770000 684.5
1775000 950.9
1780000 977.4
1785000 970.7
1790000 774.4
1795000 980.7
1800000 984.6
1805000 895.1
1810000 979.9
1815000 879.6
1820000 985.3
1825000 974.2
1830000 981.9
1835000 983.5
1840000 985.2
1845000 197.8
1850000 681.9
1855000 981.2
1860000 984.9
1865000 980.0
1870000 887.7
1875000 880.2
1880000 979.6
1885000 980.9
1890000 888.9
1895000 886.8
1900000 979.4
1905000 964.4
1910000 881.9
1915000 975.0
1920000 978.6
1925000 631.8
1930000 887.7
1935000 592.2
1940000 976.4
1945000 976.6
1950000 981.9
1955000 789.4
1960000 973.4
1965000 783.0
1970000 982.2
1975000 986.8
1980000 986.6
1985000 877.4
1990000 888.1
1995000 886.9
2000000 982.3
