5000 297.4
10000 300.0
15000 109.7
20000 284.0
25000 487.3
30000 414.5
35000 297.8
40000 392.5
45000 100.0
50000 388.8
55000 388.1
60000 284.9
65000 596.4
70000 494.7
75000 465.7
80000 281.9
85000 155.3
90000 296.8
95000 578.0
100000 580.1
105000 778.4
110000 727.7
115000 654.6
120000 865.9
125000 639.7
130000 747.1
135000 968.3
140000 973.3
145000 872.7
150000 682.8
155000 880.6
160000 496.0
165000 565.2
170000 832.0
175000 776.8
180000 867.3
185000 776.3
190000 774.7
195000 860.4
200000 977.2
205000 977.0
210000 950.1
215000 971.4
220000 968.3
225000 878.9
230000 838.3
235000 986.6
240000 779.9
245000 592.3
250000 972.2
255000 681.5
260000 974.2
265000 683.8
270000 971.2
275000 980.4
280000 976.5
285000 866.9
290000 976.5
295000 887.7
300000 976.4
305000 887.8
310000 976.3
315000 975.2
320000 981.4
325000 578.2
330000 884.9
335000 771.8
340000 988.0
345000 978.4
350000 977.0
355000 986.0
360000 986.5
365000 880.7
370000 964.4
375000 951.1
380000 882.1
385000 973.2
390000 980.9
395000 977.6
400000 978.1
405000 872.6
410000 954.1
415000 980.9
420000 872.4
425000 872.5
430000 985.2
435000 976.0
440000 975.6
445000 877.0
450000 983.7
455000 977.3
460000 985.5
465000 976.4
470000 981.9
475000 873.1
480000 980.1
485000 702.2
490000 962.4
495000 986.6
500000 883.0
505000 887.9
510000 877.7
515000 969.1
520000 982.0
525000 984.7
530000 981.1
535000 983.7
540000 976.6
545000 883.0
550000 688.2
555000 977.4
560000 988.6
565000 686.7
570000 874.4
575000 991.5
580000 975.3
585000 983.9
590000 989.3
595000 856.1
600000 982.0
605000 875.1
610000 975.1
615000 991.3
620000 875.4
625000 883.5
630000 976.2
635000 881.5
640000 970.8
645000 770.9
650000 785.5
655000 983.4
660000 878.9
665000 983.1
670000 956.9
675000 887.7
680000 980.2
685000 988.9
690000 981.7
695000 968.4
700000 985.2
705000 985.7
710000 880.1
715000 978.0
720000 969.6
725000 544.9
730000 875.7
735000 784.4
740000 980.0
745000 873.1
750000 994.0
755000 982.4
760000 984.7
765000 978.3
770000 879.5
775000 986.7
780000 973.6
785000 974.7
790000 971.9
795000 983.7
800000 984.6
805000 965.2
810000 983.2
815000 861.7
820000 975.6
825000 975.2
830000 881.9
835000 977.6
840000 973.7
845000 882.0
850000 975.9
855000 979.8
860000 981.4
865000 973.7
870000 971.4
875000 979.3
880000 975.8
885000 687.6
890000 898.7
895000 968.2
900000 980.4
905000 879.0
910000 977.8
915000 979.1
920000 975.7
925000 985.5
930000 968.9
935000 985.1
940000 884.7
945000 981.8
950000 873.1
955000 870.0
960000 981.7
965000 588.7
970000 974.2
975000 884.2
980000 973.5
985000 982.7
990000 880.0
995000 980.9
1000000 979.2
1005000 983.8
1010000 985.9
1015000 977.9
1020000 982.9
1025000 984.2
1030000 876.1
1035000 978.8
1040000 972.3
1045000 575.3
1050000 664.5
1055000 879.7
1060000 973.9
1065000 976.0
1070000 985.0
1075000 964.5
1080000 884.6
1085000 975.2
1090000 969.6
1095000 975.4
1100000 979.0
1105000 980.3
1110000 977.1
1115000 988.2
1120000 979.7
1125000 490.1
1130000 880.7
1135000 880.3
1140000 978.4
1145000 981.6
1150000 877.9
1155000 962.3
1160000 975.1
1165000 776.1
1170000 979.2
1175000 981.2
1180000 789.4
1185000 980.2
1190000 880.4
1195000 876.4
1200000 986.9
1205000 390.6
1210000 580.7
1215000 969.8
1220000 979.2
1225000 782.1
1230000 978.2
1235000 980.5
1240000 974.4
1245000 884.3
1250000 974.0
1255000 985.6
1260000 872.6
1265000 887.1
1270000 882.2
1275000 972.5
1280000 882.0
1285000 979.7
1290000 882.6
1295000 890.5
1300000 876.6
1305000 972.7
1310000 972.9
1315000 977.9
1320000 981.0
1325000 975.5
1330000 875.9
1335000 977.1
1340000 979.7
1345000 985.5
1350000 972.2
1355000 987.7
1360000 780.7
1365000 638.7
1370000 883.4
1375000 964.6
1380000 980.3
1385000 965.6
1390000 981.9
1395000 982.0
1400000 877.0
1405000 876.7
1410000 977.4
1415000 977.2
1420000 986.3
1425000 887.9
1430000 977.6
1435000 981.7
1440000 983.0
1445000 583.8
1450000 496.3
1455000 872.9
1460000 984.6
1465000 979.6
1470000 989.3
1475000 985.9
1480000 879.3
1485000 975.2
1490000 986.4
1495000 970.9
1500000 880.3
1505000 974.8
1510000 980.0
1515000 878.1
1520000 686.7
1525000 482.3
1530000 858.7
1535000 884.1
1540000 885.0
1545000 676.3
1550000 876.6
1555000 875.4
1560000 974.9
1565000 976.0
1570000 984.5
1575000 981.5
1580000 981.0
1585000 970.3
1590000 986.5
1595000 975.1
1600000 976.4
1605000 742.3
1610000 690.9
1615000 888.3
1620000 780.4
1625000 869.5
1630000 689.2
1635000 979.3
1640000 981.1
1645000 980.5
1650000 884.1
1655000 878.0
1660000 978.8
1665000 987.1
1670000 972.5
1675000 881.6
1680000 982.0
1685000 459.5
1690000 591.2
1695000 879.3
1700000 884.1
1705000 887.9
1710000 980.8
1715000 981.0
1720000 985.0
1725000 988.5
1730000 977.6
1735000 889.8
1740000 986.1
1745000 855.7
1750000 973.3
1755000 980.8
1760000 979.3
1765000 775.8
1770000 866.5
1775000 982.7
1780000 977.1
1785000 979.6
1790000 876.7
1795000 977.0
1800000 984.7
1805000 982.3
1810000 982.7
1815000 982.3
1820000 983.4
1825000 983.5
1830000 978.1
1835000 887.3
1840000 966.8
1845000 571.7
1850000 565.0
1855000 768.6
1860000 579.6
1865000 877.9
1870000 863.8
1875000 781.4
1880000 978.6
1885000 778.0
1890000 973.3
1895000 981.9
1900000 981.2
1905000 976.9
1910000 985.3
1915000 980.0
1920000 961.9
1925000 475.7
1930000 776.8
1935000 685.6
1940000 968.6
1945000 984.3
1950000 877.4
1955000 870.7
1960000 889.2
1965000 974.9
1970000 978.7
1975000 981.2
1980000 968.2
1985000 980.6
1990000 866.4
1995000 888.9
2000000 976.8
