5000 47.3
10000 63.5
15000 122.0
20000 59.0
25000 152.5
30000 60.3
35000 109.3
40000 60.3
45000 202.7
50000 46.1
55000 58.9
60000 180.3
65000 23.2
70000 78.5
75000 83.3
80000 38.9
85000 38.3
90000 81.4
95000 105.2
100000 133.3
105000 137.6
110000 139.0
115000 147.3
120000 154.0
125000 175.5
130000 177.8
135000 155.4
140000 183.4
145000 182.2
150000 168.4
155000 201.5
160000 234.9
165000 159.2
170000 381.1
175000 487.1
180000 455.7
185000 462.6
190000 387.3
195000 331.8
200000 486.2
205000 550.5
210000 477.0
215000 540.6
220000 596.2
225000 637.4
230000 603.7
235000 644.2
240000 655.3
245000 591.6
250000 658.5
255000 647.0
260000 689.2
265000 701.1
270000 692.8
275000 721.0
280000 726.6
285000 721.7
290000 712.7
295000 725.9
300000 703.4
305000 699.5
310000 723.8
315000 670.7
320000 646.4
325000 631.2
330000 716.4
335000 700.4
340000 745.3
345000 679.7
350000 773.1
355000 769.9
360000 789.0
365000 797.7
370000 764.8
375000 742.4
380000 790.0
385000 745.7
390000 784.5
395000 810.0
400000 770.4
405000 764.9
410000 748.3
415000 770.7
420000 789.1
425000 805.0
430000 780.8
435000 813.6
440000 807.3
445000 797.3
450000 808.6
455000 806.9
460000 816.1
465000 779.7
470000 841.8
475000 731.9
480000 823.3
485000 628.2
490000 831.5
495000 847.5
500000 849.7
505000 842.2
510000 843.5
515000 859.0
520000 841.3
525000 852.6
530000 852.7
535000 839.9
540000 835.9
545000 858.3
550000 835.8
555000 861.0
560000 843.5
565000 869.7
570000 834.7
575000 846.2
580000 857.7
585000 881.7
590000 864.4
595000 852.1
600000 869.5
605000 872.2
610000 818.9
615000 836.6
620000 895.5
625000 868.1
630000 863.6
635000 869.9
640000 876.0
645000 676.3
650000 809.4
655000 834.5
660000 861.3
665000 825.7
670000 837.7
675000 872.3
680000 848.2
685000 874.2
690000 891.6
695000 869.8
700000 882.8
705000 884.3
710000 869.0
715000 866.9
720000 874.0
725000 881.8
730000 864.5
735000 863.0
740000 871.7
745000 865.3
750000 895.5
755000 878.7
760000 885.5
765000 877.8
770000 895.1
775000 885.9
780000 885.8
785000 892.4
790000 890.5
795000 893.8
800000 873.3
805000 651.5
810000 818.6
815000 824.2
820000 858.6
825000 864.2
830000 878.3
835000 882.3
840000 848.3
845000 860.7
850000 892.2
855000 889.5
860000 910.9
865000 915.7
870000 898.2
875000 905.6
880000 911.3
885000 907.5
890000 897.8
895000 905.3
900000 908.4
905000 893.6
910000 909.7
915000 901.8
920000 911.2
925000 926.3
930000 915.4
935000 892.7
940000 907.6
945000 909.6
950000 920.2
955000 915.2
960000 891.2
965000 686.1
970000 845.5
975000 858.6
980000 880.0
985000 889.3
990000 873.4
995000 891.9
1000000 890.1
1005000 886.6
1010000 890.8
1015000 897.9
1020000 906.2
1025000 915.7
1030000 910.0
1035000 927.1
1040000 917.7
1045000 919.1
1050000 901.0
1055000 905.1
1060000 904.0
1065000 916.8
1070000 911.3
1075000 921.0
1080000 930.7
1085000 905.3
1090000 905.9
1095000 928.9
1100000 893.1
1105000 921.5
1110000 924.4
1115000 915.4
1120000 927.2
1125000 776.3
1130000 863.3
1135000 842.9
1140000 887.2
1145000 892.8
1150000 906.0
1155000 901.6
1160000 912.1
1165000 911.7
1170000 908.1
1175000 910.3
1180000 925.7
1185000 928.9
1190000 916.2
1195000 916.4
1200000 924.8
1205000 929.4
1210000 931.1
1215000 923.7
1220000 933.7
1225000 939.4
1230000 914.0
1235000 936.8
1240000 923.2
1245000 924.6
1250000 933.6
1255000 919.3
1260000 923.6
1265000 926.5
1270000 926.2
1275000 932.6
1280000 919.7
1285000 671.3
1290000 804.2
1295000 893.0
1300000 867.0
1305000 899.1
1310000 885.9
1315000 920.2
1320000 904.5
1325000 915.0
1330000 903.7
1335000 914.7
1340000 902.5
1345000 927.4
1350000 935.8
1355000 936.4
1360000 919.3
1365000 918.2
1370000 929.8
1375000 912.0
1380000 920.2
1385000 932.9
1390000 935.0
1395000 903.9
1400000 895.7
1405000 915.6
1410000 934.7
1415000 919.0
1420000 879.2
1425000 893.1
1430000 928.3
1435000 931.6
1440000 930.2
1445000 723.1
1450000 855.3
1455000 855.0
1460000 891.0
1465000 881.9
1470000 909.7
1475000 874.4
1480000 879.5
1485000 890.0
1490000 930.7
1495000 929.5
1500000 818.6
1505000 916.6
1510000 860.9
1515000 893.9
1520000 917.3
1525000 926.9
1530000 934.1
1535000 922.3
1540000 929.8
1545000 904.3
1550000 910.3
1555000 919.5
1560000 935.2
1565000 920.3
1570000 929.4
1575000 926.3
1580000 936.3
1585000 934.6
1590000 927.7
1595000 929.1
1600000 930.6
1605000 571.6
1610000 877.1
1615000 839.6
1620000 890.0
1625000 856.9
1630000 870.8
1635000 896.9
1640000 924.1
1645000 907.9
1650000 903.6
1655000 925.2
1660000 941.3
1665000 924.7
1670000 911.3
1675000 940.0
1680000 922.1
1685000 912.8
1690000 919.6
1695000 932.0
1700000 912.6
1705000 923.4
1710000 950.8
1715000 916.5
1720000 937.1
1725000 918.4
1730000 911.3
1735000 938.8
1740000 927.5
1745000 941.1
1750000 919.1
1755000 930.4
1760000 931.7
1765000 634.2
1770000 847.6
1775000 841.7
1780000 881.8
1785000 861.8
1790000 910.3
1795000 888.3
1800000 922.2
1805000 916.7
1810000 922.0
1815000 922.4
1820000 918.1
1825000 927.7
1830000 924.4
1835000 933.3
1840000 892.2
1845000 927.5
1850000 934.3
1855000 921.3
1860000 939.1
1865000 930.3
1870000 929.0
1875000 927.7
1880000 945.8
1885000 938.5
1890000 928.6
1895000 927.8
1900000 918.9
1905000 943.7
1910000 930.2
1915000 947.1
1920000 928.9
1925000 927.7
1930000 915.7
1935000 932.6
1940000 916.0
1945000 927.0
1950000 941.2
1955000 926.6
1960000 926.9
1965000 943.6
1970000 936.5
1975000 926.0
1980000 928.0
1985000 926.9
1990000 940.7
1995000 913.7
2000000 939.6
