5000 40.1
10000 21.4
15000 103.4
20000 151.6
25000 48.0
30000 123.6
35000 61.4
40000 107.5
45000 104.5
50000 6.5
55000 109.0
60000 56.0
65000 16.5
70000 122.0
75000 40.2
80000 87.9
85000 23.6
90000 55.1
95000 111.2
100000 115.7
105000 190.4
110000 159.2
115000 198.7
120000 175.7
125000 153.6
130000 182.3
135000 225.4
140000 178.7
145000 172.6
150000 167.1
155000 224.9
160000 179.3
165000 433.3
170000 383.3
175000 447.7
180000 447.7
185000 363.1
190000 471.9
195000 446.0
200000 428.1
205000 507.7
210000 519.2
215000 557.6
220000 612.6
225000 580.1
230000 580.5
235000 569.3
240000 596.4
245000 654.0
250000 640.5
255000 641.9
260000 671.4
265000 661.2
270000 658.5
275000 557.9
280000 622.0
285000 685.3
290000 729.2
295000 735.3
300000 677.4
305000 727.8
310000 716.8
315000 659.1
320000 750.9
325000 566.8
330000 701.0
335000 764.8
340000 794.1
345000 759.8
350000 796.8
355000 780.5
360000 821.0
365000 837.5
370000 791.1
375000 800.1
380000 814.5
385000 814.3
390000 834.9
395000 814.4
400000 835.3
405000 846.5
410000 860.2
415000 788.4
420000 828.7
425000 837.8
430000 825.2
435000 849.6
440000 855.5
445000 189.4
450000 831.7
455000 843.8
460000 849.2
465000 863.0
470000 861.4
475000 866.8
480000 834.0
485000 490.9
490000 801.9
495000 829.3
500000 854.5
505000 839.6
510000 854.6
515000 873.7
520000 871.8
525000 874.4
530000 876.0
535000 842.2
540000 856.9
545000 878.9
550000 892.8
555000 880.2
560000 902.8
565000 922.0
570000 899.8
575000 881.3
580000 902.8
585000 895.4
590000 913.5
595000 874.9
600000 882.0
605000 929.2
610000 888.7
615000 911.7
620000 902.5
625000 896.4
630000 913.4
635000 919.2
640000 908.4
645000 737.0
650000 740.6
655000 858.6
660000 846.3
665000 880.4
670000 915.8
675000 877.5
680000 895.9
685000 883.7
690000 894.7
695000 880.6
700000 894.0
705000 873.2
710000 868.3
715000 901.1
720000 908.7
725000 902.0
730000 911.9
735000 919.8
740000 938.2
745000 932.1
750000 933.1
755000 909.2
760000 907.5
765000 914.4
770000 923.9
775000 896.3
780000 925.5
785000 909.3
790000 929.8
795000 927.6
800000 917.3
805000 738.5
810000 847.7
815000 890.9
820000 887.7
825000 873.7
830000 919.3
835000 914.0
840000 905.0
845000 916.1
850000 906.1
855000 908.1
860000 916.1
865000 923.0
870000 929.7
875000 919.1
880000 925.1
885000 916.1
890000 936.2
895000 911.7
900000 926.5
905000 923.7
910000 909.3
915000 905.3
920000 923.0
925000 926.3
930000 917.8
935000 907.9
940000 924.9
945000 918.6
950000 918.4
955000 915.8
960000 930.7
965000 661.6
970000 748.5
975000 891.6
980000 915.5
985000 923.5
990000 919.7
995000 904.7
1000000 914.9
1005000 923.2
1010000 917.9
1015000 911.6
1020000 925.0
1025000 929.4
1030000 929.2
1035000 929.5
1040000 919.4
1045000 924.8
1050000 932.7
1055000 907.5
1060000 939.6
1065000 914.7
1070000 930.0
1075000 909.1
1080000 929.5
1085000 927.8
1090000 929.7
1095000 938.8
1100000 941.2
1105000 925.8
1110000 903.6
1115000 907.0
1120000 932.3
1125000 577.2
1130000 805.7
1135000 949.9
1140000 909.0
1145000 919.6
1150000 931.9
1155000 912.0
1160000 907.4
1165000 932.0
1170000 913.0
1175000 928.1
1180000 952.2
1185000 938.7
1190000 934.2
1195000 928.9
1200000 935.5
1205000 926.7
1210000 918.1
1215000 924.6
1220000 926.5
1225000 908.4
1230000 927.4
1235000 930.9
1240000 925.8
1245000 927.5
1250000 922.7
1255000 924.6
1260000 918.2
1265000 923.4
1270000 915.1
1275000 913.3
1280000 926.9
1285000 570.2
1290000 846.5
1295000 863.0
1300000 910.5
1305000 914.4
1310000 919.3
1315000 905.6
1320000 911.1
1325000 889.1
1330000 915.3
1335000 902.1
1340000 896.3
1345000 899.6
1350000 928.4
1355000 939.4
1360000 945.7
1365000 924.8
1370000 947.6
1375000 930.6
1380000 928.3
1385000 929.7
1390000 930.1
1395000 944.7
1400000 927.6
1405000 945.4
1410000 906.5
1415000 941.4
1420000 922.8
1425000 928.6
1430000 915.9
1435000 946.2
1440000 945.8
1445000 553.1
1450000 881.4
1455000 898.0
1460000 885.6
1465000 911.8
1470000 940.8
1475000 928.1
1480000 934.9
1485000 876.5
1490000 864.6
1495000 932.2
1500000 922.4
1505000 939.3
1510000 561.1
1515000 932.3
1520000 931.4
1525000 926.7
1530000 937.1
1535000 944.5
1540000 936.6
1545000 930.6
1550000 940.4
1555000 940.2
1560000 947.0
1565000 945.7
1570000 932.8
1575000 916.3
1580000 928.6
1585000 944.7
1590000 960.3
1595000 939.0
1600000 940.9
1605000 614.6
1610000 851.4
1615000 935.0
1620000 902.8
1625000 930.1
1630000 914.6
1635000 933.5
1640000 913.9
1645000 939.4
1650000 936.9
1655000 930.9
1660000 941.6
1665000 932.4
1670000 925.9
1675000 923.2
1680000 938.6
1685000 951.0
1690000 932.1
1695000 946.6
1700000 934.2
1705000 935.7
1710000 941.9
1715000 953.5
1720000 942.1
1725000 927.6
1730000 948.8
1735000 952.3
1740000 937.0
1745000 942.2
1750000 942.3
1755000 938.4
1760000 958.5
1765000 316.2
1770000 803.9
1775000 850.6
1780000 860.7
1785000 908.4
1790000 939.2
1795000 929.7
1800000 952.7
1805000 934.2
1810000 936.0
1815000 829.9
1820000 847.3
1825000 942.6
1830000 947.3
1835000 933.2
1840000 945.2
1845000 938.0
1850000 929.4
1855000 949.9
1860000 857.9
1865000 936.7
1870000 944.8
1875000 940.2
1880000 949.9
1885000 941.6
1890000 919.5
1895000 933.1
1900000 946.1
1905000 920.0
1910000 925.4
1915000 935.0
1920000 958.7
1925000 939.3
1930000 940.8
1935000 932.6
1940000 936.3
1945000 925.5
1950000 910.3
1955000 927.8
1960000 928.3
1965000 933.8
1970000 913.0
1975000 948.2
1980000 955.5
1985000 950.6
1990000 940.7
1995000 946.9
2000000 933.1
