5000 113.3
10000 203.8
15000 255.6
20000 156.7
25000 60.6
30000 108.6
35000 152.8
40000 107.8
45000 110.9
50000 13.3
55000 160.9
60000 219.7
65000 115.0
70000 114.9
75000 120.5
80000 144.2
85000 132.2
90000 144.0
95000 140.3
100000 211.5
105000 133.6
110000 162.9
115000 233.9
120000 159.0
125000 154.9
130000 206.0
135000 216.2
140000 166.4
145000 217.6
150000 267.3
155000 250.4
160000 244.9
165000 202.6
170000 272.9
175000 461.5
180000 494.4
185000 472.9
190000 509.2
195000 475.6
200000 500.9
205000 465.5
210000 549.1
215000 373.9
220000 613.1
225000 605.5
230000 478.8
235000 645.7
240000 622.2
245000 645.9
250000 648.1
255000 698.0
260000 654.0
265000 691.8
270000 729.1
275000 678.3
280000 710.0
285000 684.7
290000 671.1
295000 676.6
300000 657.2
305000 673.7
310000 756.8
315000 756.5
320000 718.0
325000 633.0
330000 629.5
335000 628.9
340000 778.5
345000 758.2
350000 743.1
355000 763.9
360000 736.3
365000 783.0
370000 791.0
375000 763.8
380000 720.9
385000 765.3
390000 759.4
395000 779.4
400000 766.0
405000 763.6
410000 779.8
415000 766.0
420000 773.5
425000 802.0
430000 786.7
435000 767.0
440000 811.4
445000 797.2
450000 759.3
455000 722.3
460000 796.4
465000 810.7
470000 790.0
475000 808.3
480000 787.5
485000 618.0
490000 616.1
495000 756.1
500000 802.4
505000 799.0
510000 792.3
515000 828.5
520000 791.9
525000 783.2
530000 832.9
535000 795.1
540000 813.4
545000 809.0
550000 791.3
555000 788.1
560000 814.6
565000 815.5
570000 803.4
575000 789.4
580000 770.1
585000 833.1
590000 751.4
595000 805.5
600000 819.3
605000 823.4
610000 798.6
615000 798.3
620000 801.8
625000 773.3
630000 814.0
635000 830.8
640000 841.0
645000 663.0
650000 704.0
655000 762.8
660000 819.8
665000 799.6
670000 840.8
675000 791.0
680000 828.7
685000 851.3
690000 845.9
695000 853.5
700000 847.4
705000 829.6
710000 864.0
715000 861.2
720000 844.5
725000 810.2
730000 840.7
735000 859.5
740000 843.8
745000 850.6
750000 837.2
755000 841.1
760000 868.7
765000 874.0
770000 830.7
775000 866.9
780000 825.2
785000 819.7
790000 825.9
795000 854.5
800000 856.1
805000 515.3
810000 618.3
815000 789.0
820000 750.6
825000 825.0
830000 842.4
835000 848.3
840000 829.4
845000 830.6
850000 829.5
855000 832.4
860000 838.1
865000 859.1
870000 840.5
875000 850.7
880000 804.1
885000 884.6
890000 754.8
895000 836.0
900000 859.3
905000 838.7
910000 869.8
915000 860.5
920000 843.6
925000 872.1
930000 864.9
935000 830.9
940000 800.1
945000 855.5
950000 841.8
955000 872.0
960000 846.0
965000 675.6
970000 788.4
975000 778.5
980000 816.5
985000 812.6
990000 853.9
995000 874.9
1000000 836.0
1005000 874.3
1010000 828.8
1015000 844.3
1020000 864.1
1025000 831.9
1030000 865.6
1035000 835.6
1040000 864.4
1045000 864.2
1050000 866.5
1055000 883.4
1060000 863.6
1065000 867.8
1070000 852.4
1075000 856.7
1080000 879.2
1085000 854.7
1090000 860.4
1095000 873.9
1100000 875.3
1105000 845.4
1110000 858.8
1115000 861.6
1120000 870.7
1125000 579.2
1130000 732.1
1135000 681.9
1140000 826.5
1145000 817.5
1150000 855.1
1155000 841.3
1160000 849.9
1165000 863.4
1170000 867.6
1175000 859.0
1180000 858.2
1185000 861.3
1190000 814.6
1195000 829.4
1200000 849.9
1205000 856.3
1210000 876.5
1215000 880.7
1220000 782.5
1225000 871.9
1230000 828.2
1235000 869.2
1240000 847.0
1245000 870.3
1250000 871.3
1255000 861.5
1260000 847.6
1265000 870.2
1270000 848.8
1275000 857.8
1280000 860.8
1285000 566.3
1290000 821.2
1295000 795.5
1300000 781.4
1305000 846.2
1310000 851.6
1315000 876.7
1320000 832.6
1325000 859.1
1330000 853.3
1335000 864.1
1340000 855.1
1345000 856.9
1350000 841.3
1355000 856.4
1360000 891.7
1365000 860.3
1370000 848.3
1375000 863.2
1380000 889.8
1385000 876.4
1390000 849.6
1395000 869.9
1400000 888.6
1405000 882.2
1410000 873.4
1415000 869.2
1420000 860.1
1425000 885.4
1430000 881.5
1435000 848.7
1440000 882.9
1445000 318.2
1450000 695.7
1455000 814.2
1460000 807.6
1465000 854.0
1470000 838.9
1475000 826.9
1480000 851.3
1485000 859.2
1490000 858.9
1495000 804.7
1500000 827.1
1505000 882.0
1510000 859.4
1515000 865.9
1520000 846.9
1525000 876.2
1530000 872.7
1535000 874.5
1540000 891.9
1545000 843.5
1550000 837.5
1555000 853.5
1560000 874.1
1565000 853.2
1570000 902.5
1575000 841.9
1580000 912.6
1585000 913.6
1590000 893.4
1595000 895.4
1600000 874.8
1605000 358.3
1610000 723.6
1615000 820.4
1620000 769.4
1625000 855.4
1630000 870.9
1635000 841.2
1640000 864.3
1645000 857.8
1650000 872.9
1655000 888.3
1660000 895.5
1665000 880.8
1670000 857.7
1675000 921.0
1680000 889.0
1685000 880.4
1690000 857.8
1695000 873.2
1700000 896.5
1705000 878.8
1710000 894.9
1715000 897.0
1720000 892.4
1725000 870.9
1730000 851.7
1735000 901.9
1740000 900.2
1745000 896.1
1750000 896.2
1755000 885.8
1760000 894.6
1765000 512.1
1770000 812.4
1775000 813.0
1780000 810.1
1785000 873.9
1790000 868.1
1795000 877.7
1800000 907.0
1805000 908.2
1810000 885.0
1815000 880.9
1820000 897.6
1825000 881.6
1830000 868.6
1835000 888.9
1840000 879.0
1845000 910.6
1850000 906.5
1855000 907.7
1860000 916.8
1865000 893.3
1870000 877.6
1875000 883.1
1880000 924.3
1885000 919.2
1890000 920.8
1895000 888.0
1900000 909.6
1905000 910.2
1910000 908.2
1915000 906.8
1920000 881.3
1925000 912.7
1930000 919.2
1935000 924.7
1940000 860.9
1945000 920.6
1950000 838.9
1955000 907.6
1960000 894.7
1965000 884.3
1970000 926.3
1975000 924.2
1980000 905.3
1985000 922.5
1990000 928.5
1995000 904.0
2000000 906.7
