5000 71.1
10000 10.1
15000 55.8
20000 104.8
25000 207.4
30000 153.1
35000 57.7
40000 96.3
45000 58.4
50000 158.9
55000 60.8
60000 210.3
65000 109.4
70000 112.1
75000 260.5
80000 60.0
85000 111.4
90000 139.3
95000 174.8
100000 49.9
105000 69.8
110000 122.6
115000 148.4
120000 246.9
125000 164.3
130000 190.0
135000 188.8
140000 177.1
145000 215.8
150000 197.5
155000 203.8
160000 204.6
165000 357.1
170000 464.2
175000 496.1
180000 501.2
185000 397.9
190000 522.2
195000 559.0
200000 417.1
205000 539.5
210000 637.6
215000 578.7
220000 636.4
225000 589.0
230000 645.1
235000 601.7
240000 221.7
245000 621.2
250000 581.7
255000 640.2
260000 650.3
265000 649.7
270000 652.8
275000 689.7
280000 703.3
285000 734.5
290000 695.0
295000 710.6
300000 668.0
305000 640.4
310000 659.2
315000 724.8
320000 744.7
325000 631.0
330000 670.4
335000 698.3
340000 710.6
345000 732.5
350000 756.9
355000 730.3
360000 753.1
365000 739.0
370000 730.5
375000 762.4
380000 757.0
385000 750.8
390000 764.0
395000 750.5
400000 794.8
405000 775.3
410000 758.2
415000 774.0
420000 723.6
425000 778.6
430000 784.1
435000 780.5
440000 755.8
445000 762.2
450000 753.3
455000 810.1
460000 821.7
465000 811.0
470000 809.8
475000 787.8
480000 811.5
485000 733.3
490000 715.6
495000 776.2
500000 766.4
505000 820.8
510000 814.2
515000 842.8
520000 842.9
525000 814.8
530000 821.4
535000 833.2
540000 822.7
545000 826.8
550000 836.2
555000 839.2
560000 838.7
565000 844.4
570000 842.2
575000 848.5
580000 844.6
585000 848.7
590000 839.2
595000 842.3
600000 817.9
605000 841.2
610000 827.0
615000 837.4
620000 848.3
625000 846.5
630000 853.8
635000 821.8
640000 833.8
645000 629.1
650000 807.2
655000 812.5
660000 837.7
665000 857.3
670000 835.6
675000 842.9
680000 841.0
685000 852.0
690000 851.1
695000 842.4
700000 851.1
705000 841.4
710000 859.4
715000 848.2
720000 860.4
725000 835.1
730000 825.7
735000 842.0
740000 849.4
745000 839.7
750000 849.1
755000 815.6
760000 850.7
765000 852.0
770000 860.8
775000 855.8
780000 853.2
785000 849.4
790000 869.9
795000 843.3
800000 850.8
805000 696.7
810000 797.9
815000 822.0
820000 843.3
825000 850.5
830000 838.3
835000 844.4
840000 836.9
845000 842.7
850000 847.5
855000 853.1
860000 840.9
865000 858.6
870000 852.6
875000 843.2
880000 858.6
885000 851.3
890000 870.2
895000 866.2
900000 860.1
905000 869.5
910000 860.8
915000 854.0
920000 864.2
925000 857.6
930000 854.5
935000 861.3
940000 873.1
945000 866.5
950000 874.2
955000 860.8
960000 862.2
965000 617.5
970000 774.1
975000 836.5
980000 853.5
985000 812.1
990000 809.5
995000 865.8
1000000 856.6
1005000 867.7
1010000 840.5
1015000 869.6
1020000 860.9
1025000 864.6
1030000 858.8
1035000 849.5
1040000 859.6
1045000 865.4
1050000 857.2
1055000 877.3
1060000 860.9
1065000 868.3
1070000 877.5
1075000 869.0
1080000 856.0
1085000 858.3
1090000 854.1
1095000 845.6
1100000 865.3
1105000 876.4
1110000 856.1
1115000 894.5
1120000 870.9
1125000 497.8
1130000 772.7
1135000 775.1
1140000 797.0
1145000 853.5
1150000 830.3
1155000 859.4
1160000 849.8
1165000 867.2
1170000 859.7
1175000 856.6
1180000 860.4
1185000 860.0
1190000 872.7
1195000 887.6
1200000 878.0
1205000 877.5
1210000 859.9
1215000 865.4
1220000 882.8
1225000 869.8
1230000 865.2
1235000 869.0
1240000 892.9
1245000 856.7
1250000 878.9
1255000 884.0
1260000 856.9
1265000 872.0
1270000 853.8
1275000 870.7
1280000 857.7
1285000 546.1
1290000 799.2
1295000 844.0
1300000 817.1
1305000 834.7
1310000 827.1
1315000 827.8
1320000 838.9
1325000 853.3
1330000 866.8
1335000 869.8
1340000 827.8
1345000 870.7
1350000 851.6
1355000 869.3
1360000 858.9
1365000 870.9
1370000 856.9
1375000 886.5
1380000 873.9
1385000 865.8
1390000 888.9
1395000 864.2
1400000 870.7
1405000 886.7
1410000 848.1
1415000 876.7
1420000 860.2
1425000 849.8
1430000 877.4
1435000 868.9
1440000 873.1
1445000 489.5
1450000 742.0
1455000 818.9
1460000 840.1
1465000 838.0
1470000 870.5
1475000 855.2
1480000 841.8
1485000 843.4
1490000 862.2
1495000 873.4
1500000 868.7
1505000 841.3
1510000 855.9
1515000 856.6
1520000 852.3
1525000 850.5
1530000 878.7
1535000 870.6
1540000 881.8
1545000 874.8
1550000 859.0
1555000 872.7
1560000 889.9
1565000 875.1
1570000 822.9
1575000 860.5
1580000 881.4
1585000 880.2
1590000 887.0
1595000 860.6
1600000 901.7
1605000 465.7
1610000 802.0
1615000 755.6
1620000 834.8
1625000 845.8
1630000 861.2
1635000 859.2
1640000 862.0
1645000 836.3
1650000 874.0
1655000 862.4
1660000 869.0
1665000 871.0
1670000 902.1
1675000 875.5
1680000 892.1
1685000 901.1
1690000 882.2
1695000 889.5
1700000 903.4
1705000 879.4
1710000 882.7
1715000 895.4
1720000 878.3
1725000 905.9
1730000 892.9
1735000 885.7
1740000 893.5
1745000 898.2
1750000 887.1
1755000 892.7
1760000 896.3
1765000 393.5
1770000 809.8
1775000 845.8
1780000 874.2
1785000 841.7
1790000 872.4
1795000 884.5
1800000 879.3
1805000 903.0
1810000 884.6
1815000 889.1
1820000 910.1
1825000 902.7
1830000 881.7
1835000 875.7
1840000 906.1
1845000 906.0
1850000 891.7
1855000 892.7
1860000 900.4
1865000 908.2
1870000 908.6
1875000 919.7
1880000 909.9
1885000 911.0
1890000 905.9
1895000 916.0
1900000 915.3
1905000 911.4
1910000 894.3
1915000 923.2
1920000 913.3
1925000 911.7
1930000 904.5
1935000 919.8
1940000 911.4
1945000 895.7
1950000 917.8
1955000 909.0
1960000 903.8
1965000 903.4
1970000 901.3
1975000 888.1
1980000 902.6
1985000 878.9
1990000 920.1
1995000 899.7
2000000 895.7
