5000 119.6
10000 62.8
15000 152.6
20000 105.9
25000 60.1
30000 54.1
35000 8.2
40000 105.2
45000 154.1
50000 61.0
55000 20.3
60000 113.9
65000 134.9
70000 43.6
75000 110.6
80000 152.6
85000 214.1
90000 193.8
95000 162.4
100000 215.5
105000 184.8
110000 180.5
115000 192.8
120000 201.2
125000 222.9
130000 215.6
135000 228.6
140000 246.7
145000 333.8
150000 227.1
155000 263.3
160000 311.0
165000 436.6
170000 486.6
175000 500.3
180000 514.7
185000 537.2
190000 528.7
195000 583.9
200000 535.6
205000 594.4
210000 634.7
215000 585.6
220000 542.9
225000 629.1
230000 652.9
235000 633.0
240000 612.5
245000 702.3
250000 502.3
255000 625.9
260000 664.0
265000 724.7
270000 702.9
275000 742.0
280000 771.9
285000 723.6
290000 749.2
295000 769.9
300000 692.7
305000 736.2
310000 760.3
315000 704.2
320000 728.4
325000 670.9
330000 721.7
335000 759.1
340000 782.1
345000 692.0
350000 801.4
355000 790.7
360000 823.6
365000 832.8
370000 815.0
375000 768.3
380000 810.4
385000 849.4
390000 801.2
395000 799.3
400000 791.0
405000 814.0
410000 809.1
415000 818.4
420000 880.9
425000 864.3
430000 815.5
435000 847.4
440000 860.7
445000 844.6
450000 852.2
455000 855.6
460000 845.3
465000 862.7
470000 865.1
475000 842.9
480000 855.7
485000 469.2
490000 775.2
495000 881.2
500000 792.9
505000 818.3
510000 865.8
515000 842.2
520000 842.7
525000 883.1
530000 890.7
535000 888.7
540000 891.4
545000 895.6
550000 905.7
555000 880.2
560000 881.2
565000 876.4
570000 887.8
575000 883.2
580000 896.1
585000 877.9
590000 892.3
595000 896.7
600000 877.2
605000 859.6
610000 887.7
615000 888.8
620000 880.2
625000 881.7
630000 883.9
635000 904.0
640000 883.5
645000 720.5
650000 840.9
655000 851.2
660000 874.9
665000 873.8
670000 877.6
675000 885.9
680000 880.0
685000 908.1
690000 893.7
695000 889.2
700000 887.9
705000 906.0
710000 906.0
715000 898.7
720000 895.8
725000 893.3
730000 907.0
735000 897.3
740000 906.6
745000 884.4
750000 897.7
755000 907.4
760000 902.6
765000 888.0
770000 911.2
775000 913.6
780000 892.3
785000 899.6
790000 908.4
795000 906.0
800000 919.2
805000 622.0
810000 823.4
815000 849.7
820000 894.5
825000 894.3
830000 914.0
835000 904.9
840000 908.5
845000 896.7
850000 883.3
855000 907.6
860000 885.6
865000 910.0
870000 900.3
875000 897.6
880000 905.8
885000 913.7
890000 903.3
895000 904.3
900000 910.5
905000 914.2
910000 917.4
915000 916.5
920000 904.9
925000 911.4
930000 911.3
935000 910.9
940000 918.6
945000 901.7
950000 910.6
955000 913.8
960000 917.2
965000 611.6
970000 818.8
975000 868.2
980000 888.1
985000 894.7
990000 871.4
995000 905.0
1000000 893.1
1005000 910.4
1010000 909.5
1015000 901.6
1020000 906.3
1025000 904.0
1030000 917.7
1035000 919.2
1040000 920.6
1045000 918.5
1050000 918.1
1055000 921.8
1060000 922.6
1065000 909.7
1070000 925.5
1075000 907.3
1080000 919.2
1085000 919.1
1090000 910.1
1095000 915.7
1100000 913.8
1105000 920.8
1110000 918.6
1115000 913.4
1120000 907.3
1125000 659.3
1130000 863.2
1135000 878.9
1140000 886.1
1145000 894.3
1150000 901.7
1155000 907.0
1160000 924.7
1165000 920.8
1170000 928.3
1175000 917.2
1180000 934.6
1185000 928.4
1190000 931.0
1195000 921.9
1200000 908.1
1205000 925.8
1210000 922.3
1215000 920.3
1220000 928.7
1225000 901.2
1230000 925.0
1235000 923.8
1240000 915.8
1245000 910.4
1250000 899.9
1255000 33.3
1260000 926.1
1265000 905.3
1270000 920.5
1275000 927.1
1280000 935.4
1285000 535.2
1290000 759.0
1295000 879.1
1300000 896.4
1305000 912.5
1310000 931.8
1315000 883.1
1320000 894.3
1325000 909.1
1330000 922.6
1335000 897.9
1340000 908.3
1345000 905.9
1350000 922.0
1355000 898.2
1360000 929.8
1365000 924.5
1370000 912.7
1375000 916.6
1380000 927.4
1385000 873.0
1390000 890.6
1395000 919.8
1400000 928.4
1405000 917.0
1410000 924.2
1415000 933.2
1420000 935.9
1425000 921.7
1430000 929.6
1435000 918.4
1440000 921.1
1445000 669.6
1450000 797.7
1455000 894.5
1460000 897.7
1465000 880.2
1470000 889.7
1475000 882.3
1480000 895.1
1485000 900.9
1490000 915.7
1495000 873.4
1500000 905.1
1505000 902.4
1510000 927.8
1515000 931.7
1520000 926.8
1525000 900.5
1530000 917.4
1535000 921.3
1540000 922.4
1545000 908.9
1550000 930.9
1555000 916.9
1560000 890.6
1565000 918.2
1570000 928.0
1575000 905.6
1580000 935.6
1585000 925.9
1590000 933.4
1595000 916.2
1600000 928.3
1605000 623.2
1610000 858.0
1615000 896.3
1620000 871.2
1625000 908.5
1630000 899.4
1635000 915.2
1640000 928.5
1645000 893.1
1650000 895.4
1655000 918.0
1660000 923.8
1665000 926.6
1670000 893.6
1675000 930.9
1680000 931.2
1685000 919.8
1690000 924.7
1695000 937.1
1700000 927.2
1705000 933.3
1710000 934.0
1715000 911.6
1720000 931.0
1725000 913.6
1730000 926.3
1735000 919.0
1740000 908.2
1745000 923.9
1750000 932.4
1755000 934.2
1760000 922.9
1765000 687.8
1770000 828.5
1775000 906.9
1780000 905.9
1785000 921.5
1790000 891.0
1795000 913.1
1800000 904.0
1805000 906.4
1810000 901.7
1815000 921.9
1820000 921.5
1825000 916.1
1830000 909.6
1835000 931.2
1840000 912.4
1845000 921.7
1850000 930.2
1855000 913.4
1860000 908.3
1865000 911.6
1870000 925.8
1875000 917.5
1880000 938.6
1885000 920.2
1890000 928.6
1895000 921.9
1900000 936.7
1905000 928.2
1910000 908.6
1915000 925.8
1920000 927.4
1925000 936.5
1930000 936.2
1935000 921.9
1940000 933.1
1945000 938.5
1950000 941.7
1955000 916.3
1960000 922.6
1965000 922.3
1970000 935.8
1975000 934.5
1980000 929.0
1985000 935.4
1990000 906.3
1995000 941.6
2000000 930.7
