5000 221.9
10000 634.3
15000 345.7
20000 511.5
25000 131.9
30000 625.3
35000 633.4
40000 599.1
45000 603.6
50000 604.3
55000 610.0
60000 502.4
65000 536.6
70000 578.9
75000 687.2
80000 761.4
85000 743.2
90000 393.4
95000 725.8
100000 698.8
105000 620.4
110000 683.7
115000 573.5
120000 673.0
125000 740.8
130000 849.9
135000 866.0
140000 661.2
145000 774.6
150000 746.5
155000 714.0
160000 718.8
165000 764.4
170000 747.8
175000 874.6
180000 771.0
185000 903.9
190000 838.3
195000 823.9
200000 856.8
205000 752.9
210000 698.1
215000 765.0
220000 800.7
225000 803.1
230000 857.6
235000 884.2
240000 818.2
245000 892.3
250000 907.1
255000 862.0
260000 879.9
265000 874.3
270000 870.3
275000 901.5
280000 899.6
285000 896.8
290000 911.2
295000 916.4
300000 926.9
305000 826.3
310000 937.2
315000 902.5
320000 856.9
325000 225.5
330000 751.9
335000 886.7
340000 959.4
345000 889.0
350000 927.6
355000 897.5
360000 927.9
365000 899.9
370000 892.4
375000 848.3
380000 924.9
385000 919.5
390000 810.2
395000 902.6
400000 916.3
405000 937.9
410000 895.1
415000 814.3
420000 824.7
425000 917.5
430000 924.7
435000 936.0
440000 913.9
445000 896.9
450000 960.7
455000 921.5
460000 918.9
465000 901.9
470000 923.0
475000 810.7
480000 930.4
485000 907.7
490000 901.6
495000 849.6
500000 851.0
505000 850.4
510000 922.6
515000 936.5
520000 968.4
525000 906.2
530000 785.3
535000 930.1
540000 941.7
545000 916.2
550000 938.2
555000 923.7
560000 931.7
565000 948.2
570000 897.8
575000 918.0
580000 922.4
585000 936.2
590000 949.2
595000 936.8
600000 920.1
605000 935.9
610000 870.3
615000 916.7
620000 931.9
625000 924.4
630000 946.3
635000 937.0
640000 928.5
645000 221.5
650000 287.0
655000 406.0
660000 826.3
665000 844.1
670000 887.8
675000 952.6
680000 903.9
685000 941.9
690000 908.6
695000 933.7
700000 913.1
705000 904.3
710000 906.2
715000 620.4
720000 832.2
725000 929.2
730000 933.0
735000 973.0
740000 905.5
745000 913.7
750000 865.7
755000 943.4
760000 946.4
765000 929.7
770000 896.0
775000 868.6
780000 925.9
785000 869.4
790000 876.3
795000 891.1
800000 947.0
805000 918.3
810000 900.0
815000 884.8
820000 913.6
825000 901.7
830000 935.9
835000 953.2
840000 939.9
845000 922.3
850000 915.7
855000 924.6
860000 938.7
865000 884.3
870000 947.5
875000 935.6
880000 917.8
885000 900.0
890000 878.0
895000 923.3
900000 908.6
905000 923.6
910000 951.1
915000 900.6
920000 928.8
925000 883.6
930000 931.7
935000 934.8
940000 918.3
945000 959.5
950000 944.3
955000 915.8
960000 940.1
965000 250.4
970000 244.1
975000 901.1
980000 857.0
985000 863.2
990000 850.8
995000 914.8
1000000 855.0
1005000 902.0
1010000 898.6
1015000 939.5
1020000 904.7
1025000 901.8
1030000 911.1
1035000 897.4
1040000 904.7
1045000 941.8
1050000 935.5
1055000 911.9
1060000 922.4
1065000 924.9
1070000 939.2
1075000 926.3
1080000 883.6
1085000 945.5
1090000 944.9
1095000 839.9
1100000 947.5
1105000 922.2
1110000 923.2
1115000 948.3
1120000 922.0
1125000 940.2
1130000 933.7
1135000 922.1
1140000 928.5
1145000 942.4
1150000 863.5
1155000 944.1
1160000 937.8
1165000 941.0
1170000 920.6
1175000 933.7
1180000 917.8
1185000 931.6
1190000 971.1
1195000 937.4
1200000 911.1
1205000 911.1
1210000 925.0
1215000 924.6
1220000 936.2
1225000 924.3
1230000 941.9
1235000 934.3
1240000 934.4
1245000 925.9
1250000 923.0
1255000 934.8
1260000 935.8
1265000 927.7
1270000 956.6
1275000 933.6
1280000 926.6
1285000 232.5
1290000 478.1
1295000 836.2
1300000 876.5
1305000 644.5
1310000 923.1
1315000 845.3
1320000 906.6
1325000 914.0
1330000 937.7
1335000 931.1
1340000 953.8
1345000 947.6
1350000 944.7
1355000 980.7
1360000 941.3
1365000 924.5
1370000 918.6
1375000 833.1
1380000 880.6
1385000 942.9
1390000 966.8
1395000 946.7
1400000 897.1
1405000 934.5
1410000 920.7
1415000 932.2
1420000 929.0
1425000 938.9
1430000 947.6
1435000 943.4
1440000 921.9
1445000 906.0
1450000 967.3
1455000 911.2
1460000 943.7
1465000 940.3
1470000 938.0
1475000 957.5
1480000 934.0
1485000 925.1
1490000 940.9
1495000 934.9
1500000 943.9
1505000 919.2
1510000 919.7
1515000 925.3
1520000 928.8
1525000 933.2
1530000 921.5
1535000 939.2
1540000 949.9
1545000 895.6
1550000 954.3
1555000 928.6
1560000 935.2
1565000 899.1
1570000 891.1
1575000 946.8
1580000 963.4
1585000 933.6
1590000 919.2
1595000 951.7
1600000 943.1
1605000 335.5
1610000 839.7
1615000 807.1
1620000 822.6
1625000 739.8
1630000 900.1
1635000 851.7
1640000 903.3
1645000 906.1
1650000 956.9
1655000 919.2
1660000 903.8
1665000 907.2
1670000 939.2
1675000 842.5
1680000 934.9
1685000 951.1
1690000 953.6
1695000 927.8
1700000 937.9
1705000 937.8
1710000 953.2
1715000 950.6
1720000 935.1
1725000 934.8
1730000 942.3
1735000 913.0
1740000 922.1
1745000 939.2
1750000 934.8
1755000 948.2
1760000 934.1
1765000 925.8
1770000 936.8
1775000 941.5
1780000 927.5
1785000 843.1
1790000 944.9
1795000 911.4
1800000 927.5
1805000 895.5
1810000 929.6
1815000 935.7
1820000 920.4
1825000 919.4
1830000 934.5
1835000 948.8
1840000 949.2
1845000 939.4
1850000 920.3
1855000 907.9
1860000 943.1
1865000 891.4
1870000 918.4
1875000 914.7
1880000 947.6
1885000 880.0
1890000 950.4
1895000 945.3
1900000 943.3
1905000 949.3
1910000 952.3
1915000 953.8
1920000 954.9
1925000 945.5
1930000 953.9
1935000 928.9
1940000 948.2
1945000 963.4
1950000 925.0
1955000 943.1
1960000 940.6
1965000 948.9
1970000 952.6
1975000 921.3
1980000 952.0
1985000 947.5
1990000 943.2
1995000 929.2
2000000 944.5
