5000 171.7
10000 187.4
15000 282.1
20000 330.4
25000 585.6
30000 482.3
35000 284.3
40000 477.5
45000 439.1
50000 405.3
55000 340.0
60000 448.7
65000 650.4
70000 479.2
75000 505.5
80000 284.0
85000 580.1
90000 631.0
95000 520.0
100000 640.5
105000 667.3
110000 554.5
115000 422.5
120000 631.8
125000 640.4
130000 828.2
135000 584.0
140000 703.6
145000 729.4
150000 748.7
155000 849.8
160000 810.5
165000 769.2
170000 734.7
175000 622.4
180000 721.2
185000 393.0
190000 698.2
195000 731.1
200000 629.7
205000 847.3
210000 587.7
215000 842.0
220000 774.6
225000 581.7
230000 817.7
235000 862.4
240000 897.8
245000 765.5
250000 696.9
255000 696.9
260000 797.3
265000 693.8
270000 812.9
275000 822.0
280000 828.2
285000 807.3
290000 792.7
295000 841.2
300000 732.3
305000 810.1
310000 805.3
315000 851.4
320000 801.2
325000 316.5
330000 277.3
335000 325.2
340000 491.0
345000 767.1
350000 669.6
355000 868.7
360000 869.0
365000 899.3
370000 864.6
375000 873.5
380000 815.0
385000 877.9
390000 883.5
395000 906.6
400000 927.2
405000 877.6
410000 900.0
415000 905.7
420000 740.9
425000 818.7
430000 810.8
435000 807.7
440000 855.5
445000 847.6
450000 908.8
455000 927.5
460000 881.1
465000 850.6
470000 862.0
475000 895.7
480000 806.1
485000 874.8
490000 900.0
495000 892.6
500000 925.9
505000 905.4
510000 879.4
515000 891.8
520000 802.1
525000 930.9
530000 917.1
535000 913.0
540000 897.4
545000 852.0
550000 900.3
555000 859.2
560000 904.6
565000 859.2
570000 921.8
575000 917.0
580000 850.5
585000 868.6
590000 784.5
595000 824.8
600000 908.3
605000 897.2
610000 918.5
615000 919.1
620000 925.7
625000 361.6
630000 826.0
635000 866.4
640000 885.5
645000 142.3
650000 455.4
655000 302.8
660000 431.2
665000 737.0
670000 473.8
675000 857.5
680000 908.4
685000 738.2
690000 926.5
695000 850.4
700000 824.1
705000 888.6
710000 882.6
715000 837.9
720000 911.0
725000 912.5
730000 871.6
735000 920.8
740000 927.6
745000 881.9
750000 903.4
755000 918.2
760000 953.5
765000 876.5
770000 907.3
775000 893.8
780000 867.4
785000 953.7
790000 944.9
795000 915.4
800000 778.4
805000 903.1
810000 811.3
815000 826.4
820000 798.6
825000 889.9
830000 901.1
835000 893.9
840000 847.6
845000 920.6
850000 902.1
855000 773.4
860000 879.2
865000 822.5
870000 864.9
875000 921.5
880000 919.5
885000 896.1
890000 759.8
895000 885.8
900000 860.2
905000 847.8
910000 906.0
915000 880.0
920000 936.7
925000 874.3
930000 906.7
935000 900.7
940000 941.2
945000 910.5
950000 922.3
955000 883.8
960000 883.8
965000 139.6
970000 510.3
975000 578.3
980000 427.8
985000 588.6
990000 857.8
995000 803.9
1000000 835.4
1005000 884.3
1010000 897.5
1015000 908.0
1020000 840.0
1025000 890.5
1030000 800.0
1035000 911.1
1040000 854.1
1045000 893.6
1050000 924.8
1055000 933.5
1060000 879.0
1065000 798.4
1070000 885.6
1075000 859.3
1080000 821.0
1085000 907.5
1090000 889.2
1095000 919.4
1100000 850.3
1105000 881.6
1110000 875.3
1115000 894.6
1120000 903.4
1125000 911.4
1130000 919.5
1135000 786.0
1140000 915.7
1145000 934.3
1150000 823.0
1155000 876.6
1160000 888.2
1165000 839.7
1170000 899.4
1175000 898.3
1180000 936.4
1185000 916.4
1190000 920.7
1195000 959.8
1200000 943.9
1205000 944.6
1210000 846.6
1215000 918.8
1220000 913.2
1225000 898.6
1230000 894.9
1235000 883.1
1240000 912.6
1245000 903.5
1250000 915.4
1255000 861.7
1260000 902.9
1265000 956.1
1270000 929.3
1275000 891.5
1280000 903.6
1285000 170.1
1290000 237.5
1295000 573.5
1300000 816.0
1305000 735.1
1310000 846.2
1315000 839.5
1320000 783.1
1325000 834.6
1330000 891.8
1335000 891.1
1340000 874.6
1345000 912.5
1350000 893.2
1355000 898.2
1360000 705.8
1365000 798.7
1370000 930.5
1375000 845.3
1380000 884.4
1385000 915.3
1390000 899.7
1395000 862.2
1400000 918.2
1405000 881.5
1410000 918.2
1415000 842.4
1420000 878.3
1425000 890.9
1430000 927.2
1435000 890.6
1440000 892.8
1445000 895.9
1450000 885.9
1455000 912.1
1460000 895.0
1465000 901.0
1470000 861.9
1475000 916.3
1480000 808.4
1485000 951.0
1490000 921.6
1495000 910.5
1500000 895.0
1505000 891.4
1510000 931.4
1515000 931.7
1520000 897.0
1525000 924.1
1530000 864.5
1535000 912.6
1540000 905.2
1545000 890.0
1550000 941.0
1555000 937.3
1560000 931.4
1565000 870.5
1570000 880.9
1575000 938.4
1580000 906.0
1585000 945.9
1590000 899.0
1595000 899.1
1600000 924.8
1605000 161.5
1610000 558.1
1615000 622.7
1620000 774.9
1625000 868.6
1630000 783.3
1635000 895.3
1640000 923.5
1645000 907.1
1650000 915.3
1655000 891.2
1660000 936.9
1665000 832.4
1670000 925.8
1675000 867.4
1680000 924.8
1685000 870.9
1690000 971.4
1695000 890.1
1700000 875.3
1705000 918.7
1710000 926.5
1715000 912.5
1720000 684.6
1725000 936.5
1730000 864.9
1735000 911.8
1740000 859.0
1745000 884.7
1750000 942.3
1755000 889.6
1760000 923.3
1765000 943.3
1770000 929.2
1775000 864.2
1780000 943.7
1785000 898.3
1790000 880.8
1795000 927.6
1800000 891.3
1805000 947.1
1810000 943.9
1815000 912.9
1820000 947.2
1825000 934.6
1830000 928.4
1835000 922.2
1840000 865.2
1845000 913.7
1850000 914.3
1855000 864.6
1860000 888.0
1865000 807.3
1870000 857.9
1875000 861.4
1880000 864.9
1885000 947.3
1890000 859.9
1895000 895.4
1900000 894.5
1905000 933.6
1910000 921.0
1915000 922.5
1920000 928.9
1925000 928.3
1930000 899.4
1935000 820.4
1940000 883.1
1945000 916.3
1950000 813.8
1955000 920.0
1960000 863.2
1965000 904.0
1970000 787.0
1975000 936.7
1980000 918.3
1985000 960.7
1990000 960.0
1995000 836.4
2000000 911.3
