5000 475.3
10000 175.4
15000 115.8
20000 358.1
25000 389.6
30000 280.1
35000 403.4
40000 493.9
45000 359.7
50000 787.5
55000 338.2
60000 573.6
65000 467.1
70000 753.4
75000 799.8
80000 730.4
85000 639.4
90000 464.5
95000 800.0
100000 711.0
105000 706.3
110000 570.5
115000 675.2
120000 699.6
125000 729.5
130000 671.8
135000 705.5
140000 731.8
145000 881.1
150000 709.2
155000 683.0
160000 769.1
165000 774.2
170000 735.5
175000 835.5
180000 829.1
185000 897.1
190000 723.6
195000 705.9
200000 764.1
205000 679.1
210000 808.0
215000 900.2
220000 915.0
225000 808.4
230000 835.6
235000 703.5
240000 843.0
245000 846.9
250000 871.8
255000 807.2
260000 880.1
265000 808.4
270000 898.8
275000 948.4
280000 828.0
285000 813.5
290000 856.0
295000 901.8
300000 873.4
305000 865.4
310000 902.8
315000 837.9
320000 849.9
325000 275.2
330000 719.9
335000 393.7
340000 627.3
345000 687.3
350000 678.3
355000 768.2
360000 824.0
365000 805.4
370000 877.1
375000 788.3
380000 829.7
385000 870.1
390000 919.5
395000 806.7
400000 885.2
405000 912.5
410000 862.7
415000 937.8
420000 884.2
425000 927.6
430000 868.4
435000 949.0
440000 936.5
445000 920.0
450000 933.2
455000 906.3
460000 873.4
465000 883.8
470000 886.6
475000 857.9
480000 949.3
485000 901.4
490000 944.7
495000 886.3
500000 915.7
505000 941.2
510000 906.4
515000 884.1
520000 883.5
525000 892.3
530000 881.1
535000 923.7
540000 879.1
545000 877.2
550000 923.9
555000 897.6
560000 879.2
565000 897.6
570000 859.7
575000 856.8
580000 858.2
585000 894.4
590000 917.9
595000 862.1
600000 913.5
605000 826.4
610000 920.6
615000 910.2
620000 859.1
625000 898.4
630000 900.7
635000 904.8
640000 887.4
645000 188.0
650000 142.7
655000 689.3
660000 728.9
665000 844.8
670000 728.3
675000 886.4
680000 850.9
685000 939.4
690000 858.4
695000 886.1
700000 900.4
705000 926.9
710000 910.4
715000 889.5
720000 867.5
725000 920.0
730000 877.6
735000 881.4
740000 835.1
745000 853.1
750000 910.0
755000 781.4
760000 900.1
765000 929.2
770000 899.0
775000 910.9
780000 915.8
785000 861.3
790000 943.1
795000 901.9
800000 928.0
805000 881.6
810000 871.5
815000 935.5
820000 878.8
825000 910.4
830000 933.4
835000 924.7
840000 916.3
845000 927.5
850000 898.9
855000 886.2
860000 896.6
865000 906.8
870000 919.5
875000 884.1
880000 920.7
885000 942.0
890000 917.1
895000 854.2
900000 879.1
905000 924.1
910000 930.7
915000 898.8
920000 873.5
925000 909.3
930000 931.5
935000 933.8
940000 880.6
945000 930.6
950000 917.5
955000 864.1
960000 878.8
965000 218.2
970000 846.3
975000 748.5
980000 528.2
985000 791.4
990000 816.4
995000 869.8
1000000 874.5
1005000 914.2
1010000 919.0
1015000 910.3
1020000 893.0
1025000 900.3
1030000 926.6
1035000 915.7
1040000 888.7
1045000 908.9
1050000 846.3
1055000 926.0
1060000 901.7
1065000 876.5
1070000 858.4
1075000 906.2
1080000 900.3
1085000 941.0
1090000 902.5
1095000 899.9
1100000 914.8
1105000 900.5
1110000 940.2
1115000 879.7
1120000 923.8
1125000 905.3
1130000 939.7
1135000 943.4
1140000 918.7
1145000 886.8
1150000 922.5
1155000 910.6
1160000 910.0
1165000 922.2
1170000 915.8
1175000 894.1
1180000 935.0
1185000 874.7
1190000 884.0
1195000 908.5
1200000 891.8
1205000 952.5
1210000 915.9
1215000 925.9
1220000 857.8
1225000 908.9
1230000 927.1
1235000 877.1
1240000 858.8
1245000 939.3
1250000 864.3
1255000 891.2
1260000 921.3
1265000 926.0
1270000 916.3
1275000 835.4
1280000 906.3
1285000 157.0
1290000 324.7
1295000 264.4
1300000 282.4
1305000 660.1
1310000 552.5
1315000 676.4
1320000 778.8
1325000 765.8
1330000 618.0
1335000 863.6
1340000 724.8
1345000 883.0
1350000 914.9
1355000 935.9
1360000 883.1
1365000 899.7
1370000 937.7
1375000 886.5
1380000 933.8
1385000 796.2
1390000 811.6
1395000 888.2
1400000 931.0
1405000 918.6
1410000 867.6
1415000 949.6
1420000 878.7
1425000 923.6
1430000 910.1
1435000 940.3
1440000 920.8
1445000 930.9
1450000 895.4
1455000 903.4
1460000 861.5
1465000 946.6
1470000 920.9
1475000 864.4
1480000 975.9
1485000 950.1
1490000 893.5
1495000 927.3
1500000 919.3
1505000 917.8
1510000 877.2
1515000 905.6
1520000 917.4
1525000 873.3
1530000 897.6
1535000 918.7
1540000 880.4
1545000 923.2
1550000 887.5
1555000 945.7
1560000 898.7
1565000 917.3
1570000 935.9
1575000 938.4
1580000 939.1
1585000 917.0
1590000 918.1
1595000 951.4
1600000 854.9
1605000 167.0
1610000 149.5
1615000 498.6
1620000 776.1
1625000 656.6
1630000 743.0
1635000 672.9
1640000 884.3
1645000 493.5
1650000 896.8
1655000 826.2
1660000 724.2
1665000 795.7
1670000 935.8
1675000 923.5
1680000 923.3
1685000 924.8
1690000 869.8
1695000 877.4
1700000 933.3
1705000 711.0
1710000 934.9
1715000 953.3
1720000 931.0
1725000 931.2
1730000 915.6
1735000 858.7
1740000 880.0
1745000 897.3
1750000 878.0
1755000 886.4
1760000 903.6
1765000 893.2
1770000 723.3
1775000 930.0
1780000 938.5
1785000 943.8
1790000 911.1
1795000 943.8
1800000 929.3
1805000 905.5
1810000 910.9
1815000 945.6
1820000 910.5
1825000 835.9
1830000 929.2
1835000 963.0
1840000 840.6
1845000 937.6
1850000 918.8
1855000 943.9
1860000 886.3
1865000 960.3
1870000 938.1
1875000 914.0
1880000 954.2
1885000 920.3
1890000 880.9
1895000 887.4
1900000 784.1
1905000 902.6
1910000 922.7
1915000 935.2
1920000 832.8
1925000 933.8
1930000 904.9
1935000 936.7
1940000 917.2
1945000 882.2
1950000 960.7
1955000 941.0
1960000 840.2
1965000 910.1
1970000 808.4
1975000 777.6
1980000 904.3
1985000 881.3
1990000 904.6
1995000 922.3
2000000 871.8
