5000 124.8
10000 278.6
15000 222.1
20000 207.0
25000 158.9
30000 386.7
35000 497.4
40000 558.8
45000 640.8
50000 570.2
55000 722.8
60000 577.2
65000 530.9
70000 710.6
75000 671.8
80000 740.0
85000 750.1
90000 868.6
95000 802.6
100000 760.4
105000 654.1
110000 587.2
115000 723.8
120000 779.4
125000 722.5
130000 708.3
135000 815.3
140000 870.6
145000 605.3
150000 832.4
155000 745.6
160000 706.8
165000 797.0
170000 623.6
175000 861.3
180000 831.6
185000 742.5
190000 838.7
195000 703.4
200000 770.3
205000 862.4
210000 893.6
215000 889.0
220000 841.6
225000 862.9
230000 917.2
235000 795.2
240000 862.6
245000 694.3
250000 639.7
255000 916.2
260000 788.4
265000 713.0
270000 845.4
275000 841.4
280000 871.8
285000 812.8
290000 818.3
295000 856.0
300000 736.1
305000 750.3
310000 891.4
315000 944.4
320000 831.9
325000 41.8
330000 165.9
335000 482.0
340000 489.0
345000 631.6
350000 464.5
355000 584.2
360000 555.1
365000 583.9
370000 464.2
375000 538.4
380000 706.5
385000 695.8
390000 526.3
395000 772.5
400000 559.7
405000 586.4
410000 614.2
415000 566.0
420000 692.1
425000 716.9
430000 854.6
435000 760.6
440000 764.2
445000 765.3
450000 772.2
455000 810.9
460000 829.2
465000 939.8
470000 753.4
475000 642.4
480000 666.5
485000 807.0
490000 657.1
495000 528.5
500000 657.1
505000 729.7
510000 868.1
515000 851.1
520000 666.2
525000 850.9
530000 680.6
535000 916.2
540000 701.2
545000 896.0
550000 735.7
555000 797.8
560000 928.1
565000 657.4
570000 804.9
575000 888.7
580000 865.8
585000 926.7
590000 927.9
595000 911.3
600000 920.0
605000 927.1
610000 917.5
615000 878.9
620000 874.3
625000 781.7
630000 871.3
635000 851.5
640000 849.8
645000 133.3
650000 103.5
655000 521.3
660000 845.2
665000 894.0
670000 874.1
675000 765.8
680000 895.8
685000 815.9
690000 853.1
695000 889.0
700000 859.1
705000 781.5
710000 853.2
715000 931.2
720000 908.9
725000 854.8
730000 890.5
735000 897.3
740000 883.6
745000 943.9
750000 735.2
755000 935.0
760000 902.3
765000 874.1
770000 912.7
775000 935.3
780000 857.6
785000 925.6
790000 946.5
795000 950.7
800000 906.9
805000 900.4
810000 894.0
815000 920.7
820000 908.5
825000 900.4
830000 920.2
835000 918.4
840000 919.4
845000 945.6
850000 933.6
855000 897.2
860000 904.7
865000 928.1
870000 915.1
875000 903.2
880000 910.6
885000 938.1
890000 892.6
895000 915.5
900000 899.6
905000 907.6
910000 942.7
915000 913.8
920000 933.1
925000 929.3
930000 945.4
935000 903.6
940000 919.5
945000 902.8
950000 918.2
955000 929.8
960000 933.2
965000 406.6
970000 791.7
975000 614.4
980000 816.3
985000 622.6
990000 937.3
995000 934.3
1000000 912.4
1005000 926.4
1010000 932.2
1015000 831.0
1020000 814.7
1025000 929.6
1030000 881.7
1035000 911.5
1040000 827.6
1045000 891.0
1050000 915.9
1055000 855.4
1060000 861.7
1065000 917.6
1070000 916.5
1075000 874.6
1080000 931.2
1085000 913.0
1090000 920.7
1095000 884.8
1100000 624.2
1105000 878.9
1110000 909.8
1115000 939.3
1120000 948.7
1125000 954.8
1130000 939.3
1135000 937.0
1140000 935.2
1145000 906.2
1150000 947.2
1155000 939.2
1160000 955.8
1165000 941.8
1170000 955.7
1175000 931.8
1180000 929.3
1185000 910.7
1190000 886.7
1195000 887.9
1200000 920.7
1205000 862.6
1210000 874.8
1215000 858.5
1220000 955.6
1225000 916.8
1230000 798.2
1235000 929.3
1240000 946.6
1245000 920.7
1250000 910.5
1255000 916.6
1260000 918.3
1265000 877.2
1270000 898.8
1275000 913.2
1280000 921.3
1285000 265.0
1290000 713.2
1295000 768.2
1300000 878.6
1305000 842.3
1310000 924.0
1315000 730.3
1320000 863.5
1325000 926.3
1330000 907.1
1335000 876.8
1340000 880.5
1345000 931.6
1350000 920.9
1355000 924.3
1360000 731.6
1365000 897.6
1370000 896.9
1375000 944.8
1380000 926.6
1385000 933.2
1390000 577.2
1395000 926.3
1400000 929.0
1405000 942.2
1410000 933.5
1415000 872.3
1420000 909.8
1425000 913.4
1430000 908.9
1435000 942.0
1440000 952.5
1445000 924.2
1450000 862.0
1455000 954.1
1460000 839.5
1465000 904.8
1470000 929.3
1475000 854.7
1480000 738.4
1485000 821.0
1490000 906.0
1495000 927.9
1500000 925.5
1505000 908.2
1510000 953.3
1515000 949.5
1520000 961.2
1525000 927.7
1530000 920.8
1535000 925.1
1540000 951.3
1545000 935.2
1550000 945.2
1555000 935.9
1560000 871.5
1565000 931.8
1570000 950.9
1575000 940.3
1580000 922.2
1585000 864.8
1590000 918.1
1595000 939.6
1600000 918.2
1605000 218.1
1610000 430.1
1615000 456.7
1620000 598.0
1625000 794.4
1630000 736.9
1635000 837.5
1640000 928.5
1645000 888.0
1650000 900.0
1655000 921.1
1660000 867.2
1665000 860.1
1670000 885.6
1675000 799.7
1680000 906.3
1685000 929.3
1690000 955.2
1695000 891.3
1700000 930.2
1705000 926.8
1710000 938.4
1715000 956.5
1720000 906.7
1725000 849.8
1730000 912.1
1735000 902.2
1740000 908.9
1745000 909.2
1750000 932.3
1755000 931.9
1760000 897.8
1765000 872.0
1770000 866.1
1775000 892.6
1780000 958.7
1785000 932.8
1790000 714.1
1795000 871.8
1800000 853.1
1805000 967.4
1810000 845.0
1815000 901.2
1820000 908.9
1825000 923.0
1830000 913.5
1835000 913.2
1840000 907.4
1845000 926.3
1850000 976.7
1855000 820.3
1860000 953.5
1865000 929.9
1870000 930.5
1875000 919.9
1880000 943.1
1885000 941.7
1890000 945.0
1895000 925.1
1900000 878.5
1905000 926.8
1910000 933.2
1915000 940.8
1920000 954.4
1925000 954.9
1930000 930.5
1935000 919.4
1940000 934.2
1945000 922.2
1950000 929.3
1955000 947.1
1960000 938.3
1965000 925.1
1970000 923.1
1975000 950.9
1980000 869.3
1985000 893.8
1990000 929.7
1995000 928.6
2000000 919.7
