5000 279.9
10000 570.5
15000 523.8
20000 238.8
25000 290.9
30000 387.8
35000 451.8
40000 505.5
45000 415.6
50000 530.7
55000 535.3
60000 476.6
65000 550.0
70000 632.2
75000 269.3
80000 783.5
85000 543.3
90000 581.5
95000 652.4
100000 777.6
105000 671.6
110000 594.5
115000 657.8
120000 642.2
125000 733.3
130000 679.8
135000 741.6
140000 695.2
145000 632.9
150000 811.4
155000 660.4
160000 832.0
165000 861.4
170000 598.3
175000 818.1
180000 846.4
185000 818.8
190000 905.5
195000 834.2
200000 827.7
205000 663.9
210000 789.2
215000 832.7
220000 908.8
225000 907.8
230000 834.2
235000 825.6
240000 824.9
245000 906.0
250000 837.5
255000 801.0
260000 903.7
265000 828.6
270000 858.7
275000 594.8
280000 858.3
285000 841.9
290000 798.0
295000 888.3
300000 892.2
305000 884.3
310000 855.1
315000 771.1
320000 900.0
325000 153.4
330000 663.8
335000 597.6
340000 878.1
345000 671.9
350000 919.4
355000 912.4
360000 649.2
365000 832.6
370000 770.1
375000 566.7
380000 889.2
385000 908.3
390000 952.5
395000 876.6
400000 921.5
405000 774.3
410000 858.6
415000 890.5
420000 862.8
425000 921.1
430000 734.5
435000 901.7
440000 922.5
445000 869.1
450000 864.9
455000 851.0
460000 833.7
465000 911.2
470000 869.5
475000 916.8
480000 868.0
485000 933.7
490000 756.1
495000 847.6
500000 881.4
505000 916.0
510000 894.9
515000 829.9
520000 952.0
525000 811.3
530000 878.7
535000 936.1
540000 909.3
545000 885.4
550000 883.9
555000 879.8
560000 929.8
565000 772.5
570000 782.3
575000 935.0
580000 941.8
585000 877.0
590000 932.7
595000 943.0
600000 924.8
605000 883.1
610000 906.4
615000 922.3
620000 920.8
625000 862.4
630000 925.0
635000 952.0
640000 863.4
645000 287.7
650000 684.1
655000 843.3
660000 847.6
665000 917.8
670000 845.8
675000 913.6
680000 760.3
685000 890.2
690000 833.5
695000 744.6
700000 863.8
705000 794.0
710000 932.9
715000 821.4
720000 909.7
725000 774.3
730000 814.1
735000 848.3
740000 907.4
745000 891.4
750000 939.6
755000 833.9
760000 851.8
765000 903.2
770000 885.4
775000 939.6
780000 770.5
785000 880.6
790000 886.6
795000 887.1
800000 883.8
805000 938.4
810000 923.2
815000 849.8
820000 858.5
825000 831.8
830000 942.5
835000 726.5
840000 916.5
845000 919.9
850000 901.7
855000 892.8
860000 954.7
865000 869.8
870000 902.9
875000 874.3
880000 907.9
885000 921.8
890000 875.0
895000 923.5
900000 934.3
905000 899.5
910000 894.5
915000 919.3
920000 926.2
925000 833.6
930000 903.6
935000 893.0
940000 927.3
945000 940.9
950000 855.2
955000 884.3
960000 880.4
965000 172.2
970000 756.2
975000 818.9
980000 738.9
985000 873.1
990000 833.5
995000 876.5
1000000 887.5
1005000 925.7
1010000 896.0
1015000 919.1
1020000 845.1
1025000 917.0
1030000 862.4
1035000 785.6
1040000 916.6
1045000 913.6
1050000 888.1
1055000 606.2
1060000 900.5
1065000 769.6
1070000 884.3
1075000 926.0
1080000 934.5
1085000 917.6
1090000 907.6
1095000 878.4
1100000 840.0
1105000 933.1
1110000 950.2
1115000 929.5
1120000 840.7
1125000 923.9
1130000 889.7
1135000 933.0
1140000 930.4
1145000 930.4
1150000 888.6
1155000 925.2
1160000 903.9
1165000 909.4
1170000 900.0
1175000 938.3
1180000 821.4
1185000 914.0
1190000 560.3
1195000 946.5
1200000 910.1
1205000 941.9
1210000 940.1
1215000 910.4
1220000 932.3
1225000 903.0
1230000 950.7
1235000 942.5
1240000 925.7
1245000 939.9
1250000 948.5
1255000 932.8
1260000 926.0
1265000 945.1
1270000 844.0
1275000 890.2
1280000 913.6
1285000 305.8
1290000 422.3
1295000 677.9
1300000 765.2
1305000 842.8
1310000 861.3
1315000 850.2
1320000 838.2
1325000 933.0
1330000 947.6
1335000 926.4
1340000 888.1
1345000 930.2
1350000 919.2
1355000 879.1
1360000 830.0
1365000 824.5
1370000 902.9
1375000 906.9
1380000 925.0
1385000 926.8
1390000 898.7
1395000 854.9
1400000 928.4
1405000 944.4
1410000 908.1
1415000 856.6
1420000 941.3
1425000 900.2
1430000 931.4
1435000 923.7
1440000 911.9
1445000 905.4
1450000 945.6
1455000 876.4
1460000 833.5
1465000 842.4
1470000 876.3
1475000 932.3
1480000 576.2
1485000 762.0
1490000 677.0
1495000 889.6
1500000 932.3
1505000 896.2
1510000 901.2
1515000 870.3
1520000 931.0
1525000 918.7
1530000 904.6
1535000 921.9
1540000 932.4
1545000 874.2
1550000 948.5
1555000 885.2
1560000 900.1
1565000 893.0
1570000 886.1
1575000 874.0
1580000 726.4
1585000 936.8
1590000 905.3
1595000 839.8
1600000 819.4
1605000 249.5
1610000 657.1
1615000 283.6
1620000 795.2
1625000 798.4
1630000 805.4
1635000 630.9
1640000 890.9
1645000 928.5
1650000 907.6
1655000 905.6
1660000 941.2
1665000 958.2
1670000 945.4
1675000 919.0
1680000 908.6
1685000 937.0
1690000 841.2
1695000 946.8
1700000 939.2
1705000 934.7
1710000 972.3
1715000 949.6
1720000 947.3
1725000 910.7
1730000 891.6
1735000 872.5
1740000 923.0
1745000 916.5
1750000 907.2
1755000 944.4
1760000 927.6
1765000 929.7
1770000 931.6
1775000 924.9
1780000 952.3
1785000 917.4
1790000 939.4
1795000 924.3
1800000 793.6
1805000 921.3
1810000 938.0
1815000 922.1
1820000 921.7
1825000 873.4
1830000 943.9
1835000 936.7
1840000 923.4
1845000 906.1
1850000 935.0
1855000 971.7
1860000 886.5
1865000 929.1
1870000 931.1
1875000 904.6
1880000 814.9
1885000 882.1
1890000 913.3
1895000 941.3
1900000 943.6
1905000 865.2
1910000 932.2
1915000 936.1
1920000 911.8
1925000 874.7
1930000 905.8
1935000 946.1
1940000 942.7
1945000 928.5
1950000 951.4
1955000 933.4
1960000 932.7
1965000 894.7
1970000 939.1
1975000 923.4
1980000 967.5
1985000 921.1
1990000 938.2
1995000 972.7
2000000 927.5
