5000 2.2
10000 1.5
15000 2.5
20000 5.5
25000 6.9
30000 6.7
35000 13.3
40000 5.3
45000 14.0
50000 136.6
55000 281.1
60000 759.5
65000 528.4
70000 490.6
75000 578.1
80000 793.1
85000 791.3
90000 845.9
95000 850.6
100000 808.9
105000 859.2
110000 660.8
115000 721.2
120000 792.9
125000 728.4
130000 895.4
135000 887.0
140000 865.0
145000 901.0
150000 868.9
155000 862.2
160000 817.7
165000 896.6
170000 886.1
175000 867.3
180000 792.4
185000 892.9
190000 739.3
195000 871.3
200000 903.2
205000 892.6
210000 911.9
215000 863.9
220000 891.4
225000 907.2
230000 836.9
235000 913.6
240000 913.4
245000 782.0
250000 762.7
255000 914.0
260000 806.2
265000 894.4
270000 922.7
275000 934.2
280000 932.5
285000 931.1
290000 746.0
295000 921.3
300000 909.3
305000 927.9
310000 893.6
315000 933.0
320000 931.3
325000 869.2
330000 858.1
335000 942.1
340000 917.9
345000 844.3
350000 917.4
355000 930.8
360000 933.3
365000 928.6
370000 919.1
375000 930.5
380000 926.5
385000 926.5
390000 916.4
395000 930.8
400000 929.4
405000 811.3
410000 825.0
415000 886.6
420000 840.2
425000 936.0
430000 887.6
435000 928.2
440000 938.2
445000 935.5
450000 747.6
455000 938.4
460000 945.6
465000 941.7
470000 935.7
475000 924.8
480000 943.9
485000 801.4
490000 901.9
495000 831.7
500000 881.8
505000 938.3
510000 936.3
515000 938.4
520000 919.9
525000 939.4
530000 832.4
535000 930.3
540000 940.9
545000 920.5
550000 945.6
555000 937.3
560000 933.2
565000 777.7
570000 869.7
575000 920.7
580000 873.3
585000 925.2
590000 831.2
595000 926.8
600000 936.0
605000 901.1
610000 944.8
615000 893.3
620000 937.4
625000 933.8
630000 939.8
635000 938.5
640000 921.7
645000 894.8
650000 915.9
655000 927.5
660000 936.9
665000 934.5
670000 942.6
675000 939.4
680000 938.6
685000 945.2
690000 941.7
695000 937.4
700000 942.6
705000 946.4
710000 935.5
715000 943.2
720000 956.3
725000 893.6
730000 898.6
735000 926.8
740000 941.3
745000 932.1
750000 934.0
755000 939.8
760000 841.6
765000 945.3
770000 937.8
775000 947.9
780000 936.3
785000 916.7
790000 945.3
795000 941.1
800000 944.2
805000 897.4
810000 913.3
815000 934.9
820000 911.8
825000 923.2
830000 931.1
835000 937.6
840000 942.7
845000 879.3
850000 898.2
855000 937.9
860000 910.8
865000 941.9
870000 928.1
875000 934.4
880000 913.2
885000 911.6
890000 896.5
895000 918.9
900000 943.0
905000 931.3
910000 945.5
915000 946.4
920000 895.1
925000 947.6
930000 943.5
935000 914.5
940000 931.1
945000 944.8
950000 846.6
955000 934.9
960000 846.5
965000 809.4
970000 910.6
975000 919.3
980000 950.2
985000 934.7
990000 936.5
995000 933.7
1000000 909.6
1005000 929.7
1010000 949.4
1015000 934.1
1020000 952.0
1025000 955.9
1030000 940.5
1035000 957.9
1040000 944.7
1045000 662.9
1050000 921.7
1055000 940.0
1060000 945.9
1065000 835.5
1070000 942.3
1075000 934.3
1080000 942.3
1085000 926.5
1090000 935.9
1095000 949.9
1100000 913.9
1105000 942.2
1110000 944.3
1115000 892.7
1120000 904.7
1125000 725.6
1130000 905.1
1135000 871.6
1140000 927.4
1145000 932.8
1150000 941.7
1155000 942.2
1160000 923.2
1165000 950.1
1170000 940.3
1175000 853.7
1180000 940.9
1185000 938.4
1190000 933.6
1195000 757.9
1200000 929.4
1205000 689.5
1210000 753.2
1215000 841.5
1220000 933.7
1225000 927.4
1230000 857.2
1235000 953.2
1240000 936.3
1245000 941.2
1250000 850.4
1255000 937.1
1260000 940.7
1265000 820.3
1270000 946.2
1275000 951.6
1280000 947.3
1285000 854.5
1290000 879.9
1295000 658.0
1300000 834.1
1305000 936.8
1310000 936.1
1315000 939.3
1320000 850.6
1325000 943.9
1330000 945.4
1335000 937.1
1340000 940.8
1345000 864.1
1350000 944.1
1355000 942.9
1360000 937.4
1365000 900.7
1370000 847.1
1375000 721.4
1380000 943.4
1385000 937.7
1390000 944.9
1395000 936.3
1400000 834.4
1405000 949.4
1410000 946.8
1415000 941.0
1420000 935.5
1425000 930.6
1430000 948.6
1435000 910.4
1440000 916.1
1445000 799.1
1450000 921.1
1455000 924.5
1460000 925.3
1465000 945.0
1470000 942.3
1475000 940.1
1480000 942.7
1485000 940.7
1490000 943.8
1495000 919.1
1500000 948.6
1505000 930.0
1510000 939.0
1515000 849.3
1520000 943.5
1525000 812.5
1530000 800.5
1535000 937.8
1540000 920.8
1545000 942.7
1550000 928.4
1555000 935.2
1560000 935.5
1565000 960.6
1570000 943.0
1575000 947.3
1580000 933.0
1585000 940.0
1590000 798.6
1595000 945.4
1600000 956.0
1605000 906.9
1610000 900.7
1615000 935.3
1620000 932.3
1625000 892.7
1630000 927.5
1635000 936.8
1640000 953.4
1645000 859.2
1650000 942.6
1655000 953.1
1660000 946.4
1665000 939.9
1670000 923.2
1675000 943.9
1680000 915.6
1685000 525.1
1690000 941.0
1695000 940.9
1700000 914.6
1705000 947.5
1710000 933.7
1715000 939.1
1720000 812.6
1725000 950.7
1730000 954.3
1735000 945.8
1740000 849.8
1745000 843.7
1750000 940.3
1755000 950.5
1760000 844.0
1765000 875.2
1770000 828.4
1775000 938.2
1780000 926.8
1785000 944.7
1790000 948.5
1795000 944.8
1800000 946.0
1805000 960.3
1810000 957.1
1815000 941.4
1820000 849.4
1825000 953.9
1830000 945.7
1835000 948.5
1840000 948.5
1845000 924.1
1850000 927.5
1855000 895.5
1860000 935.6
1865000 952.3
1870000 939.5
1875000 937.4
1880000 933.5
1885000 953.5
1890000 941.1
1895000 954.0
1900000 948.6
1905000 951.8
1910000 925.5
1915000 951.6
1920000 961.8
1925000 686.6
1930000 934.1
1935000 798.7
1940000 923.5
1945000 953.1
1950000 850.3
1955000 949.5
1960000 954.7
1965000 857.3
1970000 827.3
1975000 956.3
1980000 947.2
1985000 952.6
1990000 948.1
1995000 952.7
2000000 955.2
