5000 0.7
10000 2.4
15000 5.3
20000 6.0
25000 3.0
30000 0.5
35000 54.4
40000 288.6
45000 717.5
50000 585.5
55000 663.1
60000 579.1
65000 863.7
70000 904.5
75000 784.6
80000 905.0
85000 909.8
90000 910.2
95000 892.8
100000 871.6
105000 897.5
110000 810.6
115000 843.8
120000 910.7
125000 830.1
130000 825.9
135000 814.8
140000 935.2
145000 913.8
150000 897.6
155000 929.3
160000 927.3
165000 834.4
170000 916.8
175000 922.5
180000 914.9
185000 910.0
190000 929.3
195000 891.3
200000 871.0
205000 912.1
210000 745.6
215000 832.5
220000 912.3
225000 948.7
230000 923.4
235000 869.5
240000 903.4
245000 712.9
250000 923.9
255000 933.0
260000 883.8
265000 918.4
270000 945.9
275000 896.8
280000 937.2
285000 838.3
290000 852.7
295000 935.7
300000 947.6
305000 919.1
310000 927.7
315000 947.6
320000 932.7
325000 830.6
330000 924.5
335000 934.9
340000 941.6
345000 919.1
350000 942.1
355000 938.2
360000 934.8
365000 949.8
370000 932.4
375000 922.7
380000 931.2
385000 953.0
390000 943.8
395000 934.7
400000 940.1
405000 814.5
410000 911.0
415000 912.9
420000 944.3
425000 941.9
430000 935.6
435000 939.0
440000 942.7
445000 949.9
450000 949.0
455000 947.7
460000 935.2
465000 943.8
470000 940.2
475000 931.2
480000 939.7
485000 914.5
490000 926.6
495000 939.1
500000 946.1
505000 941.6
510000 856.0
515000 848.6
520000 949.4
525000 952.6
530000 947.7
535000 958.1
540000 949.3
545000 958.1
550000 901.3
555000 947.3
560000 960.2
565000 897.8
570000 822.6
575000 922.0
580000 804.0
585000 883.9
590000 904.4
595000 946.1
600000 908.6
605000 947.2
610000 947.2
615000 953.4
620000 953.2
625000 946.9
630000 842.7
635000 961.4
640000 951.1
645000 739.4
650000 954.5
655000 943.6
660000 946.2
665000 848.2
670000 939.4
675000 949.2
680000 951.9
685000 954.9
690000 952.0
695000 951.5
700000 951.4
705000 954.8
710000 949.4
715000 961.2
720000 946.9
725000 911.1
730000 825.2
735000 846.0
740000 947.8
745000 942.9
750000 960.0
755000 850.8
760000 948.0
765000 858.2
770000 955.8
775000 952.4
780000 949.7
785000 947.9
790000 954.5
795000 939.0
800000 952.2
805000 829.4
810000 937.8
815000 947.0
820000 948.2
825000 947.8
830000 946.7
835000 959.4
840000 949.2
845000 851.3
850000 944.4
855000 948.5
860000 943.0
865000 949.0
870000 941.6
875000 953.6
880000 940.8
885000 896.5
890000 888.1
895000 927.4
900000 941.3
905000 927.8
910000 952.4
915000 948.0
920000 948.7
925000 948.7
930000 948.0
935000 952.3
940000 943.2
945000 950.9
950000 950.4
955000 953.1
960000 954.4
965000 893.2
970000 931.1
975000 945.1
980000 944.2
985000 957.1
990000 956.0
995000 949.7
1000000 948.8
1005000 950.2
1010000 951.7
1015000 957.3
1020000 956.6
1025000 958.3
1030000 863.4
1035000 945.4
1040000 953.0
1045000 882.3
1050000 954.9
1055000 942.8
1060000 950.5
1065000 940.0
1070000 951.0
1075000 954.3
1080000 957.8
1085000 946.0
1090000 956.0
1095000 950.7
1100000 958.2
1105000 954.8
1110000 947.5
1115000 954.7
1120000 951.4
1125000 843.7
1130000 961.7
1135000 854.5
1140000 952.9
1145000 955.9
1150000 934.5
1155000 955.9
1160000 941.1
1165000 949.7
1170000 944.7
1175000 871.3
1180000 954.1
1185000 947.5
1190000 951.2
1195000 950.5
1200000 948.7
1205000 890.1
1210000 827.7
1215000 921.8
1220000 947.5
1225000 947.7
1230000 940.6
1235000 852.8
1240000 952.4
1245000 944.6
1250000 946.6
1255000 935.1
1260000 957.4
1265000 958.9
1270000 956.3
1275000 947.0
1280000 956.8
1285000 903.0
1290000 869.0
1295000 947.6
1300000 938.1
1305000 946.4
1310000 955.8
1315000 951.8
1320000 946.5
1325000 767.2
1330000 861.5
1335000 950.9
1340000 962.7
1345000 952.7
1350000 957.2
1355000 943.6
1360000 952.2
1365000 770.9
1370000 937.5
1375000 954.8
1380000 948.5
1385000 953.5
1390000 951.1
1395000 954.1
1400000 958.1
1405000 957.8
1410000 950.1
1415000 957.1
1420000 934.6
1425000 959.0
1430000 961.5
1435000 956.6
1440000 858.2
1445000 905.6
1450000 937.4
1455000 957.5
1460000 763.3
1465000 837.2
1470000 959.7
1475000 948.6
1480000 954.0
1485000 861.5
1490000 862.9
1495000 956.4
1500000 956.9
1505000 962.0
1510000 947.7
1515000 959.9
1520000 960.8
1525000 877.9
1530000 927.5
1535000 846.1
1540000 935.6
1545000 941.3
1550000 949.8
1555000 949.9
1560000 854.0
1565000 952.7
1570000 854.9
1575000 954.1
1580000 941.5
1585000 956.6
1590000 932.6
1595000 951.5
1600000 958.2
1605000 909.1
1610000 936.4
1615000 934.9
1620000 947.5
1625000 852.5
1630000 954.8
1635000 952.4
1640000 923.8
1645000 960.4
1650000 960.4
1655000 953.1
1660000 946.5
1665000 956.4
1670000 952.4
1675000 946.2
1680000 956.8
1685000 906.9
1690000 928.4
1695000 926.1
1700000 946.9
1705000 947.7
1710000 945.0
1715000 942.1
1720000 936.3
1725000 941.0
1730000 947.3
1735000 952.9
1740000 960.8
1745000 950.6
1750000 953.0
1755000 955.3
1760000 950.9
1765000 920.1
1770000 939.9
1775000 917.1
1780000 953.3
1785000 945.7
1790000 933.5
1795000 955.9
1800000 954.8
1805000 939.3
1810000 928.3
1815000 951.2
1820000 855.1
1825000 943.7
1830000 955.8
1835000 943.7
1840000 951.3
1845000 754.7
1850000 831.7
1855000 956.4
1860000 945.3
1865000 950.6
1870000 944.4
1875000 945.0
1880000 952.2
1885000 859.9
1890000 958.7
1895000 956.4
1900000 964.9
1905000 953.3
1910000 943.8
1915000 953.6
1920000 949.5
1925000 900.7
1930000 888.0
1935000 919.5
1940000 942.9
1945000 940.6
1950000 969.2
1955000 958.6
1960000 965.4
1965000 953.5
1970000 950.3
1975000 944.6
1980000 940.6
1985000 949.8
1990000 948.8
1995000 949.2
2000000 954.7
