5000 0.9
10000 1.1
15000 3.6
20000 2.6
25000 4.3
30000 4.1
35000 0.3
40000 805.3
45000 602.5
50000 448.4
55000 883.9
60000 775.5
65000 819.9
70000 822.2
75000 561.1
80000 821.1
85000 854.1
90000 810.5
95000 853.9
100000 825.9
105000 905.7
110000 839.7
115000 860.7
120000 841.5
125000 894.1
130000 912.5
135000 936.7
140000 823.0
145000 912.3
150000 732.9
155000 928.2
160000 893.8
165000 904.2
170000 938.5
175000 840.1
180000 920.7
185000 932.6
190000 848.4
195000 856.1
200000 923.4
205000 840.2
210000 941.3
215000 906.3
220000 919.9
225000 936.6
230000 946.3
235000 935.5
240000 832.7
245000 831.1
250000 827.3
255000 929.0
260000 942.2
265000 935.3
270000 913.6
275000 931.9
280000 946.4
285000 948.1
290000 845.8
295000 949.8
300000 938.4
305000 943.6
310000 938.0
315000 940.5
320000 947.2
325000 667.2
330000 934.5
335000 943.3
340000 944.0
345000 949.8
350000 949.5
355000 933.6
360000 941.4
365000 939.0
370000 810.8
375000 941.2
380000 946.7
385000 947.3
390000 942.9
395000 924.3
400000 933.4
405000 938.8
410000 936.9
415000 946.6
420000 943.4
425000 948.4
430000 943.7
435000 952.1
440000 756.4
445000 952.7
450000 944.0
455000 959.4
460000 763.9
465000 953.9
470000 947.7
475000 960.6
480000 949.8
485000 816.8
490000 838.8
495000 942.2
500000 960.7
505000 950.8
510000 927.0
515000 952.7
520000 950.1
525000 923.1
530000 954.1
535000 953.4
540000 941.8
545000 958.6
550000 960.1
555000 860.5
560000 954.0
565000 779.6
570000 951.0
575000 919.8
580000 950.9
585000 901.9
590000 949.8
595000 958.4
600000 900.8
605000 951.6
610000 951.6
615000 952.3
620000 947.7
625000 948.1
630000 957.7
635000 948.7
640000 953.5
645000 934.0
650000 909.2
655000 953.9
660000 949.8
665000 946.3
670000 945.7
675000 950.2
680000 953.9
685000 954.2
690000 953.2
695000 949.0
700000 949.1
705000 950.6
710000 946.9
715000 951.6
720000 963.3
725000 844.0
730000 878.5
735000 760.1
740000 949.8
745000 958.0
750000 959.9
755000 956.9
760000 954.1
765000 956.9
770000 963.7
775000 870.4
780000 954.7
785000 954.3
790000 945.6
795000 953.0
800000 948.0
805000 900.1
810000 850.1
815000 849.7
820000 906.9
825000 901.0
830000 918.5
835000 896.5
840000 923.2
845000 942.9
850000 933.0
855000 928.9
860000 953.2
865000 959.0
870000 951.6
875000 944.1
880000 955.6
885000 574.7
890000 949.3
895000 942.0
900000 922.8
905000 954.6
910000 955.7
915000 958.6
920000 958.1
925000 952.7
930000 942.5
935000 946.8
940000 955.0
945000 951.6
950000 962.7
955000 960.6
960000 952.8
965000 884.5
970000 955.4
975000 940.9
980000 943.5
985000 957.3
990000 951.1
995000 954.1
1000000 856.7
1005000 969.6
1010000 949.0
1015000 949.0
1020000 957.7
1025000 964.5
1030000 959.6
1035000 955.4
1040000 964.1
1045000 928.4
1050000 932.0
1055000 924.1
1060000 953.1
1065000 957.3
1070000 954.8
1075000 959.2
1080000 954.3
1085000 956.3
1090000 958.7
1095000 956.6
1100000 952.2
1105000 961.0
1110000 959.9
1115000 957.6
1120000 957.5
1125000 907.0
1130000 955.9
1135000 951.3
1140000 942.9
1145000 948.8
1150000 957.6
1155000 955.5
1160000 942.3
1165000 939.9
1170000 954.4
1175000 954.2
1180000 951.5
1185000 953.0
1190000 934.4
1195000 951.5
1200000 951.1
1205000 830.0
1210000 932.6
1215000 950.0
1220000 944.7
1225000 947.5
1230000 861.4
1235000 939.1
1240000 946.3
1245000 960.4
1250000 959.3
1255000 965.9
1260000 954.0
1265000 956.0
1270000 959.8
1275000 966.2
1280000 946.4
1285000 838.0
1290000 950.0
1295000 939.3
1300000 954.1
1305000 935.8
1310000 947.2
1315000 950.4
1320000 947.4
1325000 951.6
1330000 858.1
1335000 944.6
1340000 948.9
1345000 940.7
1350000 954.6
1355000 959.3
1360000 956.7
1365000 923.3
1370000 853.7
1375000 917.6
1380000 945.5
1385000 945.9
1390000 926.6
1395000 957.8
1400000 956.4
1405000 952.2
1410000 947.7
1415000 856.5
1420000 950.9
1425000 953.7
1430000 950.8
1435000 952.9
1440000 944.5
1445000 814.3
1450000 903.2
1455000 951.2
1460000 953.8
1465000 953.7
1470000 949.9
1475000 862.7
1480000 956.9
1485000 958.1
1490000 953.1
1495000 955.6
1500000 860.4
1505000 960.6
1510000 954.4
1515000 955.5
1520000 953.7
1525000 901.1
1530000 934.8
1535000 900.6
1540000 848.3
1545000 952.1
1550000 914.3
1555000 960.0
1560000 947.5
1565000 959.4
1570000 966.0
1575000 948.9
1580000 955.7
1585000 964.3
1590000 958.6
1595000 956.9
1600000 960.1
1605000 885.2
1610000 869.9
1615000 923.3
1620000 916.7
1625000 914.1
1630000 943.4
1635000 957.5
1640000 956.7
1645000 959.1
1650000 963.0
1655000 943.3
1660000 946.7
1665000 952.6
1670000 950.9
1675000 955.6
1680000 958.2
1685000 923.7
1690000 934.2
1695000 954.7
1700000 948.2
1705000 948.0
1710000 963.0
1715000 856.5
1720000 964.5
1725000 955.9
1730000 957.6
1735000 957.5
1740000 958.7
1745000 948.3
1750000 859.5
1755000 962.7
1760000 956.1
1765000 719.5
1770000 908.2
1775000 945.9
1780000 946.0
1785000 955.0
1790000 928.5
1795000 949.0
1800000 865.1
1805000 960.7
1810000 957.4
1815000 957.7
1820000 957.0
1825000 958.2
1830000 954.8
1835000 958.7
1840000 960.2
1845000 893.6
1850000 944.5
1855000 948.3
1860000 856.4
1865000 901.4
1870000 948.4
1875000 956.5
1880000 948.7
1885000 960.6
1890000 954.3
1895000 954.2
1900000 961.1
1905000 952.5
1910000 955.8
1915000 958.2
1920000 951.9
1925000 744.9
1930000 915.0
1935000 926.2
1940000 740.0
1945000 947.1
1950000 959.7
1955000 947.9
1960000 942.6
1965000 957.8
1970000 956.7
1975000 954.0
1980000 952.0
1985000 958.3
1990000 960.0
1995000 973.5
2000000 953.9
