5000 0.9
10000 3.7
15000 2.0
20000 1.2
25000 4.4
30000 1.6
35000 0.0
40000 5.9
45000 0.0
50000 0.0
55000 2.0
60000 6.2
65000 2.0
70000 6.2
75000 0.0
80000 11.0
85000 39.9
90000 11.8
95000 37.8
100000 63.3
105000 98.8
110000 459.8
115000 862.6
120000 761.2
125000 883.8
130000 896.7
135000 807.0
140000 905.8
145000 844.3
150000 857.0
155000 835.4
160000 659.6
165000 912.1
170000 933.3
175000 933.9
180000 913.6
185000 943.5
190000 898.2
195000 931.8
200000 925.8
205000 902.1
210000 898.6
215000 928.9
220000 927.4
225000 936.7
230000 942.2
235000 933.4
240000 942.4
245000 808.3
250000 916.9
255000 928.6
260000 935.3
265000 930.2
270000 903.9
275000 935.1
280000 938.6
285000 930.8
290000 940.1
295000 942.3
300000 941.1
305000 944.9
310000 955.7
315000 919.1
320000 946.4
325000 826.6
330000 939.9
335000 951.1
340000 946.1
345000 947.3
350000 942.3
355000 936.5
360000 940.8
365000 944.5
370000 936.0
375000 933.2
380000 937.7
385000 932.4
390000 928.3
395000 827.7
400000 952.6
405000 845.8
410000 935.3
415000 858.2
420000 937.9
425000 946.1
430000 936.4
435000 952.5
440000 938.4
445000 942.8
450000 949.5
455000 932.2
460000 957.7
465000 927.8
470000 944.6
475000 935.7
480000 950.2
485000 885.1
490000 943.7
495000 909.5
500000 666.7
505000 949.4
510000 956.2
515000 853.2
520000 932.5
525000 947.4
530000 884.0
535000 942.9
540000 937.9
545000 953.4
550000 948.6
555000 783.3
560000 950.9
565000 943.4
570000 881.5
575000 859.9
580000 881.3
585000 953.2
590000 949.4
595000 951.1
600000 850.2
605000 944.3
610000 947.0
615000 949.8
620000 940.7
625000 943.7
630000 952.9
635000 939.7
640000 929.3
645000 895.5
650000 888.9
655000 831.4
660000 901.7
665000 944.9
670000 944.7
675000 951.9
680000 954.1
685000 956.1
690000 949.8
695000 950.6
700000 946.5
705000 939.1
710000 956.0
715000 946.5
720000 952.7
725000 915.1
730000 832.3
735000 818.3
740000 943.9
745000 852.9
750000 856.8
755000 931.4
760000 935.0
765000 954.0
770000 932.4
775000 950.2
780000 955.7
785000 956.1
790000 955.9
795000 956.3
800000 959.1
805000 890.3
810000 947.6
815000 960.5
820000 940.7
825000 946.0
830000 946.8
835000 953.1
840000 945.5
845000 832.9
850000 919.0
855000 953.0
860000 833.7
865000 942.7
870000 951.4
875000 952.6
880000 955.1
885000 806.4
890000 924.1
895000 873.3
900000 871.4
905000 897.2
910000 776.9
915000 956.7
920000 928.3
925000 944.8
930000 870.8
935000 951.8
940000 966.2
945000 960.2
950000 863.5
955000 950.8
960000 949.6
965000 827.9
970000 922.2
975000 955.3
980000 927.3
985000 933.7
990000 917.9
995000 937.6
1000000 947.2
1005000 951.7
1010000 950.7
1015000 951.0
1020000 952.8
1025000 951.3
1030000 950.2
1035000 852.9
1040000 945.4
1045000 906.8
1050000 960.6
1055000 940.6
1060000 948.4
1065000 956.3
1070000 949.7
1075000 957.5
1080000 953.3
1085000 953.0
1090000 937.7
1095000 956.3
1100000 951.6
1105000 955.0
1110000 961.5
1115000 859.3
1120000 957.7
1125000 916.5
1130000 649.6
1135000 925.4
1140000 941.9
1145000 959.7
1150000 860.9
1155000 962.9
1160000 949.4
1165000 953.7
1170000 954.0
1175000 958.5
1180000 962.5
1185000 858.8
1190000 856.3
1195000 952.8
1200000 946.4
1205000 818.8
1210000 971.2
1215000 952.3
1220000 958.8
1225000 951.0
1230000 951.8
1235000 945.9
1240000 953.7
1245000 953.3
1250000 958.2
1255000 957.5
1260000 948.7
1265000 954.1
1270000 950.6
1275000 954.5
1280000 957.7
1285000 911.7
1290000 830.4
1295000 835.2
1300000 949.2
1305000 959.1
1310000 940.7
1315000 928.1
1320000 953.5
1325000 955.5
1330000 969.6
1335000 955.6
1340000 952.9
1345000 959.9
1350000 950.5
1355000 956.6
1360000 856.1
1365000 794.2
1370000 623.0
1375000 852.7
1380000 944.1
1385000 934.3
1390000 942.7
1395000 953.9
1400000 852.6
1405000 946.9
1410000 954.2
1415000 953.9
1420000 953.5
1425000 958.8
1430000 953.6
1435000 960.7
1440000 957.5
1445000 732.9
1450000 951.1
1455000 955.4
1460000 955.4
1465000 951.0
1470000 902.5
1475000 939.8
1480000 958.0
1485000 950.2
1490000 943.7
1495000 952.4
1500000 959.4
1505000 945.9
1510000 942.6
1515000 957.4
1520000 939.0
1525000 934.0
1530000 951.6
1535000 942.0
1540000 933.7
1545000 945.3
1550000 922.1
1555000 953.0
1560000 955.7
1565000 959.7
1570000 952.3
1575000 936.8
1580000 961.5
1585000 957.8
1590000 956.5
1595000 856.8
1600000 855.3
1605000 829.7
1610000 933.3
1615000 848.2
1620000 940.7
1625000 947.6
1630000 954.0
1635000 949.6
1640000 858.9
1645000 953.0
1650000 928.0
1655000 947.3
1660000 853.2
1665000 955.3
1670000 930.2
1675000 943.8
1680000 955.7
1685000 909.8
1690000 898.2
1695000 947.2
1700000 944.5
1705000 951.7
1710000 955.0
1715000 963.4
1720000 857.1
1725000 860.1
1730000 952.2
1735000 957.9
1740000 845.1
1745000 957.0
1750000 953.4
1755000 969.7
1760000 952.2
1765000 924.4
1770000 859.3
1775000 953.6
1780000 918.1
1785000 923.3
1790000 919.4
1795000 842.2
1800000 952.4
1805000 943.5
1810000 931.2
1815000 942.6
1820000 956.5
1825000 941.4
1830000 861.7
1835000 941.9
1840000 764.4
1845000 732.4
1850000 962.0
1855000 944.7
1860000 949.0
1865000 953.9
1870000 948.6
1875000 908.3
1880000 917.3
1885000 950.4
1890000 937.4
1895000 948.1
1900000 957.3
1905000 929.8
1910000 956.6
1915000 948.4
1920000 953.5
1925000 723.1
1930000 890.6
1935000 941.7
1940000 905.6
1945000 823.0
1950000 921.9
1955000 946.5
1960000 936.1
1965000 940.9
1970000 928.0
1975000 928.8
1980000 931.2
1985000 951.7
1990000 947.8
1995000 960.9
2000000 945.9
