5000 0.0
10000 2.7
15000 1.3
20000 3.1
25000 14.9
30000 1.2
35000 2.9
40000 1.7
45000 0.0
50000 2.4
55000 2.6
60000 2.0
65000 7.2
70000 1.3
75000 0.9
80000 3.5
85000 11.9
90000 193.3
95000 319.4
100000 532.0
105000 665.4
110000 701.7
115000 794.7
120000 806.6
125000 824.7
130000 682.3
135000 734.2
140000 889.6
145000 797.0
150000 824.0
155000 754.8
160000 928.5
165000 808.6
170000 801.7
175000 827.4
180000 916.9
185000 737.0
190000 940.4
195000 914.4
200000 913.8
205000 904.1
210000 926.5
215000 904.9
220000 933.6
225000 923.6
230000 930.1
235000 927.2
240000 875.8
245000 874.4
250000 920.4
255000 826.7
260000 893.0
265000 933.0
270000 945.7
275000 938.3
280000 927.3
285000 940.1
290000 934.3
295000 934.3
300000 939.1
305000 946.3
310000 832.9
315000 934.8
320000 922.9
325000 831.6
330000 936.0
335000 934.1
340000 952.7
345000 945.7
350000 953.8
355000 942.7
360000 910.7
365000 943.3
370000 851.3
375000 828.9
380000 937.2
385000 851.9
390000 936.6
395000 941.3
400000 935.1
405000 921.8
410000 939.9
415000 908.2
420000 926.2
425000 925.5
430000 937.6
435000 939.7
440000 945.6
445000 938.5
450000 943.6
455000 950.8
460000 844.6
465000 950.2
470000 959.5
475000 950.6
480000 944.5
485000 891.9
490000 923.8
495000 889.4
500000 947.8
505000 895.3
510000 766.7
515000 935.3
520000 947.0
525000 954.0
530000 951.4
535000 852.3
540000 945.9
545000 855.9
550000 854.6
555000 944.5
560000 942.4
565000 893.2
570000 828.5
575000 812.5
580000 930.9
585000 942.6
590000 945.7
595000 943.5
600000 944.8
605000 951.0
610000 945.6
615000 941.5
620000 958.1
625000 951.0
630000 953.9
635000 945.4
640000 943.8
645000 898.6
650000 955.5
655000 946.1
660000 940.2
665000 949.4
670000 949.9
675000 932.7
680000 959.5
685000 946.9
690000 949.7
695000 945.6
700000 950.4
705000 866.9
710000 958.0
715000 956.3
720000 950.0
725000 912.4
730000 928.7
735000 941.4
740000 948.1
745000 844.0
750000 954.0
755000 951.7
760000 945.6
765000 959.7
770000 963.3
775000 954.1
780000 955.0
785000 863.6
790000 934.4
795000 952.3
800000 957.2
805000 915.4
810000 948.7
815000 950.7
820000 955.0
825000 961.5
830000 956.6
835000 950.7
840000 949.2
845000 954.3
850000 953.4
855000 952.5
860000 961.1
865000 953.7
870000 955.3
875000 953.7
880000 954.8
885000 924.2
890000 930.5
895000 950.4
900000 945.4
905000 960.3
910000 953.6
915000 956.7
920000 959.9
925000 950.5
930000 959.4
935000 955.5
940000 953.9
945000 954.3
950000 948.0
955000 942.3
960000 963.3
965000 741.5
970000 928.1
975000 956.8
980000 854.1
985000 941.3
990000 958.3
995000 952.6
1000000 959.8
1005000 950.4
1010000 951.4
1015000 940.8
1020000 948.1
1025000 943.4
1030000 958.6
1035000 944.3
1040000 953.5
1045000 939.7
1050000 950.1
1055000 946.8
1060000 962.7
1065000 944.2
1070000 952.1
1075000 949.3
1080000 958.3
1085000 856.6
1090000 954.0
1095000 948.8
1100000 853.2
1105000 952.7
1110000 950.6
1115000 955.6
1120000 962.3
1125000 823.1
1130000 928.9
1135000 944.8
1140000 943.4
1145000 946.7
1150000 764.0
1155000 945.8
1160000 951.1
1165000 861.5
1170000 954.0
1175000 952.6
1180000 847.8
1185000 953.3
1190000 847.2
1195000 946.8
1200000 934.2
1205000 727.8
1210000 935.9
1215000 943.4
1220000 948.4
1225000 952.8
1230000 946.1
1235000 653.3
1240000 954.9
1245000 938.3
1250000 946.9
1255000 947.6
1260000 949.9
1265000 860.1
1270000 958.8
1275000 952.0
1280000 936.2
1285000 901.9
1290000 778.3
1295000 927.6
1300000 955.1
1305000 941.3
1310000 941.9
1315000 945.0
1320000 944.0
1325000 950.2
1330000 850.6
1335000 953.8
1340000 904.8
1345000 939.7
1350000 947.5
1355000 945.8
1360000 948.4
1365000 619.8
1370000 918.1
1375000 932.5
1380000 954.7
1385000 939.2
1390000 944.4
1395000 955.7
1400000 951.9
1405000 957.4
1410000 943.2
1415000 844.8
1420000 958.2
1425000 948.0
1430000 956.8
1435000 960.6
1440000 957.9
1445000 724.8
1450000 838.3
1455000 917.0
1460000 930.8
1465000 939.2
1470000 949.7
1475000 859.3
1480000 957.2
1485000 948.4
1490000 952.9
1495000 959.8
1500000 950.3
1505000 955.6
1510000 956.7
1515000 950.8
1520000 953.2
1525000 902.2
1530000 817.5
1535000 890.7
1540000 912.7
1545000 915.5
1550000 932.8
1555000 946.5
1560000 948.7
1565000 949.0
1570000 954.3
1575000 953.6
1580000 956.6
1585000 951.0
1590000 960.9
1595000 961.4
1600000 858.0
1605000 855.5
1610000 906.4
1615000 929.8
1620000 943.5
1625000 949.3
1630000 946.5
1635000 940.3
1640000 951.3
1645000 958.7
1650000 951.0
1655000 867.4
1660000 945.2
1665000 958.9
1670000 952.5
1675000 854.0
1680000 951.0
1685000 897.8
1690000 823.9
1695000 871.5
1700000 920.2
1705000 937.7
1710000 926.3
1715000 942.1
1720000 953.0
1725000 955.8
1730000 955.1
1735000 950.8
1740000 913.8
1745000 944.5
1750000 945.5
1755000 947.9
1760000 883.3
1765000 897.7
1770000 898.8
1775000 932.3
1780000 895.7
1785000 957.3
1790000 960.7
1795000 957.1
1800000 961.2
1805000 959.3
1810000 960.7
1815000 960.4
1820000 949.6
1825000 767.0
1830000 963.2
1835000 953.9
1840000 951.2
1845000 692.0
1850000 940.5
1855000 946.3
1860000 923.0
1865000 930.7
1870000 857.5
1875000 947.1
1880000 949.1
1885000 951.8
1890000 947.8
1895000 954.9
1900000 955.3
1905000 952.1
1910000 961.9
1915000 947.2
1920000 951.6
1925000 914.2
1930000 881.3
1935000 923.4
1940000 953.9
1945000 948.8
1950000 943.7
1955000 945.4
1960000 951.6
1965000 935.8
1970000 949.1
1975000 952.3
1980000 947.2
1985000 948.8
1990000 952.2
1995000 962.9
2000000 952.0
