5000 0.0
10000 0.0
15000 1.1
20000 0.0
25000 3.2
30000 0.0
35000 0.0
40000 0.0
45000 2.3
50000 1.7
55000 0.9
60000 0.0
65000 0.7
70000 0.3
75000 2.4
80000 1.8
85000 0.0
90000 0.7
95000 0.0
100000 0.0
105000 0.0
110000 0.0
115000 0.0
120000 2.7
125000 0.0
130000 33.5
135000 39.1
140000 35.3
145000 74.2
150000 29.6
155000 71.1
160000 37.4
165000 140.4
170000 279.7
175000 755.8
180000 445.9
185000 464.6
190000 176.0
195000 268.3
200000 366.6
205000 281.7
210000 628.0
215000 379.1
220000 270.6
225000 282.3
230000 382.3
235000 526.5
240000 282.1
245000 546.7
250000 552.3
255000 440.5
260000 280.5
265000 461.4
270000 354.5
275000 722.4
280000 555.0
285000 557.0
290000 551.6
295000 458.6
300000 374.4
305000 464.6
310000 424.8
315000 642.2
320000 729.5
325000 618.3
330000 730.8
335000 445.1
340000 287.0
345000 531.9
350000 740.8
355000 522.4
360000 547.6
365000 257.8
370000 726.2
375000 730.5
380000 528.8
385000 523.6
390000 525.1
395000 640.3
400000 468.2
405000 546.2
410000 375.1
415000 720.8
420000 651.2
425000 375.2
430000 512.1
435000 632.6
440000 627.1
445000 594.7
450000 439.9
455000 696.5
460000 724.8
465000 629.8
470000 352.8
475000 520.3
480000 711.4
485000 819.1
490000 625.1
495000 705.6
500000 534.7
505000 706.0
510000 342.6
515000 365.2
520000 532.6
525000 533.4
530000 644.7
535000 624.3
540000 529.3
545000 522.3
550000 785.0
555000 424.0
560000 612.9
565000 540.1
570000 649.1
575000 615.0
580000 523.1
585000 675.2
590000 712.4
595000 454.1
600000 365.2
605000 624.6
610000 780.6
615000 630.3
620000 530.6
625000 438.0
630000 637.4
635000 723.9
640000 454.4
645000 557.6
650000 697.0
655000 521.0
660000 544.1
665000 684.0
670000 529.9
675000 628.1
680000 644.1
685000 607.5
690000 646.5
695000 615.7
700000 785.1
705000 599.6
710000 355.6
715000 359.2
720000 730.2
725000 518.9
730000 638.7
735000 455.5
740000 789.9
745000 727.9
750000 727.5
755000 843.8
760000 429.3
765000 630.1
770000 875.3
775000 635.0
780000 527.0
785000 793.9
790000 616.0
795000 816.0
800000 430.2
805000 706.7
810000 718.4
815000 622.2
820000 604.2
825000 774.5
830000 637.3
835000 528.3
840000 607.7
845000 623.9
850000 615.5
855000 738.5
860000 425.1
865000 606.0
870000 814.5
875000 686.7
880000 532.1
885000 809.2
890000 688.8
895000 567.6
900000 440.6
905000 698.9
910000 624.4
915000 690.6
920000 698.8
925000 711.2
930000 672.2
935000 589.3
940000 891.2
945000 607.8
950000 782.8
955000 604.0
960000 646.9
965000 645.6
970000 805.1
975000 793.4
980000 622.1
985000 789.1
990000 604.3
995000 795.6
1000000 600.1
