5000 0.0
10000 0.0
15000 0.0
20000 0.0
25000 0.0
30000 0.0
35000 0.0
40000 3.2
45000 0.6
50000 0.0
55000 2.0
60000 1.9
65000 0.0
70000 9.2
75000 11.8
80000 100.0
85000 0.0
90000 100.0
95000 4.6
100000 0.0
105000 196.4
110000 100.0
115000 0.0
120000 199.0
125000 0.0
130000 0.0
135000 96.6
140000 0.0
145000 100.0
150000 0.0
155000 98.3
160000 0.0
165000 100.0
170000 100.0
175000 0.0
180000 100.0
185000 0.0
190000 0.0
195000 0.0
200000 0.0
205000 100.0
210000 0.0
215000 0.0
220000 100.0
225000 300.0
230000 0.0
235000 200.0
240000 0.0
245000 0.0
250000 1.8
255000 100.0
260000 0.0
265000 0.0
270000 0.0
275000 0.0
280000 2.3
285000 0.9
290000 100.0
295000 0.0
300000 200.0
305000 198.2
310000 0.0
315000 0.0
320000 98.6
325000 8.1
330000 0.0
335000 0.0
340000 0.0
345000 98.4
350000 0.0
355000 0.0
360000 100.0
365000 98.7
370000 0.0
375000 100.0
380000 100.0
385000 0.0
390000 0.0
395000 100.0
400000 100.0
405000 0.0
410000 100.0
415000 0.0
420000 97.2
425000 98.1
430000 0.0
435000 100.0
440000 100.0
445000 0.0
450000 0.0
455000 100.0
460000 97.1
465000 0.0
470000 0.0
475000 100.0
480000 100.0
485000 0.0
490000 0.0
495000 0.0
500000 100.0
505000 200.0
510000 200.0
515000 200.0
520000 0.0
525000 200.0
530000 0.0
535000 100.0
540000 0.0
545000 0.0
550000 0.0
555000 100.0
560000 95.0
565000 0.0
570000 0.0
575000 0.0
580000 0.0
585000 100.0
590000 100.0
595000 0.0
600000 0.0
605000 97.5
610000 0.0
615000 0.0
620000 0.0
625000 98.6
630000 100.0
635000 100.0
640000 200.0
645000 97.5
650000 199.9
655000 0.0
660000 0.0
665000 100.0
670000 100.0
675000 100.0
680000 200.0
685000 97.0
690000 0.0
695000 300.0
700000 198.9
705000 0.0
710000 98.8
715000 0.0
720000 197.9
725000 100.0
730000 100.0
735000 99.6
740000 200.0
745000 97.3
750000 0.0
755000 198.4
760000 0.0
765000 0.0
770000 0.0
775000 98.0
780000 0.0
785000 0.0
790000 0.0
795000 97.9
800000 0.0
805000 0.0
810000 0.0
815000 0.0
820000 100.0
825000 99.7
830000 99.7
835000 96.4
840000 0.0
845000 100.0
850000 100.0
855000 99.0
860000 0.0
865000 100.0
870000 0.0
875000 0.0
880000 98.2
885000 0.0
890000 100.0
895000 100.0
900000 100.0
905000 200.0
910000 0.0
915000 100.0
920000 0.0
925000 0.0
930000 200.0
935000 0.0
940000 0.0
945000 0.0
950000 200.0
955000 0.0
960000 98.1
965000 0.0
970000 0.0
975000 0.0
980000 0.0
985000 100.0
990000 97.7
995000 0.0
1000000 100.0
