5000 0.2
10000 0.0
15000 0.0
20000 26.9
25000 4.1
30000 195.7
35000 0.0
40000 0.0
45000 100.0
50000 200.0
55000 0.0
60000 200.0
65000 0.0
70000 0.0
75000 0.0
80000 200.0
85000 0.0
90000 100.0
95000 100.0
100000 0.0
105000 0.0
110000 0.0
115000 100.0
120000 0.0
125000 0.0
130000 0.0
135000 0.0
140000 0.0
145000 0.0
150000 100.0
155000 100.0
160000 0.0
165000 100.0
170000 100.0
175000 196.9
180000 0.0
185000 99.8
190000 0.0
195000 100.0
200000 0.0
205000 0.0
210000 200.0
215000 0.0
220000 199.2
225000 0.0
230000 0.0
235000 100.0
240000 0.0
245000 100.0
250000 99.7
255000 0.0
260000 0.0
265000 100.0
270000 99.3
275000 0.0
280000 100.0
285000 0.0
290000 100.0
295000 100.0
300000 100.0
305000 0.0
310000 0.0
315000 0.0
320000 0.0
325000 96.9
330000 100.0
335000 100.0
340000 200.0
345000 0.0
350000 0.0
355000 0.0
360000 200.0
365000 0.0
370000 196.7
375000 100.0
380000 0.0
385000 0.0
390000 0.0
395000 0.0
400000 97.2
405000 100.0
410000 0.0
415000 0.0
420000 100.0
425000 0.0
430000 200.0
435000 98.9
440000 0.0
445000 0.0
450000 300.0
455000 100.0
460000 0.0
465000 0.0
470000 0.0
475000 0.0
480000 0.0
485000 99.2
490000 0.0
495000 0.0
500000 100.0
505000 0.0
510000 100.0
515000 97.7
520000 0.0
525000 0.0
530000 0.0
535000 100.0
540000 0.0
545000 0.0
550000 100.0
555000 0.0
560000 0.0
565000 100.0
570000 100.0
575000 0.0
580000 0.0
585000 0.0
590000 0.0
595000 0.0
600000 100.0
605000 0.0
610000 100.0
615000 100.0
620000 197.3
625000 100.0
630000 0.0
635000 100.0
640000 100.0
645000 100.0
650000 0.0
655000 99.6
660000 0.0
665000 0.0
670000 100.0
675000 0.0
680000 0.0
685000 100.0
690000 100.0
695000 98.1
700000 0.0
705000 0.0
710000 0.0
715000 100.0
720000 0.0
725000 0.0
730000 100.0
735000 100.0
740000 0.0
745000 100.0
750000 100.0
755000 0.0
760000 0.0
765000 0.0
770000 0.0
775000 0.0
780000 0.0
785000 0.0
790000 100.0
795000 0.0
800000 194.0
805000 100.0
810000 100.0
815000 100.0
820000 0.0
825000 0.0
830000 98.8
835000 98.2
840000 0.0
845000 0.0
850000 100.0
855000 100.0
860000 0.0
865000 100.0
870000 100.0
875000 98.0
880000 100.0
885000 0.0
890000 0.0
895000 0.0
900000 0.0
905000 100.0
910000 0.0
915000 0.0
920000 0.0
925000 0.0
930000 100.0
935000 200.0
940000 100.0
945000 100.0
950000 294.8
955000 100.0
960000 99.4
965000 0.0
970000 0.0
975000 98.9
980000 0.0
985000 100.0
990000 99.6
995000 0.0
1000000 100.0
