5000 13.7
10000 7.2
15000 0.0
20000 0.0
25000 1.5
30000 0.0
35000 0.0
40000 0.0
45000 49.4
50000 100.0
55000 0.0
60000 0.0
65000 0.0
70000 0.5
75000 12.7
80000 14.2
85000 0.0
90000 0.0
95000 0.0
100000 0.0
105000 0.0
110000 0.0
115000 0.0
120000 0.0
125000 99.2
130000 200.0
135000 96.7
140000 100.0
145000 0.0
150000 0.0
155000 0.0
160000 100.0
165000 0.0
170000 193.3
175000 0.0
180000 0.0
185000 100.0
190000 0.0
195000 200.0
200000 100.0
205000 0.0
210000 0.0
215000 0.0
220000 0.0
225000 98.1
230000 99.1
235000 0.0
240000 100.0
245000 96.7
250000 0.0
255000 0.0
260000 98.3
265000 2.9
270000 0.0
275000 292.8
280000 0.0
285000 199.1
290000 198.7
295000 100.0
300000 0.0
305000 100.0
310000 15.1
315000 0.0
320000 0.0
325000 0.0
330000 0.0
335000 98.7
340000 98.1
345000 100.0
350000 99.6
355000 0.0
360000 99.6
365000 198.2
370000 0.0
375000 196.8
380000 200.0
385000 100.0
390000 96.9
395000 0.0
400000 96.8
405000 0.0
410000 100.0
415000 100.0
420000 0.0
425000 100.0
430000 200.0
435000 300.0
440000 0.0
445000 298.3
450000 0.0
455000 0.0
460000 100.0
465000 0.0
470000 0.0
475000 0.0
480000 100.0
485000 0.0
490000 198.3
495000 0.0
500000 200.0
505000 0.0
510000 196.9
515000 100.0
520000 100.0
525000 0.0
530000 0.0
535000 0.0
540000 100.0
545000 0.0
550000 0.0
555000 200.0
560000 0.0
565000 100.0
570000 0.0
575000 0.0
580000 100.0
585000 0.0
590000 299.4
595000 0.0
600000 0.0
605000 0.0
610000 0.0
615000 99.5
620000 0.0
625000 0.0
630000 0.0
635000 99.3
640000 100.0
645000 0.0
650000 0.0
655000 100.0
660000 0.0
665000 0.0
670000 100.0
675000 100.0
680000 98.3
685000 0.0
690000 100.0
695000 0.0
700000 97.4
705000 100.0
710000 0.0
715000 100.0
720000 0.0
725000 0.0
730000 100.0
735000 99.2
740000 100.0
745000 99.0
750000 200.0
755000 0.0
760000 0.0
765000 0.0
770000 100.0
775000 0.0
780000 100.0
785000 100.0
790000 0.0
795000 98.9
800000 100.0
805000 100.0
810000 98.4
815000 199.0
820000 0.0
825000 100.0
830000 398.2
835000 99.1
840000 0.0
845000 299.6
850000 0.0
855000 99.4
860000 200.0
865000 193.6
870000 0.0
875000 197.7
880000 0.0
885000 0.0
890000 0.0
895000 199.5
900000 100.0
905000 100.0
910000 100.0
915000 0.0
920000 0.0
925000 100.0
930000 100.0
935000 0.0
940000 0.0
945000 0.0
950000 0.0
955000 197.1
960000 0.0
965000 0.0
970000 100.0
975000 0.0
980000 200.0
985000 99.2
990000 98.4
995000 197.9
1000000 0.0
