5000 0.6
10000 0.0
15000 0.0
20000 0.0
25000 18.5
30000 450.1
35000 318.7
40000 757.7
45000 590.2
50000 668.6
55000 713.8
60000 741.9
65000 435.0
70000 517.5
75000 515.7
80000 704.9
85000 835.2
90000 869.9
95000 869.4
100000 781.9
105000 846.6
110000 716.2
115000 791.4
120000 701.3
125000 749.3
130000 809.8
135000 713.7
140000 689.3
145000 759.8
150000 735.6
155000 492.0
160000 755.7
165000 657.6
170000 561.7
175000 673.6
180000 597.2
185000 793.7
190000 552.1
195000 633.7
200000 798.3
205000 881.7
210000 712.1
215000 689.8
220000 793.7
225000 544.1
230000 711.5
235000 751.0
240000 620.9
245000 621.4
250000 657.1
255000 779.3
260000 630.9
265000 437.7
270000 777.4
275000 695.4
280000 719.6
285000 782.8
290000 697.1
295000 839.9
300000 519.6
305000 761.1
310000 700.1
315000 526.7
320000 605.1
325000 655.0
330000 802.2
335000 758.5
340000 792.1
345000 533.7
350000 749.6
355000 519.2
360000 677.0
365000 609.9
370000 653.3
375000 742.0
380000 431.4
385000 755.3
390000 580.1
395000 751.9
400000 512.2
405000 758.2
410000 724.8
415000 881.6
420000 681.7
425000 875.6
430000 782.4
435000 746.7
440000 786.3
445000 854.1
450000 616.9
455000 783.3
460000 582.9
465000 716.8
470000 766.1
475000 614.8
480000 667.3
485000 830.6
490000 753.4
495000 750.7
500000 863.1
505000 606.1
510000 777.9
515000 748.6
520000 744.2
525000 607.9
530000 686.1
535000 536.0
540000 720.9
545000 824.5
550000 868.6
555000 882.4
560000 851.5
565000 697.9
570000 699.9
575000 755.8
580000 856.9
585000 584.7
590000 602.8
595000 647.0
600000 763.2
605000 702.3
610000 693.3
615000 818.9
620000 542.3
625000 865.9
630000 673.8
635000 793.5
640000 674.4
645000 845.7
650000 704.2
655000 718.0
660000 802.3
665000 738.1
670000 687.3
675000 749.7
680000 731.1
685000 862.1
690000 814.2
695000 828.1
700000 850.3
705000 821.7
710000 686.4
715000 687.5
720000 781.0
725000 827.8
730000 869.7
735000 718.4
740000 787.0
745000 838.9
750000 856.7
755000 819.7
760000 842.0
765000 825.3
770000 839.9
775000 761.8
780000 768.9
785000 820.0
790000 435.0
795000 866.4
800000 819.3
805000 808.5
810000 823.9
815000 820.7
820000 824.7
825000 793.6
830000 776.7
835000 793.6
840000 818.8
845000 867.6
850000 728.6
855000 819.2
860000 854.6
865000 800.4
870000 835.5
875000 827.3
880000 838.4
885000 840.2
890000 855.3
895000 792.6
900000 831.9
905000 841.9
910000 802.5
915000 780.2
920000 863.9
925000 721.7
930000 807.5
935000 817.5
940000 831.7
945000 828.5
950000 807.0
955000 845.8
960000 821.8
965000 868.9
970000 767.8
975000 780.3
980000 840.1
985000 846.8
990000 808.5
995000 827.5
1000000 828.4
