5000 0.9
10000 3.1
15000 0.0
20000 0.0
25000 0.0
30000 0.0
35000 0.0
40000 1.3
45000 0.0
50000 0.0
55000 55.4
60000 0.0
65000 8.7
70000 106.7
75000 0.0
80000 0.0
85000 200.0
90000 18.4
95000 0.0
100000 0.0
105000 100.0
110000 100.0
115000 0.0
120000 100.0
125000 0.0
130000 100.0
135000 198.4
140000 0.0
145000 0.0
150000 0.0
155000 100.0
160000 200.0
165000 198.4
170000 0.0
175000 0.0
180000 0.0
185000 195.2
190000 0.0
195000 100.0
200000 100.0
205000 100.0
210000 0.0
215000 100.0
220000 100.0
225000 0.0
230000 0.0
235000 0.0
240000 0.0
245000 298.9
250000 100.0
255000 0.0
260000 0.0
265000 0.0
270000 95.7
275000 0.0
280000 99.4
285000 0.0
290000 0.0
295000 0.0
300000 194.2
305000 0.0
310000 0.0
315000 0.0
320000 100.0
325000 0.0
330000 200.0
335000 0.0
340000 0.0
345000 100.0
350000 0.0
355000 0.0
360000 0.0
365000 100.0
370000 100.0
375000 96.7
380000 100.0
385000 0.0
390000 100.0
395000 195.5
400000 300.0
405000 98.3
410000 4.1
415000 97.8
420000 0.0
425000 200.0
430000 99.8
435000 100.0
440000 100.0
445000 0.0
450000 0.0
455000 99.5
460000 0.0
465000 197.4
470000 98.2
475000 99.5
480000 199.1
485000 100.0
490000 0.0
495000 0.0
500000 0.0
505000 100.0
510000 98.3
515000 98.9
520000 100.0
525000 0.0
530000 394.7
535000 100.0
540000 100.0
545000 98.1
550000 0.0
555000 100.0
560000 0.0
565000 0.0
570000 100.0
575000 200.0
580000 0.0
585000 4.3
590000 0.0
595000 100.0
600000 0.0
605000 100.0
610000 0.0
615000 100.0
620000 0.0
625000 0.0
630000 0.0
635000 298.8
640000 96.8
645000 194.3
650000 100.0
655000 0.0
660000 196.3
665000 0.0
670000 0.0
675000 0.0
680000 99.4
685000 100.0
690000 0.0
695000 0.0
700000 0.0
705000 0.0
710000 0.0
715000 0.0
720000 100.0
725000 100.0
730000 0.0
735000 0.0
740000 200.0
745000 200.0
750000 0.0
755000 0.0
760000 0.0
765000 0.0
770000 0.0
775000 100.0
780000 0.0
785000 0.0
790000 0.0
795000 97.8
800000 199.0
805000 0.0
810000 0.0
815000 100.0
820000 200.0
825000 100.0
830000 0.0
835000 0.0
840000 195.8
845000 100.0
850000 0.0
855000 0.0
860000 199.6
865000 100.0
870000 0.0
875000 0.0
880000 100.0
885000 97.8
890000 0.0
895000 199.4
900000 198.5
905000 97.7
910000 0.0
915000 195.0
920000 0.0
925000 0.0
930000 100.0
935000 99.3
940000 0.0
945000 0.0
950000 0.0
955000 98.4
960000 0.0
965000 200.0
970000 0.0
975000 0.0
980000 100.0
985000 100.0
990000 0.0
995000 100.0
1000000 297.9
