5000 0.0
10000 0.0
15000 0.0
20000 1.7
25000 0.0
30000 11.5
35000 0.0
40000 0.0
45000 14.7
50000 1.8
55000 18.0
60000 0.0
65000 0.0
70000 0.0
75000 0.0
80000 0.0
85000 0.0
90000 0.0
95000 0.0
100000 99.1
105000 56.7
110000 0.0
115000 199.7
120000 100.0
125000 0.0
130000 280.4
135000 299.1
140000 100.0
145000 0.0
150000 0.0
155000 197.4
160000 0.0
165000 100.0
170000 0.0
175000 0.0
180000 100.0
185000 0.0
190000 100.0
195000 100.0
200000 100.0
205000 0.0
210000 99.9
215000 100.0
220000 0.0
225000 99.7
230000 99.3
235000 98.5
240000 196.6
245000 0.0
250000 0.0
255000 99.9
260000 0.0
265000 0.0
270000 97.3
275000 0.0
280000 0.0
285000 299.6
290000 0.0
295000 0.0
300000 0.0
305000 198.7
310000 100.0
315000 0.0
320000 100.0
325000 100.0
330000 100.0
335000 300.0
340000 100.0
345000 200.0
350000 0.0
355000 0.0
360000 0.0
365000 0.0
370000 100.0
375000 5.9
380000 121.2
385000 197.7
390000 0.0
395000 0.0
400000 282.4
405000 93.3
410000 192.4
415000 286.8
420000 185.3
425000 200.0
430000 285.8
435000 0.0
440000 200.0
445000 186.9
450000 452.2
455000 0.0
460000 187.0
465000 100.0
470000 371.7
475000 181.6
480000 369.0
485000 364.9
490000 455.5
495000 552.8
500000 726.4
505000 357.5
510000 285.4
515000 633.9
520000 720.1
525000 730.3
530000 609.2
535000 461.3
540000 538.2
545000 545.0
550000 727.1
555000 620.4
560000 697.7
565000 255.4
570000 529.4
575000 614.5
580000 568.5
585000 825.4
590000 591.4
595000 521.4
600000 769.3
605000 874.3
610000 905.8
615000 785.5
620000 845.9
625000 852.1
630000 783.2
635000 856.8
640000 740.9
645000 808.1
650000 820.9
655000 803.9
660000 843.2
665000 814.0
670000 836.2
675000 807.4
680000 814.6
685000 839.6
690000 837.0
695000 885.9
700000 864.6
705000 797.3
710000 812.1
715000 850.6
720000 857.2
725000 897.6
730000 861.7
735000 829.5
740000 869.7
745000 793.5
750000 797.6
755000 881.9
760000 846.5
765000 860.6
770000 848.4
775000 804.7
780000 848.5
785000 827.6
790000 892.8
795000 837.0
800000 850.9
805000 832.0
810000 825.9
815000 821.7
820000 845.1
825000 837.1
830000 848.1
835000 814.5
840000 815.7
845000 838.2
850000 880.8
855000 821.9
860000 776.3
865000 886.3
870000 832.9
875000 853.0
880000 893.6
885000 838.3
890000 806.4
895000 845.9
900000 783.9
905000 846.1
910000 823.6
915000 779.1
920000 846.1
925000 836.8
930000 852.5
935000 826.9
940000 803.3
945000 835.3
950000 826.5
955000 787.5
960000 841.2
965000 867.7
970000 877.2
975000 809.5
980000 808.1
985000 845.4
990000 876.6
995000 855.3
1000000 831.0
