5000 0.0
10000 0.0
15000 0.0
20000 0.0
25000 2.6
30000 0.0
35000 100.0
40000 0.0
45000 0.0
50000 99.0
55000 0.0
60000 199.4
65000 100.0
70000 0.0
75000 98.4
80000 100.0
85000 0.0
90000 0.0
95000 0.0
100000 100.0
105000 200.0
110000 0.0
115000 100.0
120000 0.0
125000 0.0
130000 0.0
135000 0.0
140000 100.0
145000 100.0
150000 0.0
155000 95.0
160000 0.0
165000 1.7
170000 0.0
175000 0.0
180000 100.0
185000 100.0
190000 100.0
195000 0.0
200000 0.0
205000 0.0
210000 0.0
215000 198.0
220000 198.9
225000 0.0
230000 98.2
235000 100.0
240000 100.0
245000 100.0
250000 100.0
255000 99.2
260000 0.0
265000 100.0
270000 0.0
275000 98.5
280000 98.6
285000 96.8
290000 100.0
295000 100.0
300000 0.0
305000 200.0
310000 99.1
315000 100.0
320000 94.7
325000 0.0
330000 0.0
335000 100.0
340000 0.0
345000 0.0
350000 0.0
355000 300.0
360000 99.5
365000 0.0
370000 0.0
375000 0.0
380000 0.0
385000 100.0
390000 0.0
395000 100.0
400000 99.2
405000 200.0
410000 100.0
415000 100.0
420000 0.0
425000 99.8
430000 0.0
435000 0.0
440000 0.0
445000 200.0
450000 0.0
455000 0.0
460000 0.0
465000 0.0
470000 0.0
475000 0.0
480000 100.0
485000 100.0
490000 0.0
495000 199.6
500000 0.0
505000 0.0
510000 0.0
515000 100.0
520000 0.0
525000 196.6
530000 96.2
535000 0.0
540000 0.0
545000 0.0
550000 97.9
555000 0.0
560000 99.2
565000 100.0
570000 97.6
575000 200.0
580000 97.0
585000 0.0
590000 100.0
595000 0.0
600000 100.0
605000 0.0
610000 200.0
615000 0.0
620000 198.3
625000 0.0
630000 0.0
635000 0.0
640000 0.0
645000 0.0
650000 100.0
655000 200.0
660000 97.1
665000 100.0
670000 0.0
675000 195.7
680000 199.4
685000 0.0
690000 100.0
695000 100.0
700000 0.0
705000 0.0
710000 0.0
715000 0.0
720000 100.0
725000 100.0
730000 0.0
735000 0.0
740000 0.0
745000 200.0
750000 98.3
755000 199.7
760000 0.0
765000 0.0
770000 199.0
775000 0.0
780000 0.0
785000 199.0
790000 99.1
795000 200.0
800000 0.0
805000 198.1
810000 0.0
815000 100.0
820000 0.0
825000 0.0
830000 97.7
835000 200.0
840000 100.0
845000 100.0
850000 299.5
855000 0.0
860000 100.0
865000 0.0
870000 0.0
875000 0.0
880000 100.0
885000 0.0
890000 200.0
895000 100.0
900000 0.0
905000 0.0
910000 0.0
915000 0.0
920000 0.0
925000 0.0
930000 97.0
935000 98.7
940000 0.0
945000 0.0
950000 100.0
955000 297.0
960000 100.0
965000 0.0
970000 0.0
975000 100.0
980000 0.0
985000 0.0
990000 99.4
995000 100.0
1000000 0.0
