5000 9.9
10000 7.1
15000 0.0
20000 3.2
25000 0.0
30000 0.0
35000 0.0
40000 1.6
45000 0.0
50000 0.0
55000 0.0
60000 0.0
65000 0.0
70000 0.0
75000 0.0
80000 0.0
85000 0.3
90000 2.0
95000 0.0
100000 0.5
105000 0.0
110000 2.7
115000 0.0
120000 0.0
125000 25.6
130000 40.9
135000 44.2
140000 48.4
145000 21.5
150000 31.2
155000 16.5
160000 58.6
165000 0.0
170000 269.4
175000 608.9
180000 634.0
185000 628.3
190000 178.7
195000 448.6
200000 632.2
205000 724.4
210000 692.5
215000 534.0
220000 627.8
225000 510.9
230000 688.3
235000 606.4
240000 719.6
245000 878.3
250000 462.8
255000 635.9
260000 623.6
265000 794.6
270000 717.5
275000 731.5
280000 895.9
285000 512.9
290000 533.2
295000 819.5
300000 840.1
305000 704.2
310000 602.9
315000 806.6
320000 685.8
325000 623.4
330000 712.0
335000 524.0
340000 900.1
345000 627.6
350000 859.6
355000 706.4
360000 695.8
365000 825.3
370000 666.4
375000 765.9
380000 703.2
385000 696.1
390000 722.4
395000 704.0
400000 779.0
405000 888.1
410000 894.5
415000 850.9
420000 826.6
425000 883.8
430000 794.5
435000 693.6
440000 857.1
445000 690.4
450000 719.7
455000 611.9
460000 861.9
465000 715.6
470000 768.9
475000 690.1
480000 719.3
485000 843.7
490000 722.9
495000 767.7
500000 703.2
505000 689.9
510000 690.2
515000 865.1
520000 769.9
525000 794.4
530000 869.3
535000 762.5
540000 895.1
545000 717.8
550000 754.6
555000 518.0
560000 791.2
565000 592.9
570000 786.6
575000 646.1
580000 872.4
585000 631.8
590000 728.1
595000 834.1
600000 811.1
605000 795.7
610000 782.2
615000 664.6
620000 777.0
625000 621.6
630000 858.9
635000 688.7
640000 868.6
645000 786.0
650000 765.7
655000 732.4
660000 860.4
665000 760.4
670000 878.9
675000 764.7
680000 803.8
685000 788.3
690000 759.5
695000 681.8
700000 865.7
705000 703.9
710000 492.3
715000 783.5
720000 698.7
725000 739.0
730000 614.4
735000 884.7
740000 498.6
745000 638.2
750000 867.2
755000 674.6
760000 636.8
765000 776.7
770000 886.0
775000 760.5
780000 691.2
785000 639.2
790000 750.9
795000 819.9
800000 762.8
805000 693.5
810000 852.4
815000 870.9
820000 719.3
825000 808.1
830000 783.4
835000 732.6
840000 804.8
845000 831.3
850000 793.7
855000 803.2
860000 842.0
865000 842.8
870000 871.3
875000 682.6
880000 834.7
885000 849.1
890000 903.2
895000 845.3
900000 835.7
905000 888.6
910000 829.5
915000 736.4
920000 782.8
925000 856.8
930000 803.8
935000 813.5
940000 821.5
945000 841.9
950000 827.3
955000 886.1
960000 783.2
965000 799.7
970000 796.6
975000 859.3
980000 841.4
985000 880.0
990000 808.9
995000 882.5
1000000 794.2
