5000 0.0
10000 0.0
15000 1.7
20000 0.0
25000 0.0
30000 0.0
35000 0.0
40000 0.8
45000 0.0
50000 2.4
55000 0.0
60000 0.0
65000 0.0
70000 0.0
75000 200.0
80000 198.6
85000 97.0
90000 100.0
95000 0.0
100000 0.0
105000 0.0
110000 1.8
115000 100.0
120000 0.0
125000 0.0
130000 0.0
135000 300.0
140000 0.0
145000 0.0
150000 0.0
155000 100.0
160000 200.0
165000 100.0
170000 198.9
175000 0.0
180000 99.1
185000 0.0
190000 0.0
195000 0.0
200000 100.0
205000 0.0
210000 0.0
215000 200.0
220000 100.0
225000 100.0
230000 100.0
235000 199.1
240000 100.0
245000 0.0
250000 0.0
255000 100.0
260000 97.5
265000 99.1
270000 100.0
275000 0.0
280000 96.0
285000 200.0
290000 0.0
295000 100.0
300000 0.0
305000 100.0
310000 100.0
315000 198.9
320000 98.8
325000 0.0
330000 100.0
335000 0.0
340000 100.0
345000 200.0
350000 100.0
355000 100.0
360000 199.8
365000 0.0
370000 196.8
375000 0.0
380000 0.0
385000 100.0
390000 0.0
395000 199.4
400000 98.0
405000 100.0
410000 0.0
415000 0.0
420000 0.0
425000 0.0
430000 0.0
435000 200.0
440000 0.0
445000 0.0
450000 100.0
455000 0.0
460000 0.0
465000 99.3
470000 99.5
475000 100.0
480000 100.0
485000 195.5
490000 0.0
495000 198.9
500000 0.0
505000 0.0
510000 99.6
515000 0.0
520000 100.0
525000 100.0
530000 100.0
535000 100.0
540000 0.0
545000 0.0
550000 0.0
555000 199.3
560000 0.0
565000 100.0
570000 99.5
575000 100.0
580000 197.0
585000 0.0
590000 0.0
595000 0.0
600000 98.3
605000 100.0
610000 0.0
615000 0.0
620000 0.0
625000 200.0
630000 100.0
635000 11.2
640000 100.0
645000 0.0
650000 0.0
655000 199.3
660000 100.0
665000 0.0
670000 200.0
675000 0.0
680000 0.0
685000 100.0
690000 0.0
695000 98.6
700000 0.0
705000 100.0
710000 0.0
715000 0.0
720000 100.0
725000 100.0
730000 0.0
735000 100.0
740000 100.0
745000 0.0
750000 0.0
755000 97.4
760000 0.0
765000 195.8
770000 0.0
775000 0.0
780000 0.0
785000 100.0
790000 99.5
795000 100.0
800000 100.0
805000 100.0
810000 0.0
815000 0.0
820000 0.0
825000 0.0
830000 0.0
835000 0.0
840000 100.0
845000 199.8
850000 195.0
855000 0.0
860000 0.0
865000 100.0
870000 0.0
875000 99.0
880000 100.0
885000 100.0
890000 200.0
895000 0.0
900000 100.0
905000 100.0
910000 0.0
915000 0.0
920000 196.7
925000 100.0
930000 0.0
935000 0.0
940000 297.3
945000 0.0
950000 100.0
955000 0.0
960000 0.0
965000 0.0
970000 97.9
975000 0.0
980000 0.0
985000 94.7
990000 197.9
995000 0.0
1000000 0.0
