5000 0.0
10000 5.5
15000 2.8
20000 0.0
25000 2.7
30000 98.3
35000 100.0
40000 200.0
45000 199.4
50000 200.0
55000 0.0
60000 100.0
65000 0.0
70000 0.0
75000 0.0
80000 0.0
85000 99.6
90000 100.0
95000 98.3
100000 0.0
105000 100.0
110000 100.0
115000 99.2
120000 100.0
125000 99.3
130000 100.0
135000 0.0
140000 100.0
145000 200.0
150000 0.0
155000 0.0
160000 0.0
165000 100.0
170000 100.0
175000 200.0
180000 0.0
185000 99.4
190000 0.0
195000 0.0
200000 96.5
205000 0.0
210000 196.8
215000 100.0
220000 400.0
225000 0.0
230000 100.0
235000 198.9
240000 200.0
245000 111.0
250000 5.3
255000 96.9
260000 0.0
265000 100.0
270000 98.4
275000 0.0
280000 0.0
285000 0.0
290000 0.0
295000 0.0
300000 200.0
305000 96.1
310000 0.0
315000 0.0
320000 300.0
325000 100.0
330000 100.0
335000 97.6
340000 0.0
345000 200.0
350000 0.0
355000 100.0
360000 100.0
365000 0.0
370000 0.0
375000 0.0
380000 100.0
385000 200.0
390000 0.0
395000 100.0
400000 0.0
405000 100.0
410000 0.0
415000 0.0
420000 100.0
425000 100.0
430000 98.3
435000 0.0
440000 0.0
445000 0.0
450000 97.6
455000 100.0
460000 0.0
465000 0.0
470000 0.0
475000 0.0
480000 0.0
485000 0.0
490000 0.0
495000 200.0
500000 98.7
505000 0.0
510000 97.9
515000 0.0
520000 0.0
525000 0.0
530000 298.6
535000 100.0
540000 0.0
545000 100.0
550000 0.0
555000 0.0
560000 0.0
565000 97.1
570000 0.0
575000 0.0
580000 0.0
585000 196.1
590000 0.0
595000 0.0
600000 100.0
605000 0.0
610000 0.0
615000 200.0
620000 0.0
625000 0.0
630000 100.0
635000 100.0
640000 200.0
645000 98.5
650000 0.0
655000 0.0
660000 100.0
665000 200.0
670000 0.0
675000 200.0
680000 100.0
685000 0.0
690000 0.0
695000 100.0
700000 0.0
705000 0.0
710000 0.0
715000 0.0
720000 0.0
725000 100.0
730000 98.6
735000 98.0
740000 0.0
745000 0.0
750000 100.0
755000 200.0
760000 198.3
765000 0.0
770000 199.2
775000 100.0
780000 0.0
785000 0.0
790000 0.0
795000 98.9
800000 0.0
805000 0.0
810000 100.0
815000 100.0
820000 0.0
825000 100.0
830000 0.0
835000 0.0
840000 0.0
845000 299.6
850000 0.0
855000 99.3
860000 0.0
865000 100.0
870000 0.0
875000 100.0
880000 198.9
885000 0.0
890000 96.2
895000 100.0
900000 0.0
905000 0.0
910000 0.0
915000 100.0
920000 100.0
925000 97.6
930000 0.0
935000 0.0
940000 0.0
945000 0.0
950000 196.4
955000 0.0
960000 100.0
965000 0.0
970000 100.0
975000 100.0
980000 0.0
985000 0.0
990000 0.0
995000 0.0
1000000 100.0
