5000 4.8
10000 1.3
15000 0.0
20000 0.0
25000 0.0
30000 1.0
35000 0.1
40000 0.0
45000 0.0
50000 0.0
55000 6.8
60000 98.2
65000 100.0
70000 34.3
75000 0.0
80000 0.0
85000 0.0
90000 0.0
95000 0.0
100000 100.0
105000 0.0
110000 100.0
115000 100.0
120000 0.0
125000 197.9
130000 0.0
135000 100.0
140000 0.0
145000 0.0
150000 0.0
155000 100.0
160000 98.5
165000 100.0
170000 0.0
175000 98.5
180000 200.0
185000 0.0
190000 197.6
195000 100.0
200000 97.9
205000 196.9
210000 0.0
215000 100.0
220000 0.0
225000 0.0
230000 99.4
235000 99.4
240000 98.1
245000 0.0
250000 0.0
255000 0.0
260000 100.0
265000 0.0
270000 100.0
275000 100.0
280000 100.0
285000 0.0
290000 0.0
295000 0.0
300000 0.0
305000 200.0
310000 98.2
315000 100.0
320000 0.0
325000 0.0
330000 0.0
335000 200.0
340000 0.0
345000 0.0
350000 99.3
355000 199.5
360000 199.4
365000 0.0
370000 100.0
375000 200.0
380000 97.9
385000 99.5
390000 98.4
395000 100.0
400000 0.0
405000 0.0
410000 0.0
415000 0.0
420000 0.0
425000 0.0
430000 100.0
435000 100.0
440000 100.0
445000 0.0
450000 100.0
455000 296.7
460000 0.0
465000 100.0
470000 198.6
475000 300.0
480000 0.0
485000 0.0
490000 97.6
495000 0.0
500000 0.0
505000 0.0
510000 100.0
515000 200.0
520000 192.6
525000 100.0
530000 100.0
535000 0.0
540000 194.3
545000 0.0
550000 196.6
555000 0.0
560000 0.0
565000 100.0
570000 0.0
575000 100.0
580000 0.0
585000 99.2
590000 100.0
595000 100.0
600000 291.6
605000 193.2
610000 196.3
615000 100.0
620000 196.9
625000 100.0
630000 0.0
635000 98.9
640000 98.9
645000 0.0
650000 200.0
655000 0.0
660000 0.0
665000 296.8
670000 0.0
675000 0.0
680000 100.0
685000 100.0
690000 0.0
695000 0.0
700000 100.0
705000 100.0
710000 0.0
715000 98.5
720000 100.0
725000 0.0
730000 0.0
735000 100.0
740000 100.0
745000 0.0
750000 0.0
755000 100.0
760000 0.0
765000 200.0
770000 0.0
775000 100.0
780000 0.0
785000 200.0
790000 298.0
795000 98.2
800000 100.0
805000 0.0
810000 0.0
815000 0.0
820000 198.0
825000 0.0
830000 100.0
835000 0.0
840000 0.0
845000 0.0
850000 0.0
855000 98.9
860000 0.0
865000 100.0
870000 0.0
875000 0.0
880000 0.0
885000 99.3
890000 96.9
895000 100.0
900000 0.0
905000 0.0
910000 100.0
915000 0.0
920000 0.0
925000 200.0
930000 99.6
935000 0.0
940000 0.0
945000 0.0
950000 100.0
955000 199.9
960000 200.0
965000 0.0
970000 98.7
975000 0.0
980000 0.0
985000 100.0
990000 100.0
995000 0.0
1000000 0.0
