5000 13.3
10000 0.0
15000 0.0
20000 12.2
25000 0.0
30000 100.0
35000 0.0
40000 0.0
45000 200.0
50000 100.0
55000 0.0
60000 100.0
65000 200.0
70000 23.4
75000 100.0
80000 100.0
85000 198.5
90000 0.0
95000 100.0
100000 200.0
105000 0.0
110000 99.0
115000 100.0
120000 100.0
125000 0.0
130000 0.0
135000 0.0
140000 100.0
145000 100.0
150000 0.0
155000 100.0
160000 100.0
165000 0.0
170000 0.0
175000 100.0
180000 0.0
185000 0.0
190000 0.0
195000 0.0
200000 0.0
205000 100.0
210000 0.0
215000 0.0
220000 0.0
225000 0.0
230000 200.0
235000 100.0
240000 100.0
245000 100.0
250000 0.0
255000 0.0
260000 99.6
265000 0.0
270000 100.0
275000 0.0
280000 0.0
285000 0.0
290000 100.0
295000 0.0
300000 100.0
305000 100.0
310000 100.0
315000 0.0
320000 0.0
325000 0.0
330000 100.0
335000 200.0
340000 397.5
345000 0.0
350000 0.0
355000 0.0
360000 184.2
365000 252.2
370000 0.0
375000 100.0
380000 0.0
385000 100.0
390000 433.1
395000 100.0
400000 0.0
405000 100.0
410000 100.0
415000 99.7
420000 100.0
425000 0.0
430000 200.0
435000 298.7
440000 0.0
445000 100.0
450000 0.0
455000 0.0
460000 105.8
465000 0.0
470000 0.0
475000 23.4
480000 100.0
485000 303.1
490000 0.0
495000 0.0
500000 112.5
505000 130.4
510000 105.9
515000 12.9
520000 7.1
525000 205.7
530000 5.9
535000 0.0
540000 0.0
545000 0.0
550000 18.2
555000 6.7
560000 7.8
565000 0.0
570000 14.1
575000 200.0
580000 100.0
585000 100.0
590000 7.5
595000 15.8
600000 16.6
605000 8.1
610000 106.1
615000 107.7
620000 8.3
625000 118.1
630000 28.5
635000 30.7
640000 32.2
645000 10.9
650000 97.8
655000 35.4
660000 100.0
665000 33.9
670000 113.6
675000 14.0
680000 127.2
685000 0.0
690000 134.6
695000 136.0
700000 0.0
705000 284.3
710000 378.6
715000 192.0
720000 183.8
725000 100.0
730000 277.8
735000 377.8
740000 192.9
745000 0.0
750000 287.0
755000 281.9
760000 193.8
765000 94.4
770000 94.2
775000 0.0
780000 291.9
785000 0.0
790000 93.5
795000 286.9
800000 188.6
805000 188.4
810000 475.1
815000 93.8
820000 0.0
825000 293.2
830000 188.3
835000 579.0
840000 460.1
845000 360.6
850000 282.8
855000 283.0
860000 554.2
865000 359.5
870000 370.2
875000 94.4
880000 552.3
885000 380.1
890000 461.7
895000 188.0
900000 89.0
905000 617.8
910000 470.8
915000 736.8
920000 350.5
925000 649.5
930000 360.7
935000 361.2
940000 365.6
945000 272.4
950000 460.2
955000 289.0
960000 294.3
965000 273.3
970000 276.9
975000 354.9
980000 546.3
985000 549.2
990000 377.4
995000 561.3
1000000 356.5
