5000 0.0
10000 0.0
15000 2.2
20000 0.0
25000 0.0
30000 0.0
35000 0.0
40000 1.5
45000 0.0
50000 0.0
55000 197.4
60000 0.0
65000 0.0
70000 0.0
75000 100.0
80000 100.0
85000 0.0
90000 100.0
95000 0.0
100000 0.0
105000 97.8
110000 0.0
115000 0.0
120000 0.0
125000 100.0
130000 100.0
135000 100.0
140000 0.0
145000 100.0
150000 0.0
155000 100.0
160000 100.0
165000 100.0
170000 0.0
175000 99.4
180000 0.0
185000 0.0
190000 0.0
195000 98.2
200000 0.0
205000 0.0
210000 0.0
215000 199.2
220000 100.0
225000 198.9
230000 100.0
235000 100.0
240000 0.0
245000 0.0
250000 0.0
255000 99.4
260000 0.0
265000 95.8
270000 0.0
275000 0.0
280000 100.0
285000 200.0
290000 100.0
295000 100.0
300000 99.2
305000 0.0
310000 0.0
315000 0.0
320000 100.0
325000 100.0
330000 0.0
335000 96.2
340000 100.0
345000 0.0
350000 0.0
355000 0.0
360000 100.0
365000 0.0
370000 0.0
375000 0.0
380000 100.0
385000 0.0
390000 0.0
395000 100.0
400000 0.0
405000 0.0
410000 0.0
415000 100.0
420000 100.0
425000 100.0
430000 100.0
435000 100.0
440000 0.0
445000 0.0
450000 0.0
455000 200.0
460000 0.0
465000 0.0
470000 100.0
475000 197.7
480000 0.0
485000 0.0
490000 100.0
495000 100.0
500000 0.0
505000 0.0
510000 0.0
515000 200.0
520000 95.9
525000 99.7
530000 0.0
535000 100.0
540000 97.8
545000 100.0
550000 100.0
555000 100.0
560000 0.0
565000 0.0
570000 0.0
575000 199.0
580000 97.7
585000 0.0
590000 0.0
595000 0.0
600000 200.0
605000 100.0
610000 197.8
615000 99.0
620000 5.9
625000 100.0
630000 100.0
635000 97.3
640000 0.0
645000 0.0
650000 0.0
655000 111.0
660000 295.8
665000 98.5
670000 0.0
675000 100.0
680000 0.0
685000 299.4
690000 204.9
695000 99.1
700000 0.0
705000 198.8
710000 0.0
715000 0.0
720000 17.6
725000 94.1
730000 196.6
735000 98.8
740000 98.9
745000 0.0
750000 100.0
755000 0.0
760000 0.0
765000 89.9
770000 0.0
775000 97.5
780000 0.0
785000 100.0
790000 0.0
795000 200.0
800000 100.0
805000 100.0
810000 100.0
815000 17.0
820000 0.0
825000 99.1
830000 0.0
835000 0.0
840000 100.0
845000 105.2
850000 0.0
855000 100.0
860000 0.0
865000 194.9
870000 100.0
875000 0.0
880000 97.0
885000 0.0
890000 0.0
895000 100.0
900000 7.0
905000 0.0
910000 0.0
915000 0.0
920000 100.0
925000 296.4
930000 100.0
935000 96.2
940000 100.0
945000 0.0
950000 0.0
955000 0.0
960000 0.0
965000 0.0
970000 0.0
975000 100.0
980000 100.0
985000 0.0
990000 300.0
995000 0.0
1000000 100.0
