5000 0.0
10000 1.5
15000 2.2
20000 0.0
25000 0.3
30000 0.0
35000 3.3
40000 2.2
45000 0.0
50000 0.5
55000 2.4
60000 0.0
65000 0.0
70000 0.0
75000 0.0
80000 5.0
85000 0.4
90000 0.0
95000 0.1
100000 0.0
105000 0.0
110000 0.0
115000 6.6
120000 0.0
125000 0.0
130000 13.6
135000 6.0
140000 11.0
145000 5.6
150000 10.8
155000 11.6
160000 12.5
165000 8.2
170000 17.5
175000 0.0
180000 12.0
185000 11.9
190000 13.8
195000 20.3
200000 54.7
205000 0.0
210000 27.3
215000 37.0
220000 0.0
225000 0.0
230000 380.5
235000 192.9
240000 184.6
245000 92.3
250000 0.0
255000 184.4
260000 193.1
265000 0.0
270000 194.0
275000 187.0
280000 193.1
285000 0.0
290000 0.0
295000 186.9
300000 93.3
305000 192.5
310000 387.2
315000 193.8
320000 0.0
325000 300.0
330000 186.5
335000 196.7
340000 93.9
345000 93.9
350000 291.2
355000 379.4
360000 100.0
365000 192.1
370000 0.0
375000 93.9
380000 287.2
385000 472.8
390000 187.1
395000 375.1
400000 100.0
405000 93.6
410000 198.3
415000 0.0
420000 286.6
425000 100.0
430000 200.0
435000 0.0
440000 100.0
445000 187.8
450000 93.6
455000 292.7
460000 93.8
465000 0.0
470000 287.4
475000 100.0
480000 0.0
485000 94.0
490000 94.0
495000 99.4
500000 387.8
505000 287.5
510000 193.8
515000 288.0
520000 187.8
525000 193.9
530000 391.1
535000 93.5
540000 194.0
545000 100.0
550000 193.6
555000 280.8
560000 193.8
565000 93.7
570000 93.5
575000 287.4
580000 293.5
585000 288.1
590000 187.4
595000 188.0
600000 187.8
605000 94.1
610000 0.0
615000 282.1
620000 188.1
625000 193.0
630000 188.2
635000 188.0
640000 187.3
645000 187.9
650000 190.5
655000 0.0
660000 384.0
665000 380.8
670000 94.1
675000 0.0
680000 194.0
685000 93.9
690000 382.4
695000 300.0
700000 187.9
705000 287.6
710000 93.5
715000 287.2
720000 93.8
725000 93.6
730000 287.5
735000 94.1
740000 385.5
745000 197.2
750000 282.1
755000 94.1
760000 94.1
765000 192.5
770000 187.4
775000 100.0
780000 0.0
785000 294.0
790000 282.4
795000 281.6
800000 475.3
805000 294.0
810000 479.4
815000 187.5
820000 97.7
825000 287.2
830000 93.3
835000 380.5
840000 199.4
845000 200.0
850000 281.5
855000 0.0
860000 288.1
865000 93.9
870000 388.3
875000 193.9
880000 93.7
885000 193.7
890000 100.0
895000 193.9
900000 93.5
905000 381.6
910000 294.3
915000 192.0
920000 194.1
925000 193.8
930000 381.2
935000 188.1
940000 0.0
945000 192.7
950000 293.4
955000 292.2
960000 93.9
965000 282.2
970000 187.1
975000 381.6
980000 287.0
985000 99.4
990000 387.9
995000 381.8
1000000 0.0
