5000 0.0
10000 0.0
15000 1.0
20000 0.0
25000 197.5
30000 98.4
35000 0.0
40000 297.1
45000 19.0
50000 198.3
55000 0.0
60000 100.0
65000 0.0
70000 300.0
75000 98.3
80000 0.0
85000 0.0
90000 0.0
95000 0.0
100000 100.0
105000 0.0
110000 200.0
115000 100.0
120000 100.0
125000 0.0
130000 0.0
135000 0.0
140000 100.0
145000 0.0
150000 0.0
155000 0.0
160000 99.5
165000 0.0
170000 0.0
175000 0.0
180000 0.0
185000 12.3
190000 0.0
195000 98.5
200000 0.0
205000 0.0
210000 18.5
215000 100.0
220000 200.0
225000 96.9
230000 100.0
235000 0.0
240000 0.0
245000 98.3
250000 0.0
255000 0.0
260000 200.0
265000 0.0
270000 0.0
275000 0.0
280000 0.0
285000 100.0
290000 0.0
295000 97.0
300000 0.0
305000 0.0
310000 0.0
315000 0.0
320000 200.0
325000 96.6
330000 99.5
335000 0.0
340000 0.0
345000 0.0
350000 99.0
355000 0.0
360000 100.0
365000 0.0
370000 100.0
375000 200.0
380000 99.7
385000 198.9
390000 100.0
395000 99.0
400000 0.0
405000 0.0
410000 0.0
415000 0.0
420000 93.7
425000 0.0
430000 0.0
435000 0.0
440000 0.0
445000 95.8
450000 0.0
455000 100.0
460000 98.7
465000 0.0
470000 96.4
475000 0.0
480000 0.0
485000 0.0
490000 100.0
495000 0.0
500000 0.0
505000 100.0
510000 100.0
515000 0.0
520000 200.0
525000 100.0
530000 0.0
535000 0.0
540000 98.4
545000 2.8
550000 0.0
555000 100.0
560000 100.0
565000 0.0
570000 99.4
575000 199.2
580000 0.0
585000 199.7
590000 0.0
595000 100.0
600000 0.0
605000 98.4
610000 100.0
615000 0.0
620000 0.0
625000 200.0
630000 200.0
635000 0.0
640000 100.0
645000 0.0
650000 0.0
655000 97.3
660000 200.0
665000 0.0
670000 0.0
675000 0.0
680000 196.7
685000 99.1
690000 100.0
695000 0.0
700000 0.0
705000 0.0
710000 0.0
715000 100.0
720000 100.0
725000 0.0
730000 0.0
735000 0.0
740000 100.0
745000 100.0
750000 0.0
755000 0.0
760000 0.0
765000 0.0
770000 0.0
775000 100.0
780000 0.0
785000 0.0
790000 98.9
795000 0.0
800000 100.0
805000 99.6
810000 0.0
815000 200.0
820000 0.0
825000 200.0
830000 0.0
835000 0.0
840000 98.9
845000 98.1
850000 0.0
855000 100.0
860000 0.0
865000 100.0
870000 0.0
875000 100.0
880000 199.0
885000 99.6
890000 100.0
895000 0.0
900000 300.0
905000 0.0
910000 200.0
915000 0.0
920000 100.0
925000 99.8
930000 100.0
935000 98.9
940000 0.0
945000 0.0
950000 100.0
955000 99.1
960000 0.0
965000 0.0
970000 0.0
975000 100.0
980000 0.0
985000 199.7
990000 0.0
995000 100.0
1000000 198.3
