5000 0.0
10000 0.0
15000 0.0
20000 0.0
25000 0.0
30000 2.5
35000 0.0
40000 0.0
45000 0.7
50000 0.0
55000 0.0
60000 0.0
65000 0.0
70000 95.7
75000 0.0
80000 0.0
85000 98.4
90000 100.0
95000 100.0
100000 198.7
105000 100.0
110000 300.0
115000 100.0
120000 0.0
125000 100.0
130000 99.2
135000 300.0
140000 297.4
145000 0.0
150000 100.0
155000 100.0
160000 0.0
165000 300.0
170000 198.4
175000 0.0
180000 0.0
185000 100.0
190000 100.0
195000 0.0
200000 0.0
205000 100.0
210000 0.0
215000 0.0
220000 0.0
225000 0.0
230000 0.0
235000 200.0
240000 0.0
245000 100.0
250000 0.0
255000 0.0
260000 0.0
265000 100.0
270000 0.0
275000 99.7
280000 0.0
285000 100.0
290000 0.0
295000 0.0
300000 100.0
305000 0.0
310000 0.0
315000 100.0
320000 0.0
325000 0.0
330000 100.0
335000 100.0
340000 0.0
345000 0.0
350000 100.0
355000 0.0
360000 0.0
365000 100.0
370000 100.0
375000 0.0
380000 99.1
385000 0.0
390000 100.0
395000 0.0
400000 200.0
405000 97.5
410000 98.7
415000 100.0
420000 98.5
425000 0.0
430000 200.0
435000 0.0
440000 100.0
445000 100.0
450000 99.3
455000 0.0
460000 0.0
465000 0.0
470000 300.0
475000 0.0
480000 99.1
485000 0.0
490000 0.0
495000 97.7
500000 99.2
505000 97.7
510000 99.6
515000 0.0
520000 100.0
525000 100.0
530000 99.2
535000 192.3
540000 99.2
545000 0.0
550000 0.0
555000 100.0
560000 99.4
565000 0.0
570000 0.0
575000 100.0
580000 100.0
585000 100.0
590000 100.0
595000 200.0
600000 100.0
605000 0.0
610000 0.0
615000 200.0
620000 100.0
625000 100.0
630000 99.3
635000 0.0
640000 100.0
645000 0.0
650000 0.0
655000 0.0
660000 300.0
665000 197.8
670000 198.7
675000 396.5
680000 200.0
685000 0.0
690000 0.0
695000 0.0
700000 100.0
705000 100.0
710000 0.0
715000 0.0
720000 100.0
725000 0.0
730000 0.0
735000 200.0
740000 99.8
745000 100.0
750000 198.9
755000 200.0
760000 100.0
765000 98.3
770000 100.0
775000 99.3
780000 199.0
785000 0.0
790000 0.0
795000 196.9
800000 0.0
805000 99.0
810000 0.0
815000 100.0
820000 0.0
825000 0.0
830000 0.0
835000 98.7
840000 0.0
845000 98.0
850000 0.0
855000 100.0
860000 198.4
865000 97.1
870000 99.1
875000 0.0
880000 98.8
885000 99.8
890000 97.7
895000 198.8
900000 0.0
905000 100.0
910000 100.0
915000 100.0
920000 0.0
925000 100.0
930000 0.0
935000 100.0
940000 0.0
945000 0.0
950000 299.6
955000 100.0
960000 100.0
965000 100.0
970000 0.0
975000 0.0
980000 100.0
985000 0.0
990000 200.0
995000 0.0
1000000 0.0
