5000 0.0
10000 3.7
15000 0.0
20000 0.0
25000 0.4
30000 0.0
35000 99.6
40000 97.6
45000 0.0
50000 200.0
55000 0.0
60000 100.0
65000 0.0
70000 0.0
75000 100.0
80000 0.0
85000 0.0
90000 0.0
95000 0.0
100000 100.0
105000 100.0
110000 0.0
115000 100.0
120000 0.0
125000 100.0
130000 0.0
135000 100.0
140000 100.0
145000 199.6
150000 100.0
155000 100.0
160000 97.2
165000 0.0
170000 100.0
175000 0.0
180000 0.0
185000 100.0
190000 96.1
195000 0.0
200000 0.0
205000 100.0
210000 0.0
215000 0.0
220000 0.0
225000 196.4
230000 98.9
235000 200.0
240000 97.3
245000 100.0
250000 0.0
255000 200.0
260000 0.0
265000 0.0
270000 0.0
275000 0.0
280000 0.0
285000 0.0
290000 0.0
295000 0.0
300000 100.0
305000 0.0
310000 0.0
315000 100.0
320000 0.0
325000 191.7
330000 0.0
335000 200.0
340000 100.0
345000 0.0
350000 0.0
355000 100.0
360000 100.0
365000 0.0
370000 198.7
375000 0.0
380000 0.0
385000 0.0
390000 0.0
395000 100.0
400000 100.0
405000 100.0
410000 0.0
415000 300.0
420000 0.0
425000 0.0
430000 0.0
435000 198.1
440000 0.0
445000 100.0
450000 0.0
455000 100.0
460000 100.0
465000 0.0
470000 0.0
475000 0.0
480000 98.8
485000 100.0
490000 99.2
495000 0.0
500000 98.6
505000 0.0
510000 0.0
515000 0.0
520000 199.1
525000 0.0
530000 199.1
535000 100.0
540000 0.0
545000 0.0
550000 100.0
555000 0.0
560000 100.0
565000 200.0
570000 0.0
575000 0.0
580000 98.4
585000 300.0
590000 0.0
595000 199.4
600000 0.0
605000 100.0
610000 0.0
615000 0.0
620000 0.0
625000 494.4
630000 0.0
635000 0.0
640000 100.0
645000 200.0
650000 116.8
655000 98.3
660000 0.0
665000 0.0
670000 100.0
675000 196.3
680000 199.2
685000 100.0
690000 0.0
695000 195.2
700000 0.0
705000 0.0
710000 0.0
715000 0.0
720000 32.2
725000 100.0
730000 6.1
735000 105.8
740000 208.2
745000 11.2
750000 5.4
755000 105.9
760000 296.8
765000 5.5
770000 5.4
775000 11.1
780000 5.5
785000 111.6
790000 5.5
795000 209.7
800000 202.6
805000 5.5
810000 23.0
815000 0.0
820000 0.0
825000 102.2
830000 205.6
835000 5.5
840000 11.3
845000 0.0
850000 5.7
855000 117.6
860000 111.1
865000 0.0
870000 0.0
875000 5.2
880000 6.1
885000 211.4
890000 107.1
895000 98.5
900000 184.6
905000 186.9
910000 379.6
915000 0.0
920000 193.0
925000 0.0
930000 92.4
935000 286.5
940000 193.5
945000 195.6
950000 93.6
955000 474.3
960000 279.5
965000 186.4
970000 0.0
975000 93.5
980000 93.5
985000 287.0
990000 386.8
995000 284.7
1000000 280.2
