5000 4.7
10000 5.7
15000 1.8
20000 0.0
25000 0.0
30000 0.3
35000 0.0
40000 0.0
45000 0.0
50000 5.7
55000 1.5
60000 3.8
65000 26.4
70000 47.8
75000 68.0
80000 319.7
85000 603.4
90000 678.6
95000 429.7
100000 339.7
105000 532.2
110000 709.8
115000 627.9
120000 609.1
125000 648.1
130000 510.4
135000 431.6
140000 635.4
145000 768.4
150000 692.7
155000 677.9
160000 678.6
165000 702.0
170000 732.2
175000 733.2
180000 632.3
185000 597.2
190000 793.9
195000 712.5
200000 515.3
205000 677.0
210000 697.2
215000 445.9
220000 678.4
225000 694.7
230000 623.9
235000 458.8
240000 744.2
245000 584.7
250000 542.7
255000 592.7
260000 701.3
265000 605.0
270000 704.6
275000 340.0
280000 782.7
285000 695.9
290000 425.8
295000 776.4
300000 625.4
305000 603.1
310000 496.1
315000 588.8
320000 686.7
325000 638.5
330000 697.9
335000 668.5
340000 723.9
345000 778.7
350000 716.1
355000 883.0
360000 634.8
365000 593.1
370000 654.2
375000 685.4
380000 794.2
385000 767.0
390000 679.8
395000 703.6
400000 561.7
405000 790.2
410000 691.5
415000 844.5
420000 671.4
425000 442.2
430000 493.9
435000 650.7
440000 700.1
445000 883.7
450000 686.7
455000 797.5
460000 591.6
465000 675.5
470000 568.1
475000 795.2
480000 442.2
485000 338.8
490000 756.4
495000 660.3
500000 685.3
505000 744.9
510000 606.1
515000 780.5
520000 690.1
525000 785.4
530000 711.7
535000 810.3
540000 597.5
545000 588.5
550000 693.8
555000 767.8
560000 605.4
565000 814.9
570000 623.6
575000 740.3
580000 423.9
585000 829.2
590000 761.5
595000 585.6
600000 539.3
605000 678.5
610000 787.2
615000 592.9
620000 581.2
625000 705.9
630000 431.6
635000 792.4
640000 718.7
645000 888.3
650000 794.7
655000 701.4
660000 741.0
665000 651.3
670000 691.2
675000 574.9
680000 685.6
685000 608.7
690000 774.1
695000 684.7
700000 589.4
705000 656.5
710000 766.9
715000 495.2
720000 620.3
725000 603.3
730000 812.4
735000 573.4
740000 780.3
745000 616.6
750000 491.8
755000 477.3
760000 618.5
765000 702.5
770000 769.2
775000 473.1
780000 672.7
785000 583.6
790000 604.3
795000 554.7
800000 742.3
805000 540.6
810000 700.4
815000 709.7
820000 687.2
825000 830.1
830000 627.8
835000 695.7
840000 689.8
845000 696.9
850000 874.5
855000 797.6
860000 602.2
865000 605.5
870000 569.6
875000 636.0
880000 599.9
885000 584.2
890000 767.1
895000 871.8
900000 606.6
905000 843.4
910000 843.9
915000 773.0
920000 847.0
925000 787.5
930000 746.2
935000 860.7
940000 885.9
945000 783.0
950000 785.0
955000 627.3
960000 845.3
965000 602.3
970000 581.7
975000 662.0
980000 658.5
985000 762.0
990000 747.6
995000 802.9
1000000 649.5
