5000 8.0
10000 0.0
15000 0.0
20000 0.0
25000 0.0
30000 0.0
35000 0.0
40000 300.0
45000 0.0
50000 98.1
55000 0.0
60000 0.0
65000 0.0
70000 0.0
75000 199.3
80000 98.9
85000 300.0
90000 100.0
95000 0.0
100000 100.0
105000 0.0
110000 0.0
115000 100.0
120000 0.0
125000 0.0
130000 198.5
135000 99.7
140000 0.0
145000 100.0
150000 0.0
155000 0.0
160000 0.0
165000 198.8
170000 100.0
175000 0.0
180000 0.0
185000 100.0
190000 0.0
195000 0.0
200000 197.1
205000 96.7
210000 0.0
215000 198.0
220000 0.0
225000 0.0
230000 0.0
235000 0.0
240000 0.0
245000 100.0
250000 100.0
255000 100.0
260000 98.5
265000 300.0
270000 0.0
275000 99.0
280000 100.0
285000 100.0
290000 0.0
295000 0.0
300000 100.0
305000 0.0
310000 0.0
315000 0.0
320000 96.4
325000 100.0
330000 0.0
335000 0.0
340000 300.0
345000 100.0
350000 299.6
355000 100.0
360000 0.0
365000 100.0
370000 197.8
375000 198.9
380000 100.0
385000 0.0
390000 100.0
395000 100.0
400000 0.0
405000 0.0
410000 100.0
415000 297.7
420000 0.0
425000 100.0
430000 0.0
435000 0.0
440000 0.0
445000 0.0
450000 200.0
455000 0.0
460000 200.0
465000 99.9
470000 0.0
475000 98.8
480000 99.0
485000 0.0
490000 98.2
495000 0.0
500000 0.0
505000 0.0
510000 0.0
515000 0.0
520000 100.0
525000 0.0
530000 197.4
535000 0.0
540000 98.7
545000 0.0
550000 0.0
555000 100.0
560000 100.0
565000 0.0
570000 0.0
575000 0.0
580000 0.0
585000 0.0
590000 100.0
595000 200.0
600000 0.0
605000 0.0
610000 200.0
615000 0.0
620000 100.0
625000 0.0
630000 0.0
635000 94.5
640000 0.0
645000 300.0
650000 0.0
655000 0.0
660000 0.0
665000 0.0
670000 99.5
675000 0.0
680000 100.0
685000 100.0
690000 100.0
695000 100.0
700000 0.0
705000 100.0
710000 100.0
715000 100.0
720000 0.0
725000 0.0
730000 100.0
735000 294.7
740000 0.0
745000 0.0
750000 100.0
755000 100.0
760000 0.0
765000 0.0
770000 100.0
775000 95.6
780000 98.7
785000 100.0
790000 0.0
795000 0.0
800000 0.0
805000 0.0
810000 100.0
815000 100.0
820000 0.0
825000 0.0
830000 0.0
835000 100.0
840000 0.0
845000 100.0
850000 0.0
855000 0.0
860000 100.0
865000 197.1
870000 0.0
875000 0.0
880000 199.7
885000 100.0
890000 100.0
895000 0.0
900000 0.0
905000 100.0
910000 0.0
915000 200.0
920000 0.0
925000 0.0
930000 0.0
935000 200.0
940000 100.0
945000 0.0
950000 0.0
955000 100.0
960000 0.0
965000 99.6
970000 98.8
975000 0.0
980000 100.0
985000 0.0
990000 0.0
995000 97.3
1000000 100.0
