5000 47.3
10000 253.4
15000 70.5
20000 56.5
25000 154.2
30000 60.4
35000 62.2
40000 59.3
45000 248.7
50000 56.8
55000 56.9
60000 113.0
65000 19.0
70000 160.7
75000 111.1
80000 11.2
85000 141.4
90000 127.0
95000 130.8
100000 148.3
105000 138.0
110000 189.3
115000 144.0
120000 156.6
125000 168.6
130000 182.7
135000 166.2
140000 173.3
145000 170.8
150000 170.3
155000 171.2
160000 168.6
165000 350.7
170000 274.4
175000 475.9
180000 433.8
185000 379.4
190000 439.9
195000 511.0
200000 528.7
205000 420.4
210000 558.2
215000 354.0
220000 462.6
225000 603.0
230000 576.8
235000 615.2
240000 573.8
245000 504.3
250000 648.4
255000 674.1
260000 676.2
265000 725.2
270000 717.8
275000 678.2
280000 714.0
285000 659.8
290000 685.2
295000 771.2
300000 779.9
305000 740.8
310000 791.3
315000 759.5
320000 775.5
325000 623.1
330000 781.3
335000 814.0
340000 795.6
345000 830.0
350000 774.5
355000 832.8
360000 820.5
365000 838.9
370000 814.2
375000 826.1
380000 859.4
385000 799.3
390000 827.3
395000 828.6
400000 776.1
405000 719.1
410000 799.5
415000 793.7
420000 857.0
425000 830.3
430000 838.2
435000 865.3
440000 857.3
445000 873.3
450000 840.3
455000 838.4
460000 828.8
465000 850.2
470000 864.7
475000 860.7
480000 857.4
485000 786.9
490000 809.7
495000 878.6
500000 864.6
505000 866.3
510000 889.3
515000 890.0
520000 893.2
525000 904.6
530000 896.0
535000 889.1
540000 888.0
545000 899.0
550000 907.5
555000 901.4
560000 914.3
565000 815.7
570000 887.6
575000 909.8
580000 914.1
585000 944.9
590000 929.6
595000 914.8
600000 934.3
605000 921.4
610000 904.4
615000 903.5
620000 913.1
625000 917.2
630000 916.9
635000 932.9
640000 931.0
645000 832.6
650000 888.7
655000 914.9
660000 912.8
665000 913.8
670000 915.3
675000 921.2
680000 913.6
685000 927.5
690000 947.1
695000 923.3
700000 933.9
705000 925.1
710000 916.4
715000 920.5
720000 921.6
725000 849.1
730000 900.9
735000 916.5
740000 932.6
745000 925.4
750000 934.3
755000 913.4
760000 929.3
765000 938.2
770000 949.5
775000 930.3
780000 931.4
785000 938.1
790000 934.7
795000 937.2
800000 924.1
805000 848.8
810000 878.9
815000 892.7
820000 917.2
825000 935.7
830000 905.7
835000 931.1
840000 914.7
845000 922.0
850000 932.1
855000 924.8
860000 939.6
865000 937.1
870000 940.4
875000 928.3
880000 935.9
885000 866.8
890000 922.0
895000 948.3
900000 916.2
905000 938.7
910000 951.2
915000 925.3
920000 931.8
925000 949.7
930000 937.4
935000 940.1
940000 923.3
945000 936.6
950000 948.5
955000 942.4
960000 925.7
965000 846.9
970000 940.2
975000 933.5
980000 931.4
985000 917.5
990000 934.3
995000 944.3
1000000 940.1
1005000 959.0
1010000 946.8
1015000 952.6
1020000 937.5
1025000 949.9
1030000 945.0
1035000 961.0
1040000 940.7
1045000 842.7
1050000 913.2
1055000 934.2
1060000 928.9
1065000 945.2
1070000 936.5
1075000 932.7
1080000 951.6
1085000 943.0
1090000 942.6
1095000 942.9
1100000 932.3
1105000 941.9
1110000 951.2
1115000 944.1
1120000 952.0
1125000 866.2
1130000 917.6
1135000 913.9
1140000 936.2
1145000 937.1
1150000 936.9
1155000 952.8
1160000 943.7
1165000 943.0
1170000 951.9
1175000 920.9
1180000 944.9
1185000 943.3
1190000 936.3
1195000 932.1
1200000 939.1
1205000 868.5
1210000 932.5
1215000 923.3
1220000 953.9
1225000 957.6
1230000 933.9
1235000 946.2
1240000 950.3
1245000 933.1
1250000 945.2
1255000 944.8
1260000 943.3
1265000 933.2
1270000 953.9
1275000 948.2
1280000 914.6
1285000 802.7
1290000 906.8
1295000 944.9
1300000 932.5
1305000 948.3
1310000 929.7
1315000 939.8
1320000 926.4
1325000 926.0
1330000 948.3
1335000 937.8
1340000 940.2
1345000 952.1
1350000 954.7
1355000 946.8
1360000 929.2
1365000 868.9
1370000 868.2
1375000 911.6
1380000 887.2
1385000 934.9
1390000 947.6
1395000 935.1
1400000 932.0
1405000 947.6
1410000 951.4
1415000 938.0
1420000 944.3
1425000 928.4
1430000 923.6
1435000 947.8
1440000 930.5
1445000 856.1
1450000 934.2
1455000 932.4
1460000 932.8
1465000 929.4
1470000 934.3
1475000 946.0
1480000 944.4
1485000 948.1
1490000 954.5
1495000 959.7
1500000 928.5
1505000 949.2
1510000 935.5
1515000 945.8
1520000 940.0
1525000 831.7
1530000 933.8
1535000 918.3
1540000 936.5
1545000 924.0
1550000 927.8
1555000 948.4
1560000 952.2
1565000 937.9
1570000 946.1
1575000 938.8
1580000 953.5
1585000 934.8
1590000 946.2
1595000 930.8
1600000 936.0
1605000 886.6
1610000 923.7
1615000 932.9
1620000 941.4
1625000 955.0
1630000 931.5
1635000 946.0
1640000 932.2
1645000 941.1
1650000 934.5
1655000 948.0
1660000 937.8
1665000 942.4
1670000 920.9
1675000 947.1
1680000 943.4
1685000 853.3
1690000 894.7
1695000 944.0
1700000 933.4
1705000 945.3
1710000 937.4
1715000 946.7
1720000 941.1
1725000 934.5
1730000 947.8
1735000 966.5
1740000 952.8
1745000 956.6
1750000 946.5
1755000 929.1
1760000 943.5
1765000 898.0
1770000 923.3
1775000 932.4
1780000 938.6
1785000 933.6
1790000 953.7
1795000 946.8
1800000 941.2
1805000 929.7
1810000 936.6
1815000 946.8
1820000 953.4
1825000 943.2
1830000 943.3
1835000 952.8
1840000 946.0
1845000 919.3
1850000 939.5
1855000 938.5
1860000 951.1
1865000 947.7
1870000 951.4
1875000 941.2
1880000 940.0
1885000 947.7
1890000 941.0
1895000 947.3
1900000 944.4
1905000 953.0
1910000 943.1
1915000 952.5
1920000 957.2
1925000 882.2
1930000 938.9
1935000 935.8
1940000 928.5
1945000 937.0
1950000 948.3
1955000 944.9
1960000 952.4
1965000 944.5
1970000 924.3
1975000 944.5
1980000 938.7
1985000 927.9
1990000 954.7
1995000 945.1
2000000 934.2
