5000 40.1
10000 92.6
15000 101.4
20000 106.8
25000 106.4
30000 107.8
35000 60.3
40000 107.1
45000 104.2
50000 6.6
55000 159.2
60000 56.7
65000 57.8
70000 197.3
75000 128.8
80000 95.4
85000 28.2
90000 51.1
95000 168.1
100000 140.3
105000 157.4
110000 264.4
115000 231.3
120000 204.4
125000 203.8
130000 254.0
135000 220.5
140000 232.7
145000 251.7
150000 216.3
155000 271.0
160000 243.0
165000 446.8
170000 411.2
175000 521.0
180000 531.1
185000 528.2
190000 240.0
195000 596.3
200000 544.6
205000 506.4
210000 299.0
215000 675.9
220000 690.1
225000 681.4
230000 530.9
235000 343.5
240000 401.7
245000 715.9
250000 664.0
255000 721.9
260000 736.3
265000 618.2
270000 737.1
275000 737.3
280000 804.0
285000 697.5
290000 783.5
295000 789.5
300000 769.1
305000 794.4
310000 803.1
315000 773.6
320000 826.2
325000 733.0
330000 802.8
335000 793.7
340000 860.5
345000 888.6
350000 887.8
355000 873.2
360000 860.5
365000 919.7
370000 792.4
375000 879.4
380000 842.9
385000 769.3
390000 847.3
395000 912.0
400000 885.5
405000 743.8
410000 775.0
415000 864.1
420000 869.6
425000 832.2
430000 824.8
435000 906.8
440000 899.7
445000 875.2
450000 884.3
455000 899.4
460000 894.8
465000 889.9
470000 925.8
475000 937.2
480000 897.8
485000 816.3
490000 840.9
495000 916.9
500000 908.2
505000 910.2
510000 919.2
515000 869.5
520000 903.0
525000 904.1
530000 887.2
535000 906.2
540000 859.1
545000 908.6
550000 927.1
555000 819.3
560000 897.8
565000 761.9
570000 897.9
575000 857.2
580000 910.3
585000 903.5
590000 925.2
595000 891.5
600000 910.7
605000 930.1
610000 916.3
615000 933.2
620000 923.8
625000 936.3
630000 930.5
635000 894.4
640000 898.8
645000 856.0
650000 887.7
655000 905.2
660000 899.4
665000 912.5
670000 931.5
675000 940.3
680000 915.1
685000 934.8
690000 911.6
695000 915.1
700000 894.4
705000 932.9
710000 908.8
715000 908.6
720000 914.0
725000 845.5
730000 901.2
735000 935.1
740000 941.2
745000 913.3
750000 951.0
755000 919.6
760000 916.0
765000 946.2
770000 940.4
775000 932.3
780000 932.9
785000 941.0
790000 947.9
795000 934.7
800000 946.4
805000 894.5
810000 909.0
815000 717.9
820000 931.2
825000 935.5
830000 934.4
835000 952.0
840000 934.7
845000 918.6
850000 928.8
855000 936.4
860000 850.6
865000 919.3
870000 939.2
875000 937.3
880000 942.8
885000 858.2
890000 912.6
895000 929.9
900000 939.7
905000 910.8
910000 927.0
915000 924.2
920000 942.3
925000 932.6
930000 931.2
935000 913.2
940000 891.8
945000 907.0
950000 936.0
955000 929.9
960000 940.8
965000 733.3
970000 940.1
975000 911.5
980000 941.3
985000 901.2
990000 929.8
995000 922.7
1000000 943.2
1005000 926.2
1010000 932.1
1015000 934.6
1020000 927.5
1025000 942.9
1030000 927.2
1035000 945.4
1040000 939.9
1045000 902.9
1050000 903.6
1055000 915.5
1060000 917.4
1065000 927.2
1070000 926.3
1075000 922.3
1080000 942.6
1085000 935.8
1090000 930.0
1095000 946.1
1100000 940.2
1105000 936.9
1110000 914.2
1115000 933.5
1120000 934.3
1125000 856.8
1130000 894.3
1135000 944.5
1140000 922.5
1145000 945.8
1150000 930.0
1155000 936.7
1160000 914.4
1165000 929.7
1170000 909.5
1175000 938.2
1180000 946.0
1185000 905.4
1190000 929.9
1195000 925.7
1200000 928.9
1205000 839.1
1210000 884.2
1215000 919.5
1220000 919.3
1225000 923.2
1230000 927.9
1235000 917.2
1240000 936.9
1245000 934.8
1250000 932.1
1255000 920.8
1260000 923.9
1265000 921.6
1270000 933.2
1275000 940.2
1280000 924.5
1285000 881.4
1290000 886.8
1295000 921.4
1300000 925.7
1305000 935.3
1310000 944.3
1315000 903.5
1320000 905.7
1325000 922.7
1330000 936.1
1335000 941.7
1340000 944.4
1345000 919.4
1350000 918.8
1355000 924.9
1360000 918.7
1365000 870.6
1370000 936.4
1375000 905.5
1380000 910.7
1385000 869.1
1390000 904.7
1395000 957.7
1400000 930.0
1405000 959.2
1410000 914.8
1415000 913.4
1420000 938.8
1425000 908.8
1430000 919.9
1435000 923.1
1440000 936.9
1445000 818.8
1450000 909.9
1455000 947.9
1460000 917.5
1465000 907.4
1470000 936.1
1475000 944.2
1480000 939.7
1485000 911.6
1490000 932.8
1495000 927.3
1500000 925.3
1505000 943.9
1510000 902.8
1515000 936.7
1520000 942.4
1525000 901.6
1530000 899.1
1535000 925.5
1540000 919.5
1545000 925.5
1550000 900.0
1555000 932.5
1560000 936.2
1565000 945.5
1570000 933.2
1575000 925.3
1580000 875.8
1585000 940.2
1590000 961.0
1595000 945.5
1600000 931.2
1605000 895.2
1610000 925.0
1615000 943.5
1620000 932.1
1625000 946.4
1630000 919.9
1635000 944.5
1640000 923.8
1645000 940.4
1650000 938.7
1655000 938.5
1660000 950.6
1665000 901.4
1670000 920.2
1675000 940.7
1680000 932.7
1685000 931.2
1690000 923.4
1695000 919.9
1700000 940.6
1705000 935.8
1710000 919.1
1715000 936.0
1720000 925.4
1725000 934.7
1730000 941.3
1735000 928.8
1740000 924.5
1745000 919.9
1750000 917.2
1755000 935.1
1760000 945.1
1765000 874.1
1770000 912.6
1775000 923.0
1780000 945.6
1785000 903.6
1790000 923.2
1795000 953.2
1800000 948.1
1805000 909.5
1810000 926.0
1815000 918.3
1820000 935.3
1825000 932.5
1830000 930.3
1835000 919.8
1840000 939.0
1845000 896.0
1850000 811.3
1855000 698.2
1860000 932.3
1865000 936.1
1870000 873.9
1875000 920.2
1880000 916.9
1885000 915.5
1890000 921.1
1895000 925.2
1900000 889.7
1905000 937.3
1910000 920.7
1915000 937.5
1920000 935.4
1925000 861.6
1930000 897.2
1935000 920.9
1940000 928.3
1945000 939.4
1950000 923.1
1955000 930.9
1960000 941.4
1965000 920.9
1970000 909.9
1975000 929.7
1980000 945.3
1985000 927.2
1990000 910.4
1995000 943.2
2000000 934.8
