5000 113.3
10000 160.3
15000 251.5
20000 111.1
25000 59.9
30000 105.1
35000 150.2
40000 104.2
45000 107.8
50000 105.7
55000 107.2
60000 256.8
65000 105.5
70000 106.6
75000 61.2
80000 160.7
85000 138.0
90000 147.3
95000 216.0
100000 158.2
105000 168.6
110000 182.8
115000 207.0
120000 201.5
125000 256.2
130000 202.8
135000 205.4
140000 220.7
145000 233.3
150000 232.6
155000 255.1
160000 232.7
165000 471.9
170000 380.0
175000 516.0
180000 556.6
185000 537.6
190000 585.0
195000 603.8
200000 627.8
205000 610.4
210000 622.9
215000 572.5
220000 677.9
225000 629.8
230000 675.5
235000 680.7
240000 665.0
245000 599.3
250000 666.1
255000 664.0
260000 674.6
265000 646.9
270000 677.2
275000 614.0
280000 664.5
285000 678.3
290000 650.9
295000 771.9
300000 689.7
305000 676.6
310000 688.8
315000 755.9
320000 745.4
325000 710.1
330000 689.2
335000 701.5
340000 746.3
345000 753.9
350000 762.5
355000 773.5
360000 778.5
365000 764.5
370000 785.9
375000 781.6
380000 767.9
385000 783.0
390000 802.8
395000 804.4
400000 805.5
405000 798.7
410000 805.4
415000 836.8
420000 823.7
425000 842.2
430000 839.2
435000 853.0
440000 867.6
445000 823.8
450000 807.0
455000 843.2
460000 782.2
465000 815.9
470000 782.5
475000 865.5
480000 840.7
485000 776.5
490000 828.9
495000 815.5
500000 860.9
505000 851.7
510000 861.9
515000 852.7
520000 863.5
525000 869.1
530000 874.1
535000 861.3
540000 878.8
545000 853.0
550000 873.3
555000 871.6
560000 880.2
565000 792.5
570000 823.2
575000 854.6
580000 849.1
585000 857.8
590000 874.1
595000 856.8
600000 862.0
605000 890.2
610000 871.9
615000 884.5
620000 879.5
625000 858.8
630000 859.0
635000 868.9
640000 872.7
645000 738.1
650000 835.6
655000 842.9
660000 872.8
665000 854.5
670000 879.9
675000 874.7
680000 869.5
685000 874.8
690000 875.4
695000 895.0
700000 885.9
705000 882.3
710000 881.6
715000 884.8
720000 876.0
725000 777.6
730000 859.2
735000 892.7
740000 899.4
745000 880.1
750000 889.4
755000 888.0
760000 895.9
765000 884.8
770000 890.0
775000 904.2
780000 875.6
785000 883.1
790000 888.3
795000 889.5
800000 887.1
805000 756.4
810000 846.6
815000 870.4
820000 892.0
825000 882.7
830000 900.9
835000 888.6
840000 877.9
845000 878.3
850000 876.1
855000 890.7
860000 898.0
865000 883.9
870000 907.0
875000 896.8
880000 891.6
885000 856.2
890000 880.4
895000 858.5
900000 898.1
905000 889.1
910000 888.6
915000 877.5
920000 901.9
925000 896.7
930000 911.5
935000 905.3
940000 875.5
945000 884.6
950000 901.5
955000 895.2
960000 891.2
965000 794.3
970000 885.1
975000 860.6
980000 866.1
985000 894.9
990000 873.9
995000 906.6
1000000 884.7
1005000 908.8
1010000 868.7
1015000 903.2
1020000 917.6
1025000 882.1
1030000 901.7
1035000 906.0
1040000 891.5
1045000 755.6
1050000 892.5
1055000 880.3
1060000 894.2
1065000 892.5
1070000 888.8
1075000 898.4
1080000 913.8
1085000 893.9
1090000 909.7
1095000 884.0
1100000 907.5
1105000 900.4
1110000 922.7
1115000 912.5
1120000 909.4
1125000 876.5
1130000 842.0
1135000 871.7
1140000 882.4
1145000 899.7
1150000 883.7
1155000 895.8
1160000 901.8
1165000 883.3
1170000 911.3
1175000 907.4
1180000 902.0
1185000 921.7
1190000 906.6
1195000 906.1
1200000 916.0
1205000 805.4
1210000 855.1
1215000 902.6
1220000 857.1
1225000 884.5
1230000 883.7
1235000 908.5
1240000 897.0
1245000 918.5
1250000 865.5
1255000 902.2
1260000 890.0
1265000 899.5
1270000 905.9
1275000 901.0
1280000 897.0
1285000 760.3
1290000 866.2
1295000 845.5
1300000 894.9
1305000 894.0
1310000 883.1
1315000 899.6
1320000 907.0
1325000 893.1
1330000 907.5
1335000 924.1
1340000 883.8
1345000 914.7
1350000 913.3
1355000 920.1
1360000 929.5
1365000 629.3
1370000 864.9
1375000 852.4
1380000 889.3
1385000 895.3
1390000 914.0
1395000 901.4
1400000 913.8
1405000 894.2
1410000 916.2
1415000 908.4
1420000 885.7
1425000 883.7
1430000 905.0
1435000 900.9
1440000 921.4
1445000 797.3
1450000 869.3
1455000 876.1
1460000 896.9
1465000 916.7
1470000 915.3
1475000 917.7
1480000 921.4
1485000 890.9
1490000 905.9
1495000 907.2
1500000 886.3
1505000 928.7
1510000 905.1
1515000 919.4
1520000 914.2
1525000 768.1
1530000 860.9
1535000 901.0
1540000 904.6
1545000 909.6
1550000 904.4
1555000 881.3
1560000 911.1
1565000 885.6
1570000 906.6
1575000 915.6
1580000 924.3
1585000 895.2
1590000 927.7
1595000 903.9
1600000 917.4
1605000 855.4
1610000 888.6
1615000 894.2
1620000 926.0
1625000 923.3
1630000 922.2
1635000 878.1
1640000 915.8
1645000 922.3
1650000 924.1
1655000 892.8
1660000 910.1
1665000 922.0
1670000 912.2
1675000 911.4
1680000 914.8
1685000 655.4
1690000 870.3
1695000 893.9
1700000 904.2
1705000 905.9
1710000 906.7
1715000 923.4
1720000 906.8
1725000 911.1
1730000 919.0
1735000 930.4
1740000 908.3
1745000 905.8
1750000 888.4
1755000 925.1
1760000 915.4
1765000 833.5
1770000 887.6
1775000 895.3
1780000 875.3
1785000 898.5
1790000 907.0
1795000 936.8
1800000 920.8
1805000 909.7
1810000 914.8
1815000 911.5
1820000 917.9
1825000 912.3
1830000 887.2
1835000 908.6
1840000 914.0
1845000 802.9
1850000 886.6
1855000 899.4
1860000 916.7
1865000 919.4
1870000 907.9
1875000 909.5
1880000 917.4
1885000 923.8
1890000 914.9
1895000 930.0
1900000 922.1
1905000 908.8
1910000 917.4
1915000 918.6
1920000 925.5
1925000 819.5
1930000 881.5
1935000 907.9
1940000 867.3
1945000 888.9
1950000 908.9
1955000 902.8
1960000 930.6
1965000 924.7
1970000 932.9
1975000 921.4
1980000 897.6
1985000 917.8
1990000 915.6
1995000 906.1
2000000 922.6
