5000 71.1
10000 10.2
15000 57.2
20000 56.6
25000 203.5
30000 153.9
35000 57.1
40000 59.7
45000 57.7
50000 159.1
55000 57.4
60000 164.9
65000 108.9
70000 60.9
75000 196.5
80000 60.0
85000 50.9
90000 282.1
95000 148.1
100000 158.3
105000 149.6
110000 139.5
115000 162.1
120000 148.0
125000 158.5
130000 169.9
135000 178.2
140000 175.1
145000 181.2
150000 188.1
155000 175.9
160000 178.6
165000 279.4
170000 425.7
175000 457.9
180000 343.6
185000 521.8
190000 512.5
195000 575.8
200000 547.2
205000 551.4
210000 600.2
215000 543.6
220000 588.8
225000 586.3
230000 643.4
235000 693.6
240000 655.8
245000 627.3
250000 692.2
255000 703.2
260000 692.0
265000 693.5
270000 687.7
275000 701.0
280000 722.4
285000 770.1
290000 725.3
295000 745.3
300000 776.3
305000 759.8
310000 674.6
315000 528.6
320000 752.4
325000 782.6
330000 781.8
335000 801.5
340000 754.5
345000 765.0
350000 795.3
355000 798.0
360000 784.3
365000 790.1
370000 750.5
375000 715.9
380000 794.2
385000 781.7
390000 791.6
395000 781.7
400000 801.6
405000 666.9
410000 763.0
415000 790.5
420000 820.0
425000 794.5
430000 816.5
435000 803.4
440000 809.8
445000 743.5
450000 789.7
455000 847.9
460000 801.4
465000 765.6
470000 816.6
475000 761.8
480000 797.6
485000 763.6
490000 771.9
495000 819.0
500000 793.5
505000 849.8
510000 800.9
515000 809.3
520000 844.4
525000 811.6
530000 838.0
535000 848.0
540000 819.4
545000 824.8
550000 813.7
555000 834.5
560000 809.0
565000 743.5
570000 787.5
575000 838.7
580000 857.4
585000 829.2
590000 825.0
595000 838.8
600000 824.5
605000 807.0
610000 839.6
615000 851.1
620000 845.9
625000 840.1
630000 833.2
635000 821.7
640000 803.6
645000 771.4
650000 801.2
655000 843.8
660000 838.4
665000 852.8
670000 835.4
675000 846.8
680000 861.8
685000 838.8
690000 812.3
695000 846.3
700000 827.3
705000 825.4
710000 854.0
715000 849.4
720000 859.1
725000 784.6
730000 793.9
735000 776.4
740000 843.7
745000 866.7
750000 846.7
755000 867.5
760000 836.5
765000 886.9
770000 876.9
775000 832.0
780000 847.6
785000 871.6
790000 861.6
795000 879.7
800000 868.2
805000 759.3
810000 828.3
815000 845.9
820000 864.5
825000 890.7
830000 887.2
835000 887.3
840000 860.1
845000 844.1
850000 880.2
855000 888.3
860000 868.3
865000 871.7
870000 856.1
875000 884.2
880000 884.2
885000 797.2
890000 823.1
895000 862.7
900000 892.4
905000 876.1
910000 887.2
915000 877.5
920000 886.5
925000 892.4
930000 881.9
935000 878.6
940000 898.9
945000 864.7
950000 901.7
955000 877.4
960000 897.1
965000 818.4
970000 854.5
975000 863.3
980000 885.4
985000 862.8
990000 858.1
995000 883.5
1000000 889.9
1005000 888.0
1010000 888.0
1015000 890.2
1020000 885.0
1025000 872.6
1030000 891.5
1035000 875.4
1040000 881.7
1045000 803.8
1050000 886.9
1055000 862.5
1060000 844.3
1065000 872.1
1070000 873.8
1075000 863.8
1080000 881.7
1085000 878.7
1090000 875.3
1095000 899.6
1100000 906.2
1105000 872.6
1110000 888.3
1115000 896.0
1120000 874.3
1125000 824.3
1130000 888.5
1135000 884.7
1140000 908.8
1145000 880.1
1150000 885.0
1155000 906.0
1160000 903.0
1165000 906.6
1170000 913.5
1175000 912.7
1180000 907.0
1185000 905.5
1190000 907.4
1195000 892.5
1200000 895.3
1205000 635.0
1210000 857.9
1215000 832.8
1220000 878.1
1225000 900.2
1230000 895.6
1235000 888.2
1240000 898.8
1245000 861.6
1250000 865.9
1255000 892.4
1260000 877.6
1265000 879.8
1270000 886.1
1275000 879.1
1280000 881.1
1285000 824.2
1290000 862.2
1295000 879.2
1300000 879.0
1305000 904.1
1310000 905.5
1315000 895.6
1320000 864.2
1325000 900.1
1330000 890.2
1335000 895.7
1340000 893.1
1345000 893.6
1350000 910.9
1355000 894.3
1360000 877.0
1365000 833.5
1370000 843.2
1375000 869.8
1380000 896.1
1385000 893.3
1390000 887.3
1395000 908.6
1400000 882.6
1405000 896.1
1410000 908.4
1415000 908.3
1420000 867.0
1425000 900.8
1430000 899.3
1435000 903.1
1440000 905.5
1445000 668.3
1450000 882.4
1455000 863.2
1460000 879.4
1465000 862.3
1470000 902.4
1475000 908.0
1480000 892.1
1485000 908.0
1490000 918.3
1495000 905.4
1500000 905.2
1505000 905.1
1510000 921.8
1515000 907.1
1520000 908.4
1525000 786.7
1530000 875.9
1535000 903.3
1540000 891.8
1545000 896.0
1550000 864.6
1555000 899.1
1560000 861.9
1565000 886.3
1570000 878.8
1575000 894.9
1580000 904.5
1585000 879.9
1590000 903.8
1595000 912.1
1600000 912.0
1605000 734.3
1610000 899.0
1615000 850.0
1620000 896.1
1625000 896.1
1630000 902.5
1635000 903.9
1640000 903.3
1645000 899.9
1650000 910.6
1655000 918.4
1660000 901.5
1665000 905.8
1670000 907.3
1675000 902.1
1680000 926.3
1685000 813.3
1690000 866.0
1695000 880.5
1700000 886.3
1705000 892.4
1710000 889.5
1715000 906.2
1720000 896.3
1725000 901.2
1730000 902.2
1735000 896.7
1740000 882.2
1745000 914.9
1750000 908.9
1755000 899.7
1760000 908.8
1765000 814.3
1770000 874.0
1775000 881.5
1780000 902.1
1785000 904.0
1790000 902.7
1795000 901.2
1800000 888.2
1805000 897.9
1810000 921.4
1815000 891.2
1820000 905.6
1825000 913.9
1830000 895.8
1835000 911.7
1840000 916.9
1845000 843.3
1850000 898.0
1855000 732.5
1860000 887.2
1865000 883.7
1870000 899.2
1875000 912.5
1880000 906.9
1885000 915.0
1890000 919.8
1895000 929.9
1900000 921.9
1905000 902.8
1910000 911.6
1915000 911.0
1920000 905.7
1925000 841.6
1930000 896.7
1935000 903.7
1940000 908.2
1945000 916.9
1950000 930.6
1955000 918.0
1960000 934.8
1965000 911.1
1970000 932.8
1975000 926.6
1980000 916.7
1985000 928.6
1990000 934.5
1995000 920.8
2000000 933.1
