5000 119.6
10000 156.5
15000 155.5
20000 133.6
25000 101.8
30000 53.6
35000 9.3
40000 102.9
45000 154.0
50000 49.8
55000 31.2
60000 45.7
65000 125.8
70000 104.9
75000 144.5
80000 60.8
85000 154.1
90000 105.2
95000 129.8
100000 234.5
105000 200.7
110000 179.8
115000 163.4
120000 179.7
125000 176.3
130000 183.3
135000 172.8
140000 196.9
145000 208.0
150000 259.3
155000 210.9
160000 201.7
165000 390.2
170000 492.8
175000 311.4
180000 531.4
185000 205.0
190000 479.2
195000 507.6
200000 605.8
205000 488.1
210000 635.5
215000 615.6
220000 642.6
225000 608.6
230000 538.9
235000 635.6
240000 461.7
245000 581.9
250000 591.1
255000 650.2
260000 663.6
265000 697.3
270000 653.8
275000 678.8
280000 702.5
285000 683.8
290000 754.7
295000 709.9
300000 700.0
305000 716.2
310000 744.8
315000 665.0
320000 739.3
325000 664.7
330000 782.4
335000 735.1
340000 716.1
345000 809.1
350000 796.5
355000 834.1
360000 758.6
365000 780.3
370000 730.0
375000 769.5
380000 766.4
385000 777.1
390000 814.2
395000 754.4
400000 783.8
405000 643.1
410000 736.8
415000 791.7
420000 841.2
425000 824.3
430000 796.2
435000 771.5
440000 816.8
445000 826.8
450000 796.9
455000 771.9
460000 829.8
465000 833.0
470000 802.3
475000 842.3
480000 802.0
485000 769.5
490000 817.4
495000 800.1
500000 798.7
505000 827.0
510000 817.4
515000 835.3
520000 842.9
525000 819.3
530000 834.9
535000 811.3
540000 861.0
545000 848.8
550000 826.4
555000 817.5
560000 831.3
565000 776.1
570000 817.4
575000 817.4
580000 808.2
585000 851.8
590000 830.1
595000 845.0
600000 849.0
605000 841.7
610000 845.5
615000 842.4
620000 826.9
625000 822.7
630000 838.0
635000 836.9
640000 849.2
645000 803.7
650000 831.0
655000 836.4
660000 845.6
665000 850.9
670000 854.9
675000 860.9
680000 831.8
685000 857.6
690000 871.1
695000 831.2
700000 868.6
705000 550.3
710000 866.7
715000 859.9
720000 844.4
725000 802.3
730000 827.1
735000 788.9
740000 850.9
745000 840.2
750000 858.7
755000 857.4
760000 849.2
765000 831.0
770000 828.4
775000 862.4
780000 832.4
785000 855.2
790000 838.6
795000 847.3
800000 859.6
805000 811.5
810000 839.4
815000 828.6
820000 811.7
825000 862.7
830000 876.8
835000 847.9
840000 856.3
845000 855.1
850000 775.9
855000 854.7
860000 860.9
865000 869.3
870000 835.9
875000 853.8
880000 781.5
885000 766.5
890000 782.6
895000 812.7
900000 821.2
905000 861.1
910000 846.8
915000 869.9
920000 832.8
925000 864.0
930000 845.7
935000 826.5
940000 835.0
945000 857.2
950000 835.7
955000 852.7
960000 838.4
965000 776.5
970000 806.2
975000 807.7
980000 872.8
985000 863.0
990000 836.1
995000 803.5
1000000 868.3
1005000 856.0
1010000 881.6
1015000 858.4
1020000 865.6
1025000 862.0
1030000 863.0
1035000 879.0
1040000 849.4
1045000 792.2
1050000 809.8
1055000 861.9
1060000 862.3
1065000 866.0
1070000 885.9
1075000 867.7
1080000 878.1
1085000 876.5
1090000 857.6
1095000 850.5
1100000 844.3
1105000 876.6
1110000 868.2
1115000 877.8
1120000 873.0
1125000 795.9
1130000 854.8
1135000 857.0
1140000 866.7
1145000 858.2
1150000 825.0
1155000 858.8
1160000 851.6
1165000 861.7
1170000 868.5
1175000 870.0
1180000 884.3
1185000 882.9
1190000 887.0
1195000 883.6
1200000 858.5
1205000 799.8
1210000 817.2
1215000 825.9
1220000 834.0
1225000 859.1
1230000 877.6
1235000 871.2
1240000 864.6
1245000 856.4
1250000 849.4
1255000 863.1
1260000 879.1
1265000 885.6
1270000 874.9
1275000 865.3
1280000 874.5
1285000 809.9
1290000 803.8
1295000 825.2
1300000 860.2
1305000 855.0
1310000 842.7
1315000 848.3
1320000 887.7
1325000 433.1
1330000 861.6
1335000 737.6
1340000 835.5
1345000 860.5
1350000 888.5
1355000 841.5
1360000 838.8
1365000 706.5
1370000 793.0
1375000 850.6
1380000 834.1
1385000 866.1
1390000 858.2
1395000 868.4
1400000 883.0
1405000 881.8
1410000 865.7
1415000 870.0
1420000 873.3
1425000 877.5
1430000 873.3
1435000 880.7
1440000 898.4
1445000 762.7
1450000 832.5
1455000 809.8
1460000 874.6
1465000 882.3
1470000 882.3
1475000 809.1
1480000 883.6
1485000 857.1
1490000 888.2
1495000 837.7
1500000 872.1
1505000 878.7
1510000 861.0
1515000 890.1
1520000 885.8
1525000 752.0
1530000 814.0
1535000 853.4
1540000 869.8
1545000 811.1
1550000 774.7
1555000 799.1
1560000 859.3
1565000 878.9
1570000 849.9
1575000 876.9
1580000 873.7
1585000 882.8
1590000 878.7
1595000 871.5
1600000 877.7
1605000 771.5
1610000 848.8
1615000 872.0
1620000 857.8
1625000 879.7
1630000 860.9
1635000 881.1
1640000 889.0
1645000 865.8
1650000 877.5
1655000 872.9
1660000 882.5
1665000 878.9
1670000 863.6
1675000 867.8
1680000 879.9
1685000 799.1
1690000 836.8
1695000 852.5
1700000 866.6
1705000 869.4
1710000 886.9
1715000 879.0
1720000 886.8
1725000 859.4
1730000 887.2
1735000 885.6
1740000 878.5
1745000 879.8
1750000 884.4
1755000 886.3
1760000 882.4
1765000 801.2
1770000 851.3
1775000 859.8
1780000 846.0
1785000 865.1
1790000 857.7
1795000 861.9
1800000 875.2
1805000 839.0
1810000 903.3
1815000 867.3
1820000 878.1
1825000 860.2
1830000 874.6
1835000 879.6
1840000 867.3
1845000 802.1
1850000 823.8
1855000 843.2
1860000 871.1
1865000 863.6
1870000 864.8
1875000 866.1
1880000 896.5
1885000 887.5
1890000 883.9
1895000 869.0
1900000 864.0
1905000 869.0
1910000 872.9
1915000 866.0
1920000 893.7
1925000 823.7
1930000 850.0
1935000 859.6
1940000 888.5
1945000 881.9
1950000 887.1
1955000 858.1
1960000 893.0
1965000 885.4
1970000 898.9
1975000 884.1
1980000 863.8
1985000 883.0
1990000 890.3
1995000 892.8
2000000 896.5
