5000 221.9
10000 643.0
15000 221.7
20000 621.8
25000 550.6
30000 385.4
35000 628.9
40000 471.4
45000 524.2
50000 598.6
55000 333.6
60000 326.1
65000 176.8
70000 214.8
75000 199.3
80000 335.4
85000 461.8
90000 799.6
95000 564.6
100000 438.2
105000 192.1
110000 587.1
115000 488.1
120000 323.9
125000 226.9
130000 513.1
135000 434.3
140000 316.6
145000 77.8
150000 72.4
155000 140.3
160000 177.2
165000 661.6
170000 618.4
175000 832.8
180000 730.7
185000 761.5
190000 605.6
195000 682.7
200000 823.8
205000 615.1
210000 751.8
215000 894.7
220000 666.7
225000 589.4
230000 744.2
235000 835.6
240000 718.6
245000 435.7
250000 657.3
255000 899.3
260000 764.3
265000 803.5
270000 902.9
275000 662.7
280000 791.2
285000 719.9
290000 820.8
295000 745.8
300000 831.2
305000 839.5
310000 841.4
315000 760.6
320000 765.4
325000 711.3
330000 713.6
335000 868.2
340000 828.2
345000 731.5
350000 852.6
355000 701.3
360000 507.4
365000 609.6
370000 673.8
375000 856.7
380000 830.3
385000 923.3
390000 870.2
395000 806.9
400000 834.3
405000 632.4
410000 619.6
415000 612.3
420000 825.0
425000 891.5
430000 802.2
435000 909.2
440000 752.0
445000 916.2
450000 798.1
455000 879.5
460000 744.9
465000 862.0
470000 846.1
475000 887.2
480000 838.0
485000 428.7
490000 835.2
495000 813.5
500000 891.9
505000 917.8
510000 809.4
515000 891.1
520000 948.7
525000 904.4
530000 837.8
535000 894.4
540000 926.8
545000 919.6
550000 851.2
555000 696.0
560000 835.4
565000 804.5
570000 819.4
575000 865.7
580000 819.4
585000 871.9
590000 830.2
595000 918.2
600000 923.1
605000 923.4
610000 883.6
615000 891.5
620000 892.8
625000 929.9
630000 855.4
635000 784.3
640000 857.6
645000 673.3
650000 848.1
655000 879.4
660000 863.7
665000 910.8
670000 883.5
675000 943.2
680000 852.8
685000 936.7
690000 888.9
695000 889.6
700000 924.0
705000 873.5
710000 886.2
715000 843.3
720000 932.1
725000 845.3
730000 805.6
735000 935.2
740000 856.5
745000 887.7
750000 845.4
755000 909.2
760000 920.7
765000 863.3
770000 854.7
775000 886.0
780000 854.2
785000 834.9
790000 900.1
795000 914.5
800000 843.6
805000 864.0
810000 667.5
815000 781.4
820000 785.4
825000 925.9
830000 920.0
835000 903.3
840000 792.4
845000 898.5
850000 877.1
855000 808.9
860000 928.6
865000 846.3
870000 922.5
875000 904.9
880000 836.6
885000 649.5
890000 749.8
895000 899.1
900000 919.1
905000 911.3
910000 920.4
915000 912.0
920000 917.1
925000 923.4
930000 928.0
935000 902.7
940000 910.0
945000 936.9
950000 917.7
955000 842.2
960000 809.3
965000 793.3
970000 883.4
975000 839.8
980000 879.4
985000 912.4
990000 916.7
995000 928.0
1000000 876.1
1005000 882.7
1010000 790.1
1015000 864.4
1020000 880.8
1025000 897.4
1030000 960.0
1035000 916.0
1040000 913.4
1045000 813.1
1050000 925.6
1055000 731.4
1060000 914.7
1065000 919.8
1070000 842.6
1075000 894.3
1080000 906.1
1085000 899.5
1090000 925.3
1095000 943.6
1100000 913.0
1105000 881.4
1110000 920.7
1115000 876.6
1120000 902.0
1125000 705.2
1130000 850.7
1135000 863.6
1140000 621.1
1145000 933.5
1150000 889.2
1155000 882.2
1160000 850.2
1165000 943.9
1170000 894.5
1175000 919.7
1180000 908.3
1185000 935.3
1190000 952.4
1195000 937.7
1200000 895.6
1205000 686.1
1210000 732.3
1215000 901.1
1220000 912.3
1225000 902.1
1230000 918.2
1235000 900.7
1240000 929.5
1245000 896.5
1250000 896.9
1255000 917.6
1260000 924.3
1265000 872.5
1270000 935.0
1275000 941.0
1280000 947.1
1285000 848.0
1290000 904.0
1295000 916.6
1300000 957.4
1305000 935.8
1310000 891.3
1315000 901.5
1320000 947.7
1325000 944.7
1330000 956.0
1335000 933.9
1340000 925.5
1345000 953.3
1350000 932.4
1355000 943.8
1360000 918.8
1365000 639.7
1370000 917.3
1375000 891.2
1380000 864.6
1385000 918.2
1390000 922.6
1395000 924.2
1400000 901.3
1405000 869.4
1410000 893.3
1415000 920.6
1420000 922.1
1425000 943.6
1430000 933.8
1435000 946.7
1440000 890.1
1445000 738.4
1450000 904.6
1455000 886.5
1460000 894.9
1465000 904.8
1470000 926.0
1475000 885.2
1480000 932.7
1485000 904.8
1490000 887.0
1495000 919.5
1500000 855.3
1505000 928.1
1510000 901.0
1515000 810.8
1520000 896.9
1525000 679.3
1530000 948.9
1535000 876.6
1540000 871.0
1545000 829.1
1550000 928.2
1555000 908.3
1560000 898.4
1565000 940.0
1570000 848.0
1575000 857.6
1580000 938.9
1585000 931.3
1590000 900.8
1595000 884.5
1600000 880.0
1605000 734.9
1610000 838.0
1615000 952.4
1620000 929.8
1625000 903.5
1630000 837.7
1635000 932.2
1640000 925.2
1645000 882.9
1650000 942.8
1655000 854.9
1660000 915.5
1665000 821.0
1670000 904.2
1675000 885.9
1680000 898.4
1685000 735.4
1690000 859.7
1695000 910.9
1700000 955.6
1705000 893.1
1710000 958.5
1715000 945.9
1720000 924.8
1725000 905.7
1730000 902.5
1735000 933.5
1740000 940.7
1745000 943.7
1750000 931.2
1755000 931.4
1760000 943.7
1765000 822.8
1770000 801.4
1775000 893.3
1780000 945.3
1785000 921.1
1790000 917.1
1795000 927.9
1800000 910.2
1805000 823.0
1810000 802.6
1815000 870.2
1820000 920.6
1825000 890.0
1830000 932.6
1835000 885.5
1840000 877.7
1845000 806.6
1850000 877.7
1855000 899.5
1860000 926.9
1865000 882.3
1870000 911.0
1875000 900.4
1880000 851.3
1885000 941.8
1890000 916.7
1895000 932.5
1900000 953.0
1905000 898.8
1910000 932.4
1915000 924.1
1920000 903.1
1925000 861.1
1930000 883.3
1935000 911.1
1940000 920.0
1945000 954.9
1950000 915.1
1955000 881.1
1960000 921.5
1965000 909.3
1970000 935.4
1975000 922.9
1980000 878.6
1985000 943.8
1990000 804.2
1995000 918.5
2000000 890.7
