5000 171.7
10000 186.9
15000 550.7
20000 227.1
25000 157.4
30000 328.7
35000 284.7
40000 507.1
45000 217.7
50000 311.2
55000 513.8
60000 416.2
65000 215.7
70000 428.9
75000 425.5
80000 141.1
85000 151.0
90000 168.7
95000 274.6
100000 413.2
105000 503.6
110000 487.4
115000 306.2
120000 541.1
125000 198.3
130000 646.5
135000 492.8
140000 519.3
145000 808.3
150000 435.2
155000 572.0
160000 520.6
165000 203.6
170000 146.2
175000 454.1
180000 381.7
185000 366.5
190000 519.9
195000 605.7
200000 726.1
205000 625.4
210000 714.8
215000 590.9
220000 706.5
225000 528.0
230000 722.5
235000 728.5
240000 470.3
245000 244.9
250000 622.9
255000 691.0
260000 826.5
265000 732.2
270000 748.7
275000 725.1
280000 659.9
285000 820.4
290000 585.3
295000 689.1
300000 719.9
305000 774.9
310000 669.5
315000 632.9
320000 469.8
325000 739.3
330000 872.0
335000 821.0
340000 834.7
345000 592.0
350000 586.2
355000 881.5
360000 801.9
365000 818.7
370000 774.2
375000 771.1
380000 700.8
385000 868.2
390000 764.8
395000 893.5
400000 885.8
405000 719.1
410000 863.3
415000 823.5
420000 638.2
425000 877.1
430000 586.7
435000 872.0
440000 702.4
445000 637.7
450000 883.6
455000 916.6
460000 886.1
465000 795.2
470000 760.7
475000 868.5
480000 809.8
485000 548.1
490000 751.0
495000 809.9
500000 876.0
505000 725.6
510000 914.3
515000 853.9
520000 798.1
525000 918.9
530000 857.5
535000 879.0
540000 899.5
545000 829.3
550000 896.6
555000 828.8
560000 475.4
565000 652.0
570000 874.8
575000 887.0
580000 664.9
585000 910.5
590000 902.2
595000 812.9
600000 829.2
605000 886.6
610000 886.7
615000 745.3
620000 931.0
625000 771.6
630000 775.5
635000 854.4
640000 803.5
645000 687.2
650000 936.4
655000 880.6
660000 900.1
665000 848.0
670000 885.1
675000 869.3
680000 897.9
685000 870.7
690000 889.4
695000 915.1
700000 864.3
705000 878.0
710000 908.6
715000 889.8
720000 921.6
725000 771.6
730000 808.4
735000 918.3
740000 895.3
745000 792.1
750000 932.4
755000 937.7
760000 952.5
765000 869.2
770000 912.6
775000 843.7
780000 940.3
785000 923.5
790000 943.9
795000 931.8
800000 865.3
805000 827.2
810000 847.8
815000 925.7
820000 889.5
825000 904.7
830000 937.2
835000 919.7
840000 824.8
845000 907.1
850000 881.0
855000 906.8
860000 788.0
865000 750.6
870000 834.9
875000 909.2
880000 925.8
885000 899.4
890000 894.5
895000 931.0
900000 924.6
905000 917.6
910000 908.7
915000 908.5
920000 964.7
925000 908.5
930000 921.2
935000 842.3
940000 917.6
945000 925.0
950000 911.2
955000 837.7
960000 847.1
965000 879.7
970000 758.4
975000 771.4
980000 874.4
985000 883.7
990000 919.9
995000 841.9
1000000 938.0
1005000 908.9
1010000 896.8
1015000 922.9
1020000 875.3
1025000 863.1
1030000 890.8
1035000 891.6
1040000 946.2
1045000 696.8
1050000 877.9
1055000 824.8
1060000 928.7
1065000 914.0
1070000 905.2
1075000 940.3
1080000 917.6
1085000 962.9
1090000 900.4
1095000 935.8
1100000 916.5
1105000 874.6
1110000 861.1
1115000 911.3
1120000 909.8
1125000 767.5
1130000 857.1
1135000 917.2
1140000 840.4
1145000 916.8
1150000 904.8
1155000 919.0
1160000 886.6
1165000 879.5
1170000 885.3
1175000 918.4
1180000 947.2
1185000 877.5
1190000 934.7
1195000 939.7
1200000 914.1
1205000 889.2
1210000 817.8
1215000 918.2
1220000 881.9
1225000 893.9
1230000 944.8
1235000 897.2
1240000 908.6
1245000 902.7
1250000 919.6
1255000 873.1
1260000 919.5
1265000 948.7
1270000 926.4
1275000 805.3
1280000 913.2
1285000 364.1
1290000 795.7
1295000 905.0
1300000 937.4
1305000 870.0
1310000 883.1
1315000 928.5
1320000 903.4
1325000 930.7
1330000 930.5
1335000 900.2
1340000 946.7
1345000 868.6
1350000 923.6
1355000 935.0
1360000 922.1
1365000 812.2
1370000 837.3
1375000 855.6
1380000 884.6
1385000 486.7
1390000 883.8
1395000 812.0
1400000 913.0
1405000 918.3
1410000 944.8
1415000 901.9
1420000 907.1
1425000 903.1
1430000 919.8
1435000 844.7
1440000 894.5
1445000 871.7
1450000 812.9
1455000 847.6
1460000 887.2
1465000 826.2
1470000 894.8
1475000 899.0
1480000 883.8
1485000 924.2
1490000 860.7
1495000 923.9
1500000 911.7
1505000 899.7
1510000 903.9
1515000 901.1
1520000 906.1
1525000 763.9
1530000 765.9
1535000 923.6
1540000 939.6
1545000 911.1
1550000 917.0
1555000 901.5
1560000 881.2
1565000 902.1
1570000 884.9
1575000 928.9
1580000 907.6
1585000 953.8
1590000 927.6
1595000 886.7
1600000 940.0
1605000 852.3
1610000 640.8
1615000 917.1
1620000 761.9
1625000 919.4
1630000 926.1
1635000 739.7
1640000 941.4
1645000 928.9
1650000 934.8
1655000 926.3
1660000 884.0
1665000 915.5
1670000 917.1
1675000 907.6
1680000 938.6
1685000 877.3
1690000 909.4
1695000 899.3
1700000 893.9
1705000 929.2
1710000 910.4
1715000 927.3
1720000 898.9
1725000 915.5
1730000 876.4
1735000 926.6
1740000 949.1
1745000 927.8
1750000 923.1
1755000 884.2
1760000 913.5
1765000 687.6
1770000 915.9
1775000 913.1
1780000 913.2
1785000 811.3
1790000 754.3
1795000 898.2
1800000 909.1
1805000 945.9
1810000 851.7
1815000 903.3
1820000 933.8
1825000 927.8
1830000 918.1
1835000 931.4
1840000 911.2
1845000 533.1
1850000 824.5
1855000 831.9
1860000 882.7
1865000 833.1
1870000 712.2
1875000 732.8
1880000 904.8
1885000 925.3
1890000 884.5
1895000 905.8
1900000 899.8
1905000 947.9
1910000 913.5
1915000 921.4
1920000 915.2
1925000 839.3
1930000 846.4
1935000 900.4
1940000 875.7
1945000 859.2
1950000 902.9
1955000 920.4
1960000 884.8
1965000 805.7
1970000 917.0
1975000 942.7
1980000 843.0
1985000 932.7
1990000 942.7
1995000 907.1
2000000 909.5
