5000 475.3
10000 174.0
15000 186.8
20000 430.5
25000 337.7
30000 508.1
35000 431.8
40000 464.2
45000 437.2
50000 251.8
55000 432.3
60000 778.6
65000 687.4
70000 690.8
75000 467.4
80000 736.1
85000 250.6
90000 533.1
95000 784.8
100000 682.3
105000 737.6
110000 767.4
115000 671.4
120000 758.0
125000 867.1
130000 863.4
135000 868.0
140000 868.0
145000 801.0
150000 820.4
155000 854.9
160000 830.3
165000 167.1
170000 804.2
175000 823.4
180000 898.6
185000 843.9
190000 848.0
195000 888.5
200000 908.2
205000 766.7
210000 757.7
215000 908.7
220000 825.8
225000 795.5
230000 873.5
235000 906.0
240000 918.9
245000 615.7
250000 785.6
255000 685.6
260000 784.5
265000 827.0
270000 919.2
275000 890.8
280000 817.0
285000 754.4
290000 842.5
295000 878.2
300000 884.8
305000 909.8
310000 677.1
315000 878.4
320000 798.7
325000 766.2
330000 775.6
335000 805.6
340000 905.4
345000 780.0
350000 795.3
355000 892.0
360000 816.1
365000 869.7
370000 907.6
375000 885.8
380000 894.0
385000 898.2
390000 894.3
395000 904.8
400000 893.5
405000 896.3
410000 885.6
415000 904.0
420000 900.3
425000 931.2
430000 830.3
435000 915.8
440000 894.6
445000 869.3
450000 898.1
455000 899.7
460000 926.1
465000 899.0
470000 911.3
475000 898.7
480000 873.6
485000 853.8
490000 856.4
495000 806.2
500000 890.5
505000 949.5
510000 892.1
515000 895.0
520000 872.3
525000 866.9
530000 927.9
535000 868.6
540000 917.6
545000 924.9
550000 925.5
555000 231.4
560000 937.7
565000 598.1
570000 914.1
575000 872.2
580000 879.4
585000 938.6
590000 904.2
595000 830.9
600000 877.2
605000 895.4
610000 922.8
615000 910.5
620000 855.0
625000 898.8
630000 922.8
635000 926.4
640000 915.0
645000 858.9
650000 866.3
655000 840.3
660000 913.5
665000 939.5
670000 883.4
675000 879.7
680000 815.3
685000 906.7
690000 946.5
695000 908.7
700000 919.4
705000 932.2
710000 941.5
715000 937.8
720000 946.1
725000 605.6
730000 850.3
735000 898.5
740000 924.7
745000 833.8
750000 915.3
755000 921.4
760000 876.2
765000 881.6
770000 887.3
775000 908.9
780000 929.3
785000 920.1
790000 924.0
795000 909.6
800000 923.9
805000 273.6
810000 862.6
815000 917.9
820000 918.2
825000 891.0
830000 888.5
835000 928.3
840000 944.5
845000 954.7
850000 948.2
855000 899.5
860000 922.5
865000 896.3
870000 926.8
875000 914.8
880000 946.7
885000 597.1
890000 873.6
895000 945.3
900000 928.8
905000 933.0
910000 924.7
915000 919.6
920000 932.4
925000 841.5
930000 936.1
935000 825.0
940000 925.8
945000 951.9
950000 812.9
955000 907.7
960000 873.5
965000 769.9
970000 897.1
975000 922.0
980000 925.0
985000 937.9
990000 929.1
995000 950.8
1000000 912.4
1005000 889.7
1010000 935.0
1015000 906.8
1020000 905.7
1025000 894.7
1030000 921.4
1035000 932.6
1040000 876.7
1045000 904.2
1050000 876.4
1055000 900.0
1060000 908.5
1065000 919.8
1070000 902.3
1075000 906.0
1080000 953.1
1085000 910.4
1090000 923.6
1095000 935.2
1100000 912.0
1105000 916.6
1110000 900.1
1115000 926.8
1120000 955.7
1125000 921.4
1130000 826.0
1135000 912.0
1140000 929.7
1145000 917.5
1150000 901.6
1155000 921.5
1160000 931.4
1165000 913.3
1170000 935.7
1175000 892.5
1180000 952.0
1185000 922.7
1190000 929.0
1195000 934.8
1200000 935.7
1205000 909.7
1210000 916.8
1215000 946.3
1220000 960.5
1225000 917.9
1230000 828.8
1235000 915.8
1240000 933.1
1245000 841.6
1250000 915.7
1255000 894.6
1260000 947.6
1265000 918.2
1270000 922.1
1275000 936.3
1280000 945.0
1285000 848.7
1290000 905.9
1295000 848.5
1300000 896.4
1305000 925.9
1310000 946.6
1315000 909.4
1320000 921.3
1325000 862.2
1330000 920.3
1335000 812.4
1340000 903.8
1345000 926.9
1350000 912.0
1355000 856.2
1360000 902.3
1365000 833.7
1370000 695.8
1375000 819.7
1380000 709.2
1385000 825.8
1390000 859.6
1395000 918.0
1400000 931.8
1405000 941.2
1410000 907.0
1415000 944.4
1420000 936.6
1425000 950.4
1430000 904.8
1435000 904.3
1440000 925.9
1445000 812.5
1450000 908.9
1455000 921.2
1460000 957.0
1465000 930.9
1470000 865.8
1475000 902.6
1480000 945.6
1485000 911.4
1490000 671.3
1495000 887.3
1500000 930.1
1505000 837.1
1510000 788.7
1515000 736.1
1520000 827.6
1525000 812.1
1530000 859.7
1535000 920.9
1540000 935.7
1545000 949.1
1550000 911.8
1555000 943.9
1560000 913.4
1565000 943.1
1570000 929.0
1575000 778.1
1580000 960.8
1585000 923.6
1590000 912.5
1595000 950.0
1600000 922.7
1605000 731.9
1610000 873.2
1615000 640.6
1620000 904.4
1625000 919.7
1630000 965.8
1635000 902.8
1640000 905.2
1645000 929.7
1650000 893.1
1655000 863.4
1660000 905.8
1665000 880.5
1670000 933.9
1675000 884.5
1680000 911.2
1685000 832.4
1690000 929.1
1695000 858.2
1700000 928.8
1705000 940.9
1710000 932.0
1715000 924.5
1720000 918.5
1725000 852.9
1730000 850.1
1735000 742.9
1740000 887.4
1745000 913.7
1750000 922.6
1755000 940.7
1760000 861.9
1765000 505.4
1770000 929.8
1775000 898.2
1780000 947.0
1785000 912.3
1790000 923.6
1795000 938.9
1800000 936.9
1805000 903.4
1810000 825.6
1815000 878.7
1820000 900.4
1825000 929.1
1830000 934.6
1835000 933.7
1840000 918.5
1845000 627.3
1850000 866.7
1855000 893.3
1860000 873.9
1865000 928.7
1870000 875.7
1875000 901.1
1880000 959.8
1885000 938.8
1890000 819.4
1895000 955.1
1900000 905.0
1905000 934.6
1910000 929.2
1915000 949.1
1920000 845.7
1925000 809.8
1930000 881.5
1935000 847.3
1940000 956.9
1945000 936.2
1950000 937.0
1955000 933.3
1960000 935.6
1965000 954.9
1970000 927.1
1975000 436.8
1980000 921.6
1985000 897.8
1990000 739.5
1995000 775.3
2000000 564.4
