5000 124.8
10000 277.7
15000 452.5
20000 260.3
25000 250.9
30000 354.7
35000 462.1
40000 648.3
45000 719.3
50000 519.3
55000 589.5
60000 528.1
65000 561.2
70000 679.0
75000 612.3
80000 596.5
85000 526.9
90000 819.1
95000 756.0
100000 653.7
105000 732.3
110000 628.4
115000 702.1
120000 721.0
125000 642.7
130000 504.7
135000 807.7
140000 751.4
145000 868.8
150000 833.3
155000 406.9
160000 605.7
165000 539.0
170000 469.3
175000 873.2
180000 699.2
185000 782.1
190000 722.1
195000 806.0
200000 802.1
205000 868.6
210000 919.4
215000 896.8
220000 894.8
225000 920.2
230000 907.9
235000 682.6
240000 817.8
245000 872.1
250000 851.6
255000 740.5
260000 828.9
265000 855.5
270000 844.3
275000 880.3
280000 870.1
285000 845.9
290000 923.4
295000 836.8
300000 953.6
305000 886.0
310000 913.2
315000 897.0
320000 872.6
325000 510.7
330000 496.3
335000 650.7
340000 838.9
345000 694.0
350000 824.2
355000 812.4
360000 714.7
365000 875.8
370000 764.7
375000 869.6
380000 806.3
385000 637.4
390000 787.3
395000 762.2
400000 850.5
405000 417.1
410000 856.4
415000 854.1
420000 853.6
425000 840.8
430000 896.8
435000 850.2
440000 851.6
445000 810.3
450000 905.9
455000 837.6
460000 857.0
465000 883.2
470000 876.7
475000 909.1
480000 853.3
485000 763.9
490000 836.4
495000 913.4
500000 706.1
505000 913.0
510000 810.6
515000 892.6
520000 882.6
525000 927.3
530000 897.7
535000 867.8
540000 859.5
545000 909.3
550000 819.1
555000 919.8
560000 846.3
565000 256.5
570000 843.9
575000 912.2
580000 907.0
585000 861.4
590000 872.0
595000 935.2
600000 836.4
605000 799.3
610000 847.8
615000 908.1
620000 889.6
625000 842.3
630000 766.1
635000 898.9
640000 898.6
645000 876.3
650000 866.2
655000 909.0
660000 895.0
665000 912.1
670000 888.8
675000 938.6
680000 934.3
685000 899.8
690000 886.7
695000 931.7
700000 808.6
705000 735.9
710000 926.0
715000 893.9
720000 887.0
725000 690.3
730000 901.8
735000 880.6
740000 859.4
745000 943.8
750000 842.2
755000 918.2
760000 935.1
765000 831.4
770000 896.1
775000 929.1
780000 924.2
785000 911.2
790000 932.9
795000 913.5
800000 883.6
805000 757.2
810000 917.2
815000 889.2
820000 842.4
825000 892.5
830000 935.8
835000 942.9
840000 939.8
845000 951.9
850000 861.0
855000 882.5
860000 899.5
865000 944.0
870000 929.0
875000 923.4
880000 917.7
885000 906.3
890000 881.3
895000 913.7
900000 877.3
905000 849.1
910000 825.8
915000 926.7
920000 922.7
925000 895.7
930000 935.1
935000 912.4
940000 823.0
945000 902.7
950000 915.8
955000 915.1
960000 932.3
965000 796.3
970000 869.4
975000 918.4
980000 863.5
985000 907.3
990000 927.5
995000 916.7
1000000 918.7
1005000 905.1
1010000 896.0
1015000 898.5
1020000 902.1
1025000 918.5
1030000 894.8
1035000 883.4
1040000 876.2
1045000 782.7
1050000 895.2
1055000 808.7
1060000 902.8
1065000 889.1
1070000 905.4
1075000 863.4
1080000 837.1
1085000 814.7
1090000 863.0
1095000 803.9
1100000 836.8
1105000 898.5
1110000 916.8
1115000 923.3
1120000 922.3
1125000 811.2
1130000 865.6
1135000 737.8
1140000 948.1
1145000 849.1
1150000 904.4
1155000 938.9
1160000 932.4
1165000 928.9
1170000 952.3
1175000 948.7
1180000 923.8
1185000 925.2
1190000 901.6
1195000 902.6
1200000 934.2
1205000 247.9
1210000 840.7
1215000 794.8
1220000 950.7
1225000 902.1
1230000 914.7
1235000 933.7
1240000 943.3
1245000 938.1
1250000 892.7
1255000 885.2
1260000 901.3
1265000 924.5
1270000 940.8
1275000 827.9
1280000 893.0
1285000 650.3
1290000 814.1
1295000 756.6
1300000 877.8
1305000 916.3
1310000 929.9
1315000 878.5
1320000 928.1
1325000 914.6
1330000 873.1
1335000 858.9
1340000 896.9
1345000 897.5
1350000 923.2
1355000 910.9
1360000 840.8
1365000 351.0
1370000 894.1
1375000 958.1
1380000 893.0
1385000 921.5
1390000 924.2
1395000 922.1
1400000 832.1
1405000 909.5
1410000 931.6
1415000 811.1
1420000 805.1
1425000 817.4
1430000 918.5
1435000 910.7
1440000 953.8
1445000 515.3
1450000 886.6
1455000 880.2
1460000 928.8
1465000 856.9
1470000 941.3
1475000 878.6
1480000 895.2
1485000 918.6
1490000 897.1
1495000 903.1
1500000 857.2
1505000 932.8
1510000 913.8
1515000 929.6
1520000 908.2
1525000 522.5
1530000 843.2
1535000 898.4
1540000 948.9
1545000 904.1
1550000 936.6
1555000 925.9
1560000 816.2
1565000 918.4
1570000 945.3
1575000 919.2
1580000 902.5
1585000 895.9
1590000 838.7
1595000 937.4
1600000 867.7
1605000 783.4
1610000 883.2
1615000 892.6
1620000 864.8
1625000 914.4
1630000 868.4
1635000 860.4
1640000 900.6
1645000 875.3
1650000 932.3
1655000 878.7
1660000 903.6
1665000 868.8
1670000 886.6
1675000 712.1
1680000 928.1
1685000 812.2
1690000 850.8
1695000 849.4
1700000 934.5
1705000 966.4
1710000 910.2
1715000 946.7
1720000 743.2
1725000 801.1
1730000 910.8
1735000 865.4
1740000 889.3
1745000 919.8
1750000 656.7
1755000 591.0
1760000 841.5
1765000 849.0
1770000 820.1
1775000 870.7
1780000 938.3
1785000 909.8
1790000 892.4
1795000 890.7
1800000 915.7
1805000 964.4
1810000 880.6
1815000 888.7
1820000 883.0
1825000 911.0
1830000 935.3
1835000 910.9
1840000 926.6
1845000 535.9
1850000 947.1
1855000 868.2
1860000 925.1
1865000 838.2
1870000 929.0
1875000 898.3
1880000 865.2
1885000 928.1
1890000 923.9
1895000 935.3
1900000 822.6
1905000 909.6
1910000 891.0
1915000 853.1
1920000 936.0
1925000 856.2
1930000 809.8
1935000 906.7
1940000 845.1
1945000 899.2
1950000 896.0
1955000 884.0
1960000 762.4
1965000 876.6
1970000 894.4
1975000 902.8
1980000 871.7
1985000 897.5
1990000 897.2
1995000 941.0
2000000 907.4
