5000 279.9
10000 570.2
15000 481.3
20000 506.0
25000 242.5
30000 724.3
35000 754.4
40000 847.2
45000 673.5
50000 749.2
55000 560.5
60000 685.8
65000 428.4
70000 571.0
75000 849.9
80000 745.3
85000 415.6
90000 470.7
95000 471.5
100000 840.2
105000 601.0
110000 666.0
115000 547.5
120000 708.7
125000 609.0
130000 750.8
135000 823.7
140000 784.2
145000 830.2
150000 848.3
155000 755.5
160000 836.8
165000 479.3
170000 732.1
175000 767.1
180000 858.6
185000 539.9
190000 650.7
195000 463.8
200000 632.6
205000 738.7
210000 733.4
215000 760.6
220000 861.1
225000 554.5
230000 696.7
235000 864.7
240000 852.0
245000 546.3
250000 765.4
255000 782.1
260000 716.4
265000 777.2
270000 839.7
275000 816.7
280000 866.0
285000 856.0
290000 774.9
295000 808.2
300000 843.8
305000 852.3
310000 794.3
315000 870.2
320000 914.8
325000 806.4
330000 823.8
335000 669.1
340000 725.2
345000 881.3
350000 901.1
355000 870.9
360000 857.4
365000 893.2
370000 890.6
375000 799.4
380000 850.2
385000 900.7
390000 965.1
395000 882.3
400000 938.3
405000 380.4
410000 802.4
415000 853.5
420000 720.0
425000 912.3
430000 893.2
435000 908.9
440000 888.8
445000 833.7
450000 869.6
455000 835.9
460000 788.4
465000 912.0
470000 850.9
475000 877.9
480000 861.9
485000 765.2
490000 817.3
495000 831.0
500000 897.5
505000 902.1
510000 836.4
515000 840.9
520000 932.6
525000 883.7
530000 861.6
535000 841.5
540000 917.0
545000 863.0
550000 710.3
555000 882.3
560000 814.0
565000 620.5
570000 865.9
575000 887.1
580000 941.9
585000 772.0
590000 944.7
595000 917.3
600000 920.3
605000 847.1
610000 854.7
615000 942.3
620000 760.5
625000 862.3
630000 914.1
635000 899.4
640000 876.3
645000 709.3
650000 902.6
655000 889.1
660000 945.0
665000 849.4
670000 824.2
675000 930.9
680000 827.4
685000 854.0
690000 853.6
695000 841.2
700000 846.0
705000 897.9
710000 828.2
715000 902.3
720000 867.5
725000 228.3
730000 830.5
735000 834.9
740000 876.7
745000 850.4
750000 958.3
755000 828.5
760000 860.3
765000 878.1
770000 883.2
775000 886.9
780000 765.0
785000 797.5
790000 853.1
795000 868.2
800000 792.2
805000 884.9
810000 880.6
815000 866.5
820000 833.8
825000 872.0
830000 914.0
835000 869.5
840000 874.5
845000 877.5
850000 812.7
855000 906.7
860000 863.6
865000 850.7
870000 929.1
875000 839.0
880000 876.4
885000 781.3
890000 792.2
895000 889.2
900000 854.7
905000 918.8
910000 795.2
915000 916.1
920000 879.2
925000 664.5
930000 872.1
935000 834.4
940000 899.0
945000 816.9
950000 854.6
955000 805.2
960000 820.3
965000 654.6
970000 867.3
975000 806.4
980000 857.1
985000 925.1
990000 810.3
995000 910.4
1000000 813.4
1005000 934.0
1010000 899.5
1015000 900.2
1020000 914.7
1025000 889.5
1030000 888.6
1035000 873.0
1040000 898.2
1045000 337.1
1050000 886.0
1055000 852.0
1060000 855.7
1065000 870.5
1070000 950.5
1075000 923.8
1080000 902.2
1085000 913.1
1090000 854.0
1095000 867.6
1100000 866.0
1105000 862.6
1110000 925.3
1115000 913.8
1120000 795.7
1125000 874.6
1130000 924.5
1135000 912.2
1140000 844.2
1145000 937.2
1150000 899.5
1155000 932.1
1160000 918.1
1165000 926.3
1170000 895.8
1175000 945.9
1180000 730.0
1185000 912.4
1190000 917.6
1195000 955.1
1200000 902.6
1205000 863.1
1210000 939.0
1215000 923.4
1220000 951.9
1225000 901.6
1230000 951.2
1235000 889.2
1240000 923.3
1245000 942.3
1250000 927.7
1255000 922.5
1260000 934.4
1265000 908.9
1270000 840.6
1275000 820.0
1280000 897.1
1285000 912.2
1290000 864.5
1295000 911.7
1300000 897.5
1305000 929.6
1310000 848.1
1315000 898.7
1320000 942.6
1325000 939.4
1330000 938.5
1335000 928.8
1340000 912.3
1345000 904.5
1350000 876.5
1355000 904.2
1360000 899.1
1365000 854.0
1370000 864.5
1375000 919.2
1380000 911.0
1385000 852.0
1390000 877.0
1395000 896.2
1400000 922.2
1405000 929.4
1410000 932.4
1415000 896.8
1420000 925.3
1425000 915.1
1430000 911.5
1435000 945.2
1440000 943.3
1445000 834.7
1450000 918.6
1455000 875.6
1460000 917.3
1465000 933.7
1470000 952.1
1475000 937.1
1480000 923.8
1485000 929.4
1490000 898.1
1495000 928.2
1500000 922.6
1505000 946.6
1510000 923.8
1515000 890.1
1520000 920.7
1525000 847.3
1530000 862.8
1535000 951.4
1540000 942.4
1545000 849.0
1550000 782.8
1555000 924.5
1560000 874.2
1565000 942.8
1570000 925.9
1575000 894.9
1580000 632.7
1585000 946.8
1590000 887.0
1595000 921.2
1600000 925.8
1605000 909.7
1610000 910.6
1615000 923.4
1620000 939.3
1625000 914.2
1630000 802.9
1635000 881.7
1640000 542.9
1645000 940.4
1650000 915.1
1655000 911.2
1660000 840.4
1665000 950.7
1670000 941.5
1675000 958.7
1680000 583.1
1685000 902.2
1690000 871.0
1695000 933.6
1700000 917.3
1705000 951.0
1710000 973.3
1715000 951.5
1720000 944.7
1725000 913.6
1730000 850.6
1735000 856.0
1740000 933.0
1745000 941.9
1750000 923.0
1755000 962.4
1760000 935.0
1765000 909.1
1770000 852.7
1775000 878.2
1780000 931.5
1785000 930.9
1790000 918.8
1795000 917.1
1800000 897.9
1805000 906.4
1810000 932.6
1815000 839.7
1820000 912.8
1825000 899.7
1830000 948.4
1835000 920.8
1840000 918.8
1845000 512.1
1850000 912.1
1855000 972.1
1860000 906.8
1865000 916.4
1870000 940.8
1875000 933.4
1880000 899.0
1885000 931.0
1890000 923.4
1895000 825.7
1900000 948.0
1905000 925.7
1910000 916.2
1915000 942.2
1920000 830.9
1925000 458.7
1930000 867.0
1935000 915.4
1940000 920.4
1945000 895.7
1950000 950.1
1955000 913.5
1960000 927.3
1965000 884.9
1970000 954.2
1975000 938.6
1980000 968.1
1985000 919.6
1990000 918.4
1995000 974.0
2000000 877.1
