5000 44.2
10000 256.8
15000 143.7
20000 67.3
25000 21.7
30000 92.5
35000 84.8
40000 63.4
45000 219.9
50000 154.4
55000 204.0
60000 325.2
65000 218.4
70000 233.9
75000 192.0
80000 214.9
85000 419.8
90000 261.5
95000 335.3
100000 282.0
105000 402.0
110000 399.6
115000 376.2
120000 441.4
125000 888.6
130000 615.7
135000 418.0
140000 462.3
145000 758.9
150000 655.8
155000 860.3
160000 834.9
165000 791.0
170000 848.0
175000 854.8
180000 825.4
185000 936.4
190000 940.6
195000 902.2
200000 833.0
205000 918.0
210000 907.8
215000 839.4
220000 907.7
225000 911.9
230000 931.2
235000 917.0
240000 842.3
245000 885.1
250000 932.0
255000 496.7
260000 876.4
265000 908.9
270000 924.6
275000 950.4
280000 899.3
285000 937.7
290000 635.0
295000 913.2
300000 880.8
305000 930.6
310000 945.2
315000 919.9
320000 951.0
325000 940.5
330000 837.1
335000 635.3
340000 884.2
345000 936.9
350000 944.1
355000 936.2
360000 887.2
365000 926.7
370000 911.5
375000 925.0
380000 895.1
385000 945.5
390000 939.8
395000 899.5
400000 927.1
405000 947.6
410000 917.4
415000 918.1
420000 820.5
425000 952.5
430000 920.7
435000 939.9
440000 947.2
445000 959.5
450000 943.1
455000 875.9
460000 772.5
465000 927.5
470000 937.5
475000 895.2
480000 884.3
485000 915.0
490000 917.3
495000 965.2
500000 860.4
505000 951.7
510000 932.2
515000 876.7
520000 904.5
525000 925.2
530000 958.4
535000 955.4
540000 914.5
545000 926.3
550000 929.3
555000 887.7
560000 943.4
565000 934.8
570000 918.6
575000 746.5
580000 967.8
585000 970.3
590000 948.5
595000 942.9
600000 965.2
605000 942.9
610000 939.9
615000 913.2
620000 922.8
625000 955.8
630000 947.3
635000 832.6
640000 930.3
645000 957.9
650000 935.5
655000 976.5
660000 918.9
665000 937.1
670000 940.0
675000 949.0
680000 950.5
685000 964.7
690000 946.1
695000 886.0
700000 955.4
705000 974.9
710000 943.5
715000 939.3
720000 933.0
725000 964.4
730000 962.0
735000 947.6
740000 958.6
745000 951.7
750000 942.6
755000 939.2
760000 928.9
765000 952.2
770000 955.6
775000 955.3
780000 956.2
785000 964.1
790000 943.2
795000 962.0
800000 942.2
805000 954.9
810000 963.4
815000 921.5
820000 964.7
825000 949.8
830000 963.2
835000 968.4
840000 950.4
845000 806.8
850000 972.0
855000 937.4
860000 957.4
865000 934.5
870000 963.0
875000 950.3
880000 916.9
885000 957.3
890000 959.4
895000 959.0
900000 963.2
905000 939.2
910000 955.9
915000 933.5
920000 938.1
925000 965.1
930000 931.2
935000 932.5
940000 936.5
945000 946.3
950000 948.7
955000 943.5
960000 967.0
965000 956.6
970000 963.3
975000 960.1
980000 968.9
985000 960.0
990000 942.4
995000 946.5
1000000 969.7
1005000 976.3
1010000 952.3
1015000 973.9
1020000 950.9
1025000 956.6
1030000 960.9
1035000 978.6
1040000 943.4
1045000 959.8
1050000 965.4
1055000 956.0
1060000 960.2
1065000 922.6
1070000 968.8
1075000 910.7
1080000 951.9
1085000 942.9
1090000 949.0
1095000 939.8
1100000 601.5
1105000 962.1
1110000 905.4
1115000 903.3
1120000 945.8
1125000 885.1
1130000 146.8
1135000 888.5
1140000 939.8
1145000 931.7
1150000 880.3
1155000 945.7
1160000 920.8
1165000 921.8
1170000 941.5
1175000 949.4
1180000 940.1
1185000 955.2
1190000 913.7
1195000 854.4
1200000 931.0
1205000 955.5
1210000 939.9
1215000 934.5
1220000 941.5
1225000 968.0
1230000 940.8
1235000 924.5
1240000 957.4
1245000 934.6
1250000 946.6
1255000 936.4
1260000 946.4
1265000 920.2
1270000 942.3
1275000 938.1
1280000 902.1
1285000 947.2
1290000 938.7
1295000 965.2
1300000 864.3
1305000 945.6
1310000 941.4
1315000 924.0
1320000 958.5
1325000 949.5
1330000 950.1
1335000 957.3
1340000 925.6
1345000 934.6
1350000 967.7
1355000 928.7
1360000 876.4
1365000 955.1
1370000 963.3
1375000 950.9
1380000 926.4
1385000 948.2
1390000 960.6
1395000 907.2
1400000 890.6
1405000 963.5
1410000 966.2
1415000 954.3
1420000 897.4
1425000 866.9
1430000 252.1
1435000 952.0
1440000 856.1
1445000 947.9
1450000 939.8
1455000 919.3
1460000 953.0
1465000 943.3
1470000 962.0
1475000 940.7
1480000 923.6
1485000 959.0
1490000 964.5
1495000 962.2
1500000 944.1
1505000 950.9
1510000 960.4
1515000 895.5
1520000 945.1
1525000 957.3
1530000 950.4
1535000 941.1
1540000 913.0
1545000 963.8
1550000 867.5
1555000 876.8
1560000 960.1
1565000 862.3
1570000 810.7
1575000 944.9
1580000 956.3
1585000 785.9
1590000 945.7
1595000 920.2
1600000 919.3
1605000 956.4
1610000 964.1
1615000 940.9
1620000 925.1
1625000 946.7
1630000 956.5
1635000 933.2
1640000 893.2
1645000 962.6
1650000 917.7
1655000 951.6
1660000 949.0
1665000 966.4
1670000 960.3
1675000 964.9
1680000 944.9
1685000 965.5
1690000 946.9
1695000 959.5
1700000 928.2
1705000 868.5
1710000 973.4
1715000 960.5
1720000 959.2
1725000 955.1
1730000 962.6
1735000 980.5
1740000 570.2
1745000 954.3
1750000 945.4
1755000 931.8
1760000 898.3
1765000 747.8
1770000 940.6
1775000 929.5
1780000 959.9
1785000 925.1
1790000 947.6
1795000 934.6
1800000 911.3
1805000 963.9
1810000 949.7
1815000 962.5
1820000 598.6
1825000 939.5
1830000 923.1
1835000 934.2
1840000 935.3
1845000 946.9
1850000 946.5
1855000 542.0
1860000 956.9
1865000 956.2
1870000 930.7
1875000 948.4
1880000 970.0
1885000 962.0
1890000 968.7
1895000 949.3
1900000 933.3
1905000 968.2
1910000 931.0
1915000 960.3
1920000 918.5
1925000 932.7
1930000 945.6
1935000 942.8
1940000 953.8
1945000 964.1
1950000 957.4
1955000 925.1
1960000 682.1
1965000 946.6
1970000 963.6
1975000 966.0
1980000 948.6
1985000 960.6
1990000 948.6
1995000 933.7
2000000 936.9
