5000 35.7
10000 140.1
15000 110.5
20000 115.7
25000 140.7
30000 203.3
35000 134.5
40000 16.5
45000 97.8
50000 141.0
55000 168.5
60000 138.9
65000 203.2
70000 306.8
75000 250.9
80000 306.5
85000 398.7
90000 437.5
95000 300.9
100000 288.8
105000 648.0
110000 478.9
115000 565.4
120000 547.8
125000 737.2
130000 840.7
135000 747.0
140000 866.5
145000 713.0
150000 922.1
155000 446.0
160000 891.8
165000 886.8
170000 851.8
175000 899.4
180000 802.9
185000 889.8
190000 952.3
195000 892.7
200000 886.4
205000 893.2
210000 783.3
215000 851.9
220000 881.1
225000 927.3
230000 760.5
235000 612.2
240000 729.2
245000 922.8
250000 930.6
255000 925.1
260000 786.0
265000 911.2
270000 904.4
275000 866.1
280000 907.4
285000 934.9
290000 927.0
295000 951.3
300000 817.8
305000 836.3
310000 912.1
315000 751.7
320000 945.0
325000 888.0
330000 952.8
335000 960.1
340000 938.8
345000 929.1
350000 883.6
355000 920.3
360000 952.0
365000 966.0
370000 820.6
375000 929.4
380000 910.6
385000 933.8
390000 764.8
395000 934.8
400000 893.7
405000 926.1
410000 926.3
415000 897.9
420000 938.7
425000 892.5
430000 949.5
435000 933.6
440000 920.4
445000 909.5
450000 914.3
455000 932.5
460000 928.3
465000 898.9
470000 895.4
475000 931.2
480000 924.5
485000 954.3
490000 952.9
495000 910.1
500000 899.0
505000 951.8
510000 947.9
515000 883.4
520000 908.3
525000 928.7
530000 732.7
535000 914.8
540000 850.8
545000 930.7
550000 932.5
555000 868.5
560000 921.2
565000 964.6
570000 934.9
575000 919.9
580000 958.6
585000 947.1
590000 980.1
595000 952.2
600000 952.2
605000 971.3
610000 950.1
615000 942.5
620000 930.2
625000 935.2
630000 919.8
635000 860.0
640000 932.6
645000 956.1
650000 951.2
655000 938.5
660000 953.5
665000 944.7
670000 957.7
675000 947.8
680000 955.2
685000 934.3
690000 956.0
695000 948.9
700000 958.8
705000 956.4
710000 900.8
715000 941.0
720000 945.8
725000 940.4
730000 922.0
735000 940.0
740000 934.4
745000 957.6
750000 973.8
755000 936.7
760000 865.0
765000 958.5
770000 946.7
775000 926.5
780000 928.9
785000 963.6
790000 940.8
795000 944.0
800000 963.6
805000 962.3
810000 949.9
815000 959.3
820000 940.5
825000 945.1
830000 960.7
835000 963.0
840000 913.3
845000 961.7
850000 930.8
855000 960.7
860000 942.8
865000 960.4
870000 966.7
875000 960.9
880000 966.0
885000 945.1
890000 917.6
895000 949.8
900000 926.9
905000 951.0
910000 953.5
915000 946.9
920000 976.4
925000 955.2
930000 957.5
935000 953.1
940000 943.1
945000 957.1
950000 957.2
955000 959.7
960000 965.1
965000 967.3
970000 974.2
975000 958.3
980000 907.2
985000 957.3
990000 970.1
995000 954.4
1000000 953.0
1005000 949.2
1010000 962.6
1015000 961.7
1020000 964.0
1025000 973.8
1030000 951.9
1035000 958.2
1040000 958.0
1045000 949.1
1050000 947.4
1055000 954.8
1060000 959.4
1065000 939.6
1070000 942.0
1075000 950.7
1080000 966.3
1085000 928.7
1090000 949.5
1095000 968.0
1100000 939.9
1105000 962.5
1110000 933.6
1115000 950.3
1120000 377.3
1125000 957.0
1130000 891.9
1135000 973.6
1140000 933.6
1145000 946.7
1150000 941.9
1155000 929.3
1160000 913.9
1165000 946.5
1170000 956.2
1175000 914.9
1180000 765.4
1185000 921.0
1190000 939.0
1195000 904.3
1200000 936.8
1205000 954.4
1210000 958.5
1215000 926.7
1220000 954.8
1225000 951.2
1230000 938.3
1235000 939.2
1240000 947.1
1245000 935.3
1250000 940.0
1255000 915.3
1260000 929.0
1265000 918.4
1270000 931.6
1275000 876.0
1280000 940.9
1285000 832.0
1290000 956.2
1295000 949.7
1300000 937.7
1305000 863.2
1310000 947.7
1315000 862.8
1320000 926.1
1325000 939.3
1330000 952.6
1335000 937.5
1340000 959.0
1345000 913.2
1350000 939.2
1355000 944.0
1360000 859.6
1365000 951.5
1370000 950.7
1375000 950.5
1380000 910.0
1385000 955.9
1390000 941.2
1395000 972.6
1400000 920.5
1405000 962.9
1410000 948.6
1415000 933.5
1420000 938.1
1425000 942.6
1430000 938.5
1435000 958.3
1440000 974.7
1445000 947.6
1450000 961.5
1455000 969.0
1460000 398.7
1465000 952.8
1470000 958.2
1475000 917.0
1480000 956.8
1485000 956.6
1490000 955.4
1495000 947.1
1500000 950.3
1505000 964.9
1510000 923.9
1515000 825.8
1520000 919.4
1525000 952.4
1530000 920.6
1535000 936.8
1540000 945.7
1545000 967.3
1550000 934.5
1555000 946.3
1560000 950.3
1565000 961.6
1570000 949.7
1575000 932.4
1580000 935.5
1585000 966.3
1590000 965.9
1595000 967.2
1600000 937.1
1605000 958.7
1610000 915.2
1615000 955.8
1620000 950.2
1625000 953.1
1630000 948.8
1635000 929.0
1640000 949.8
1645000 963.5
1650000 962.3
1655000 953.5
1660000 956.9
1665000 931.1
1670000 926.3
1675000 906.5
1680000 914.5
1685000 970.1
1690000 949.2
1695000 961.4
1700000 926.1
1705000 945.9
1710000 962.3
1715000 968.8
1720000 929.3
1725000 952.8
1730000 963.3
1735000 953.0
1740000 972.2
1745000 945.0
1750000 939.3
1755000 955.7
1760000 944.4
1765000 953.0
1770000 950.9
1775000 956.1
1780000 968.1
1785000 925.2
1790000 950.4
1795000 947.8
1800000 967.5
1805000 933.0
1810000 961.0
1815000 933.4
1820000 966.3
1825000 923.2
1830000 933.2
1835000 954.1
1840000 969.1
1845000 933.9
1850000 950.8
1855000 934.3
1860000 962.4
1865000 868.5
1870000 952.1
1875000 969.6
1880000 941.0
1885000 966.6
1890000 931.9
1895000 962.9
1900000 941.5
1905000 934.9
1910000 927.7
1915000 935.6
1920000 950.7
1925000 946.3
1930000 964.5
1935000 964.9
1940000 965.1
1945000 951.6
1950000 953.0
1955000 937.5
1960000 943.9
1965000 966.8
1970000 955.3
1975000 962.0
1980000 959.1
1985000 956.4
1990000 946.9
1995000 779.3
2000000 956.8
