5000 104.6
10000 221.0
15000 264.5
20000 180.9
25000 82.2
30000 68.6
35000 247.1
40000 138.7
45000 175.4
50000 113.6
55000 24.0
60000 34.6
65000 203.3
70000 178.0
75000 190.9
80000 221.8
85000 337.3
90000 376.2
95000 472.8
100000 438.1
105000 617.3
110000 596.7
115000 698.2
120000 596.6
125000 607.6
130000 679.0
135000 591.7
140000 633.6
145000 780.6
150000 924.2
155000 700.2
160000 781.5
165000 906.3
170000 665.1
175000 709.8
180000 873.4
185000 879.0
190000 902.8
195000 934.7
200000 647.9
205000 905.3
210000 829.5
215000 882.0
220000 840.5
225000 879.7
230000 851.0
235000 875.7
240000 928.8
245000 936.2
250000 932.3
255000 902.8
260000 880.9
265000 927.8
270000 899.2
275000 905.5
280000 865.6
285000 906.5
290000 845.8
295000 948.5
300000 884.1
305000 826.7
310000 885.9
315000 871.1
320000 815.9
325000 831.2
330000 757.7
335000 856.3
340000 798.9
345000 900.0
350000 780.2
355000 912.7
360000 816.4
365000 918.9
370000 836.8
375000 883.4
380000 954.2
385000 831.5
390000 916.9
395000 925.2
400000 923.2
405000 926.7
410000 889.8
415000 866.5
420000 768.5
425000 933.2
430000 883.1
435000 910.8
440000 911.4
445000 911.5
450000 920.6
455000 910.6
460000 730.0
465000 947.2
470000 812.7
475000 949.4
480000 741.7
485000 947.0
490000 846.3
495000 963.9
500000 895.4
505000 939.9
510000 932.7
515000 944.9
520000 914.2
525000 871.2
530000 954.2
535000 891.7
540000 883.4
545000 928.2
550000 914.1
555000 943.9
560000 853.0
565000 936.1
570000 950.9
575000 897.1
580000 930.0
585000 913.8
590000 948.0
595000 938.5
600000 950.6
605000 942.9
610000 954.1
615000 925.1
620000 896.2
625000 898.4
630000 939.9
635000 946.9
640000 873.6
645000 939.3
650000 906.8
655000 932.0
660000 879.8
665000 939.7
670000 928.5
675000 885.6
680000 856.9
685000 929.9
690000 955.3
695000 960.9
700000 940.5
705000 959.4
710000 940.7
715000 932.0
720000 902.5
725000 940.6
730000 938.2
735000 974.8
740000 937.2
745000 944.6
750000 952.6
755000 923.5
760000 951.6
765000 950.5
770000 900.9
775000 925.7
780000 937.2
785000 917.5
790000 912.5
795000 933.8
800000 920.8
805000 941.3
810000 942.0
815000 930.5
820000 946.1
825000 922.6
830000 947.4
835000 950.8
840000 948.0
845000 927.8
850000 951.5
855000 945.7
860000 966.6
865000 951.9
870000 906.4
875000 957.7
880000 962.8
885000 950.5
890000 933.1
895000 902.7
900000 938.0
905000 949.4
910000 941.7
915000 947.1
920000 918.1
925000 939.5
930000 942.2
935000 903.6
940000 909.1
945000 911.3
950000 892.8
955000 905.6
960000 928.7
965000 965.1
970000 947.5
975000 941.1
980000 914.4
985000 901.3
990000 928.7
995000 941.2
1000000 950.7
1005000 938.3
1010000 946.6
1015000 931.8
1020000 912.6
1025000 931.7
1030000 897.6
1035000 955.1
1040000 920.0
1045000 862.7
1050000 887.3
1055000 903.9
1060000 457.0
1065000 953.2
1070000 940.4
1075000 957.1
1080000 951.7
1085000 944.0
1090000 916.5
1095000 952.0
1100000 937.1
1105000 914.4
1110000 918.9
1115000 896.3
1120000 910.3
1125000 931.5
1130000 899.3
1135000 924.4
1140000 932.5
1145000 941.0
1150000 936.5
1155000 903.1
1160000 885.4
1165000 945.7
1170000 934.6
1175000 879.6
1180000 883.0
1185000 960.7
1190000 908.2
1195000 744.3
1200000 691.0
1205000 915.1
1210000 908.4
1215000 924.7
1220000 894.7
1225000 947.4
1230000 890.4
1235000 897.6
1240000 873.8
1245000 950.6
1250000 919.1
1255000 924.4
1260000 913.5
1265000 943.4
1270000 952.1
1275000 915.8
1280000 907.1
1285000 903.2
1290000 925.4
1295000 938.7
1300000 909.6
1305000 911.5
1310000 952.1
1315000 918.6
1320000 843.5
1325000 920.3
1330000 954.7
1335000 906.7
1340000 938.5
1345000 948.5
1350000 893.8
1355000 931.0
1360000 930.7
1365000 910.5
1370000 928.9
1375000 908.3
1380000 694.4
1385000 950.3
1390000 954.5
1395000 828.1
1400000 897.9
1405000 930.2
1410000 924.6
1415000 934.5
1420000 818.4
1425000 936.5
1430000 937.3
1435000 947.8
1440000 914.9
1445000 922.9
1450000 909.8
1455000 918.2
1460000 969.0
1465000 934.2
1470000 943.9
1475000 880.0
1480000 911.8
1485000 890.7
1490000 931.0
1495000 923.7
1500000 855.6
1505000 919.3
1510000 906.5
1515000 946.0
1520000 930.4
1525000 961.8
1530000 937.0
1535000 919.6
1540000 952.3
1545000 958.9
1550000 930.9
1555000 940.6
1560000 925.7
1565000 859.7
1570000 933.8
1575000 921.2
1580000 886.0
1585000 954.6
1590000 955.8
1595000 871.0
1600000 934.7
1605000 943.8
1610000 897.7
1615000 971.9
1620000 938.4
1625000 897.8
1630000 953.1
1635000 949.3
1640000 916.7
1645000 937.2
1650000 925.9
1655000 940.1
1660000 917.5
1665000 936.0
1670000 942.7
1675000 948.3
1680000 433.4
1685000 900.5
1690000 919.6
1695000 916.4
1700000 928.7
1705000 960.4
1710000 954.4
1715000 977.3
1720000 911.2
1725000 894.9
1730000 940.0
1735000 957.3
1740000 958.2
1745000 969.4
1750000 961.9
1755000 906.3
1760000 909.8
1765000 953.3
1770000 937.3
1775000 917.2
1780000 921.8
1785000 894.8
1790000 929.4
1795000 937.3
1800000 945.3
1805000 961.6
1810000 943.3
1815000 897.0
1820000 940.8
1825000 934.4
1830000 943.1
1835000 924.7
1840000 875.9
1845000 951.3
1850000 930.1
1855000 816.7
1860000 915.7
1865000 942.6
1870000 952.7
1875000 936.1
1880000 925.8
1885000 944.6
1890000 870.0
1895000 932.5
1900000 940.9
1905000 970.1
1910000 951.4
1915000 951.3
1920000 946.3
1925000 934.2
1930000 956.8
1935000 896.4
1940000 253.3
1945000 938.1
1950000 947.7
1955000 921.6
1960000 916.1
1965000 973.4
1970000 928.6
1975000 887.9
1980000 929.9
1985000 884.7
1990000 955.8
1995000 896.6
2000000 934.3
