5000 64.5
10000 8.6
15000 62.1
20000 122.3
25000 247.9
30000 227.1
35000 78.3
40000 198.0
45000 100.0
50000 96.1
55000 71.8
60000 41.1
65000 111.4
70000 83.4
75000 273.1
80000 127.2
85000 197.2
90000 171.6
95000 157.4
100000 91.5
105000 268.5
110000 132.3
115000 138.8
120000 236.8
125000 447.8
130000 521.4
135000 456.3
140000 410.5
145000 708.9
150000 220.6
155000 496.6
160000 246.0
165000 598.5
170000 908.8
175000 224.8
180000 150.1
185000 792.3
190000 813.2
195000 624.8
200000 908.1
205000 790.0
210000 957.2
215000 886.6
220000 677.6
225000 751.3
230000 746.3
235000 487.0
240000 728.6
245000 788.3
250000 839.7
255000 904.0
260000 667.5
265000 915.1
270000 886.8
275000 568.3
280000 905.5
285000 796.6
290000 926.9
295000 891.3
300000 676.3
305000 750.2
310000 805.9
315000 857.6
320000 821.8
325000 879.8
330000 833.6
335000 823.6
340000 725.6
345000 788.4
350000 897.3
355000 793.2
360000 853.2
365000 803.2
370000 854.5
375000 859.1
380000 870.1
385000 956.0
390000 857.8
395000 890.8
400000 895.1
405000 899.6
410000 812.5
415000 871.2
420000 919.7
425000 927.2
430000 928.3
435000 842.0
440000 911.3
445000 811.9
450000 910.8
455000 880.4
460000 813.0
465000 923.4
470000 850.8
475000 755.2
480000 247.6
485000 928.9
490000 914.2
495000 934.2
500000 872.4
505000 918.2
510000 790.5
515000 936.9
520000 877.6
525000 952.8
530000 916.3
535000 952.1
540000 913.1
545000 925.5
550000 476.3
555000 728.4
560000 243.1
565000 927.0
570000 876.8
575000 889.1
580000 869.2
585000 930.7
590000 946.0
595000 896.9
600000 899.5
605000 947.2
610000 916.1
615000 919.9
620000 924.3
625000 907.7
630000 947.1
635000 774.6
640000 919.6
645000 936.3
650000 937.0
655000 918.6
660000 888.5
665000 936.0
670000 902.5
675000 943.7
680000 926.2
685000 938.2
690000 937.3
695000 916.3
700000 938.5
705000 956.2
710000 939.2
715000 964.4
720000 898.3
725000 948.5
730000 916.0
735000 842.3
740000 943.5
745000 927.7
750000 942.1
755000 905.9
760000 866.4
765000 960.6
770000 939.1
775000 945.1
780000 947.9
785000 953.7
790000 918.7
795000 888.7
800000 911.8
805000 933.9
810000 921.8
815000 810.6
820000 892.4
825000 948.2
830000 911.4
835000 839.1
840000 885.7
845000 951.1
850000 952.0
855000 918.0
860000 955.8
865000 899.3
870000 935.7
875000 946.7
880000 920.8
885000 937.7
890000 959.2
895000 935.8
900000 925.0
905000 953.7
910000 960.2
915000 900.7
920000 893.8
925000 957.5
930000 922.2
935000 886.8
940000 946.9
945000 963.2
950000 958.2
955000 941.1
960000 963.6
965000 945.4
970000 947.4
975000 950.4
980000 917.6
985000 950.2
990000 945.8
995000 961.5
1000000 931.6
1005000 935.5
1010000 955.6
1015000 887.2
1020000 877.5
1025000 935.6
1030000 953.3
1035000 951.4
1040000 919.4
1045000 962.9
1050000 937.1
1055000 941.0
1060000 870.7
1065000 805.2
1070000 937.2
1075000 949.5
1080000 946.3
1085000 942.1
1090000 876.8
1095000 881.0
1100000 938.1
1105000 945.8
1110000 958.7
1115000 969.4
1120000 932.5
1125000 941.9
1130000 365.1
1135000 926.7
1140000 941.4
1145000 952.6
1150000 940.5
1155000 849.1
1160000 707.4
1165000 954.3
1170000 862.7
1175000 686.9
1180000 902.5
1185000 923.4
1190000 873.2
1195000 848.6
1200000 964.2
1205000 941.0
1210000 897.4
1215000 894.4
1220000 667.9
1225000 945.9
1230000 924.0
1235000 810.3
1240000 877.1
1245000 948.6
1250000 700.6
1255000 257.9
1260000 950.0
1265000 924.1
1270000 662.7
1275000 474.3
1280000 925.4
1285000 920.1
1290000 938.6
1295000 565.0
1300000 238.4
1305000 938.0
1310000 947.8
1315000 922.9
1320000 926.0
1325000 955.1
1330000 873.9
1335000 935.1
1340000 725.4
1345000 943.1
1350000 929.9
1355000 934.9
1360000 695.8
1365000 956.4
1370000 921.7
1375000 921.8
1380000 940.6
1385000 951.1
1390000 956.6
1395000 928.4
1400000 887.1
1405000 965.3
1410000 929.5
1415000 910.3
1420000 915.7
1425000 936.5
1430000 924.0
1435000 939.7
1440000 839.0
1445000 907.7
1450000 929.9
1455000 906.6
1460000 877.8
1465000 965.4
1470000 946.3
1475000 962.9
1480000 855.5
1485000 956.7
1490000 941.2
1495000 880.2
1500000 891.3
1505000 952.0
1510000 924.5
1515000 926.4
1520000 952.1
1525000 934.4
1530000 946.1
1535000 930.9
1540000 918.3
1545000 927.6
1550000 923.2
1555000 898.5
1560000 945.6
1565000 947.1
1570000 928.5
1575000 921.0
1580000 930.3
1585000 931.9
1590000 925.0
1595000 531.2
1600000 288.5
1605000 966.5
1610000 944.8
1615000 905.5
1620000 922.6
1625000 961.9
1630000 857.9
1635000 929.1
1640000 923.9
1645000 943.2
1650000 940.8
1655000 957.3
1660000 592.5
1665000 958.5
1670000 926.8
1675000 866.0
1680000 912.5
1685000 981.8
1690000 942.9
1695000 910.1
1700000 919.7
1705000 961.0
1710000 946.9
1715000 950.3
1720000 945.9
1725000 959.7
1730000 914.8
1735000 940.3
1740000 948.3
1745000 960.5
1750000 882.4
1755000 830.1
1760000 940.4
1765000 931.1
1770000 953.2
1775000 945.1
1780000 916.4
1785000 965.5
1790000 934.3
1795000 909.9
1800000 928.7
1805000 938.8
1810000 963.2
1815000 907.9
1820000 930.4
1825000 890.9
1830000 942.8
1835000 920.8
1840000 501.7
1845000 927.2
1850000 936.6
1855000 940.5
1860000 958.2
1865000 916.7
1870000 941.6
1875000 938.3
1880000 941.5
1885000 949.7
1890000 940.2
1895000 955.0
1900000 890.3
1905000 928.5
1910000 938.9
1915000 946.5
1920000 881.8
1925000 921.6
1930000 935.2
1935000 576.3
1940000 932.7
1945000 957.1
1950000 936.9
1955000 904.1
1960000 887.3
1965000 954.6
1970000 946.6
1975000 931.9
1980000 934.4
1985000 956.9
1990000 948.9
1995000 923.2
2000000 713.7
