5000 102.5
10000 166.3
15000 145.6
20000 127.5
25000 74.2
30000 9.3
35000 70.1
40000 290.0
45000 493.0
50000 614.9
55000 545.8
60000 672.7
65000 483.3
70000 774.7
75000 700.7
80000 570.5
85000 812.4
90000 744.5
95000 627.6
100000 577.4
105000 844.2
110000 712.6
115000 756.7
120000 407.3
125000 748.5
130000 824.3
135000 845.6
140000 359.6
145000 792.5
150000 890.3
155000 881.3
160000 680.0
165000 752.7
170000 863.2
175000 842.9
180000 708.9
185000 950.1
190000 890.3
195000 894.0
200000 912.9
205000 895.6
210000 847.4
215000 854.7
220000 511.7
225000 950.7
230000 833.6
235000 782.4
240000 805.4
245000 842.7
250000 944.5
255000 759.4
260000 570.1
265000 907.8
270000 904.1
275000 690.0
280000 828.1
285000 760.2
290000 794.6
295000 734.2
300000 694.3
305000 870.0
310000 827.1
315000 819.4
320000 909.3
325000 826.6
330000 860.0
335000 891.6
340000 823.9
345000 814.8
350000 803.8
355000 795.5
360000 880.7
365000 857.5
370000 811.4
375000 796.7
380000 717.2
385000 891.5
390000 805.8
395000 914.6
400000 686.0
405000 903.1
410000 798.3
415000 946.4
420000 874.8
425000 957.0
430000 927.8
435000 900.8
440000 879.9
445000 957.7
450000 920.8
455000 910.2
460000 777.7
465000 912.0
470000 944.1
475000 918.8
480000 844.1
485000 917.5
490000 915.6
495000 916.7
500000 839.5
505000 942.3
510000 931.2
515000 883.0
520000 965.8
525000 932.8
530000 934.7
535000 938.4
540000 923.2
545000 927.6
550000 940.7
555000 929.1
560000 896.6
565000 923.0
570000 930.1
575000 825.7
580000 782.8
585000 934.5
590000 915.0
595000 912.5
600000 936.3
605000 923.1
610000 947.9
615000 926.3
620000 933.0
625000 893.2
630000 945.5
635000 954.2
640000 947.7
645000 938.5
650000 937.2
655000 955.7
660000 850.9
665000 954.1
670000 925.7
675000 928.2
680000 903.3
685000 887.5
690000 956.1
695000 913.0
700000 927.3
705000 961.2
710000 962.6
715000 948.0
720000 911.0
725000 928.6
730000 951.7
735000 934.7
740000 885.0
745000 942.7
750000 931.3
755000 959.0
760000 902.7
765000 891.3
770000 905.6
775000 975.9
780000 949.1
785000 951.4
790000 943.6
795000 917.8
800000 927.0
805000 938.5
810000 930.5
815000 864.8
820000 719.2
825000 963.0
830000 946.4
835000 907.7
840000 905.1
845000 937.9
850000 940.5
855000 956.7
860000 937.2
865000 896.8
870000 948.0
875000 956.3
880000 945.7
885000 948.7
890000 948.5
895000 947.3
900000 934.0
905000 947.7
910000 958.9
915000 945.7
920000 935.6
925000 958.0
930000 925.9
935000 935.4
940000 935.0
945000 929.6
950000 955.0
955000 943.2
960000 929.9
965000 940.8
970000 942.9
975000 948.4
980000 938.4
985000 940.6
990000 949.1
995000 929.6
1000000 928.8
1005000 954.0
1010000 965.5
1015000 925.3
1020000 950.9
1025000 941.3
1030000 959.6
1035000 937.7
1040000 937.4
1045000 960.6
1050000 947.8
1055000 946.3
1060000 932.1
1065000 946.2
1070000 904.4
1075000 932.3
1080000 731.5
1085000 930.0
1090000 918.5
1095000 936.5
1100000 896.3
1105000 939.3
1110000 943.2
1115000 886.8
1120000 935.1
1125000 931.6
1130000 956.0
1135000 905.7
1140000 899.5
1145000 950.0
1150000 904.9
1155000 899.3
1160000 930.9
1165000 928.8
1170000 957.4
1175000 918.1
1180000 934.6
1185000 906.4
1190000 955.3
1195000 643.0
1200000 933.8
1205000 957.5
1210000 957.1
1215000 957.3
1220000 956.8
1225000 942.4
1230000 967.1
1235000 963.8
1240000 669.9
1245000 953.0
1250000 894.9
1255000 928.1
1260000 897.5
1265000 740.2
1270000 920.7
1275000 941.9
1280000 915.1
1285000 954.4
1290000 941.8
1295000 891.7
1300000 852.5
1305000 925.7
1310000 943.0
1315000 914.8
1320000 916.6
1325000 941.4
1330000 774.6
1335000 899.8
1340000 928.2
1345000 924.2
1350000 962.9
1355000 890.3
1360000 864.2
1365000 949.5
1370000 873.7
1375000 930.3
1380000 943.3
1385000 932.8
1390000 921.5
1395000 935.3
1400000 927.6
1405000 962.8
1410000 947.6
1415000 931.9
1420000 964.7
1425000 932.5
1430000 934.5
1435000 949.0
1440000 926.4
1445000 941.2
1450000 905.6
1455000 851.4
1460000 953.0
1465000 855.6
1470000 925.1
1475000 937.6
1480000 931.5
1485000 903.9
1490000 941.5
1495000 922.8
1500000 902.9
1505000 944.4
1510000 884.0
1515000 896.5
1520000 850.8
1525000 923.5
1530000 969.5
1535000 890.2
1540000 947.0
1545000 926.8
1550000 946.0
1555000 942.3
1560000 923.8
1565000 902.0
1570000 934.1
1575000 957.7
1580000 919.0
1585000 957.1
1590000 948.0
1595000 943.2
1600000 961.7
1605000 936.3
1610000 941.5
1615000 950.9
1620000 951.2
1625000 962.1
1630000 931.7
1635000 936.5
1640000 952.4
1645000 939.9
1650000 908.4
1655000 917.3
1660000 926.2
1665000 949.9
1670000 956.6
1675000 955.2
1680000 949.6
1685000 973.5
1690000 957.8
1695000 934.2
1700000 936.6
1705000 952.8
1710000 969.8
1715000 954.1
1720000 973.8
1725000 941.8
1730000 943.0
1735000 912.9
1740000 859.4
1745000 931.4
1750000 952.0
1755000 946.5
1760000 882.4
1765000 909.9
1770000 944.2
1775000 898.7
1780000 689.5
1785000 973.8
1790000 928.6
1795000 924.2
1800000 954.4
1805000 940.6
1810000 953.9
1815000 899.6
1820000 911.5
1825000 945.3
1830000 961.9
1835000 915.8
1840000 912.9
1845000 951.0
1850000 959.3
1855000 948.3
1860000 950.7
1865000 664.9
1870000 935.1
1875000 957.9
1880000 910.3
1885000 935.7
1890000 912.1
1895000 949.9
1900000 927.0
1905000 928.5
1910000 928.8
1915000 949.3
1920000 930.0
1925000 941.9
1930000 906.6
1935000 935.6
1940000 879.7
1945000 948.1
1950000 919.6
1955000 943.2
1960000 875.4
1965000 976.7
1970000 948.0
1975000 951.4
1980000 875.2
1985000 939.6
1990000 930.6
1995000 914.8
2000000 929.6
