5000 114.7
10000 6.9
15000 392.8
20000 570.4
25000 676.3
30000 788.2
35000 787.8
40000 786.9
45000 677.7
50000 877.4
55000 885.7
60000 977.4
65000 980.6
70000 880.0
75000 975.8
80000 777.9
85000 780.5
90000 889.0
95000 882.1
100000 981.4
105000 970.5
110000 980.2
115000 981.3
120000 979.3
125000 983.9
130000 973.5
135000 779.0
140000 978.2
145000 681.9
150000 784.7
155000 980.9
160000 985.3
165000 978.7
170000 784.5
175000 971.3
180000 882.3
185000 981.2
190000 988.0
195000 977.1
200000 976.6
205000 982.2
210000 979.2
215000 884.3
220000 786.8
225000 992.2
230000 978.4
235000 881.4
240000 978.9
245000 980.9
250000 888.1
255000 978.1
260000 979.8
265000 982.2
270000 883.1
275000 882.5
280000 882.9
285000 884.0
290000 884.7
295000 894.0
300000 940.1
305000 887.4
310000 985.1
315000 983.6
320000 986.9
325000 366.6
330000 829.3
335000 976.2
340000 878.3
345000 781.9
350000 983.1
355000 845.1
360000 692.0
365000 977.2
370000 972.6
375000 979.6
380000 794.1
385000 796.4
390000 791.2
395000 787.5
400000 975.1
405000 948.8
410000 887.0
415000 880.8
420000 983.3
425000 978.2
430000 978.7
435000 989.9
440000 975.2
445000 803.2
450000 986.5
455000 982.4
460000 984.5
465000 986.2
470000 987.6
475000 987.3
480000 984.2
485000 988.1
490000 976.7
495000 883.5
500000 799.2
505000 982.3
510000 981.3
515000 878.4
520000 982.2
525000 979.0
530000 885.2
535000 983.4
540000 978.7
545000 980.1
550000 971.0
555000 982.9
560000 987.1
565000 986.2
570000 992.0
575000 984.7
580000 978.8
585000 983.5
590000 985.4
595000 888.6
600000 982.6
605000 988.0
610000 982.2
615000 985.7
620000 984.9
625000 985.2
630000 887.2
635000 982.3
640000 986.6
645000 703.9
650000 891.7
655000 952.0
660000 931.7
665000 936.3
670000 967.2
675000 943.2
680000 983.1
685000 978.8
690000 972.4
695000 988.0
700000 985.6
705000 789.1
710000 886.6
715000 982.1
720000 922.9
725000 974.5
730000 984.6
735000 977.0
740000 952.2
745000 985.5
750000 985.1
755000 983.0
760000 985.0
765000 984.4
770000 942.5
775000 991.9
780000 984.0
785000 985.3
790000 914.2
795000 986.2
800000 982.3
805000 983.7
810000 989.3
815000 982.1
820000 983.2
825000 887.0
830000 886.2
835000 977.2
840000 983.5
845000 986.2
850000 987.0
855000 986.0
860000 982.1
865000 980.5
870000 984.7
875000 984.9
880000 989.3
885000 976.4
890000 984.3
895000 983.7
900000 980.0
905000 989.0
910000 992.1
915000 985.2
920000 792.8
925000 886.3
930000 983.6
935000 980.5
940000 986.9
945000 988.0
950000 987.3
955000 984.6
960000 985.9
965000 857.2
970000 927.3
975000 980.6
980000 964.9
985000 983.9
990000 982.3
995000 983.1
1000000 990.1
1005000 984.2
1010000 986.8
1015000 983.2
1020000 976.8
1025000 981.6
1030000 986.5
1035000 985.3
1040000 985.6
1045000 980.1
1050000 986.5
1055000 975.9
1060000 982.6
1065000 985.0
1070000 889.8
1075000 984.5
1080000 703.4
1085000 985.4
1090000 985.3
1095000 982.1
1100000 983.7
1105000 979.8
1110000 983.4
1115000 981.2
1120000 983.2
1125000 980.6
1130000 985.3
1135000 991.3
1140000 983.4
1145000 982.2
1150000 987.6
1155000 886.5
1160000 982.0
1165000 984.3
1170000 986.3
1175000 978.7
1180000 986.1
1185000 984.8
1190000 984.1
1195000 982.1
1200000 789.6
1205000 990.4
1210000 984.5
1215000 984.7
1220000 986.1
1225000 985.4
1230000 983.0
1235000 986.1
1240000 985.2
1245000 988.2
1250000 893.1
1255000 891.6
1260000 984.3
1265000 984.5
1270000 990.8
1275000 982.4
1280000 986.4
1285000 943.4
1290000 772.3
1295000 977.3
1300000 748.0
1305000 975.5
1310000 981.6
1315000 885.9
1320000 984.0
1325000 958.9
1330000 983.1
1335000 881.7
1340000 986.8
1345000 792.9
1350000 791.2
1355000 867.8
1360000 979.7
1365000 985.5
1370000 985.2
1375000 985.5
1380000 889.2
1385000 988.4
1390000 978.9
1395000 884.8
1400000 884.9
1405000 983.2
1410000 987.4
1415000 991.3
1420000 985.6
1425000 884.8
1430000 980.3
1435000 984.3
1440000 979.1
1445000 988.5
1450000 896.6
1455000 983.3
1460000 899.6
1465000 980.1
1470000 993.8
1475000 984.0
1480000 986.4
1485000 985.2
1490000 890.4
1495000 985.1
1500000 988.0
1505000 985.8
1510000 984.8
1515000 964.7
1520000 984.2
1525000 891.5
1530000 986.9
1535000 985.5
1540000 979.3
1545000 986.1
1550000 886.7
1555000 985.6
1560000 980.6
1565000 977.2
1570000 916.2
1575000 979.1
1580000 981.9
1585000 976.8
1590000 980.6
1595000 900.5
1600000 986.1
1605000 699.5
1610000 779.6
1615000 988.0
1620000 970.6
1625000 786.2
1630000 976.5
1635000 982.0
1640000 975.9
1645000 975.7
1650000 986.0
1655000 967.6
1660000 866.2
1665000 986.8
1670000 983.1
1675000 986.2
1680000 984.1
1685000 979.0
1690000 986.7
1695000 983.2
1700000 980.1
1705000 981.9
1710000 885.2
1715000 989.7
1720000 930.1
1725000 983.9
1730000 986.9
1735000 982.9
1740000 884.3
1745000 884.5
1750000 984.6
1755000 984.7
1760000 986.6
1765000 979.4
1770000 985.2
1775000 990.9
1780000 912.4
1785000 890.3
1790000 886.9
1795000 978.6
1800000 889.1
1805000 785.1
1810000 985.6
1815000 983.4
1820000 982.4
1825000 982.4
1830000 984.4
1835000 984.3
1840000 967.6
1845000 987.3
1850000 986.0
1855000 984.3
1860000 978.9
1865000 982.1
1870000 983.3
1875000 988.4
1880000 984.0
1885000 984.2
1890000 985.6
1895000 985.2
1900000 983.8
1905000 982.8
1910000 862.1
1915000 976.1
1920000 974.9
1925000 987.0
1930000 982.3
1935000 986.9
1940000 986.4
1945000 798.4
1950000 986.6
1955000 981.9
1960000 886.7
1965000 989.8
1970000 984.2
1975000 986.6
1980000 985.4
1985000 985.8
1990000 970.5
1995000 981.5
2000000 985.3
