5000 58.3
10000 96.5
15000 328.4
20000 568.4
25000 744.7
30000 780.6
35000 599.4
40000 871.9
45000 871.6
50000 867.2
55000 980.6
60000 973.6
65000 970.9
70000 977.0
75000 960.1
80000 968.0
85000 970.8
90000 972.2
95000 866.2
100000 972.1
105000 982.6
110000 886.6
115000 973.5
120000 968.6
125000 972.6
130000 961.3
135000 872.2
140000 959.9
145000 973.7
150000 869.8
155000 985.7
160000 980.4
165000 969.2
170000 865.8
175000 889.0
180000 981.0
185000 962.1
190000 976.9
195000 970.9
200000 875.8
205000 972.3
210000 883.6
215000 972.2
220000 872.8
225000 975.1
230000 882.9
235000 973.1
240000 979.6
245000 973.8
250000 973.9
255000 970.0
260000 948.0
265000 974.2
270000 981.6
275000 977.0
280000 885.1
285000 978.9
290000 979.4
295000 974.3
300000 971.4
305000 968.5
310000 981.2
315000 975.7
320000 975.5
325000 440.3
330000 845.0
335000 973.6
340000 973.9
345000 955.3
350000 894.0
355000 971.3
360000 786.3
365000 980.5
370000 882.1
375000 977.4
380000 976.4
385000 977.5
390000 982.1
395000 976.8
400000 981.0
405000 979.9
410000 979.8
415000 977.1
420000 972.9
425000 977.5
430000 875.2
435000 971.9
440000 775.0
445000 980.5
450000 970.9
455000 975.8
460000 984.4
465000 983.1
470000 975.4
475000 976.3
480000 976.7
485000 883.5
490000 965.7
495000 917.4
500000 905.6
505000 776.5
510000 878.5
515000 789.7
520000 976.5
525000 984.6
530000 878.3
535000 979.7
540000 980.9
545000 882.8
550000 947.1
555000 978.1
560000 980.0
565000 948.3
570000 975.4
575000 891.0
580000 885.9
585000 980.0
590000 883.9
595000 985.8
600000 881.3
605000 977.1
610000 886.6
615000 983.0
620000 990.1
625000 978.3
630000 887.4
635000 979.1
640000 887.8
645000 938.6
650000 957.0
655000 859.7
660000 976.7
665000 968.8
670000 781.5
675000 980.0
680000 883.7
685000 877.5
690000 981.4
695000 980.4
700000 985.0
705000 980.5
710000 884.1
715000 979.4
720000 985.0
725000 980.7
730000 975.5
735000 908.2
740000 880.9
745000 981.2
750000 981.9
755000 883.2
760000 885.2
765000 970.7
770000 983.1
775000 985.5
780000 885.0
785000 976.3
790000 984.6
795000 984.3
800000 986.1
805000 887.5
810000 984.3
815000 978.3
820000 982.3
825000 983.2
830000 894.9
835000 985.8
840000 985.3
845000 891.3
850000 983.5
855000 987.2
860000 983.7
865000 984.9
870000 877.1
875000 986.1
880000 881.7
885000 980.0
890000 982.7
895000 984.6
900000 986.5
905000 897.8
910000 981.0
915000 983.3
920000 979.8
925000 987.6
930000 980.6
935000 983.1
940000 980.9
945000 982.0
950000 836.9
955000 989.3
960000 987.1
965000 347.1
970000 979.3
975000 881.4
980000 987.3
985000 954.8
990000 981.4
995000 991.0
1000000 965.3
1005000 977.7
1010000 979.6
1015000 887.5
1020000 983.0
1025000 982.3
1030000 974.2
1035000 694.4
1040000 883.9
1045000 984.2
1050000 989.3
1055000 982.7
1060000 982.6
1065000 979.8
1070000 980.3
1075000 987.7
1080000 886.2
1085000 982.4
1090000 985.6
1095000 987.3
1100000 983.9
1105000 980.9
1110000 987.9
1115000 988.5
1120000 991.6
1125000 985.3
1130000 983.8
1135000 988.1
1140000 983.9
1145000 883.1
1150000 986.7
1155000 983.4
1160000 987.5
1165000 884.9
1170000 991.6
1175000 986.8
1180000 983.8
1185000 892.2
1190000 888.7
1195000 988.2
1200000 986.7
1205000 890.6
1210000 981.8
1215000 982.6
1220000 989.0
1225000 986.1
1230000 985.9
1235000 984.0
1240000 984.1
1245000 989.1
1250000 894.9
1255000 985.1
1260000 981.0
1265000 862.7
1270000 979.4
1275000 985.9
1280000 988.5
1285000 653.5
1290000 974.4
1295000 963.2
1300000 955.1
1305000 979.4
1310000 953.5
1315000 980.1
1320000 981.3
1325000 982.5
1330000 984.1
1335000 982.1
1340000 982.8
1345000 975.6
1350000 987.1
1355000 951.4
1360000 933.8
1365000 898.3
1370000 982.5
1375000 973.4
1380000 981.2
1385000 980.7
1390000 883.3
1395000 978.8
1400000 984.9
1405000 981.6
1410000 888.2
1415000 987.9
1420000 979.5
1425000 984.9
1430000 979.9
1435000 984.2
1440000 955.6
1445000 990.3
1450000 886.4
1455000 983.5
1460000 990.0
1465000 872.6
1470000 984.7
1475000 988.7
1480000 985.5
1485000 987.1
1490000 888.9
1495000 985.6
1500000 984.6
1505000 987.9
1510000 983.8
1515000 986.4
1520000 988.6
1525000 987.7
1530000 978.6
1535000 987.2
1540000 890.1
1545000 990.2
1550000 985.6
1555000 981.1
1560000 984.8
1565000 981.7
1570000 981.8
1575000 982.3
1580000 986.7
1585000 984.2
1590000 986.6
1595000 984.3
1600000 973.4
1605000 652.1
1610000 850.4
1615000 922.3
1620000 988.2
1625000 879.3
1630000 978.9
1635000 974.4
1640000 976.4
1645000 978.6
1650000 979.8
1655000 982.5
1660000 886.6
1665000 887.6
1670000 988.3
1675000 982.4
1680000 982.7
1685000 983.5
1690000 982.8
1695000 888.1
1700000 842.8
1705000 985.0
1710000 976.8
1715000 983.8
1720000 986.5
1725000 887.6
1730000 971.1
1735000 983.9
1740000 984.5
1745000 981.3
1750000 980.9
1755000 986.6
1760000 982.1
1765000 984.5
1770000 986.6
1775000 987.5
1780000 987.5
1785000 991.3
1790000 979.0
1795000 983.1
1800000 958.7
1805000 970.5
1810000 982.3
1815000 795.1
1820000 989.7
1825000 963.3
1830000 983.2
1835000 985.3
1840000 977.6
1845000 980.2
1850000 985.2
1855000 986.2
1860000 984.4
1865000 986.1
1870000 983.8
1875000 982.7
1880000 984.1
1885000 990.0
1890000 987.5
1895000 981.2
1900000 983.3
1905000 986.1
1910000 984.1
1915000 984.9
1920000 984.1
1925000 984.2
1930000 980.6
1935000 892.9
1940000 991.0
1945000 983.2
1950000 891.2
1955000 912.1
1960000 981.7
1965000 982.2
1970000 883.4
1975000 983.7
1980000 983.3
1985000 889.5
1990000 981.4
1995000 890.4
2000000 884.1
