5000 127.5
10000 26.1
15000 199.2
20000 289.6
25000 704.5
30000 878.8
35000 678.1
40000 873.0
45000 953.5
50000 776.1
55000 667.5
60000 778.4
65000 965.9
70000 964.2
75000 962.4
80000 966.2
85000 959.0
90000 968.9
95000 965.9
100000 973.9
105000 869.0
110000 981.4
115000 975.6
120000 875.8
125000 978.4
130000 977.0
135000 975.9
140000 977.6
145000 968.8
150000 977.4
155000 976.7
160000 974.7
165000 974.3
170000 977.5
175000 963.6
180000 972.9
185000 972.9
190000 975.4
195000 876.0
200000 979.6
205000 977.9
210000 973.4
215000 967.8
220000 778.1
225000 877.9
230000 875.7
235000 982.2
240000 973.2
245000 979.8
250000 975.1
255000 973.5
260000 973.6
265000 977.0
270000 972.4
275000 976.7
280000 923.8
285000 878.2
290000 972.4
295000 877.3
300000 982.3
305000 875.4
310000 980.6
315000 979.3
320000 973.1
325000 300.0
330000 775.1
335000 977.0
340000 974.3
345000 888.8
350000 968.7
355000 972.4
360000 780.8
365000 966.5
370000 974.3
375000 939.9
380000 874.1
385000 967.5
390000 977.6
395000 969.4
400000 977.9
405000 978.0
410000 980.5
415000 970.8
420000 787.2
425000 986.3
430000 975.9
435000 979.4
440000 965.6
445000 877.9
450000 983.6
455000 981.7
460000 958.0
465000 974.5
470000 982.4
475000 876.8
480000 973.4
485000 975.8
490000 976.9
495000 973.1
500000 975.1
505000 965.5
510000 980.3
515000 979.0
520000 983.7
525000 977.5
530000 979.3
535000 984.7
540000 979.3
545000 966.4
550000 972.6
555000 885.3
560000 974.4
565000 942.2
570000 976.1
575000 974.9
580000 983.4
585000 975.2
590000 978.9
595000 980.9
600000 973.0
605000 973.9
610000 965.3
615000 979.6
620000 878.5
625000 881.8
630000 982.3
635000 981.2
640000 971.7
645000 842.1
650000 887.8
655000 975.0
660000 925.2
665000 876.8
670000 882.6
675000 973.3
680000 969.5
685000 978.1
690000 985.4
695000 985.6
700000 978.4
705000 950.0
710000 944.1
715000 973.5
720000 984.6
725000 974.9
730000 977.4
735000 978.8
740000 880.7
745000 972.8
750000 882.6
755000 978.7
760000 976.4
765000 974.0
770000 972.8
775000 981.6
780000 978.0
785000 978.0
790000 971.1
795000 983.4
800000 975.5
805000 970.1
810000 982.4
815000 970.4
820000 978.2
825000 972.3
830000 975.7
835000 974.5
840000 973.6
845000 982.0
850000 979.8
855000 978.8
860000 980.1
865000 976.3
870000 986.6
875000 969.9
880000 980.4
885000 979.5
890000 975.7
895000 878.5
900000 976.2
905000 978.0
910000 983.5
915000 877.6
920000 791.2
925000 975.0
930000 975.8
935000 973.7
940000 878.3
945000 983.4
950000 978.9
955000 984.1
960000 970.4
965000 963.6
970000 962.7
975000 973.2
980000 961.2
985000 882.6
990000 976.1
995000 965.5
1000000 842.5
1005000 978.1
1010000 969.0
1015000 970.5
1020000 982.1
1025000 976.4
1030000 979.9
1035000 945.6
1040000 971.3
1045000 980.6
1050000 936.9
1055000 824.5
1060000 971.6
1065000 977.0
1070000 979.2
1075000 979.1
1080000 972.6
1085000 980.0
1090000 883.4
1095000 977.1
1100000 725.1
1105000 984.1
1110000 986.8
1115000 963.7
1120000 787.6
1125000 793.4
1130000 974.2
1135000 978.4
1140000 979.3
1145000 972.8
1150000 977.8
1155000 976.9
1160000 973.9
1165000 971.4
1170000 973.9
1175000 977.6
1180000 984.0
1185000 981.5
1190000 882.3
1195000 888.7
1200000 978.8
1205000 971.7
1210000 880.7
1215000 978.2
1220000 980.9
1225000 984.2
1230000 979.1
1235000 973.5
1240000 977.7
1245000 979.3
1250000 978.3
1255000 980.7
1260000 925.2
1265000 977.6
1270000 975.6
1275000 978.4
1280000 977.9
1285000 232.8
1290000 638.7
1295000 950.1
1300000 872.9
1305000 971.3
1310000 969.6
1315000 877.1
1320000 973.8
1325000 970.8
1330000 977.5
1335000 977.8
1340000 972.2
1345000 975.4
1350000 978.0
1355000 981.1
1360000 884.0
1365000 986.8
1370000 689.4
1375000 889.8
1380000 979.3
1385000 884.6
1390000 899.5
1395000 690.5
1400000 983.1
1405000 984.2
1410000 883.4
1415000 889.3
1420000 858.6
1425000 981.2
1430000 978.0
1435000 887.3
1440000 981.8
1445000 986.3
1450000 961.2
1455000 986.1
1460000 880.5
1465000 983.9
1470000 885.6
1475000 897.0
1480000 887.1
1485000 977.7
1490000 983.6
1495000 982.2
1500000 982.6
1505000 979.9
1510000 889.7
1515000 982.4
1520000 964.6
1525000 982.5
1530000 982.1
1535000 985.4
1540000 971.4
1545000 983.0
1550000 984.3
1555000 884.6
1560000 987.0
1565000 886.7
1570000 979.7
1575000 884.0
1580000 888.1
1585000 982.4
1590000 787.0
1595000 984.2
1600000 983.5
1605000 82.5
1610000 875.7
1615000 786.9
1620000 789.1
1625000 982.2
1630000 988.3
1635000 986.0
1640000 982.0
1645000 986.5
1650000 978.6
1655000 931.8
1660000 987.4
1665000 978.2
1670000 986.2
1675000 890.6
1680000 984.3
1685000 984.0
1690000 986.2
1695000 949.6
1700000 982.8
1705000 982.6
1710000 982.7
1715000 986.1
1720000 986.5
1725000 979.1
1730000 985.1
1735000 904.0
1740000 984.7
1745000 879.0
1750000 982.8
1755000 984.1
1760000 990.7
1765000 979.2
1770000 879.7
1775000 988.1
1780000 987.9
1785000 986.8
1790000 985.0
1795000 790.1
1800000 981.8
1805000 975.9
1810000 985.9
1815000 986.0
1820000 991.6
1825000 897.2
1830000 976.2
1835000 987.5
1840000 987.7
1845000 981.7
1850000 988.3
1855000 984.7
1860000 984.8
1865000 984.4
1870000 979.9
1875000 982.4
1880000 980.8
1885000 984.2
1890000 982.7
1895000 985.9
1900000 790.4
1905000 986.4
1910000 982.7
1915000 981.9
1920000 956.5
1925000 989.2
1930000 987.0
1935000 986.1
1940000 986.2
1945000 951.4
1950000 946.1
1955000 983.7
1960000 988.2
1965000 982.4
1970000 982.6
1975000 989.7
1980000 986.2
1985000 880.4
1990000 981.4
1995000 924.3
2000000 986.0
