5000 169.8
10000 155.8
15000 9.2
20000 200.2
25000 293.5
30000 508.2
35000 687.3
40000 586.7
45000 488.6
50000 298.8
55000 681.0
60000 869.2
65000 872.6
70000 642.5
75000 708.5
80000 702.8
85000 872.2
90000 687.4
95000 773.5
100000 788.9
105000 880.6
110000 782.4
115000 977.8
120000 963.9
125000 976.9
130000 980.6
135000 864.7
140000 879.5
145000 977.0
150000 979.1
155000 878.3
160000 975.9
165000 885.9
170000 791.6
175000 874.1
180000 974.4
185000 873.9
190000 972.5
195000 887.9
200000 978.4
205000 981.9
210000 983.2
215000 951.0
220000 983.7
225000 978.6
230000 985.7
235000 981.8
240000 979.4
245000 981.3
250000 879.5
255000 970.8
260000 877.2
265000 980.0
270000 979.2
275000 979.5
280000 781.1
285000 978.3
290000 980.4
295000 979.9
300000 986.2
305000 981.3
310000 987.1
315000 977.5
320000 882.6
325000 879.5
330000 782.7
335000 690.6
340000 947.9
345000 979.1
350000 977.4
355000 975.9
360000 986.3
365000 983.5
370000 983.5
375000 984.7
380000 986.3
385000 986.4
390000 887.6
395000 987.1
400000 975.7
405000 982.5
410000 971.6
415000 874.5
420000 878.2
425000 885.1
430000 984.4
435000 984.5
440000 887.1
445000 887.7
450000 878.9
455000 980.3
460000 987.2
465000 987.9
470000 882.3
475000 979.0
480000 984.2
485000 986.5
490000 886.6
495000 989.5
500000 983.7
505000 980.5
510000 883.2
515000 981.4
520000 984.0
525000 984.5
530000 973.7
535000 979.6
540000 977.3
545000 916.5
550000 982.3
555000 982.0
560000 982.1
565000 986.2
570000 887.6
575000 983.0
580000 983.2
585000 990.7
590000 984.0
595000 982.4
600000 885.2
605000 983.5
610000 880.6
615000 900.3
620000 981.0
625000 887.0
630000 982.6
635000 984.0
640000 978.7
645000 299.7
650000 890.1
655000 982.6
660000 886.0
665000 975.5
670000 982.7
675000 981.3
680000 987.7
685000 883.9
690000 977.3
695000 985.9
700000 882.2
705000 934.8
710000 884.7
715000 984.0
720000 790.3
725000 985.0
730000 983.3
735000 982.4
740000 984.0
745000 982.6
750000 982.9
755000 981.7
760000 982.2
765000 982.0
770000 982.0
775000 990.9
780000 890.9
785000 986.4
790000 887.0
795000 986.8
800000 983.1
805000 885.3
810000 983.6
815000 946.5
820000 984.7
825000 885.4
830000 988.0
835000 885.9
840000 987.4
845000 984.5
850000 979.3
855000 989.2
860000 886.1
865000 980.0
870000 880.5
875000 987.9
880000 987.0
885000 982.2
890000 977.8
895000 990.1
900000 985.8
905000 984.2
910000 988.9
915000 889.3
920000 983.9
925000 987.1
930000 981.6
935000 981.8
940000 987.0
945000 978.9
950000 987.0
955000 979.4
960000 981.6
965000 683.8
970000 978.3
975000 935.0
980000 989.0
985000 956.1
990000 979.9
995000 885.1
1000000 887.1
1005000 985.4
1010000 873.9
1015000 885.3
1020000 990.2
1025000 991.2
1030000 904.1
1035000 980.9
1040000 983.8
1045000 890.2
1050000 979.0
1055000 981.7
1060000 984.0
1065000 979.9
1070000 879.4
1075000 987.4
1080000 908.4
1085000 984.7
1090000 905.6
1095000 984.3
1100000 988.0
1105000 985.0
1110000 984.7
1115000 921.7
1120000 981.3
1125000 984.0
1130000 983.6
1135000 883.3
1140000 983.5
1145000 989.3
1150000 987.8
1155000 980.4
1160000 979.6
1165000 987.2
1170000 984.2
1175000 887.1
1180000 983.7
1185000 983.7
1190000 982.9
1195000 978.2
1200000 981.1
1205000 982.6
1210000 948.0
1215000 986.0
1220000 984.3
1225000 988.9
1230000 982.6
1235000 985.1
1240000 985.2
1245000 978.1
1250000 982.8
1255000 887.7
1260000 887.6
1265000 982.7
1270000 977.7
1275000 988.2
1280000 983.3
1285000 852.8
1290000 871.0
1295000 847.2
1300000 843.8
1305000 983.7
1310000 875.6
1315000 977.9
1320000 973.0
1325000 984.1
1330000 983.2
1335000 977.0
1340000 964.3
1345000 985.1
1350000 969.0
1355000 987.6
1360000 984.5
1365000 981.8
1370000 981.6
1375000 984.7
1380000 984.3
1385000 785.6
1390000 984.6
1395000 984.3
1400000 797.0
1405000 792.2
1410000 788.7
1415000 987.1
1420000 985.6
1425000 981.8
1430000 794.6
1435000 962.7
1440000 982.7
1445000 888.4
1450000 984.1
1455000 887.2
1460000 987.3
1465000 986.6
1470000 983.1
1475000 982.6
1480000 977.5
1485000 983.9
1490000 890.3
1495000 889.7
1500000 891.0
1505000 787.9
1510000 984.8
1515000 984.8
1520000 980.4
1525000 974.1
1530000 974.3
1535000 888.0
1540000 977.8
1545000 928.1
1550000 980.6
1555000 983.1
1560000 984.1
1565000 885.0
1570000 988.1
1575000 944.5
1580000 985.7
1585000 984.7
1590000 983.7
1595000 980.0
1600000 984.3
1605000 849.2
1610000 557.2
1615000 966.5
1620000 884.2
1625000 981.6
1630000 886.8
1635000 983.7
1640000 942.8
1645000 981.1
1650000 983.0
1655000 979.1
1660000 894.2
1665000 982.6
1670000 981.7
1675000 987.1
1680000 982.5
1685000 988.0
1690000 978.0
1695000 985.0
1700000 883.6
1705000 883.4
1710000 884.6
1715000 903.8
1720000 988.3
1725000 989.2
1730000 985.0
1735000 961.1
1740000 978.5
1745000 984.3
1750000 980.4
1755000 979.5
1760000 983.3
1765000 988.2
1770000 983.6
1775000 985.9
1780000 886.1
1785000 971.3
1790000 887.1
1795000 985.7
1800000 987.1
1805000 983.4
1810000 970.1
1815000 983.1
1820000 980.3
1825000 989.9
1830000 986.7
1835000 984.7
1840000 979.1
1845000 977.3
1850000 987.8
1855000 984.1
1860000 986.8
1865000 937.9
1870000 888.5
1875000 982.2
1880000 982.4
1885000 984.9
1890000 983.7
1895000 984.4
1900000 983.3
1905000 984.2
1910000 978.9
1915000 982.9
1920000 980.0
1925000 981.5
1930000 885.5
1935000 985.6
1940000 989.7
1945000 984.4
1950000 987.0
1955000 988.8
1960000 976.7
1965000 954.5
1970000 983.3
1975000 988.7
1980000 984.4
1985000 960.2
1990000 804.2
1995000 990.1
2000000 984.0
