5000 45.2
10000 94.3
15000 192.5
20000 781.8
25000 873.5
30000 962.3
35000 964.0
40000 963.8
45000 777.4
50000 769.9
55000 880.2
60000 971.6
65000 973.6
70000 870.1
75000 974.5
80000 884.6
85000 976.3
90000 973.5
95000 884.8
100000 979.5
105000 971.8
110000 880.8
115000 970.2
120000 975.6
125000 970.1
130000 970.9
135000 879.9
140000 892.6
145000 874.5
150000 970.9
155000 985.0
160000 873.1
165000 973.2
170000 977.1
175000 978.3
180000 973.5
185000 877.2
190000 970.4
195000 968.6
200000 974.0
205000 973.8
210000 881.6
215000 971.7
220000 980.5
225000 973.2
230000 974.4
235000 971.8
240000 933.1
245000 970.0
250000 977.0
255000 971.2
260000 974.7
265000 973.6
270000 983.1
275000 971.9
280000 979.1
285000 884.3
290000 971.6
295000 977.9
300000 979.5
305000 979.0
310000 980.7
315000 976.4
320000 979.2
325000 654.7
330000 795.3
335000 948.6
340000 775.4
345000 779.5
350000 967.7
355000 974.4
360000 958.7
365000 884.7
370000 881.0
375000 980.1
380000 976.0
385000 880.1
390000 979.0
395000 970.8
400000 889.0
405000 975.9
410000 978.3
415000 974.5
420000 965.6
425000 973.4
430000 980.2
435000 951.9
440000 984.6
445000 976.1
450000 881.8
455000 980.9
460000 980.2
465000 884.5
470000 974.6
475000 976.8
480000 974.9
485000 980.3
490000 971.4
495000 799.5
500000 972.3
505000 966.7
510000 984.2
515000 981.0
520000 979.5
525000 978.0
530000 979.6
535000 978.0
540000 975.8
545000 976.1
550000 976.0
555000 784.0
560000 976.2
565000 974.3
570000 972.9
575000 978.4
580000 978.1
585000 978.5
590000 875.8
595000 882.8
600000 973.9
605000 977.1
610000 975.0
615000 978.7
620000 975.0
625000 985.7
630000 980.4
635000 982.6
640000 874.0
645000 853.3
650000 960.3
655000 964.1
660000 875.6
665000 955.6
670000 977.9
675000 973.8
680000 979.5
685000 978.7
690000 881.3
695000 977.2
700000 980.0
705000 981.7
710000 978.4
715000 980.0
720000 882.4
725000 974.5
730000 982.5
735000 980.1
740000 980.5
745000 975.1
750000 982.0
755000 984.8
760000 978.5
765000 980.4
770000 979.4
775000 965.4
780000 977.4
785000 979.8
790000 888.4
795000 980.8
800000 981.1
805000 979.0
810000 691.6
815000 976.3
820000 979.7
825000 989.2
830000 982.9
835000 870.4
840000 979.8
845000 983.0
850000 978.7
855000 983.4
860000 976.9
865000 982.6
870000 983.1
875000 695.4
880000 978.4
885000 986.4
890000 984.3
895000 979.8
900000 977.2
905000 980.7
910000 886.6
915000 989.3
920000 981.6
925000 982.1
930000 982.6
935000 981.4
940000 980.6
945000 983.3
950000 985.7
955000 990.0
960000 883.0
965000 865.3
970000 807.4
975000 880.5
980000 979.2
985000 877.9
990000 985.2
995000 984.3
1000000 982.5
1005000 980.8
1010000 883.8
1015000 982.8
1020000 986.2
1025000 883.6
1030000 985.5
1035000 991.3
1040000 973.5
1045000 888.1
1050000 957.3
1055000 889.1
1060000 983.2
1065000 963.8
1070000 983.2
1075000 980.6
1080000 986.5
1085000 880.3
1090000 984.8
1095000 986.8
1100000 982.4
1105000 847.5
1110000 982.1
1115000 991.1
1120000 987.1
1125000 906.7
1130000 981.7
1135000 982.8
1140000 975.0
1145000 983.0
1150000 882.8
1155000 982.8
1160000 984.9
1165000 881.2
1170000 986.9
1175000 979.5
1180000 883.8
1185000 987.7
1190000 984.6
1195000 887.2
1200000 982.7
1205000 976.4
1210000 985.2
1215000 985.8
1220000 888.1
1225000 987.8
1230000 892.1
1235000 982.3
1240000 987.2
1245000 980.0
1250000 986.7
1255000 980.7
1260000 982.7
1265000 887.8
1270000 892.3
1275000 978.1
1280000 891.3
1285000 682.3
1290000 877.1
1295000 785.3
1300000 985.9
1305000 886.6
1310000 951.9
1315000 886.4
1320000 981.1
1325000 987.3
1330000 987.7
1335000 985.8
1340000 984.3
1345000 892.0
1350000 983.7
1355000 888.6
1360000 981.9
1365000 985.7
1370000 986.2
1375000 982.6
1380000 976.6
1385000 980.7
1390000 987.9
1395000 985.2
1400000 985.2
1405000 979.8
1410000 884.4
1415000 984.3
1420000 982.4
1425000 982.1
1430000 980.9
1435000 987.7
1440000 983.9
1445000 983.7
1450000 985.1
1455000 886.2
1460000 981.0
1465000 985.9
1470000 988.5
1475000 985.7
1480000 785.7
1485000 790.5
1490000 986.0
1495000 732.1
1500000 987.4
1505000 890.1
1510000 986.7
1515000 888.6
1520000 889.7
1525000 983.7
1530000 883.4
1535000 887.1
1540000 984.8
1545000 894.9
1550000 981.8
1555000 980.4
1560000 924.4
1565000 985.7
1570000 987.6
1575000 895.3
1580000 985.9
1585000 978.7
1590000 892.5
1595000 985.3
1600000 984.1
1605000 103.1
1610000 764.3
1615000 788.3
1620000 957.3
1625000 984.6
1630000 815.0
1635000 870.2
1640000 981.9
1645000 880.5
1650000 886.1
1655000 979.2
1660000 976.2
1665000 982.1
1670000 983.6
1675000 897.7
1680000 980.0
1685000 886.6
1690000 983.6
1695000 923.8
1700000 987.1
1705000 981.8
1710000 984.2
1715000 981.7
1720000 987.9
1725000 978.8
1730000 984.9
1735000 989.3
1740000 891.0
1745000 890.3
1750000 886.7
1755000 988.0
1760000 973.3
1765000 984.8
1770000 984.4
1775000 986.3
1780000 980.6
1785000 984.7
1790000 965.3
1795000 981.0
1800000 984.5
1805000 991.0
1810000 983.3
1815000 980.7
1820000 985.5
1825000 888.3
1830000 984.2
1835000 977.2
1840000 970.6
1845000 735.3
1850000 985.4
1855000 981.9
1860000 986.8
1865000 884.8
1870000 983.8
1875000 982.0
1880000 896.0
1885000 986.7
1890000 974.3
1895000 888.7
1900000 983.9
1905000 981.2
1910000 984.1
1915000 987.3
1920000 983.1
1925000 987.4
1930000 985.0
1935000 981.4
1940000 984.5
1945000 988.1
1950000 985.8
1955000 984.5
1960000 888.3
1965000 989.5
1970000 889.2
1975000 889.9
1980000 987.4
1985000 982.6
1990000 892.5
1995000 985.2
2000000 987.0
