5000 0.0
10000 0.0
15000 0.8
20000 22.2
25000 45.9
30000 206.5
35000 596.7
40000 652.7
45000 777.6
50000 787.9
55000 695.6
60000 806.2
65000 745.3
70000 706.2
75000 643.4
80000 763.1
85000 708.4
90000 699.6
95000 771.1
100000 804.0
105000 648.0
110000 871.1
115000 784.5
120000 799.6
125000 475.1
130000 842.7
135000 788.9
140000 856.9
145000 860.3
150000 818.2
155000 860.5
160000 808.5
165000 811.4
170000 587.9
175000 840.9
180000 764.9
185000 829.8
190000 766.6
195000 826.6
200000 771.8
205000 786.3
210000 860.1
215000 832.2
220000 802.2
225000 794.2
230000 817.7
235000 822.8
240000 769.0
245000 551.9
250000 703.8
255000 824.1
260000 651.1
265000 831.9
270000 659.8
275000 871.6
280000 787.1
285000 790.2
290000 847.5
295000 763.8
300000 834.7
305000 850.0
310000 791.3
315000 872.0
320000 882.8
325000 767.7
330000 884.0
335000 754.0
340000 663.6
345000 840.6
350000 893.9
355000 810.0
360000 836.4
365000 789.6
370000 881.2
375000 880.6
380000 822.5
385000 834.3
390000 835.2
395000 866.4
400000 834.0
405000 697.6
410000 678.4
415000 795.9
420000 884.7
425000 677.6
430000 798.6
435000 862.5
440000 836.1
445000 745.7
450000 741.4
455000 775.9
460000 805.4
465000 783.2
470000 654.5
475000 750.9
480000 858.3
485000 826.3
490000 626.3
495000 841.7
500000 828.9
505000 859.9
510000 555.1
515000 734.6
520000 817.9
525000 812.6
530000 857.1
535000 775.7
540000 671.6
545000 741.2
550000 859.4
555000 642.2
560000 831.8
565000 691.5
570000 870.2
575000 840.5
580000 751.0
585000 817.3
590000 857.6
595000 806.6
600000 798.7
605000 692.7
610000 855.7
615000 839.5
620000 823.6
625000 809.5
630000 859.3
635000 864.9
640000 819.9
645000 705.3
650000 849.3
655000 672.1
660000 835.1
665000 762.7
670000 661.9
675000 841.9
680000 873.8
685000 832.4
690000 872.1
695000 833.6
700000 862.1
705000 826.3
710000 780.7
715000 781.9
720000 879.6
725000 655.5
730000 786.0
735000 744.2
740000 860.5
745000 866.8
750000 879.3
755000 917.3
760000 780.3
765000 843.4
770000 874.2
775000 849.9
780000 821.2
785000 869.9
790000 837.9
795000 883.3
800000 790.5
805000 838.7
810000 791.1
815000 833.9
820000 816.2
825000 844.4
830000 852.1
835000 815.3
840000 833.5
845000 845.2
850000 826.6
855000 883.2
860000 765.6
865000 813.2
870000 889.6
875000 824.8
880000 814.5
885000 881.4
890000 832.2
895000 854.8
900000 788.7
905000 836.0
910000 833.1
915000 831.9
920000 836.0
925000 851.9
930000 822.8
935000 793.9
940000 892.9
945000 819.6
950000 857.7
955000 810.4
960000 861.0
965000 715.7
970000 876.8
975000 862.9
980000 763.6
985000 858.5
990000 748.7
995000 795.0
1000000 739.5
1005000 844.7
1010000 731.3
1015000 811.2
1020000 774.7
1025000 829.2
1030000 881.6
1035000 827.3
1040000 753.0
1045000 28.8
1050000 568.4
1055000 351.9
1060000 280.8
1065000 470.3
1070000 364.4
1075000 655.6
1080000 533.4
1085000 651.2
1090000 540.5
1095000 605.9
1100000 640.5
1105000 356.2
1110000 504.0
1115000 724.6
1120000 511.0
1125000 664.4
1130000 701.3
1135000 900.5
1140000 869.3
1145000 852.4
1150000 809.9
1155000 861.4
1160000 577.5
1165000 804.3
1170000 860.1
1175000 817.0
1180000 806.1
1185000 858.1
1190000 873.2
1195000 875.7
1200000 845.4
1205000 797.8
1210000 554.5
1215000 722.3
1220000 777.2
1225000 858.6
1230000 891.3
1235000 623.4
1240000 729.3
1245000 691.5
1250000 881.2
1255000 803.3
1260000 848.8
1265000 803.9
1270000 817.2
1275000 853.8
1280000 823.7
1285000 671.7
1290000 884.5
1295000 862.4
1300000 862.9
1305000 814.6
1310000 814.6
1315000 843.2
1320000 819.2
1325000 859.2
1330000 850.6
1335000 772.3
1340000 858.6
1345000 843.3
1350000 868.7
1355000 793.2
1360000 839.6
1365000 850.1
1370000 769.0
1375000 856.9
1380000 853.9
1385000 850.2
1390000 838.7
1395000 746.9
1400000 843.7
1405000 813.8
1410000 851.0
1415000 821.3
1420000 834.6
1425000 864.9
1430000 807.7
1435000 885.6
1440000 846.6
1445000 735.7
1450000 786.1
1455000 687.0
1460000 821.7
1465000 835.8
1470000 831.6
1475000 879.3
1480000 837.1
1485000 844.0
1490000 799.5
1495000 848.3
1500000 836.8
1505000 820.2
1510000 879.2
1515000 873.2
1520000 839.9
1525000 783.8
1530000 812.9
1535000 838.7
1540000 816.0
1545000 852.2
1550000 808.1
1555000 846.5
1560000 811.9
1565000 821.0
1570000 839.0
1575000 872.1
1580000 858.9
1585000 848.1
1590000 813.1
1595000 873.8
1600000 829.8
1605000 866.6
1610000 742.9
1615000 796.6
1620000 866.2
1625000 899.4
1630000 836.1
1635000 766.9
1640000 836.6
1645000 820.2
1650000 739.5
1655000 870.8
1660000 844.0
1665000 855.2
1670000 841.8
1675000 867.3
1680000 860.3
1685000 777.7
1690000 840.1
1695000 611.7
1700000 731.8
1705000 632.8
1710000 832.2
1715000 864.7
1720000 848.4
1725000 834.1
1730000 885.9
1735000 853.5
1740000 847.0
1745000 848.8
1750000 805.3
1755000 787.4
1760000 777.2
1765000 671.6
1770000 841.8
1775000 841.0
1780000 874.8
1785000 853.8
1790000 856.8
1795000 868.2
1800000 896.0
1805000 810.9
1810000 846.4
1815000 816.9
1820000 837.5
1825000 866.7
1830000 846.0
1835000 845.9
1840000 846.2
1845000 740.1
1850000 678.1
1855000 684.4
1860000 706.7
1865000 801.6
1870000 876.7
1875000 807.1
1880000 835.8
1885000 872.8
1890000 850.2
1895000 815.2
1900000 837.6
1905000 789.8
1910000 896.1
1915000 862.9
1920000 838.4
1925000 849.2
1930000 852.5
1935000 865.0
1940000 822.3
1945000 834.1
1950000 854.1
1955000 896.2
1960000 803.5
1965000 817.8
1970000 852.7
1975000 815.8
1980000 761.4
1985000 847.6
1990000 849.4
1995000 805.7
2000000 861.2
