5000 0.0
10000 0.0
15000 0.0
20000 60.9
25000 81.4
30000 111.3
35000 113.2
40000 92.7
45000 76.9
50000 83.6
55000 81.4
60000 120.8
65000 106.4
70000 544.8
75000 544.8
80000 273.5
85000 338.4
90000 630.4
95000 682.1
100000 593.2
105000 385.3
110000 699.2
115000 607.7
120000 787.1
125000 444.4
130000 593.3
135000 711.9
140000 571.2
145000 683.6
150000 754.4
155000 763.7
160000 515.9
165000 541.7
170000 761.3
175000 593.3
180000 871.5
185000 548.1
190000 778.4
195000 848.3
200000 771.7
205000 817.9
210000 837.8
215000 844.3
220000 862.6
225000 880.3
230000 771.6
235000 854.6
240000 842.9
245000 516.7
250000 661.9
255000 699.8
260000 686.4
265000 866.7
270000 848.3
275000 755.4
280000 542.6
285000 897.7
290000 817.5
295000 758.0
300000 858.2
305000 870.8
310000 779.3
315000 784.9
320000 871.4
325000 732.8
330000 757.0
335000 718.6
340000 768.4
345000 747.7
350000 798.6
355000 805.6
360000 531.4
365000 874.6
370000 899.4
375000 808.5
380000 801.0
385000 821.9
390000 850.6
395000 829.4
400000 849.0
405000 758.9
410000 813.6
415000 742.4
420000 791.8
425000 711.9
430000 569.9
435000 856.6
440000 739.4
445000 729.3
450000 793.2
455000 827.5
460000 846.5
465000 864.4
470000 867.4
475000 868.3
480000 868.1
485000 678.9
490000 720.5
495000 830.5
500000 790.4
505000 776.8
510000 741.8
515000 825.7
520000 697.0
525000 832.2
530000 747.8
535000 826.5
540000 845.7
545000 892.3
550000 858.8
555000 866.5
560000 845.4
565000 687.4
570000 813.6
575000 756.5
580000 896.1
585000 806.2
590000 825.0
595000 795.1
600000 856.2
605000 821.4
610000 849.3
615000 864.5
620000 728.9
625000 840.8
630000 864.9
635000 883.3
640000 846.6
645000 666.8
650000 788.4
655000 789.2
660000 612.1
665000 746.5
670000 665.6
675000 747.9
680000 680.1
685000 775.5
690000 811.9
695000 871.3
700000 800.6
705000 832.2
710000 777.9
715000 771.6
720000 785.4
725000 749.3
730000 634.1
735000 743.6
740000 746.7
745000 832.3
750000 813.3
755000 893.2
760000 845.9
765000 761.5
770000 751.7
775000 847.7
780000 605.9
785000 839.5
790000 831.5
795000 803.0
800000 863.5
805000 686.1
810000 685.4
815000 862.3
820000 843.4
825000 638.0
830000 757.8
835000 760.7
840000 769.0
845000 765.1
850000 880.2
855000 858.1
860000 813.0
865000 820.9
870000 694.9
875000 741.8
880000 906.0
885000 779.0
890000 811.7
895000 845.2
900000 758.7
905000 901.0
910000 770.8
915000 850.6
920000 832.9
925000 848.9
930000 850.1
935000 809.9
940000 851.0
945000 777.3
950000 821.0
955000 874.1
960000 869.7
965000 495.8
970000 727.1
975000 824.9
980000 850.9
985000 797.3
990000 821.4
995000 851.3
1000000 779.6
1005000 767.0
1010000 846.3
1015000 894.1
1020000 804.3
1025000 896.0
1030000 793.0
1035000 819.2
1040000 842.1
1045000 706.1
1050000 819.2
1055000 758.1
1060000 855.6
1065000 908.5
1070000 840.4
1075000 759.7
1080000 845.2
1085000 704.0
1090000 688.8
1095000 856.2
1100000 856.4
1105000 855.8
1110000 830.8
1115000 857.6
1120000 818.3
1125000 764.5
1130000 771.9
1135000 865.4
1140000 822.1
1145000 818.0
1150000 790.1
1155000 679.1
1160000 828.7
1165000 878.9
1170000 764.3
1175000 744.1
1180000 766.5
1185000 860.3
1190000 818.8
1195000 877.7
1200000 896.1
1205000 522.5
1210000 874.3
1215000 810.5
1220000 846.9
1225000 768.7
1230000 838.7
1235000 847.4
1240000 770.4
1245000 841.3
1250000 831.6
1255000 827.0
1260000 815.1
1265000 856.7
1270000 837.3
1275000 849.2
1280000 789.0
1285000 783.1
1290000 794.1
1295000 836.4
1300000 800.6
1305000 873.6
1310000 862.4
1315000 827.9
1320000 789.6
1325000 838.6
1330000 850.5
1335000 855.2
1340000 829.8
1345000 822.3
1350000 794.6
1355000 809.6
1360000 878.1
1365000 891.7
1370000 874.2
1375000 837.1
1380000 838.6
1385000 841.2
1390000 827.4
1395000 851.7
1400000 883.0
1405000 833.3
1410000 827.5
1415000 850.3
1420000 875.9
1425000 821.1
1430000 854.2
1435000 865.9
1440000 915.2
1445000 857.3
1450000 794.7
1455000 769.9
1460000 818.5
1465000 858.3
1470000 853.5
1475000 843.3
1480000 835.8
1485000 799.7
1490000 860.4
1495000 805.3
1500000 824.5
1505000 812.2
1510000 855.7
1515000 844.4
1520000 832.3
1525000 769.4
1530000 856.1
1535000 780.4
1540000 832.2
1545000 848.0
1550000 807.2
1555000 862.2
1560000 883.3
1565000 845.0
1570000 735.0
1575000 836.3
1580000 828.2
1585000 794.9
1590000 794.3
1595000 821.4
1600000 828.0
1605000 689.3
1610000 771.3
1615000 763.5
1620000 786.5
1625000 813.0
1630000 836.1
1635000 825.7
1640000 843.3
1645000 820.8
1650000 865.1
1655000 898.7
1660000 926.0
1665000 913.9
1670000 844.5
1675000 884.7
1680000 815.1
1685000 875.3
1690000 886.7
1695000 867.6
1700000 848.0
1705000 763.9
1710000 897.4
1715000 832.0
1720000 842.6
1725000 844.3
1730000 877.7
1735000 846.9
1740000 831.4
1745000 802.9
1750000 854.0
1755000 833.8
1760000 817.8
1765000 810.2
1770000 859.7
1775000 763.5
1780000 795.2
1785000 790.3
1790000 813.5
1795000 818.4
1800000 836.6
1805000 830.5
1810000 864.2
1815000 839.7
1820000 878.6
1825000 845.7
1830000 838.8
1835000 856.5
1840000 834.3
1845000 679.4
1850000 893.5
1855000 834.2
1860000 877.7
1865000 817.1
1870000 698.7
1875000 813.3
1880000 857.9
1885000 803.6
1890000 872.2
1895000 812.8
1900000 830.5
1905000 861.0
1910000 820.7
1915000 883.6
1920000 892.7
1925000 894.6
1930000 841.3
1935000 707.2
1940000 820.7
1945000 795.5
1950000 846.3
1955000 824.0
1960000 846.9
1965000 854.4
1970000 785.6
1975000 867.2
1980000 851.2
1985000 833.8
1990000 847.0
1995000 796.6
2000000 810.5
