5000 1.7
10000 0.0
15000 0.0
20000 100.0
25000 0.0
30000 100.0
35000 0.0
40000 0.0
45000 200.0
50000 100.0
55000 0.0
60000 100.0
65000 102.4
70000 100.0
75000 321.0
80000 100.0
85000 735.3
90000 823.4
95000 818.9
100000 850.4
105000 814.7
110000 869.9
115000 874.3
120000 861.2
125000 865.6
130000 851.7
135000 820.9
140000 844.4
145000 846.6
150000 810.6
155000 775.9
160000 866.9
165000 756.8
170000 681.1
175000 638.0
180000 767.6
185000 748.2
190000 797.5
195000 888.8
200000 619.7
205000 615.4
210000 825.0
215000 855.8
220000 823.1
225000 808.1
230000 875.3
235000 869.1
240000 882.9
245000 799.6
250000 671.7
255000 856.9
260000 847.3
265000 826.9
270000 842.1
275000 824.3
280000 821.1
285000 842.8
290000 852.6
295000 809.2
300000 804.4
305000 818.3
310000 840.5
315000 829.1
320000 836.0
325000 655.6
330000 884.1
335000 686.6
340000 896.9
345000 824.5
350000 867.6
355000 784.0
360000 820.3
365000 793.2
370000 816.2
375000 882.4
380000 805.8
385000 854.5
390000 886.7
395000 847.8
400000 865.5
405000 605.8
410000 828.7
415000 790.1
420000 791.3
425000 843.5
430000 872.0
435000 899.6
440000 853.4
445000 879.5
450000 833.4
455000 866.2
460000 846.3
465000 833.4
470000 851.9
475000 786.3
480000 854.7
485000 891.1
490000 779.4
495000 807.5
500000 891.7
505000 875.4
510000 840.4
515000 806.0
520000 813.9
525000 847.8
530000 859.5
535000 806.2
540000 761.1
545000 838.5
550000 849.2
555000 781.8
560000 827.0
565000 842.4
570000 818.1
575000 838.9
580000 810.8
585000 872.4
590000 724.0
595000 861.0
600000 885.2
605000 841.2
610000 805.5
615000 877.7
620000 841.0
625000 834.3
630000 867.6
635000 847.6
640000 847.9
645000 752.6
650000 817.9
655000 844.6
660000 695.1
665000 758.9
670000 823.8
675000 848.8
680000 843.8
685000 829.5
690000 864.1
695000 874.9
700000 798.3
705000 884.4
710000 855.0
715000 848.0
720000 849.4
725000 872.8
730000 850.0
735000 876.6
740000 741.5
745000 661.1
750000 765.4
755000 855.5
760000 835.3
765000 809.9
770000 805.1
775000 826.3
780000 875.7
785000 711.0
790000 812.6
795000 851.8
800000 819.2
805000 659.6
810000 855.6
815000 824.8
820000 808.4
825000 836.0
830000 862.9
835000 900.2
840000 842.5
845000 805.9
850000 877.4
855000 825.6
860000 875.6
865000 830.9
870000 765.0
875000 829.5
880000 857.2
885000 846.0
890000 844.1
895000 783.9
900000 782.1
905000 860.5
910000 855.6
915000 900.6
920000 834.7
925000 889.8
930000 844.7
935000 813.3
940000 824.9
945000 818.8
950000 845.0
955000 848.7
960000 837.2
965000 658.4
970000 842.9
975000 807.4
980000 869.0
985000 859.6
990000 826.2
995000 853.9
1000000 796.4
1005000 843.1
1010000 816.1
1015000 834.1
1020000 846.8
1025000 805.4
1030000 886.3
1035000 872.2
1040000 857.3
1045000 820.1
1050000 853.1
1055000 806.7
1060000 814.2
1065000 813.7
1070000 858.6
1075000 831.3
1080000 798.0
1085000 820.9
1090000 751.7
1095000 887.4
1100000 875.5
1105000 806.7
1110000 808.6
1115000 862.8
1120000 809.2
1125000 781.2
1130000 826.1
1135000 823.5
1140000 847.1
1145000 877.7
1150000 885.3
1155000 818.5
1160000 820.6
1165000 868.3
1170000 853.1
1175000 814.3
1180000 790.2
1185000 781.0
1190000 830.5
1195000 846.9
1200000 871.2
1205000 779.5
1210000 813.4
1215000 914.2
1220000 729.4
1225000 786.3
1230000 866.1
1235000 881.0
1240000 804.4
1245000 905.7
1250000 823.3
1255000 839.3
1260000 884.1
1265000 859.9
1270000 875.0
1275000 838.3
1280000 825.8
1285000 872.7
1290000 826.6
1295000 804.8
1300000 786.5
1305000 836.8
1310000 830.1
1315000 815.6
1320000 884.4
1325000 859.4
1330000 807.5
1335000 785.6
1340000 848.7
1345000 845.5
1350000 858.7
1355000 848.1
1360000 892.8
1365000 779.3
1370000 891.6
1375000 839.6
1380000 829.1
1385000 795.7
1390000 851.1
1395000 870.3
1400000 809.3
1405000 847.4
1410000 842.4
1415000 842.7
1420000 853.0
1425000 841.2
1430000 802.3
1435000 823.1
1440000 837.8
1445000 836.0
1450000 864.3
1455000 713.9
1460000 829.2
1465000 905.5
1470000 851.4
1475000 873.7
1480000 830.6
1485000 888.2
1490000 851.9
1495000 818.9
1500000 839.4
1505000 833.3
1510000 821.1
1515000 848.8
1520000 819.2
1525000 868.6
1530000 820.4
1535000 839.0
1540000 781.7
1545000 858.7
1550000 893.6
1555000 875.2
1560000 890.8
1565000 860.6
1570000 830.3
1575000 846.7
1580000 851.8
1585000 866.7
1590000 882.6
1595000 811.5
1600000 878.5
1605000 855.5
1610000 867.4
1615000 846.4
1620000 820.9
1625000 856.5
1630000 835.4
1635000 836.8
1640000 872.5
1645000 794.9
1650000 803.9
1655000 876.4
1660000 835.9
1665000 816.3
1670000 861.9
1675000 906.3
1680000 828.3
1685000 860.2
1690000 807.8
1695000 833.9
1700000 820.4
1705000 815.3
1710000 814.7
1715000 893.6
1720000 871.6
1725000 847.1
1730000 783.9
1735000 868.1
1740000 838.1
1745000 853.0
1750000 823.9
1755000 839.4
1760000 823.8
1765000 836.7
1770000 789.0
1775000 794.0
1780000 782.6
1785000 839.2
1790000 852.5
1795000 813.8
1800000 827.1
1805000 841.5
1810000 908.7
1815000 828.4
1820000 871.8
1825000 836.4
1830000 774.8
1835000 803.5
1840000 820.1
1845000 829.4
1850000 830.0
1855000 834.7
1860000 891.8
1865000 880.7
1870000 849.9
1875000 848.9
1880000 799.9
1885000 799.5
1890000 848.7
1895000 796.3
1900000 873.0
1905000 810.9
1910000 822.9
1915000 857.0
1920000 799.3
1925000 847.1
1930000 792.8
1935000 794.2
1940000 796.2
1945000 872.5
1950000 863.6
1955000 861.6
1960000 821.6
1965000 832.0
1970000 834.9
1975000 813.1
1980000 859.5
1985000 831.0
1990000 824.6
1995000 846.3
2000000 798.1
