5000 0.0
10000 0.0
15000 579.6
20000 828.2
25000 763.0
30000 722.8
35000 825.0
40000 647.5
45000 769.8
50000 812.9
55000 840.3
60000 797.6
65000 805.8
70000 829.1
75000 857.7
80000 850.5
85000 592.6
90000 751.7
95000 441.7
100000 570.2
105000 828.8
110000 834.7
115000 781.6
120000 649.4
125000 783.7
130000 859.5
135000 828.9
140000 815.7
145000 821.3
150000 806.2
155000 816.7
160000 861.7
165000 425.3
170000 619.4
175000 648.6
180000 688.3
185000 760.3
190000 577.8
195000 657.6
200000 651.9
205000 829.9
210000 637.0
215000 858.4
220000 863.1
225000 787.9
230000 799.7
235000 819.8
240000 825.2
245000 596.3
250000 626.8
255000 800.7
260000 776.4
265000 589.7
270000 843.9
275000 843.5
280000 855.7
285000 904.0
290000 845.7
295000 845.3
300000 829.5
305000 810.4
310000 874.6
315000 835.3
320000 862.4
325000 675.8
330000 837.0
335000 797.4
340000 825.7
345000 828.1
350000 813.5
355000 812.3
360000 791.1
365000 792.4
370000 783.2
375000 825.8
380000 825.5
385000 833.8
390000 830.7
395000 873.2
400000 810.2
405000 706.9
410000 872.2
415000 795.5
420000 862.3
425000 827.1
430000 832.9
435000 806.0
440000 848.3
445000 807.9
450000 849.2
455000 884.9
460000 821.6
465000 839.1
470000 823.5
475000 849.7
480000 779.7
485000 585.7
490000 906.1
495000 752.6
500000 919.7
505000 875.7
510000 835.5
515000 836.9
520000 813.6
525000 857.4
530000 773.7
535000 843.3
540000 811.3
545000 852.9
550000 842.6
555000 901.5
560000 845.8
565000 696.2
570000 856.9
575000 813.9
580000 830.6
585000 814.9
590000 859.1
595000 821.7
600000 834.8
605000 820.4
610000 883.6
615000 857.3
620000 821.7
625000 850.2
630000 852.1
635000 788.2
640000 841.5
645000 709.5
650000 798.5
655000 860.9
660000 861.8
665000 846.5
670000 776.6
675000 852.0
680000 792.0
685000 841.1
690000 874.3
695000 854.4
700000 817.1
705000 837.3
710000 794.6
715000 832.3
720000 893.2
725000 823.7
730000 628.9
735000 864.4
740000 872.4
745000 683.6
750000 860.0
755000 857.2
760000 826.9
765000 856.9
770000 794.4
775000 895.0
780000 869.4
785000 837.7
790000 850.3
795000 876.2
800000 839.3
805000 635.6
810000 895.4
815000 859.2
820000 841.4
825000 831.6
830000 858.2
835000 896.1
840000 803.6
845000 862.5
850000 858.0
855000 818.6
860000 823.9
865000 829.6
870000 891.9
875000 837.2
880000 808.3
885000 867.7
890000 744.6
895000 878.2
900000 838.4
905000 821.6
910000 789.2
915000 852.3
920000 846.3
925000 868.8
930000 798.8
935000 833.3
940000 825.5
945000 845.0
950000 821.4
955000 813.8
960000 792.0
965000 608.7
970000 853.5
975000 872.4
980000 790.3
985000 829.2
990000 897.5
995000 843.3
1000000 828.5
1005000 860.4
1010000 870.6
1015000 844.6
1020000 824.0
1025000 814.5
1030000 837.6
1035000 883.1
1040000 859.1
1045000 585.1
1050000 726.5
1055000 824.7
1060000 843.3
1065000 841.4
1070000 889.9
1075000 779.8
1080000 811.5
1085000 818.4
1090000 814.5
1095000 842.2
1100000 811.5
1105000 857.1
1110000 853.1
1115000 804.9
1120000 872.5
1125000 823.6
1130000 782.2
1135000 869.6
1140000 848.2
1145000 882.6
1150000 837.9
1155000 873.4
1160000 857.6
1165000 917.0
1170000 820.2
1175000 897.4
1180000 832.5
1185000 891.0
1190000 851.6
1195000 852.8
1200000 815.9
1205000 714.9
1210000 799.4
1215000 814.1
1220000 821.8
1225000 789.7
1230000 836.8
1235000 858.0
1240000 825.7
1245000 820.9
1250000 852.9
1255000 875.7
1260000 843.2
1265000 767.1
1270000 867.0
1275000 853.1
1280000 911.3
1285000 793.4
1290000 766.3
1295000 827.8
1300000 826.1
1305000 822.2
1310000 870.2
1315000 835.1
1320000 886.0
1325000 866.7
1330000 850.0
1335000 802.2
1340000 822.4
1345000 868.9
1350000 874.0
1355000 696.5
1360000 898.7
1365000 889.9
1370000 869.6
1375000 880.8
1380000 909.9
1385000 867.4
1390000 807.7
1395000 811.2
1400000 784.3
1405000 798.8
1410000 849.6
1415000 853.1
1420000 819.2
1425000 843.2
1430000 856.4
1435000 839.4
1440000 777.1
1445000 823.8
1450000 762.0
1455000 824.1
1460000 827.8
1465000 830.5
1470000 838.3
1475000 785.1
1480000 876.1
1485000 879.1
1490000 818.4
1495000 855.3
1500000 826.5
1505000 837.2
1510000 857.1
1515000 864.3
1520000 835.1
1525000 731.9
1530000 871.5
1535000 851.7
1540000 821.4
1545000 813.9
1550000 895.4
1555000 880.6
1560000 859.0
1565000 873.8
1570000 831.2
1575000 836.4
1580000 810.1
1585000 814.4
1590000 847.0
1595000 852.5
1600000 822.4
1605000 771.1
1610000 767.4
1615000 861.1
1620000 805.0
1625000 850.6
1630000 851.4
1635000 852.5
1640000 833.5
1645000 901.4
1650000 821.7
1655000 855.7
1660000 850.8
1665000 794.9
1670000 810.7
1675000 862.3
1680000 844.7
1685000 800.1
1690000 826.2
1695000 833.7
1700000 822.6
1705000 857.5
1710000 889.8
1715000 839.0
1720000 823.6
1725000 834.2
1730000 836.1
1735000 807.8
1740000 835.8
1745000 870.2
1750000 812.9
1755000 853.4
1760000 870.0
1765000 810.8
1770000 862.6
1775000 846.9
1780000 888.6
1785000 861.5
1790000 790.9
1795000 820.2
1800000 871.3
1805000 832.0
1810000 911.5
1815000 809.9
1820000 754.0
1825000 772.8
1830000 844.7
1835000 872.3
1840000 864.3
1845000 874.4
1850000 827.8
1855000 850.0
1860000 843.3
1865000 875.0
1870000 870.7
1875000 854.9
1880000 821.4
1885000 859.2
1890000 860.8
1895000 870.7
1900000 859.8
1905000 821.5
1910000 852.2
1915000 839.8
1920000 838.8
1925000 818.6
1930000 887.5
1935000 855.4
1940000 828.5
1945000 879.4
1950000 831.6
1955000 812.5
1960000 868.1
1965000 816.9
1970000 842.9
1975000 805.1
1980000 887.8
1985000 881.1
1990000 891.8
1995000 854.7
2000000 890.3
