5000 0.0
10000 2.3
15000 1.0
20000 45.7
25000 48.5
30000 35.4
35000 48.3
40000 74.3
45000 74.7
50000 75.2
55000 545.6
60000 528.2
65000 267.5
70000 453.8
75000 249.9
80000 565.4
85000 803.8
90000 525.8
95000 702.4
100000 744.6
105000 714.3
110000 762.6
115000 799.4
120000 672.2
125000 854.9
130000 686.7
135000 767.2
140000 750.0
145000 825.9
150000 442.5
155000 664.6
160000 833.5
165000 668.6
170000 788.8
175000 679.8
180000 559.5
185000 884.6
190000 703.4
195000 734.4
200000 871.9
205000 731.8
210000 758.6
215000 670.6
220000 814.6
225000 771.2
230000 872.9
235000 846.6
240000 849.9
245000 514.3
250000 685.1
255000 691.7
260000 798.3
265000 862.1
270000 729.3
275000 856.4
280000 689.9
285000 805.9
290000 694.6
295000 809.6
300000 839.0
305000 734.2
310000 873.3
315000 871.8
320000 768.2
325000 725.2
330000 763.7
335000 601.4
340000 652.2
345000 698.1
350000 865.4
355000 847.4
360000 675.2
365000 743.2
370000 730.1
375000 798.3
380000 885.2
385000 797.4
390000 840.5
395000 884.0
400000 846.5
405000 595.4
410000 711.4
415000 730.1
420000 701.2
425000 836.6
430000 690.3
435000 749.9
440000 844.6
445000 680.4
450000 645.4
455000 874.9
460000 842.0
465000 767.1
470000 825.5
475000 844.8
480000 853.3
485000 595.6
490000 761.0
495000 738.2
500000 927.6
505000 787.2
510000 856.4
515000 848.4
520000 796.5
525000 852.1
530000 873.6
535000 851.3
540000 905.1
545000 824.6
550000 814.4
555000 822.8
560000 817.4
565000 734.0
570000 589.6
575000 878.1
580000 642.3
585000 717.1
590000 700.7
595000 686.7
600000 854.4
605000 810.0
610000 693.4
615000 703.5
620000 783.9
625000 823.4
630000 850.9
635000 796.4
640000 836.3
645000 687.2
650000 802.6
655000 747.5
660000 865.6
665000 860.9
670000 851.8
675000 847.9
680000 857.4
685000 779.1
690000 887.0
695000 925.0
700000 782.5
705000 864.2
710000 751.4
715000 828.4
720000 852.5
725000 805.4
730000 641.0
735000 834.3
740000 789.2
745000 875.9
750000 785.5
755000 653.2
760000 749.4
765000 779.5
770000 826.2
775000 822.2
780000 735.6
785000 865.4
790000 867.4
795000 857.4
800000 829.3
805000 781.6
810000 836.0
815000 764.2
820000 665.8
825000 615.2
830000 667.6
835000 718.0
840000 702.5
845000 848.8
850000 813.3
855000 447.6
860000 846.1
865000 863.7
870000 894.2
875000 851.3
880000 711.5
885000 751.2
890000 789.5
895000 865.5
900000 830.5
905000 833.3
910000 853.2
915000 841.9
920000 853.1
925000 826.3
930000 882.1
935000 819.8
940000 856.2
945000 858.0
950000 867.8
955000 848.6
960000 813.8
965000 793.5
970000 771.0
975000 780.9
980000 868.3
985000 835.1
990000 859.3
995000 868.3
1000000 762.9
1005000 860.0
1010000 766.8
1015000 855.5
1020000 882.4
1025000 851.5
1030000 901.3
1035000 857.7
1040000 864.9
1045000 785.9
1050000 840.5
1055000 819.2
1060000 842.9
1065000 846.1
1070000 882.2
1075000 752.9
1080000 781.6
1085000 791.6
1090000 761.7
1095000 761.9
1100000 860.1
1105000 828.6
1110000 791.9
1115000 800.4
1120000 893.5
1125000 10.8
1130000 549.5
1135000 559.3
1140000 540.0
1145000 685.1
1150000 789.1
1155000 557.5
1160000 525.5
1165000 508.8
1170000 511.9
1175000 791.2
1180000 586.6
1185000 690.1
1190000 495.9
1195000 777.7
1200000 734.4
1205000 597.0
1210000 837.9
1215000 757.1
1220000 727.8
1225000 756.6
1230000 832.7
1235000 898.7
1240000 871.2
1245000 755.0
1250000 738.0
1255000 843.6
1260000 822.5
1265000 821.4
1270000 803.4
1275000 856.1
1280000 871.9
1285000 584.7
1290000 642.7
1295000 891.9
1300000 767.7
1305000 801.1
1310000 856.8
1315000 833.0
1320000 800.9
1325000 857.8
1330000 876.9
1335000 859.5
1340000 864.7
1345000 692.1
1350000 867.4
1355000 829.9
1360000 827.8
1365000 785.1
1370000 841.7
1375000 833.6
1380000 834.8
1385000 794.0
1390000 816.4
1395000 866.1
1400000 809.9
1405000 839.4
1410000 820.9
1415000 823.3
1420000 863.4
1425000 836.5
1430000 824.6
1435000 838.2
1440000 869.4
1445000 800.1
1450000 846.1
1455000 626.7
1460000 874.5
1465000 875.5
1470000 867.2
1475000 883.5
1480000 850.2
1485000 823.2
1490000 858.8
1495000 813.3
1500000 842.0
1505000 857.0
1510000 845.5
1515000 842.2
1520000 911.8
1525000 829.7
1530000 868.8
1535000 773.6
1540000 737.8
1545000 875.9
1550000 861.1
1555000 863.6
1560000 866.9
1565000 843.5
1570000 824.4
1575000 857.8
1580000 880.1
1585000 817.2
1590000 774.0
1595000 805.7
1600000 851.7
1605000 850.3
1610000 666.4
1615000 833.2
1620000 850.2
1625000 604.3
1630000 865.2
1635000 822.6
1640000 789.7
1645000 818.1
1650000 858.9
1655000 835.5
1660000 735.3
1665000 841.2
1670000 879.8
1675000 819.3
1680000 824.3
1685000 813.5
1690000 417.4
1695000 804.2
1700000 831.8
1705000 872.6
1710000 847.8
1715000 862.8
1720000 843.4
1725000 864.3
1730000 848.5
1735000 801.4
1740000 831.6
1745000 847.3
1750000 886.7
1755000 879.9
1760000 839.9
1765000 857.4
1770000 689.8
1775000 883.7
1780000 845.3
1785000 821.8
1790000 819.2
1795000 802.6
1800000 819.8
1805000 885.1
1810000 857.2
1815000 851.8
1820000 814.4
1825000 841.2
1830000 828.6
1835000 819.5
1840000 811.7
1845000 686.0
1850000 782.2
1855000 875.5
1860000 852.4
1865000 834.3
1870000 844.2
1875000 810.7
1880000 851.8
1885000 912.9
1890000 849.1
1895000 859.5
1900000 802.6
1905000 822.4
1910000 803.3
1915000 898.6
1920000 844.4
1925000 799.8
1930000 832.8
1935000 850.0
1940000 862.2
1945000 720.2
1950000 820.4
1955000 819.6
1960000 881.7
1965000 765.3
1970000 879.4
1975000 797.7
1980000 850.6
1985000 820.7
1990000 827.5
1995000 877.1
2000000 854.8
