5000 35.4
10000 23.1
15000 67.4
20000 111.9
25000 156.7
30000 190.7
35000 201.6
40000 259.0
45000 187.3
50000 194.8
55000 298.8
60000 298.6
65000 295.4
70000 321.8
75000 239.3
80000 344.2
85000 456.3
90000 558.9
95000 633.8
100000 646.0
105000 669.6
110000 677.8
115000 681.5
120000 712.5
125000 716.2
130000 733.2
135000 755.6
140000 761.0
145000 770.7
150000 774.1
155000 784.3
160000 782.9
165000 198.1
170000 169.0
175000 243.0
180000 686.8
185000 804.0
190000 776.7
195000 803.0
200000 816.1
205000 825.1
210000 810.0
215000 825.9
220000 836.8
225000 785.9
230000 853.0
235000 848.8
240000 859.7
245000 870.5
250000 865.3
255000 876.7
260000 872.8
265000 882.5
270000 878.5
275000 874.8
280000 877.2
285000 773.5
290000 872.6
295000 879.1
300000 886.8
305000 886.3
310000 886.3
315000 814.6
320000 885.5
325000 109.6
330000 236.1
335000 575.8
340000 724.7
345000 748.0
350000 847.7
355000 814.8
360000 870.3
365000 863.6
370000 874.7
375000 875.2
380000 795.0
385000 884.0
390000 885.5
395000 887.9
400000 888.4
405000 879.8
410000 887.7
415000 887.1
420000 887.1
425000 891.3
430000 884.6
435000 877.5
440000 891.8
445000 884.1
450000 873.0
455000 891.5
460000 888.6
465000 888.2
470000 880.6
475000 889.0
480000 888.6
485000 213.6
490000 283.0
495000 493.2
500000 533.5
505000 767.0
510000 746.5
515000 876.0
520000 874.0
525000 891.1
530000 794.6
535000 869.7
540000 893.8
545000 882.1
550000 892.3
555000 889.9
560000 886.9
565000 888.3
570000 893.0
575000 888.8
580000 883.2
585000 884.7
590000 893.4
595000 875.2
600000 889.9
605000 889.9
610000 887.8
615000 899.0
620000 897.5
625000 899.1
630000 900.9
635000 903.3
640000 903.7
645000 176.8
650000 361.8
655000 421.2
660000 754.3
665000 847.2
670000 879.8
675000 834.3
680000 890.0
685000 884.9
690000 894.4
695000 884.3
700000 860.1
705000 887.0
710000 896.8
715000 894.7
720000 898.2
725000 891.5
730000 892.4
735000 895.5
740000 899.4
745000 900.6
750000 896.6
755000 899.6
760000 901.0
765000 901.8
770000 894.8
775000 900.6
780000 897.4
785000 903.7
790000 900.5
795000 902.8
800000 900.2
805000 199.9
810000 321.9
815000 343.8
820000 681.9
825000 870.4
830000 865.5
835000 891.9
840000 841.7
845000 867.3
850000 886.7
855000 886.2
860000 891.8
865000 880.0
870000 892.1
875000 892.0
880000 898.5
885000 885.9
890000 878.5
895000 899.8
900000 898.6
905000 897.5
910000 897.6
915000 899.2
920000 888.0
925000 899.4
930000 901.0
935000 903.9
940000 890.7
945000 894.3
950000 903.9
955000 901.5
960000 902.6
965000 212.4
970000 200.0
975000 638.6
980000 815.3
985000 780.3
990000 832.4
995000 892.4
1000000 862.0
1005000 869.2
1010000 893.0
1015000 892.3
1020000 895.4
1025000 885.5
1030000 900.1
1035000 900.5
1040000 899.8
1045000 892.2
1050000 903.9
1055000 903.2
1060000 904.0
1065000 902.3
1070000 1.1
1075000 896.4
1080000 903.5
1085000 903.3
1090000 906.4
1095000 903.4
1100000 904.8
1105000 905.1
1110000 906.2
1115000 903.9
1120000 909.3
1125000 159.1
1130000 154.4
1135000 215.6
1140000 356.5
1145000 813.1
1150000 831.5
1155000 582.1
1160000 882.2
1165000 880.2
1170000 899.9
1175000 901.3
1180000 818.3
1185000 821.1
1190000 891.4
1195000 906.1
1200000 898.6
1205000 901.7
1210000 900.0
1215000 899.8
1220000 899.0
1225000 908.0
1230000 908.9
1235000 903.5
1240000 907.4
1245000 909.0
1250000 868.3
1255000 892.3
1260000 908.1
1265000 901.9
1270000 909.0
1275000 901.7
1280000 909.5
1285000 87.2
1290000 239.1
1295000 320.2
1300000 223.8
1305000 710.8
1310000 731.3
1315000 854.3
1320000 891.4
1325000 892.3
1330000 895.8
1335000 890.5
1340000 895.0
1345000 898.3
1350000 897.0
1355000 904.2
1360000 884.5
1365000 902.2
1370000 897.1
1375000 901.6
1380000 903.4
1385000 909.5
1390000 906.6
1395000 910.5
1400000 909.4
1405000 909.0
1410000 907.0
1415000 911.3
1420000 911.3
1425000 913.5
1430000 911.3
1435000 912.9
1440000 913.7
1445000 139.2
1450000 241.1
1455000 585.7
1460000 166.3
1465000 742.0
1470000 647.5
1475000 866.9
1480000 898.2
1485000 887.9
1490000 902.1
1495000 903.4
1500000 905.0
1505000 903.0
1510000 903.1
1515000 907.5
1520000 899.2
1525000 906.6
1530000 909.0
1535000 819.2
1540000 841.6
1545000 892.8
1550000 909.8
1555000 910.5
1560000 910.5
1565000 913.0
1570000 906.6
1575000 909.8
1580000 910.5
1585000 912.3
1590000 913.6
1595000 910.5
1600000 912.6
1605000 157.3
1610000 226.0
1615000 290.2
1620000 747.9
1625000 798.4
1630000 838.0
1635000 862.8
1640000 876.4
1645000 880.2
1650000 893.7
1655000 875.5
1660000 806.4
1665000 898.7
1670000 905.1
1675000 896.8
1680000 903.3
1685000 874.0
1690000 760.0
1695000 776.8
1700000 903.8
1705000 902.2
1710000 437.2
1715000 893.2
1720000 905.8
1725000 905.9
1730000 908.4
1735000 895.9
1740000 907.5
1745000 910.6
1750000 903.1
1755000 902.9
1760000 908.8
1765000 197.3
1770000 209.1
1775000 387.1
1780000 768.4
1785000 716.6
1790000 871.8
1795000 884.1
1800000 873.4
1805000 857.7
1810000 879.4
1815000 885.3
1820000 899.1
1825000 903.4
1830000 904.0
1835000 901.4
1840000 899.6
1845000 903.2
1850000 908.5
1855000 895.0
1860000 909.1
1865000 896.6
1870000 906.8
1875000 901.1
1880000 901.4
1885000 908.9
1890000 910.3
1895000 907.2
1900000 911.3
1905000 914.4
1910000 909.2
1915000 908.8
1920000 912.8
1925000 910.2
1930000 913.9
1935000 912.6
1940000 914.2
1945000 914.1
1950000 914.0
1955000 901.1
1960000 911.9
1965000 911.0
1970000 907.2
1975000 913.6
1980000 907.9
1985000 909.5
1990000 910.6
1995000 905.0
2000000 911.2
