5000 16.0
10000 5.0
15000 51.0
20000 44.9
25000 113.6
30000 118.9
35000 176.0
40000 182.3
45000 214.6
50000 286.8
55000 353.9
60000 340.0
65000 340.7
70000 450.1
75000 345.4
80000 527.4
85000 526.1
90000 383.6
95000 546.8
100000 366.4
105000 612.6
110000 589.9
115000 590.8
120000 526.4
125000 664.0
130000 705.5
135000 384.0
140000 716.8
145000 668.5
150000 708.9
155000 583.2
160000 739.9
165000 131.2
170000 267.0
175000 721.2
180000 747.6
185000 788.2
190000 776.7
195000 789.4
200000 794.2
205000 799.9
210000 784.5
215000 811.2
220000 817.4
225000 826.1
230000 826.1
235000 820.2
240000 817.4
245000 820.9
250000 843.5
255000 834.5
260000 834.9
265000 841.5
270000 827.3
275000 825.4
280000 838.2
285000 848.0
290000 847.9
295000 824.5
300000 855.8
305000 858.9
310000 815.4
315000 846.5
320000 868.1
325000 124.5
330000 114.9
335000 565.8
340000 699.3
345000 781.1
350000 828.5
355000 818.0
360000 849.6
365000 867.1
370000 865.8
375000 877.5
380000 872.3
385000 863.8
390000 875.7
395000 875.2
400000 879.9
405000 870.8
410000 874.7
415000 878.2
420000 879.5
425000 871.3
430000 883.5
435000 881.7
440000 872.0
445000 885.1
450000 887.3
455000 882.9
460000 857.3
465000 878.3
470000 884.3
475000 882.3
480000 887.7
485000 124.6
490000 307.5
495000 743.6
500000 761.0
505000 842.9
510000 830.3
515000 868.2
520000 871.9
525000 877.9
530000 879.9
535000 886.3
540000 887.5
545000 874.5
550000 887.4
555000 888.0
560000 888.9
565000 884.8
570000 869.5
575000 886.3
580000 887.4
585000 867.4
590000 883.7
595000 889.0
600000 895.3
605000 889.9
610000 897.4
615000 890.8
620000 887.4
625000 899.0
630000 895.3
635000 895.5
640000 894.6
645000 114.0
650000 407.3
655000 703.9
660000 705.6
665000 812.2
670000 878.3
675000 888.1
680000 876.9
685000 887.6
690000 889.9
695000 738.8
700000 872.8
705000 885.2
710000 889.6
715000 842.3
720000 887.2
725000 896.0
730000 898.3
735000 886.5
740000 881.8
745000 896.2
750000 890.4
755000 897.4
760000 894.3
765000 896.3
770000 894.1
775000 894.8
780000 890.6
785000 898.7
790000 897.3
795000 897.5
800000 895.3
805000 163.1
810000 268.4
815000 629.0
820000 667.6
825000 829.0
830000 800.1
835000 882.8
840000 839.2
845000 892.7
850000 895.6
855000 893.9
860000 892.8
865000 895.5
870000 896.0
875000 897.8
880000 890.5
885000 896.1
890000 886.1
895000 880.3
900000 897.7
905000 893.2
910000 897.8
915000 898.3
920000 898.5
925000 895.0
930000 898.7
935000 898.0
940000 903.6
945000 900.8
950000 899.0
955000 899.7
960000 900.3
965000 94.3
970000 301.6
975000 470.5
980000 793.3
985000 854.6
990000 851.0
995000 873.7
1000000 880.4
1005000 889.3
1010000 888.4
1015000 882.6
1020000 899.0
1025000 898.9
1030000 824.2
1035000 897.7
1040000 896.6
1045000 897.4
1050000 900.5
1055000 897.9
1060000 901.5
1065000 896.4
1070000 899.7
1075000 903.8
1080000 898.5
1085000 903.4
1090000 899.9
1095000 889.8
1100000 906.0
1105000 901.8
1110000 905.4
1115000 905.6
1120000 879.2
1125000 104.0
1130000 88.9
1135000 550.9
1140000 799.5
1145000 749.8
1150000 724.9
1155000 882.9
1160000 896.3
1165000 881.5
1170000 898.7
1175000 768.7
1180000 889.9
1185000 894.7
1190000 891.1
1195000 899.7
1200000 900.0
1205000 902.5
1210000 901.4
1215000 906.5
1220000 905.3
1225000 906.4
1230000 906.4
1235000 905.9
1240000 900.5
1245000 907.6
1250000 908.5
1255000 908.3
1260000 908.5
1265000 908.1
1270000 908.9
1275000 910.2
1280000 907.2
1285000 87.2
1290000 161.0
1295000 610.8
1300000 833.0
1305000 878.6
1310000 872.7
1315000 867.7
1320000 746.2
1325000 882.1
1330000 880.6
1335000 886.7
1340000 900.1
1345000 897.1
1350000 897.3
1355000 903.6
1360000 902.7
1365000 901.9
1370000 904.6
1375000 906.4
1380000 906.7
1385000 901.5
1390000 907.4
1395000 907.9
1400000 908.5
1405000 906.8
1410000 909.6
1415000 907.6
1420000 909.9
1425000 909.1
1430000 909.9
1435000 910.5
1440000 910.3
1445000 161.4
1450000 196.7
1455000 406.5
1460000 809.9
1465000 828.1
1470000 869.3
1475000 880.6
1480000 890.4
1485000 899.2
1490000 707.5
1495000 901.0
1500000 904.9
1505000 905.0
1510000 906.6
1515000 906.5
1520000 903.8
1525000 906.6
1530000 907.2
1535000 909.4
1540000 907.5
1545000 906.8
1550000 907.4
1555000 904.5
1560000 909.9
1565000 904.8
1570000 910.7
1575000 909.2
1580000 910.3
1585000 911.2
1590000 910.1
1595000 912.6
1600000 912.6
1605000 139.0
1610000 311.1
1615000 198.2
1620000 745.5
1625000 713.9
1630000 794.0
1635000 821.6
1640000 623.8
1645000 792.0
1650000 867.2
1655000 901.5
1660000 902.9
1665000 899.5
1670000 910.2
1675000 904.8
1680000 904.0
1685000 905.0
1690000 898.7
1695000 909.9
1700000 912.6
1705000 909.0
1710000 900.8
1715000 888.5
1720000 909.7
1725000 908.6
1730000 909.8
1735000 912.6
1740000 911.4
1745000 909.9
1750000 912.2
1755000 913.1
1760000 911.1
1765000 183.6
1770000 58.8
1775000 565.6
1780000 719.0
1785000 837.2
1790000 849.9
1795000 850.7
1800000 890.2
1805000 885.3
1810000 896.0
1815000 880.3
1820000 888.6
1825000 902.7
1830000 905.4
1835000 907.5
1840000 891.9
1845000 906.4
1850000 809.5
1855000 907.2
1860000 907.8
1865000 909.8
1870000 909.8
1875000 906.3
1880000 910.9
1885000 912.4
1890000 911.3
1895000 904.9
1900000 907.2
1905000 913.8
1910000 912.2
1915000 912.7
1920000 909.9
1925000 911.6
1930000 910.5
1935000 909.2
1940000 912.1
1945000 908.3
1950000 913.1
1955000 913.1
1960000 913.5
1965000 913.8
1970000 915.5
1975000 913.8
1980000 910.8
1985000 912.7
1990000 915.1
1995000 912.4
2000000 914.1
