5000 24.4
10000 3.3
15000 53.6
20000 67.0
25000 115.3
30000 104.5
35000 39.4
40000 76.2
45000 155.6
50000 141.7
55000 221.0
60000 226.6
65000 313.8
70000 168.2
75000 277.9
80000 380.1
85000 415.2
90000 385.7
95000 271.3
100000 575.1
105000 588.0
110000 625.4
115000 657.1
120000 643.4
125000 680.1
130000 656.1
135000 685.2
140000 650.8
145000 704.2
150000 480.1
155000 704.0
160000 717.6
165000 176.7
170000 311.7
175000 443.4
180000 680.7
185000 728.0
190000 763.3
195000 767.8
200000 771.0
205000 767.7
210000 789.0
215000 781.4
220000 792.3
225000 798.4
230000 801.8
235000 813.2
240000 818.8
245000 817.6
250000 818.5
255000 817.0
260000 818.7
265000 826.3
270000 818.1
275000 838.2
280000 818.5
285000 837.9
290000 845.4
295000 841.4
300000 827.6
305000 834.6
310000 849.6
315000 825.1
320000 851.4
325000 232.2
330000 290.1
335000 624.0
340000 756.6
345000 786.0
350000 808.5
355000 828.2
360000 831.0
365000 855.2
370000 840.0
375000 854.5
380000 830.5
385000 856.3
390000 852.6
395000 866.2
400000 848.7
405000 864.3
410000 861.0
415000 838.8
420000 868.1
425000 842.0
430000 877.1
435000 856.7
440000 848.6
445000 868.0
450000 877.3
455000 873.3
460000 872.9
465000 875.0
470000 877.1
475000 874.9
480000 873.8
485000 184.2
490000 157.6
495000 513.5
500000 779.8
505000 770.6
510000 823.6
515000 835.0
520000 823.2
525000 860.0
530000 865.5
535000 864.4
540000 873.9
545000 848.2
550000 873.1
555000 871.3
560000 862.8
565000 882.1
570000 873.1
575000 880.3
580000 882.9
585000 884.0
590000 877.8
595000 878.6
600000 882.4
605000 872.8
610000 877.2
615000 879.8
620000 886.3
625000 888.3
630000 880.5
635000 880.1
640000 885.7
645000 64.0
650000 433.4
655000 736.6
660000 781.2
665000 807.4
670000 795.8
675000 853.1
680000 878.7
685000 871.1
690000 872.6
695000 867.4
700000 861.9
705000 873.8
710000 880.6
715000 869.4
720000 783.3
725000 885.7
730000 878.7
735000 882.9
740000 888.2
745000 882.0
750000 887.7
755000 887.1
760000 888.9
765000 890.8
770000 879.1
775000 889.9
780000 891.4
785000 889.1
790000 892.4
795000 887.4
800000 887.2
805000 154.7
810000 484.2
815000 460.8
820000 776.4
825000 810.1
830000 840.5
835000 865.6
840000 859.5
845000 866.3
850000 877.4
855000 884.2
860000 889.6
865000 889.7
870000 886.9
875000 888.6
880000 888.7
885000 889.0
890000 884.3
895000 883.8
900000 890.1
905000 888.2
910000 884.4
915000 888.7
920000 887.4
925000 883.1
930000 890.1
935000 891.8
940000 889.2
945000 846.9
950000 892.7
955000 890.8
960000 890.8
965000 119.5
970000 356.7
975000 789.3
980000 827.9
985000 810.0
990000 870.0
995000 845.4
1000000 855.4
1005000 844.0
1010000 880.4
1015000 890.9
1020000 807.8
1025000 884.9
1030000 886.9
1035000 884.8
1040000 891.1
1045000 879.5
1050000 888.9
1055000 891.5
1060000 892.9
1065000 890.7
1070000 886.2
1075000 893.1
1080000 891.7
1085000 865.7
1090000 891.7
1095000 886.0
1100000 889.7
1105000 894.6
1110000 896.2
1115000 898.7
1120000 899.1
1125000 70.3
1130000 225.2
1135000 404.1
1140000 672.3
1145000 827.9
1150000 877.3
1155000 858.0
1160000 870.0
1165000 882.3
1170000 887.9
1175000 890.0
1180000 837.3
1185000 854.8
1190000 894.8
1195000 884.0
1200000 892.4
1205000 888.0
1210000 886.4
1215000 892.8
1220000 893.7
1225000 895.5
1230000 894.2
1235000 893.5
1240000 896.9
1245000 897.4
1250000 899.1
1255000 899.4
1260000 897.5
1265000 898.3
1270000 898.7
1275000 901.3
1280000 898.3
1285000 96.7
1290000 342.1
1295000 566.7
1300000 641.1
1305000 827.3
1310000 757.0
1315000 860.7
1320000 876.0
1325000 879.3
1330000 886.8
1335000 888.8
1340000 885.3
1345000 854.9
1350000 888.3
1355000 891.0
1360000 890.0
1365000 892.8
1370000 893.3
1375000 893.8
1380000 893.6
1385000 897.2
1390000 896.3
1395000 898.9
1400000 770.5
1405000 895.6
1410000 894.9
1415000 894.0
1420000 895.9
1425000 899.1
1430000 897.0
1435000 899.9
1440000 898.8
1445000 108.0
1450000 121.8
1455000 192.4
1460000 406.6
1465000 804.2
1470000 809.6
1475000 844.5
1480000 884.9
1485000 862.0
1490000 891.8
1495000 886.9
1500000 879.6
1505000 861.2
1510000 897.9
1515000 890.0
1520000 811.4
1525000 893.9
1530000 897.4
1535000 893.6
1540000 900.4
1545000 896.9
1550000 900.2
1555000 896.7
1560000 900.7
1565000 897.0
1570000 897.7
1575000 900.2
1580000 901.7
1585000 898.9
1590000 899.5
1595000 903.5
1600000 900.7
1605000 172.9
1610000 147.5
1615000 612.2
1620000 839.0
1625000 836.7
1630000 739.7
1635000 868.8
1640000 878.6
1645000 840.5
1650000 818.0
1655000 878.7
1660000 892.2
1665000 894.6
1670000 868.7
1675000 889.5
1680000 899.0
1685000 894.7
1690000 890.9
1695000 853.0
1700000 890.4
1705000 894.8
1710000 896.9
1715000 900.1
1720000 897.7
1725000 899.9
1730000 899.8
1735000 897.3
1740000 901.7
1745000 901.4
1750000 901.6
1755000 896.5
1760000 901.7
1765000 124.1
1770000 147.0
1775000 652.4
1780000 798.5
1785000 835.8
1790000 855.1
1795000 885.2
1800000 884.3
1805000 883.1
1810000 888.6
1815000 891.2
1820000 891.0
1825000 898.2
1830000 872.4
1835000 886.4
1840000 895.3
1845000 883.2
1850000 848.2
1855000 897.5
1860000 899.7
1865000 899.7
1870000 899.6
1875000 903.2
1880000 896.3
1885000 900.2
1890000 901.0
1895000 903.1
1900000 900.5
1905000 902.8
1910000 901.0
1915000 902.3
1920000 900.0
1925000 900.8
1930000 904.1
1935000 902.8
1940000 904.7
1945000 904.0
1950000 904.2
1955000 904.7
1960000 902.3
1965000 905.6
1970000 907.4
1975000 904.9
1980000 905.4
1985000 906.1
1990000 905.6
1995000 905.6
2000000 903.6
