5000 8.8
10000 7.6
15000 66.8
20000 123.6
25000 94.2
30000 120.7
35000 208.1
40000 188.9
45000 255.0
50000 213.2
55000 319.0
60000 376.5
65000 506.3
70000 417.7
75000 482.1
80000 569.4
85000 602.4
90000 656.5
95000 601.6
100000 663.6
105000 624.5
110000 696.2
115000 687.3
120000 718.6
125000 702.3
130000 720.8
135000 731.1
140000 716.0
145000 724.9
150000 713.8
155000 743.1
160000 745.7
165000 136.8
170000 201.9
175000 749.9
180000 768.6
185000 682.5
190000 774.6
195000 797.5
200000 784.0
205000 811.0
210000 798.1
215000 816.0
220000 834.9
225000 862.4
230000 868.5
235000 845.1
240000 875.6
245000 866.6
250000 864.6
255000 860.9
260000 869.7
265000 812.2
270000 879.8
275000 874.1
280000 888.5
285000 889.8
290000 888.3
295000 887.4
300000 890.4
305000 876.5
310000 891.1
315000 891.5
320000 887.6
325000 151.8
330000 380.3
335000 676.4
340000 624.7
345000 774.2
350000 836.5
355000 864.9
360000 829.2
365000 885.4
370000 885.5
375000 880.3
380000 883.5
385000 888.3
390000 891.2
395000 893.3
400000 892.7
405000 891.1
410000 894.3
415000 884.7
420000 889.7
425000 887.7
430000 891.7
435000 892.4
440000 894.0
445000 867.2
450000 897.5
455000 899.1
460000 898.4
465000 898.2
470000 890.6
475000 898.1
480000 900.1
485000 231.4
490000 282.1
495000 393.6
500000 675.0
505000 813.8
510000 846.6
515000 878.2
520000 885.8
525000 800.4
530000 888.7
535000 886.9
540000 880.5
545000 809.1
550000 892.3
555000 888.4
560000 884.7
565000 893.7
570000 895.6
575000 893.8
580000 795.6
585000 900.2
590000 890.8
595000 899.8
600000 901.4
605000 897.8
610000 893.0
615000 899.5
620000 902.0
625000 901.0
630000 893.9
635000 901.9
640000 900.8
645000 250.0
650000 357.8
655000 673.8
660000 728.0
665000 789.5
670000 774.6
675000 885.4
680000 891.0
685000 891.6
690000 881.6
695000 898.8
700000 898.0
705000 899.2
710000 901.5
715000 880.6
720000 901.4
725000 900.9
730000 901.1
735000 80.3
740000 899.1
745000 902.8
750000 896.6
755000 900.2
760000 905.8
765000 900.4
770000 905.5
775000 906.7
780000 901.8
785000 905.5
790000 908.8
795000 907.6
800000 906.9
805000 197.5
810000 317.8
815000 476.9
820000 769.2
825000 821.7
830000 876.3
835000 863.9
840000 887.7
845000 890.9
850000 896.1
855000 903.1
860000 897.5
865000 898.7
870000 899.9
875000 902.0
880000 898.1
885000 900.7
890000 901.6
895000 904.6
900000 905.4
905000 902.7
910000 907.2
915000 904.6
920000 905.2
925000 904.0
930000 907.1
935000 902.6
940000 903.8
945000 906.7
950000 907.8
955000 903.7
960000 907.3
965000 133.4
970000 372.6
975000 462.3
980000 760.2
985000 836.6
990000 861.2
995000 784.7
1000000 841.0
1005000 898.7
1010000 904.1
1015000 886.7
1020000 862.0
1025000 890.0
1030000 895.0
1035000 903.1
1040000 902.0
1045000 900.6
1050000 890.6
1055000 900.2
1060000 910.6
1065000 908.7
1070000 908.8
1075000 870.7
1080000 909.4
1085000 905.5
1090000 907.8
1095000 909.2
1100000 909.1
1105000 909.7
1110000 913.0
1115000 908.7
1120000 912.4
1125000 126.9
1130000 166.9
1135000 328.4
1140000 744.7
1145000 852.8
1150000 799.4
1155000 862.6
1160000 827.4
1165000 896.4
1170000 875.4
1175000 899.3
1180000 892.7
1185000 646.0
1190000 897.0
1195000 881.1
1200000 905.9
1205000 901.5
1210000 897.4
1215000 878.8
1220000 907.9
1225000 908.0
1230000 913.1
1235000 896.0
1240000 905.9
1245000 904.7
1250000 906.8
1255000 905.2
1260000 910.4
1265000 908.6
1270000 896.8
1275000 901.5
1280000 911.6
1285000 123.9
1290000 207.6
1295000 453.9
1300000 282.2
1305000 740.2
1310000 856.5
1315000 868.8
1320000 875.3
1325000 842.3
1330000 723.0
1335000 737.2
1340000 888.8
1345000 890.2
1350000 899.4
1355000 904.9
1360000 904.9
1365000 895.6
1370000 907.8
1375000 902.4
1380000 908.6
1385000 902.4
1390000 907.6
1395000 906.8
1400000 884.6
1405000 908.3
1410000 899.2
1415000 908.5
1420000 912.9
1425000 911.2
1430000 913.7
1435000 904.8
1440000 911.3
1445000 126.9
1450000 150.4
1455000 512.3
1460000 565.0
1465000 679.2
1470000 878.6
1475000 852.3
1480000 897.5
1485000 900.0
1490000 896.7
1495000 896.6
1500000 894.2
1505000 901.8
1510000 902.1
1515000 886.4
1520000 909.6
1525000 908.9
1530000 899.4
1535000 907.6
1540000 910.3
1545000 909.2
1550000 904.7
1555000 908.2
1560000 912.1
1565000 911.9
1570000 908.7
1575000 910.3
1580000 904.4
1585000 912.0
1590000 908.4
1595000 910.0
1600000 910.2
1605000 209.2
1610000 133.4
1615000 264.5
1620000 596.0
1625000 645.6
1630000 794.4
1635000 880.2
1640000 877.3
1645000 888.2
1650000 898.9
1655000 897.1
1660000 907.1
1665000 894.8
1670000 908.0
1675000 904.1
1680000 901.9
1685000 903.6
1690000 894.1
1695000 897.4
1700000 908.4
1705000 906.5
1710000 908.0
1715000 911.2
1720000 904.3
1725000 911.4
1730000 913.5
1735000 912.5
1740000 909.6
1745000 912.0
1750000 906.2
1755000 899.1
1760000 912.2
1765000 105.4
1770000 111.1
1775000 324.4
1780000 839.0
1785000 698.5
1790000 895.3
1795000 866.4
1800000 895.2
1805000 904.3
1810000 895.2
1815000 909.1
1820000 904.5
1825000 900.4
1830000 910.1
1835000 907.6
1840000 908.0
1845000 908.9
1850000 902.5
1855000 912.6
1860000 912.8
1865000 912.3
1870000 912.4
1875000 910.7
1880000 911.8
1885000 911.4
1890000 909.0
1895000 878.1
1900000 913.7
1905000 910.5
1910000 902.2
1915000 914.2
1920000 913.0
1925000 913.9
1930000 915.6
1935000 914.1
1940000 911.6
1945000 915.1
1950000 916.2
1955000 914.7
1960000 911.1
1965000 915.6
1970000 916.5
1975000 906.9
1980000 909.0
1985000 910.5
1990000 910.0
1995000 915.0
2000000 917.2
