5000 3.3
10000 4.3
15000 85.3
20000 109.0
25000 135.7
30000 145.5
35000 202.2
40000 128.8
45000 134.0
50000 294.7
55000 266.0
60000 348.8
65000 424.3
70000 466.7
75000 424.0
80000 601.0
85000 645.5
90000 602.5
95000 626.9
100000 658.1
105000 611.8
110000 701.6
115000 697.0
120000 718.0
125000 711.8
130000 725.4
135000 737.2
140000 752.7
145000 752.4
150000 758.2
155000 775.3
160000 776.7
165000 136.8
170000 102.6
175000 643.0
180000 758.1
185000 763.9
190000 746.6
195000 771.4
200000 806.0
205000 806.1
210000 811.4
215000 798.3
220000 802.8
225000 813.1
230000 824.1
235000 828.0
240000 825.8
245000 829.0
250000 835.0
255000 830.4
260000 846.6
265000 844.8
270000 850.8
275000 842.6
280000 849.1
285000 842.2
290000 862.1
295000 840.0
300000 859.6
305000 862.9
310000 851.3
315000 855.3
320000 853.4
325000 242.1
330000 257.8
335000 647.1
340000 720.7
345000 730.3
350000 819.1
355000 819.1
360000 693.1
365000 748.9
370000 851.8
375000 721.1
380000 858.5
385000 870.1
390000 863.0
395000 853.9
400000 873.1
405000 870.3
410000 872.8
415000 877.1
420000 302.6
425000 128.1
430000 879.0
435000 868.3
440000 881.4
445000 882.6
450000 878.2
455000 828.8
460000 875.1
465000 884.8
470000 875.5
475000 891.9
480000 887.8
485000 161.5
490000 546.8
495000 777.2
500000 801.7
505000 481.5
510000 849.9
515000 859.1
520000 877.5
525000 870.7
530000 862.6
535000 860.3
540000 875.3
545000 866.3
550000 881.6
555000 892.4
560000 887.4
565000 880.5
570000 789.4
575000 890.8
580000 886.6
585000 889.1
590000 890.2
595000 887.7
600000 888.6
605000 893.9
610000 894.7
615000 893.9
620000 891.2
625000 894.1
630000 891.5
635000 891.4
640000 892.9
645000 135.1
650000 507.9
655000 681.4
660000 696.1
665000 831.3
670000 781.0
675000 857.4
680000 848.6
685000 883.5
690000 836.7
695000 823.9
700000 881.8
705000 882.2
710000 885.4
715000 881.9
720000 888.3
725000 864.9
730000 885.8
735000 897.1
740000 893.6
745000 891.8
750000 889.5
755000 891.5
760000 896.0
765000 897.6
770000 894.1
775000 890.6
780000 894.1
785000 893.0
790000 895.1
795000 888.2
800000 893.0
805000 281.6
810000 442.1
815000 685.5
820000 664.0
825000 812.6
830000 831.3
835000 869.2
840000 714.6
845000 835.4
850000 878.1
855000 886.2
860000 857.1
865000 861.7
870000 888.1
875000 885.2
880000 828.0
885000 891.0
890000 894.8
895000 885.4
900000 891.7
905000 885.4
910000 885.9
915000 894.2
920000 899.8
925000 898.5
930000 891.9
935000 897.9
940000 899.5
945000 902.4
950000 899.8
955000 898.3
960000 875.4
965000 164.5
970000 324.0
975000 710.4
980000 776.3
985000 679.7
990000 862.6
995000 872.4
1000000 873.8
1005000 876.3
1010000 888.1
1015000 884.1
1020000 888.9
1025000 893.5
1030000 895.9
1035000 898.6
1040000 892.4
1045000 886.5
1050000 896.1
1055000 894.4
1060000 893.5
1065000 891.3
1070000 901.6
1075000 899.0
1080000 899.7
1085000 900.4
1090000 902.3
1095000 904.2
1100000 901.2
1105000 898.3
1110000 902.7
1115000 898.9
1120000 897.5
1125000 135.2
1130000 138.3
1135000 375.7
1140000 784.6
1145000 742.7
1150000 871.2
1155000 877.2
1160000 890.3
1165000 873.0
1170000 890.8
1175000 891.7
1180000 893.8
1185000 884.1
1190000 800.6
1195000 854.7
1200000 896.8
1205000 895.5
1210000 770.1
1215000 893.9
1220000 903.4
1225000 902.5
1230000 901.0
1235000 901.0
1240000 899.3
1245000 903.7
1250000 902.7
1255000 903.8
1260000 841.8
1265000 902.9
1270000 892.7
1275000 902.7
1280000 835.3
1285000 164.7
1290000 49.3
1295000 524.8
1300000 613.4
1305000 731.7
1310000 727.0
1315000 683.9
1320000 665.5
1325000 716.1
1330000 705.3
1335000 890.1
1340000 899.2
1345000 890.9
1350000 898.3
1355000 899.9
1360000 899.0
1365000 900.0
1370000 904.7
1375000 899.8
1380000 878.3
1385000 902.7
1390000 902.2
1395000 901.7
1400000 896.3
1405000 900.8
1410000 901.7
1415000 900.5
1420000 900.6
1425000 901.6
1430000 904.3
1435000 902.2
1440000 905.6
1445000 127.0
1450000 164.2
1455000 320.9
1460000 738.7
1465000 832.3
1470000 858.1
1475000 879.8
1480000 880.5
1485000 880.8
1490000 846.8
1495000 892.8
1500000 881.6
1505000 889.4
1510000 863.8
1515000 897.2
1520000 902.1
1525000 896.6
1530000 887.8
1535000 901.9
1540000 897.6
1545000 906.7
1550000 905.7
1555000 904.3
1560000 905.5
1565000 906.5
1570000 904.5
1575000 907.0
1580000 903.5
1585000 846.3
1590000 902.6
1595000 904.5
1600000 904.3
1605000 230.2
1610000 129.8
1615000 254.9
1620000 783.7
1625000 772.0
1630000 879.4
1635000 874.5
1640000 865.8
1645000 893.8
1650000 892.1
1655000 898.6
1660000 737.2
1665000 711.1
1670000 897.5
1675000 863.2
1680000 902.7
1685000 794.4
1690000 904.7
1695000 907.1
1700000 901.8
1705000 906.2
1710000 906.7
1715000 906.8
1720000 905.6
1725000 907.8
1730000 907.6
1735000 907.8
1740000 907.4
1745000 907.8
1750000 910.6
1755000 908.6
1760000 909.8
1765000 111.4
1770000 247.2
1775000 672.9
1780000 638.6
1785000 855.4
1790000 523.0
1795000 891.4
1800000 865.1
1805000 900.3
1810000 890.9
1815000 776.1
1820000 891.0
1825000 895.1
1830000 898.8
1835000 901.0
1840000 897.5
1845000 899.6
1850000 902.1
1855000 887.8
1860000 903.4
1865000 904.0
1870000 904.1
1875000 904.9
1880000 906.1
1885000 906.9
1890000 906.3
1895000 906.3
1900000 905.2
1905000 904.0
1910000 909.9
1915000 902.9
1920000 909.0
1925000 909.2
1930000 782.5
1935000 907.9
1940000 908.1
1945000 901.9
1950000 909.0
1955000 908.9
1960000 167.2
1965000 904.7
1970000 910.4
1975000 908.5
1980000 909.4
1985000 910.6
1990000 909.1
1995000 908.4
2000000 909.3
