5000 0.0
10000 0.0
15000 375.8
20000 534.2
25000 652.8
30000 819.3
35000 807.2
40000 830.8
45000 835.9
50000 854.9
55000 866.1
60000 867.8
65000 889.8
70000 884.5
75000 876.9
80000 875.0
85000 837.1
90000 897.8
95000 904.3
100000 908.0
105000 909.7
110000 910.0
115000 900.9
120000 904.1
125000 907.8
130000 908.9
135000 907.0
140000 908.1
145000 901.4
150000 912.0
155000 907.8
160000 903.1
165000 834.1
170000 910.7
175000 901.3
180000 908.5
185000 906.7
190000 908.6
195000 909.8
200000 910.9
205000 906.9
210000 909.9
215000 909.9
220000 909.2
225000 910.0
230000 913.0
235000 909.4
240000 908.1
245000 823.6
250000 907.2
255000 910.0
260000 913.4
265000 912.2
270000 909.1
275000 911.2
280000 909.4
285000 906.4
290000 908.3
295000 908.6
300000 909.9
305000 908.1
310000 907.9
315000 899.5
320000 910.4
325000 817.7
330000 909.5
335000 909.4
340000 911.6
345000 906.9
350000 911.7
355000 908.0
360000 908.5
365000 912.5
370000 910.2
375000 908.2
380000 906.9
385000 907.0
390000 911.9
395000 908.9
400000 909.8
405000 827.6
410000 905.8
415000 908.2
420000 913.9
425000 910.4
430000 908.2
435000 910.2
440000 912.4
445000 913.3
450000 911.5
455000 910.2
460000 909.7
465000 912.2
470000 911.2
475000 911.6
480000 912.3
485000 779.6
490000 910.0
495000 912.0
500000 910.6
505000 911.9
510000 912.0
515000 909.1
520000 915.4
525000 912.7
530000 911.9
535000 927.4
540000 960.2
545000 983.9
550000 987.8
555000 983.1
560000 989.3
565000 874.1
570000 904.7
575000 940.8
580000 984.4
585000 981.6
590000 986.3
595000 988.6
600000 983.6
605000 984.6
610000 988.2
615000 986.3
620000 985.9
625000 986.3
630000 985.9
635000 987.7
640000 989.0
645000 848.3
650000 890.0
655000 971.5
660000 986.3
665000 987.7
670000 988.3
675000 983.1
680000 987.3
685000 985.4
690000 983.6
695000 988.8
700000 985.5
705000 986.6
710000 987.2
715000 984.5
720000 988.4
725000 811.7
730000 982.3
735000 986.0
740000 986.7
745000 988.3
750000 984.5
755000 988.5
760000 986.1
765000 988.5
770000 988.5
775000 989.3
780000 987.3
785000 986.7
790000 988.5
795000 985.5
800000 989.8
805000 852.7
810000 982.7
815000 985.1
820000 987.5
825000 986.9
830000 986.8
835000 983.4
840000 984.9
845000 987.7
850000 990.1
855000 983.3
860000 990.6
865000 987.7
870000 985.7
875000 987.1
880000 985.5
885000 895.0
890000 983.5
895000 985.5
900000 986.6
905000 986.6
910000 984.8
915000 988.9
920000 985.0
925000 987.7
930000 988.6
935000 985.1
940000 988.0
945000 988.3
950000 983.7
955000 989.8
960000 986.7
965000 883.5
970000 985.6
975000 983.8
980000 986.4
985000 986.9
990000 988.9
995000 987.8
1000000 990.3
1005000 984.9
1010000 990.6
1015000 987.5
1020000 984.7
1025000 987.5
1030000 988.5
1035000 986.9
1040000 986.7
1045000 888.6
1050000 944.1
1055000 985.8
1060000 987.7
1065000 986.4
1070000 987.2
1075000 986.3
1080000 986.2
1085000 987.2
1090000 984.5
1095000 986.1
1100000 989.0
1105000 988.1
1110000 988.6
1115000 988.9
1120000 992.3
1125000 859.9
1130000 986.4
1135000 987.1
1140000 987.9
1145000 985.5
1150000 985.4
1155000 988.4
1160000 988.0
1165000 986.3
1170000 990.4
1175000 987.3
1180000 990.6
1185000 984.9
1190000 988.0
1195000 985.1
1200000 986.7
1205000 899.9
1210000 982.1
1215000 986.2
1220000 985.4
1225000 981.8
1230000 989.5
1235000 987.9
1240000 991.8
1245000 984.4
1250000 985.6
1255000 989.4
1260000 986.0
1265000 986.4
1270000 986.4
1275000 989.0
1280000 984.4
1285000 890.4
1290000 987.0
1295000 987.8
1300000 986.1
1305000 987.2
1310000 984.2
1315000 988.5
1320000 990.0
1325000 989.4
1330000 985.9
1335000 988.3
1340000 990.0
1345000 986.8
1350000 986.1
1355000 987.9
1360000 986.4
1365000 900.5
1370000 989.0
1375000 984.9
1380000 988.2
1385000 986.7
1390000 987.5
1395000 990.0
1400000 987.8
1405000 983.2
1410000 985.4
1415000 986.7
1420000 986.4
1425000 989.3
1430000 990.7
1435000 988.7
1440000 988.8
1445000 628.4
1450000 987.9
1455000 987.2
1460000 987.7
1465000 985.2
1470000 987.3
1475000 986.0
1480000 985.7
1485000 988.2
1490000 987.1
1495000 986.1
1500000 988.3
1505000 986.5
1510000 983.0
1515000 989.9
1520000 987.6
1525000 776.3
1530000 988.7
1535000 989.4
1540000 986.8
1545000 988.4
1550000 987.4
1555000 986.1
1560000 991.1
1565000 985.2
1570000 987.6
1575000 986.3
1580000 986.5
1585000 988.2
1590000 987.8
1595000 983.8
1600000 988.6
1605000 915.9
1610000 987.6
1615000 985.9
1620000 987.2
1625000 987.1
1630000 987.4
1635000 988.1
1640000 990.5
1645000 986.8
1650000 992.1
1655000 985.5
1660000 987.1
1665000 987.8
1670000 987.2
1675000 988.0
1680000 988.7
1685000 903.1
1690000 980.7
1695000 986.0
1700000 988.3
1705000 985.8
1710000 988.6
1715000 990.6
1720000 985.9
1725000 985.9
1730000 989.2
1735000 987.2
1740000 985.5
1745000 987.4
1750000 988.5
1755000 989.9
1760000 984.3
1765000 803.5
1770000 988.8
1775000 985.6
1780000 983.8
1785000 981.4
1790000 987.0
1795000 987.7
1800000 986.8
1805000 985.9
1810000 985.0
1815000 986.3
1820000 986.2
1825000 987.9
1830000 988.2
1835000 987.6
1840000 990.6
1845000 811.7
1850000 984.7
1855000 983.6
1860000 986.5
1865000 988.4
1870000 982.2
1875000 983.8
1880000 989.9
1885000 986.6
1890000 988.5
1895000 987.9
1900000 988.3
1905000 986.6
1910000 988.2
1915000 983.4
1920000 989.2
1925000 982.5
1930000 987.1
1935000 982.4
1940000 988.3
1945000 986.3
1950000 988.1
1955000 988.9
1960000 984.5
1965000 986.1
1970000 987.3
1975000 987.3
1980000 989.0
1985000 987.0
1990000 990.4
1995000 987.5
2000000 988.0
