5000 0.0
10000 0.0
15000 200.4
20000 555.9
25000 671.3
30000 568.3
35000 747.8
40000 773.3
45000 789.1
50000 791.8
55000 800.5
60000 818.8
65000 755.7
70000 841.5
75000 861.1
80000 753.5
85000 893.8
90000 890.2
95000 930.9
100000 907.7
105000 912.4
110000 918.7
115000 920.7
120000 923.1
125000 929.9
130000 979.1
135000 948.4
140000 982.6
145000 982.0
150000 976.2
155000 983.0
160000 984.9
165000 887.3
170000 947.9
175000 883.2
180000 964.3
185000 986.8
190000 958.3
195000 985.4
200000 982.0
205000 981.5
210000 984.4
215000 924.0
220000 981.4
225000 982.2
230000 986.3
235000 981.8
240000 982.8
245000 932.8
250000 978.9
255000 973.7
260000 986.8
265000 972.4
270000 984.1
275000 988.3
280000 987.3
285000 983.4
290000 985.4
295000 984.3
300000 982.8
305000 986.3
310000 983.2
315000 989.6
320000 982.6
325000 967.9
330000 987.1
335000 983.6
340000 989.1
345000 986.2
350000 985.1
355000 984.9
360000 983.5
365000 987.2
370000 988.4
375000 986.5
380000 984.1
385000 983.0
390000 985.9
395000 981.4
400000 984.1
405000 809.4
410000 881.6
415000 984.7
420000 982.1
425000 985.7
430000 983.9
435000 984.7
440000 984.8
445000 990.2
450000 985.0
455000 986.9
460000 986.5
465000 987.3
470000 982.6
475000 987.3
480000 987.0
485000 947.8
490000 932.5
495000 983.3
500000 987.0
505000 990.7
510000 991.5
515000 985.1
520000 983.8
525000 989.0
530000 955.1
535000 983.2
540000 988.1
545000 986.7
550000 987.1
555000 986.9
560000 991.8
565000 849.4
570000 977.7
575000 989.4
580000 985.1
585000 986.3
590000 986.2
595000 983.2
600000 984.2
605000 986.8
610000 988.7
615000 986.5
620000 985.1
625000 987.3
630000 987.2
635000 988.1
640000 987.5
645000 921.2
650000 987.9
655000 987.7
660000 988.3
665000 988.2
670000 989.7
675000 987.9
680000 985.8
685000 981.6
690000 987.5
695000 985.4
700000 986.1
705000 985.0
710000 989.2
715000 988.5
720000 989.2
725000 973.2
730000 989.4
735000 987.1
740000 990.9
745000 989.4
750000 986.5
755000 989.1
760000 987.5
765000 987.5
770000 988.7
775000 987.7
780000 986.8
785000 986.7
790000 986.1
795000 989.5
800000 989.9
805000 908.5
810000 985.2
815000 984.2
820000 987.5
825000 988.0
830000 988.6
835000 985.1
840000 986.9
845000 990.0
850000 986.8
855000 986.3
860000 988.8
865000 987.3
870000 986.8
875000 988.2
880000 988.1
885000 891.0
890000 985.4
895000 988.6
900000 989.0
905000 989.7
910000 987.2
915000 988.8
920000 991.0
925000 988.1
930000 986.4
935000 990.6
940000 988.0
945000 985.1
950000 984.5
955000 986.6
960000 988.6
965000 866.4
970000 987.6
975000 985.2
980000 985.1
985000 987.0
990000 985.2
995000 986.5
1000000 989.7
1005000 988.7
1010000 985.6
1015000 988.9
1020000 991.5
1025000 986.3
1030000 989.2
1035000 988.0
1040000 987.2
1045000 887.3
1050000 985.7
1055000 888.4
1060000 986.8
1065000 989.1
1070000 985.6
1075000 988.3
1080000 990.9
1085000 985.3
1090000 987.9
1095000 986.1
1100000 984.0
1105000 986.3
1110000 985.5
1115000 988.6
1120000 986.5
1125000 825.6
1130000 895.1
1135000 987.4
1140000 884.3
1145000 985.8
1150000 986.2
1155000 987.7
1160000 986.6
1165000 990.2
1170000 986.8
1175000 989.5
1180000 985.0
1185000 986.8
1190000 988.9
1195000 986.3
1200000 986.7
1205000 860.6
1210000 985.0
1215000 985.0
1220000 986.9
1225000 987.6
1230000 986.0
1235000 984.7
1240000 989.9
1245000 986.6
1250000 987.5
1255000 985.8
1260000 986.3
1265000 985.5
1270000 989.8
1275000 989.1
1280000 940.3
1285000 841.3
1290000 964.7
1295000 888.1
1300000 983.0
1305000 789.5
1310000 987.4
1315000 986.3
1320000 990.6
1325000 989.3
1330000 987.7
1335000 984.5
1340000 986.8
1345000 989.9
1350000 989.5
1355000 988.9
1360000 988.4
1365000 880.0
1370000 983.9
1375000 982.7
1380000 983.5
1385000 990.6
1390000 984.2
1395000 987.1
1400000 985.7
1405000 987.3
1410000 986.3
1415000 984.0
1420000 988.4
1425000 989.0
1430000 992.0
1435000 985.0
1440000 990.5
1445000 858.9
1450000 983.5
1455000 984.4
1460000 988.7
1465000 986.8
1470000 985.5
1475000 988.5
1480000 988.2
1485000 988.4
1490000 988.2
1495000 989.6
1500000 988.1
1505000 990.0
1510000 988.7
1515000 988.2
1520000 989.0
1525000 889.8
1530000 929.5
1535000 981.8
1540000 987.3
1545000 987.7
1550000 988.2
1555000 986.9
1560000 985.8
1565000 989.5
1570000 987.9
1575000 987.8
1580000 986.8
1585000 985.8
1590000 985.1
1595000 987.2
1600000 989.4
1605000 857.6
1610000 972.0
1615000 983.7
1620000 990.1
1625000 984.8
1630000 982.8
1635000 992.6
1640000 988.0
1645000 988.1
1650000 986.0
1655000 987.4
1660000 987.6
1665000 990.8
1670000 989.1
1675000 985.8
1680000 989.2
1685000 800.2
1690000 986.3
1695000 983.8
1700000 986.0
1705000 986.2
1710000 988.7
1715000 989.0
1720000 987.2
1725000 985.2
1730000 889.6
1735000 987.2
1740000 987.2
1745000 988.2
1750000 988.6
1755000 989.5
1760000 990.3
1765000 903.5
1770000 964.8
1775000 984.9
1780000 989.3
1785000 984.8
1790000 988.9
1795000 986.1
1800000 985.6
1805000 986.9
1810000 988.9
1815000 989.6
1820000 986.4
1825000 988.4
1830000 989.8
1835000 990.9
1840000 988.4
1845000 827.5
1850000 987.2
1855000 985.3
1860000 985.8
1865000 988.7
1870000 988.7
1875000 986.2
1880000 986.0
1885000 988.7
1890000 990.0
1895000 988.9
1900000 990.1
1905000 989.5
1910000 988.9
1915000 988.7
1920000 989.3
1925000 929.3
1930000 981.7
1935000 988.1
1940000 989.1
1945000 985.8
1950000 987.3
1955000 988.7
1960000 987.1
1965000 984.5
1970000 990.6
1975000 989.0
1980000 990.3
1985000 988.1
1990000 986.4
1995000 988.6
2000000 990.9
