5000 0.0
10000 0.0
15000 93.7
20000 214.3
25000 266.0
30000 448.3
35000 497.1
40000 620.9
45000 666.1
50000 627.6
55000 831.6
60000 851.3
65000 875.9
70000 899.9
75000 930.2
80000 921.6
85000 929.9
90000 963.0
95000 974.3
100000 975.5
105000 979.2
110000 976.6
115000 979.4
120000 980.2
125000 978.0
130000 979.0
135000 974.6
140000 982.1
145000 977.2
150000 979.0
155000 984.3
160000 972.3
165000 963.9
170000 971.1
175000 971.8
180000 978.5
185000 983.7
190000 984.2
195000 979.6
200000 979.5
205000 960.1
210000 982.3
215000 980.1
220000 984.4
225000 981.9
230000 982.7
235000 984.1
240000 982.4
245000 952.7
250000 978.6
255000 967.5
260000 968.2
265000 982.4
270000 980.0
275000 982.7
280000 986.1
285000 983.3
290000 985.9
295000 982.1
300000 984.0
305000 983.0
310000 984.2
315000 984.4
320000 979.7
325000 937.2
330000 979.0
335000 978.5
340000 984.3
345000 982.6
350000 983.3
355000 980.7
360000 982.7
365000 985.4
370000 982.4
375000 987.5
380000 979.1
385000 981.9
390000 984.5
395000 987.1
400000 983.4
405000 889.2
410000 980.8
415000 984.5
420000 983.7
425000 984.7
430000 983.1
435000 984.0
440000 984.2
445000 982.7
450000 982.2
455000 986.2
460000 981.9
465000 985.4
470000 982.5
475000 987.2
480000 986.5
485000 915.7
490000 981.9
495000 959.1
500000 986.4
505000 987.7
510000 984.4
515000 982.8
520000 986.2
525000 985.1
530000 983.4
535000 988.8
540000 983.5
545000 982.1
550000 984.3
555000 984.6
560000 984.4
565000 912.0
570000 978.6
575000 982.5
580000 983.3
585000 984.8
590000 985.7
595000 986.6
600000 986.3
605000 988.4
610000 988.8
615000 984.0
620000 985.0
625000 982.6
630000 986.9
635000 984.1
640000 985.6
645000 968.3
650000 972.1
655000 980.8
660000 985.5
665000 989.3
670000 983.0
675000 985.6
680000 985.4
685000 981.5
690000 984.2
695000 985.8
700000 984.0
705000 987.3
710000 987.2
715000 983.7
720000 986.5
725000 962.7
730000 978.7
735000 987.4
740000 985.4
745000 985.7
750000 988.4
755000 986.5
760000 984.0
765000 986.8
770000 983.0
775000 985.4
780000 986.9
785000 985.6
790000 987.5
795000 987.1
800000 985.7
805000 932.9
810000 954.7
815000 983.7
820000 983.5
825000 986.2
830000 987.4
835000 984.6
840000 983.8
845000 986.0
850000 985.3
855000 985.1
860000 984.5
865000 985.8
870000 984.7
875000 983.0
880000 987.7
885000 960.6
890000 978.3
895000 984.0
900000 983.3
905000 980.0
910000 984.7
915000 986.6
920000 984.5
925000 984.0
930000 986.5
935000 984.9
940000 985.8
945000 984.5
950000 984.6
955000 985.7
960000 985.2
965000 884.9
970000 990.1
975000 984.3
980000 984.5
985000 984.0
990000 984.9
995000 984.1
1000000 985.3
1005000 986.4
1010000 983.3
1015000 987.1
1020000 981.9
1025000 983.6
1030000 987.3
1035000 986.0
1040000 984.5
1045000 698.4
1050000 965.8
1055000 985.8
1060000 984.5
1065000 987.5
1070000 972.6
1075000 986.1
1080000 988.8
1085000 987.4
1090000 984.7
1095000 984.5
1100000 984.6
1105000 985.8
1110000 985.9
1115000 983.8
1120000 986.0
1125000 732.3
1130000 942.4
1135000 972.9
1140000 985.3
1145000 979.3
1150000 981.6
1155000 982.2
1160000 985.2
1165000 985.5
1170000 988.5
1175000 982.8
1180000 984.4
1185000 985.2
1190000 983.9
1195000 983.8
1200000 988.1
1205000 723.9
1210000 965.0
1215000 982.8
1220000 984.1
1225000 986.6
1230000 983.5
1235000 985.4
1240000 983.7
1245000 983.4
1250000 984.7
1255000 989.4
1260000 987.3
1265000 985.6
1270000 982.4
1275000 985.4
1280000 988.2
1285000 808.9
1290000 957.6
1295000 981.4
1300000 984.2
1305000 984.1
1310000 978.8
1315000 985.8
1320000 986.9
1325000 987.1
1330000 985.8
1335000 987.2
1340000 986.8
1345000 983.5
1350000 987.9
1355000 984.5
1360000 988.3
1365000 927.0
1370000 983.0
1375000 983.2
1380000 985.4
1385000 986.4
1390000 982.9
1395000 982.7
1400000 985.3
1405000 986.8
1410000 984.9
1415000 983.3
1420000 985.7
1425000 986.9
1430000 985.4
1435000 986.5
1440000 985.5
1445000 831.3
1450000 983.8
1455000 985.0
1460000 983.6
1465000 984.8
1470000 984.9
1475000 986.5
1480000 985.2
1485000 985.3
1490000 983.8
1495000 982.7
1500000 985.5
1505000 985.9
1510000 986.2
1515000 986.8
1520000 988.0
1525000 870.2
1530000 963.7
1535000 984.0
1540000 982.5
1545000 983.1
1550000 986.2
1555000 983.1
1560000 985.9
1565000 984.4
1570000 985.2
1575000 986.6
1580000 983.1
1585000 987.7
1590000 985.2
1595000 985.7
1600000 987.5
1605000 910.3
1610000 976.7
1615000 980.9
1620000 986.2
1625000 986.2
1630000 987.4
1635000 986.5
1640000 984.3
1645000 984.1
1650000 986.4
1655000 984.7
1660000 984.0
1665000 986.8
1670000 988.4
1675000 986.0
1680000 984.7
1685000 871.8
1690000 938.9
1695000 982.1
1700000 984.1
1705000 987.0
1710000 987.2
1715000 986.5
1720000 985.2
1725000 984.9
1730000 984.9
1735000 984.3
1740000 988.6
1745000 984.3
1750000 982.8
1755000 983.6
1760000 985.1
1765000 842.9
1770000 977.2
1775000 984.2
1780000 986.2
1785000 986.0
1790000 987.2
1795000 985.4
1800000 985.1
1805000 983.7
1810000 988.8
1815000 983.0
1820000 987.3
1825000 987.6
1830000 985.2
1835000 985.1
1840000 985.1
1845000 925.8
1850000 976.9
1855000 985.9
1860000 985.1
1865000 984.4
1870000 982.6
1875000 985.7
1880000 986.3
1885000 987.1
1890000 988.5
1895000 987.7
1900000 985.9
1905000 985.8
1910000 985.5
1915000 986.5
1920000 984.1
1925000 876.1
1930000 967.8
1935000 986.4
1940000 986.2
1945000 982.8
1950000 986.4
1955000 983.1
1960000 986.8
1965000 983.4
1970000 987.5
1975000 985.7
1980000 987.0
1985000 984.4
1990000 983.6
1995000 986.0
2000000 985.4
