5000 0.0
10000 0.0
15000 206.5
20000 271.1
25000 379.8
30000 539.1
35000 577.8
40000 705.3
45000 744.3
50000 776.0
55000 798.0
60000 776.1
65000 835.9
70000 817.6
75000 851.6
80000 856.1
85000 879.7
90000 907.9
95000 909.0
100000 906.8
105000 920.3
110000 979.2
115000 918.8
120000 978.8
125000 977.7
130000 983.9
135000 983.4
140000 978.6
145000 987.7
150000 976.5
155000 980.1
160000 977.7
165000 913.0
170000 984.4
175000 985.8
180000 983.9
185000 986.9
190000 983.1
195000 980.5
200000 975.4
205000 983.3
210000 985.7
215000 984.6
220000 983.8
225000 986.3
230000 983.6
235000 979.2
240000 981.8
245000 905.0
250000 986.8
255000 984.8
260000 986.2
265000 987.4
270000 985.4
275000 982.3
280000 985.3
285000 986.3
290000 983.7
295000 985.0
300000 983.1
305000 986.2
310000 985.6
315000 983.9
320000 987.5
325000 958.1
330000 986.4
335000 987.4
340000 985.7
345000 986.2
350000 985.1
355000 986.9
360000 986.9
365000 988.2
370000 987.3
375000 985.2
380000 982.8
385000 987.1
390000 988.5
395000 988.6
400000 985.0
405000 932.3
410000 982.0
415000 985.8
420000 980.1
425000 988.0
430000 988.7
435000 984.8
440000 985.9
445000 986.7
450000 986.5
455000 988.8
460000 987.0
465000 985.0
470000 981.0
475000 987.6
480000 988.8
485000 982.9
490000 985.3
495000 982.9
500000 984.8
505000 987.1
510000 987.7
515000 984.3
520000 985.7
525000 986.9
530000 988.5
535000 987.1
540000 989.8
545000 986.2
550000 990.3
555000 988.1
560000 987.8
565000 914.5
570000 983.5
575000 989.7
580000 987.6
585000 990.3
590000 988.4
595000 988.6
600000 989.7
605000 988.7
610000 986.4
615000 988.1
620000 983.5
625000 987.1
630000 988.4
635000 987.0
640000 987.7
645000 953.5
650000 984.3
655000 987.2
660000 985.2
665000 986.4
670000 987.3
675000 984.3
680000 984.7
685000 989.4
690000 989.6
695000 986.5
700000 988.1
705000 988.4
710000 988.2
715000 988.5
720000 988.5
725000 973.4
730000 986.1
735000 984.4
740000 985.4
745000 985.1
750000 987.2
755000 988.3
760000 989.3
765000 985.9
770000 987.9
775000 987.6
780000 986.4
785000 984.4
790000 988.4
795000 985.6
800000 987.3
805000 900.2
810000 984.8
815000 985.2
820000 987.3
825000 989.4
830000 987.0
835000 986.3
840000 989.0
845000 986.9
850000 986.6
855000 989.5
860000 988.5
865000 987.5
870000 986.2
875000 988.1
880000 991.0
885000 945.2
890000 986.9
895000 988.1
900000 984.3
905000 987.5
910000 987.7
915000 985.5
920000 973.7
925000 989.4
930000 988.9
935000 986.5
940000 988.9
945000 988.0
950000 985.9
955000 988.0
960000 985.4
965000 906.9
970000 984.7
975000 986.3
980000 988.2
985000 987.1
990000 987.9
995000 985.8
1000000 988.3
1005000 986.7
1010000 987.6
1015000 989.0
1020000 988.1
1025000 988.0
1030000 989.8
1035000 987.4
1040000 986.6
1045000 845.4
1050000 987.3
1055000 989.6
1060000 984.7
1065000 990.3
1070000 989.8
1075000 989.3
1080000 985.2
1085000 982.5
1090000 988.3
1095000 986.5
1100000 988.0
1105000 989.6
1110000 988.4
1115000 987.7
1120000 988.7
1125000 840.9
1130000 985.5
1135000 986.8
1140000 988.7
1145000 990.5
1150000 981.4
1155000 987.5
1160000 986.5
1165000 984.3
1170000 988.1
1175000 987.6
1180000 987.0
1185000 988.4
1190000 990.7
1195000 987.7
1200000 988.6
1205000 676.1
1210000 985.3
1215000 988.6
1220000 985.3
1225000 988.1
1230000 987.8
1235000 989.3
1240000 988.3
1245000 969.1
1250000 988.9
1255000 988.3
1260000 986.4
1265000 989.5
1270000 987.6
1275000 989.4
1280000 985.0
1285000 815.5
1290000 986.3
1295000 984.6
1300000 985.9
1305000 985.4
1310000 984.6
1315000 984.1
1320000 988.2
1325000 990.3
1330000 987.1
1335000 984.5
1340000 987.1
1345000 983.3
1350000 987.2
1355000 991.4
1360000 985.7
1365000 828.6
1370000 982.6
1375000 987.1
1380000 986.9
1385000 984.7
1390000 989.3
1395000 987.0
1400000 987.1
1405000 987.8
1410000 986.8
1415000 986.8
1420000 988.2
1425000 987.7
1430000 989.3
1435000 986.6
1440000 988.4
1445000 841.7
1450000 984.9
1455000 987.1
1460000 986.6
1465000 989.5
1470000 983.2
1475000 987.6
1480000 988.2
1485000 990.4
1490000 985.3
1495000 988.7
1500000 990.5
1505000 986.7
1510000 987.9
1515000 990.0
1520000 989.0
1525000 911.8
1530000 985.5
1535000 982.0
1540000 989.4
1545000 984.2
1550000 984.8
1555000 985.6
1560000 988.6
1565000 989.2
1570000 986.6
1575000 981.4
1580000 986.8
1585000 986.6
1590000 991.5
1595000 988.5
1600000 990.3
1605000 928.2
1610000 981.0
1615000 985.2
1620000 983.4
1625000 987.1
1630000 987.8
1635000 987.7
1640000 988.1
1645000 991.1
1650000 987.8
1655000 989.3
1660000 986.0
1665000 987.3
1670000 988.8
1675000 986.3
1680000 988.1
1685000 913.2
1690000 983.7
1695000 986.1
1700000 988.5
1705000 988.1
1710000 986.1
1715000 986.0
1720000 986.0
1725000 989.5
1730000 986.0
1735000 989.6
1740000 990.3
1745000 986.9
1750000 986.7
1755000 989.6
1760000 986.0
1765000 896.5
1770000 983.5
1775000 988.3
1780000 986.0
1785000 986.8
1790000 988.8
1795000 988.0
1800000 985.5
1805000 988.5
1810000 988.9
1815000 987.6
1820000 988.6
1825000 984.6
1830000 987.3
1835000 991.4
1840000 986.7
1845000 863.4
1850000 984.7
1855000 985.3
1860000 939.4
1865000 988.3
1870000 987.1
1875000 988.1
1880000 989.5
1885000 988.4
1890000 986.5
1895000 987.6
1900000 988.5
1905000 985.5
1910000 989.4
1915000 988.6
1920000 989.6
1925000 908.5
1930000 982.1
1935000 986.4
1940000 988.1
1945000 985.6
1950000 986.3
1955000 987.0
1960000 989.9
1965000 986.3
1970000 988.0
1975000 986.2
1980000 990.9
1985000 985.1
1990000 989.2
1995000 986.0
2000000 987.4
