5000 0.0
10000 0.0
15000 172.5
20000 302.6
25000 436.0
30000 667.2
35000 716.4
40000 710.0
45000 754.1
50000 765.3
55000 713.9
60000 771.9
65000 704.9
70000 724.5
75000 790.2
80000 812.2
85000 805.9
90000 803.8
95000 839.4
100000 827.9
105000 830.9
110000 849.2
115000 836.2
120000 833.3
125000 835.0
130000 845.1
135000 833.8
140000 850.2
145000 858.6
150000 857.7
155000 869.1
160000 872.0
165000 830.4
170000 834.6
175000 849.6
180000 849.7
185000 892.2
190000 867.3
195000 880.6
200000 882.8
205000 891.0
210000 912.4
215000 914.5
220000 885.5
225000 897.5
230000 909.1
235000 903.5
240000 906.6
245000 832.6
250000 834.0
255000 911.2
260000 916.3
265000 911.9
270000 912.2
275000 916.1
280000 895.7
285000 912.8
290000 912.0
295000 911.5
300000 910.2
305000 915.6
310000 915.5
315000 915.0
320000 913.7
325000 784.2
330000 854.5
335000 880.9
340000 909.2
345000 912.6
350000 913.9
355000 915.3
360000 910.3
365000 908.0
370000 912.3
375000 913.4
380000 910.1
385000 913.9
390000 912.3
395000 915.0
400000 918.6
405000 794.9
410000 846.3
415000 910.3
420000 913.0
425000 914.1
430000 913.3
435000 914.7
440000 907.1
445000 913.2
450000 916.0
455000 918.2
460000 915.4
465000 918.7
470000 913.4
475000 911.0
480000 917.4
485000 803.2
490000 908.3
495000 905.6
500000 912.5
505000 915.9
510000 915.3
515000 916.3
520000 918.4
525000 914.2
530000 916.5
535000 912.9
540000 911.7
545000 915.3
550000 913.8
555000 915.7
560000 915.1
565000 761.8
570000 878.2
575000 902.4
580000 914.0
585000 914.4
590000 916.8
595000 916.6
600000 914.1
605000 916.7
610000 915.1
615000 915.6
620000 914.3
625000 915.1
630000 918.4
635000 915.6
640000 917.3
645000 804.9
650000 892.9
655000 912.5
660000 916.7
665000 915.4
670000 915.8
675000 915.0
680000 918.9
685000 915.0
690000 917.7
695000 914.2
700000 917.2
705000 916.0
710000 915.7
715000 915.6
720000 915.7
725000 823.5
730000 866.7
735000 916.2
740000 914.6
745000 917.8
750000 912.3
755000 919.4
760000 917.7
765000 915.7
770000 916.2
775000 915.9
780000 916.8
785000 915.4
790000 918.6
795000 916.1
800000 920.6
805000 808.7
810000 908.9
815000 912.8
820000 910.0
825000 916.6
830000 916.7
835000 914.6
840000 916.9
845000 921.2
850000 914.1
855000 915.6
860000 914.4
865000 918.4
870000 915.4
875000 916.9
880000 914.7
885000 815.5
890000 909.2
895000 903.6
900000 919.6
905000 921.1
910000 916.3
915000 915.0
920000 915.3
925000 916.5
930000 915.6
935000 916.0
940000 917.8
945000 916.4
950000 916.7
955000 919.0
960000 919.2
965000 813.1
970000 881.7
975000 916.6
980000 917.4
985000 913.1
990000 912.7
995000 917.7
1000000 915.2
1005000 917.5
1010000 915.0
1015000 919.1
1020000 916.0
1025000 917.7
1030000 918.8
1035000 917.5
1040000 918.5
1045000 817.2
1050000 867.1
1055000 909.5
1060000 917.5
1065000 914.3
1070000 916.9
1075000 912.6
1080000 915.6
1085000 915.5
1090000 916.1
1095000 914.6
1100000 915.6
1105000 919.0
1110000 920.1
1115000 917.3
1120000 919.7
1125000 796.2
1130000 880.0
1135000 914.7
1140000 916.5
1145000 915.4
1150000 914.7
1155000 914.1
1160000 913.4
1165000 915.6
1170000 913.4
1175000 915.2
1180000 917.4
1185000 916.5
1190000 916.6
1195000 918.0
1200000 916.1
1205000 802.0
1210000 879.3
1215000 883.0
1220000 917.0
1225000 918.6
1230000 912.9
1235000 915.2
1240000 918.9
1245000 912.1
1250000 919.3
1255000 917.8
1260000 918.5
1265000 917.3
1270000 917.1
1275000 913.2
1280000 918.1
1285000 834.9
1290000 887.9
1295000 909.4
1300000 824.0
1305000 917.8
1310000 916.2
1315000 917.9
1320000 916.2
1325000 917.9
1330000 919.3
1335000 916.2
1340000 914.4
1345000 919.0
1350000 914.3
1355000 918.4
1360000 919.7
1365000 839.2
1370000 863.4
1375000 888.9
1380000 908.7
1385000 909.1
1390000 914.8
1395000 914.8
1400000 917.3
1405000 916.6
1410000 919.8
1415000 915.4
1420000 916.4
1425000 913.7
1430000 919.8
1435000 916.8
1440000 917.4
1445000 828.8
1450000 873.3
1455000 894.4
1460000 912.1
1465000 914.2
1470000 917.8
1475000 910.1
1480000 916.6
1485000 915.3
1490000 912.1
1495000 916.5
1500000 916.4
1505000 916.1
1510000 912.9
1515000 915.3
1520000 915.1
1525000 831.2
1530000 866.4
1535000 915.2
1540000 918.2
1545000 918.1
1550000 917.5
1555000 917.3
1560000 915.0
1565000 917.1
1570000 915.6
1575000 917.3
1580000 915.6
1585000 918.5
1590000 914.4
1595000 915.9
1600000 915.4
1605000 710.5
1610000 890.3
1615000 910.3
1620000 917.5
1625000 916.7
1630000 822.7
1635000 916.4
1640000 913.2
1645000 916.0
1650000 915.4
1655000 917.0
1660000 919.2
1665000 913.4
1670000 918.6
1675000 916.9
1680000 916.1
1685000 827.7
1690000 914.5
1695000 898.1
1700000 913.9
1705000 914.1
1710000 916.4
1715000 914.0
1720000 914.4
1725000 915.1
1730000 915.7
1735000 917.3
1740000 919.1
1745000 921.2
1750000 917.6
1755000 917.3
1760000 915.9
1765000 655.5
1770000 851.9
1775000 912.3
1780000 915.0
1785000 918.3
1790000 912.8
1795000 915.2
1800000 916.5
1805000 918.7
1810000 911.6
1815000 919.7
1820000 914.9
1825000 917.6
1830000 916.6
1835000 917.2
1840000 920.4
1845000 802.7
1850000 792.3
1855000 914.3
1860000 914.8
1865000 915.9
1870000 912.5
1875000 914.2
1880000 918.9
1885000 917.5
1890000 916.7
1895000 917.6
1900000 918.2
1905000 918.6
1910000 918.6
1915000 916.3
1920000 918.7
1925000 842.6
1930000 868.4
1935000 920.4
1940000 915.3
1945000 916.8
1950000 912.5
1955000 918.2
1960000 826.3
1965000 827.1
1970000 918.4
1975000 918.8
1980000 914.9
1985000 918.6
1990000 916.0
1995000 914.8
2000000 919.4
