5000 4.4
10000 1.3
15000 97.2
20000 106.5
25000 88.5
30000 1.5
35000 1.4
40000 485.2
45000 194.9
50000 580.4
55000 758.5
60000 665.2
65000 871.9
70000 565.8
75000 575.3
80000 853.3
85000 766.7
90000 686.0
95000 868.1
100000 485.3
105000 774.5
110000 769.7
115000 869.6
120000 867.4
125000 865.3
130000 880.0
135000 965.7
140000 963.5
145000 863.3
150000 971.9
155000 967.2
160000 870.9
165000 971.7
170000 959.3
175000 963.8
180000 679.6
185000 975.0
190000 980.5
195000 878.5
200000 965.7
205000 974.0
210000 879.1
215000 969.7
220000 974.1
225000 885.4
230000 975.4
235000 877.5
240000 878.3
245000 874.3
250000 776.4
255000 968.3
260000 873.2
265000 974.9
270000 974.0
275000 972.8
280000 874.5
285000 978.0
290000 977.1
295000 982.9
300000 971.7
305000 879.4
310000 974.0
315000 974.4
320000 685.5
325000 621.9
330000 760.0
335000 968.6
340000 971.7
345000 872.0
350000 883.2
355000 973.1
360000 831.5
365000 880.8
370000 975.2
375000 978.0
380000 983.1
385000 691.7
390000 886.1
395000 968.0
400000 967.7
405000 980.6
410000 884.7
415000 979.2
420000 981.0
425000 974.6
430000 885.7
435000 811.8
440000 976.5
445000 977.8
450000 978.6
455000 903.6
460000 975.1
465000 883.6
470000 984.2
475000 981.0
480000 885.1
485000 882.8
490000 972.6
495000 783.0
500000 979.8
505000 976.0
510000 877.0
515000 877.4
520000 978.5
525000 977.2
530000 975.9
535000 783.2
540000 871.7
545000 874.5
550000 866.5
555000 976.6
560000 979.6
565000 981.5
570000 988.4
575000 973.0
580000 974.4
585000 973.9
590000 885.8
595000 981.4
600000 881.0
605000 984.0
610000 976.6
615000 883.7
620000 980.7
625000 981.2
630000 977.5
635000 978.3
640000 808.6
645000 672.3
650000 871.0
655000 951.5
660000 964.0
665000 977.0
670000 972.9
675000 878.3
680000 978.9
685000 973.7
690000 981.4
695000 978.4
700000 982.8
705000 875.1
710000 977.6
715000 884.6
720000 977.8
725000 975.3
730000 981.4
735000 973.7
740000 884.5
745000 981.6
750000 894.9
755000 975.8
760000 973.8
765000 891.6
770000 878.6
775000 984.6
780000 979.5
785000 980.5
790000 980.6
795000 981.0
800000 979.3
805000 981.5
810000 985.4
815000 975.9
820000 978.3
825000 981.4
830000 974.2
835000 975.2
840000 978.6
845000 980.4
850000 984.5
855000 980.3
860000 978.3
865000 971.5
870000 974.1
875000 981.0
880000 986.7
885000 973.9
890000 981.5
895000 977.3
900000 973.3
905000 984.7
910000 987.7
915000 974.7
920000 976.2
925000 972.3
930000 783.2
935000 878.6
940000 885.9
945000 887.7
950000 983.5
955000 980.9
960000 973.4
965000 137.4
970000 617.0
975000 748.0
980000 978.9
985000 867.4
990000 979.6
995000 827.8
1000000 986.2
1005000 980.1
1010000 981.2
1015000 977.4
1020000 876.0
1025000 782.7
1030000 981.4
1035000 881.0
1040000 974.0
1045000 883.0
1050000 981.5
1055000 976.6
1060000 781.3
1065000 982.4
1070000 889.3
1075000 886.5
1080000 863.2
1085000 981.1
1090000 979.7
1095000 881.4
1100000 796.2
1105000 973.6
1110000 881.9
1115000 977.7
1120000 979.4
1125000 974.3
1130000 974.3
1135000 988.4
1140000 979.1
1145000 979.2
1150000 979.4
1155000 979.7
1160000 978.6
1165000 884.9
1170000 880.6
1175000 980.3
1180000 981.5
1185000 882.1
1190000 980.9
1195000 980.2
1200000 977.1
1205000 982.5
1210000 980.3
1215000 981.8
1220000 884.1
1225000 978.6
1230000 980.3
1235000 982.4
1240000 884.4
1245000 983.4
1250000 887.5
1255000 987.0
1260000 880.0
1265000 976.9
1270000 985.4
1275000 978.1
1280000 981.9
1285000 92.3
1290000 668.9
1295000 875.0
1300000 935.4
1305000 874.6
1310000 816.8
1315000 978.5
1320000 786.2
1325000 854.3
1330000 980.7
1335000 969.4
1340000 977.9
1345000 983.8
1350000 978.5
1355000 976.0
1360000 878.0
1365000 979.2
1370000 975.0
1375000 980.7
1380000 979.4
1385000 980.7
1390000 974.4
1395000 971.7
1400000 978.0
1405000 979.0
1410000 888.2
1415000 891.0
1420000 973.3
1425000 978.4
1430000 957.3
1435000 981.0
1440000 976.9
1445000 985.0
1450000 980.9
1455000 979.3
1460000 985.6
1465000 979.8
1470000 988.7
1475000 979.4
1480000 978.9
1485000 984.3
1490000 882.0
1495000 979.1
1500000 984.2
1505000 981.2
1510000 981.5
1515000 897.3
1520000 882.3
1525000 970.8
1530000 982.5
1535000 886.5
1540000 975.6
1545000 953.7
1550000 879.7
1555000 980.7
1560000 977.4
1565000 972.6
1570000 981.3
1575000 976.5
1580000 880.1
1585000 973.9
1590000 976.5
1595000 984.7
1600000 982.7
1605000 17.8
1610000 213.7
1615000 676.5
1620000 875.2
1625000 740.2
1630000 505.6
1635000 821.1
1640000 682.4
1645000 688.4
1650000 943.4
1655000 969.2
1660000 910.1
1665000 885.0
1670000 880.7
1675000 882.7
1680000 980.8
1685000 976.3
1690000 884.4
1695000 981.5
1700000 974.5
1705000 976.4
1710000 972.8
1715000 984.1
1720000 980.9
1725000 980.5
1730000 984.0
1735000 980.3
1740000 974.7
1745000 975.0
1750000 983.4
1755000 980.9
1760000 884.8
1765000 975.1
1770000 979.5
1775000 887.3
1780000 778.5
1785000 981.4
1790000 982.2
1795000 968.0
1800000 983.7
1805000 973.8
1810000 981.1
1815000 789.3
1820000 976.9
1825000 979.2
1830000 980.4
1835000 980.5
1840000 876.8
1845000 983.7
1850000 984.3
1855000 981.1
1860000 972.3
1865000 636.3
1870000 979.6
1875000 985.6
1880000 883.8
1885000 980.1
1890000 982.2
1895000 785.4
1900000 981.6
1905000 977.7
1910000 984.9
1915000 878.2
1920000 973.8
1925000 984.0
1930000 876.7
1935000 886.4
1940000 983.0
1945000 977.1
1950000 884.6
1955000 979.7
1960000 918.1
1965000 985.3
1970000 977.8
1975000 983.0
1980000 981.8
1985000 981.7
1990000 979.7
1995000 977.9
2000000 982.4
