5000 0.0
10000 1.5
15000 1.0
20000 96.1
25000 98.8
30000 192.0
35000 290.0
40000 475.6
45000 570.7
50000 571.3
55000 192.7
60000 389.0
65000 389.6
70000 377.6
75000 282.7
80000 578.4
85000 476.6
90000 963.0
95000 661.4
100000 871.1
105000 969.6
110000 491.1
115000 674.6
120000 954.4
125000 864.9
130000 845.0
135000 871.9
140000 963.3
145000 963.7
150000 952.8
155000 880.7
160000 879.7
165000 966.0
170000 958.1
175000 974.7
180000 976.9
185000 957.3
190000 875.7
195000 961.2
200000 870.5
205000 964.7
210000 975.8
215000 968.4
220000 963.8
225000 875.5
230000 977.9
235000 969.8
240000 971.6
245000 871.6
250000 966.8
255000 961.6
260000 871.4
265000 972.6
270000 882.0
275000 971.5
280000 776.7
285000 878.6
290000 976.3
295000 972.8
300000 872.7
305000 869.8
310000 975.9
315000 972.0
320000 970.4
325000 560.4
330000 954.2
335000 930.3
340000 958.5
345000 967.3
350000 977.5
355000 967.2
360000 972.8
365000 976.4
370000 974.3
375000 973.6
380000 973.0
385000 974.0
390000 978.3
395000 972.7
400000 881.5
405000 977.9
410000 976.7
415000 971.1
420000 872.5
425000 972.9
430000 968.5
435000 972.3
440000 961.4
445000 977.1
450000 965.0
455000 971.2
460000 976.8
465000 880.2
470000 876.4
475000 973.2
480000 879.9
485000 973.4
490000 963.8
495000 974.5
500000 973.6
505000 965.8
510000 967.0
515000 972.0
520000 972.5
525000 981.1
530000 875.9
535000 878.5
540000 977.3
545000 976.1
550000 876.0
555000 784.2
560000 778.8
565000 681.6
570000 874.2
575000 832.7
580000 970.7
585000 881.5
590000 881.6
595000 899.0
600000 974.6
605000 975.3
610000 967.8
615000 978.3
620000 980.9
625000 968.4
630000 977.3
635000 978.3
640000 975.9
645000 398.2
650000 522.3
655000 928.1
660000 960.8
665000 969.2
670000 781.0
675000 781.9
680000 777.9
685000 974.4
690000 974.5
695000 776.5
700000 590.1
705000 781.9
710000 782.0
715000 877.1
720000 933.6
725000 831.9
730000 685.1
735000 875.3
740000 971.9
745000 980.1
750000 885.4
755000 971.8
760000 879.8
765000 979.0
770000 973.4
775000 970.7
780000 879.4
785000 973.8
790000 975.8
795000 884.8
800000 976.6
805000 975.5
810000 975.6
815000 980.5
820000 879.3
825000 975.2
830000 984.8
835000 966.9
840000 977.4
845000 876.8
850000 980.1
855000 983.9
860000 973.0
865000 980.0
870000 875.0
875000 981.1
880000 823.9
885000 976.9
890000 977.9
895000 981.1
900000 981.5
905000 982.2
910000 980.5
915000 973.5
920000 877.7
925000 978.5
930000 978.1
935000 882.5
940000 884.7
945000 975.0
950000 882.6
955000 981.1
960000 983.8
965000 756.9
970000 80.1
975000 634.3
980000 682.7
985000 588.9
990000 974.7
995000 986.1
1000000 975.4
1005000 872.8
1010000 785.4
1015000 691.3
1020000 877.5
1025000 971.4
1030000 785.1
1035000 784.0
1040000 879.2
1045000 878.6
1050000 977.9
1055000 783.3
1060000 978.5
1065000 880.6
1070000 973.5
1075000 980.2
1080000 879.6
1085000 978.0
1090000 981.0
1095000 882.1
1100000 977.7
1105000 973.4
1110000 886.1
1115000 978.8
1120000 888.9
1125000 981.0
1130000 978.2
1135000 983.3
1140000 980.1
1145000 977.4
1150000 926.3
1155000 981.4
1160000 979.4
1165000 976.2
1170000 988.1
1175000 984.7
1180000 979.5
1185000 981.8
1190000 977.3
1195000 984.4
1200000 979.2
1205000 985.3
1210000 973.3
1215000 976.5
1220000 787.1
1225000 980.0
1230000 982.5
1235000 979.6
1240000 977.5
1245000 981.0
1250000 982.2
1255000 982.1
1260000 978.0
1265000 974.1
1270000 973.6
1275000 982.7
1280000 983.6
1285000 242.9
1290000 198.8
1295000 197.0
1300000 490.4
1305000 2.0
1310000 496.6
1315000 859.7
1320000 688.1
1325000 982.6
1330000 878.9
1335000 800.4
1340000 879.7
1345000 887.2
1350000 883.7
1355000 978.4
1360000 878.7
1365000 977.2
1370000 977.2
1375000 892.3
1380000 978.9
1385000 891.6
1390000 978.5
1395000 881.5
1400000 982.6
1405000 979.1
1410000 980.8
1415000 985.0
1420000 970.4
1425000 979.9
1430000 976.2
1435000 982.2
1440000 980.7
1445000 987.3
1450000 980.4
1455000 980.9
1460000 985.2
1465000 978.1
1470000 978.0
1475000 984.6
1480000 788.2
1485000 884.8
1490000 979.7
1495000 982.3
1500000 882.2
1505000 984.1
1510000 980.0
1515000 884.3
1520000 885.1
1525000 980.7
1530000 976.2
1535000 983.8
1540000 981.3
1545000 794.9
1550000 889.5
1555000 975.9
1560000 883.7
1565000 979.8
1570000 978.0
1575000 882.8
1580000 982.6
1585000 980.9
1590000 982.6
1595000 979.2
1600000 977.1
1605000 765.6
1610000 692.9
1615000 802.7
1620000 981.3
1625000 839.6
1630000 978.6
1635000 975.8
1640000 969.1
1645000 982.5
1650000 981.7
1655000 977.8
1660000 977.2
1665000 983.4
1670000 984.7
1675000 982.0
1680000 978.0
1685000 976.8
1690000 979.3
1695000 981.6
1700000 969.8
1705000 980.4
1710000 975.7
1715000 982.8
1720000 983.2
1725000 981.7
1730000 975.5
1735000 981.0
1740000 980.7
1745000 958.7
1750000 975.5
1755000 981.6
1760000 979.6
1765000 955.1
1770000 982.5
1775000 986.3
1780000 984.4
1785000 987.7
1790000 966.9
1795000 980.2
1800000 984.9
1805000 978.1
1810000 976.5
1815000 980.9
1820000 956.5
1825000 979.5
1830000 980.5
1835000 981.0
1840000 975.7
1845000 976.9
1850000 979.8
1855000 982.0
1860000 981.6
1865000 982.4
1870000 978.1
1875000 973.1
1880000 981.1
1885000 986.1
1890000 984.1
1895000 902.3
1900000 885.7
1905000 983.0
1910000 980.7
1915000 980.8
1920000 980.7
1925000 980.2
1930000 976.9
1935000 982.4
1940000 987.2
1945000 980.5
1950000 982.2
1955000 958.6
1960000 979.5
1965000 972.9
1970000 979.1
1975000 978.2
1980000 979.1
1985000 981.2
1990000 977.2
1995000 985.1
2000000 982.5
