5000 0.5
10000 1.1
15000 0.7
20000 1.2
25000 194.8
30000 776.9
35000 863.2
40000 776.2
45000 673.2
50000 670.1
55000 772.0
60000 960.3
65000 960.5
70000 866.2
75000 964.4
80000 961.6
85000 858.9
90000 866.5
95000 857.1
100000 968.2
105000 960.6
110000 975.4
115000 973.6
120000 965.8
125000 974.9
130000 976.2
135000 874.5
140000 976.8
145000 864.6
150000 972.9
155000 970.9
160000 881.6
165000 972.0
170000 974.1
175000 965.3
180000 967.3
185000 970.2
190000 973.9
195000 965.3
200000 975.4
205000 975.2
210000 970.2
215000 873.1
220000 869.5
225000 875.7
230000 872.5
235000 880.5
240000 969.4
245000 977.3
250000 970.6
255000 968.8
260000 970.7
265000 972.3
270000 969.7
275000 972.2
280000 975.6
285000 967.9
290000 970.7
295000 884.5
300000 975.7
305000 962.6
310000 976.1
315000 975.6
320000 971.5
325000 82.9
330000 577.2
335000 876.6
340000 969.8
345000 953.3
350000 961.7
355000 779.3
360000 676.7
365000 965.1
370000 873.9
375000 741.8
380000 967.2
385000 965.7
390000 973.2
395000 967.2
400000 973.6
405000 974.0
410000 976.9
415000 973.0
420000 975.8
425000 982.6
430000 973.1
435000 978.2
440000 972.6
445000 972.1
450000 977.7
455000 978.6
460000 977.3
465000 970.1
470000 976.8
475000 875.1
480000 871.8
485000 970.5
490000 972.6
495000 972.3
500000 875.8
505000 976.6
510000 976.2
515000 973.5
520000 979.7
525000 970.6
530000 975.3
535000 979.5
540000 975.8
545000 973.3
550000 971.0
555000 978.5
560000 971.5
565000 968.0
570000 971.3
575000 970.9
580000 980.0
585000 973.1
590000 974.2
595000 976.9
600000 968.7
605000 969.1
610000 975.3
615000 879.4
620000 973.3
625000 974.5
630000 978.4
635000 977.4
640000 968.2
645000 645.8
650000 861.0
655000 830.3
660000 981.3
665000 967.3
670000 977.1
675000 966.4
680000 869.3
685000 971.7
690000 981.1
695000 979.3
700000 977.0
705000 970.2
710000 973.5
715000 970.7
720000 979.5
725000 971.1
730000 887.8
735000 975.8
740000 974.4
745000 966.2
750000 969.1
755000 974.1
760000 974.1
765000 971.8
770000 969.8
775000 975.5
780000 973.3
785000 973.6
790000 968.5
795000 977.5
800000 969.1
805000 966.7
810000 979.1
815000 966.1
820000 973.3
825000 969.9
830000 970.7
835000 969.8
840000 970.2
845000 979.6
850000 974.9
855000 972.3
860000 976.4
865000 971.7
870000 980.0
875000 972.0
880000 976.7
885000 977.3
890000 972.5
895000 977.0
900000 968.0
905000 974.8
910000 976.8
915000 968.2
920000 979.0
925000 970.9
930000 972.7
935000 779.0
940000 971.9
945000 978.2
950000 974.3
955000 978.6
960000 968.8
965000 375.0
970000 713.4
975000 942.9
980000 641.8
985000 780.7
990000 968.4
995000 970.4
1000000 968.2
1005000 972.1
1010000 977.6
1015000 968.1
1020000 976.0
1025000 968.6
1030000 956.2
1035000 964.1
1040000 968.7
1045000 976.5
1050000 967.3
1055000 973.1
1060000 969.6
1065000 876.2
1070000 978.1
1075000 976.1
1080000 970.9
1085000 975.9
1090000 974.6
1095000 974.0
1100000 878.1
1105000 979.8
1110000 983.0
1115000 970.4
1120000 974.7
1125000 978.2
1130000 971.1
1135000 974.6
1140000 971.5
1145000 967.9
1150000 974.6
1155000 972.9
1160000 969.9
1165000 965.5
1170000 969.2
1175000 974.3
1180000 980.4
1185000 977.6
1190000 974.7
1195000 978.6
1200000 975.3
1205000 968.9
1210000 971.1
1215000 975.0
1220000 975.3
1225000 981.1
1230000 976.2
1235000 970.5
1240000 974.5
1245000 974.6
1250000 974.6
1255000 974.9
1260000 968.6
1265000 973.9
1270000 972.1
1275000 973.3
1280000 972.1
1285000 577.0
1290000 573.4
1295000 863.5
1300000 964.1
1305000 970.1
1310000 964.1
1315000 970.7
1320000 973.3
1325000 967.0
1330000 977.2
1335000 971.0
1340000 924.3
1345000 972.8
1350000 877.4
1355000 977.6
1360000 975.7
1365000 980.0
1370000 969.2
1375000 981.7
1380000 961.3
1385000 971.7
1390000 972.4
1395000 970.5
1400000 972.8
1405000 981.1
1410000 970.8
1415000 976.9
1420000 967.0
1425000 971.7
1430000 969.2
1435000 976.5
1440000 976.4
1445000 976.0
1450000 968.7
1455000 977.8
1460000 936.8
1465000 972.0
1470000 777.8
1475000 978.4
1480000 971.7
1485000 968.3
1490000 974.2
1495000 881.7
1500000 975.1
1505000 969.5
1510000 977.0
1515000 970.5
1520000 968.7
1525000 973.6
1530000 976.3
1535000 973.1
1540000 971.6
1545000 967.9
1550000 980.4
1555000 975.1
1560000 879.6
1565000 971.1
1570000 880.5
1575000 879.8
1580000 980.5
1585000 968.6
1590000 972.8
1595000 978.2
1600000 880.9
1605000 547.8
1610000 966.5
1615000 963.9
1620000 966.9
1625000 877.9
1630000 972.3
1635000 973.3
1640000 964.0
1645000 851.0
1650000 974.9
1655000 873.7
1660000 884.3
1665000 973.4
1670000 974.9
1675000 945.4
1680000 874.8
1685000 974.8
1690000 976.5
1695000 932.2
1700000 970.7
1705000 974.8
1710000 969.4
1715000 948.1
1720000 969.7
1725000 973.5
1730000 982.8
1735000 978.3
1740000 980.1
1745000 970.5
1750000 976.7
1755000 969.2
1760000 967.9
1765000 681.8
1770000 978.4
1775000 832.2
1780000 973.0
1785000 978.0
1790000 970.1
1795000 969.8
1800000 970.6
1805000 972.3
1810000 970.6
1815000 980.8
1820000 959.3
1825000 983.5
1830000 969.4
1835000 971.6
1840000 978.0
1845000 978.1
1850000 969.2
1855000 974.1
1860000 877.0
1865000 975.2
1870000 978.8
1875000 877.5
1880000 970.3
1885000 976.2
1890000 873.1
1895000 975.2
1900000 971.5
1905000 877.4
1910000 971.7
1915000 975.4
1920000 882.0
1925000 584.9
1930000 977.9
1935000 881.4
1940000 977.0
1945000 975.5
1950000 979.3
1955000 974.0
1960000 979.0
1965000 970.0
1970000 972.5
1975000 974.5
1980000 966.8
1985000 970.4
1990000 971.1
1995000 977.0
2000000 972.2
