5000 5.1
10000 3.5
15000 91.1
20000 0.8
25000 97.0
30000 183.9
35000 194.2
40000 192.1
45000 390.8
50000 2.0
55000 287.9
60000 389.6
65000 765.4
70000 475.5
75000 478.9
80000 677.7
85000 571.1
90000 767.1
95000 762.1
100000 876.7
105000 877.1
110000 871.7
115000 878.3
120000 773.8
125000 772.4
130000 876.0
135000 681.0
140000 865.1
145000 874.0
150000 870.9
155000 965.7
160000 874.9
165000 681.8
170000 881.1
175000 869.7
180000 872.5
185000 774.4
190000 871.3
195000 780.2
200000 780.4
205000 780.0
210000 783.8
215000 873.9
220000 974.6
225000 880.4
230000 879.5
235000 883.2
240000 976.5
245000 880.0
250000 967.7
255000 971.1
260000 971.3
265000 977.1
270000 689.5
275000 978.0
280000 969.7
285000 876.8
290000 875.5
295000 972.8
300000 971.3
305000 977.5
310000 884.3
315000 972.6
320000 974.1
325000 874.9
330000 926.4
335000 971.8
340000 978.4
345000 878.5
350000 969.7
355000 780.9
360000 882.5
365000 974.3
370000 976.8
375000 783.8
380000 879.9
385000 883.2
390000 979.3
395000 881.4
400000 875.8
405000 879.9
410000 977.7
415000 872.9
420000 971.2
425000 975.4
430000 981.5
435000 975.7
440000 880.7
445000 973.9
450000 966.2
455000 972.6
460000 884.1
465000 983.1
470000 974.7
475000 973.3
480000 972.3
485000 978.9
490000 975.3
495000 980.9
500000 981.8
505000 970.3
510000 784.1
515000 975.4
520000 973.6
525000 880.1
530000 977.6
535000 877.0
540000 970.0
545000 883.7
550000 971.3
555000 978.7
560000 875.5
565000 982.1
570000 979.6
575000 879.0
580000 978.9
585000 985.2
590000 978.5
595000 978.7
600000 969.2
605000 880.6
610000 949.8
615000 976.8
620000 977.6
625000 972.8
630000 974.8
635000 976.1
640000 879.4
645000 819.1
650000 865.0
655000 973.6
660000 902.6
665000 879.0
670000 975.9
675000 791.4
680000 882.4
685000 974.6
690000 978.2
695000 979.5
700000 973.9
705000 880.8
710000 971.0
715000 979.8
720000 979.0
725000 981.1
730000 971.5
735000 979.5
740000 979.9
745000 878.8
750000 977.9
755000 976.5
760000 979.4
765000 979.1
770000 875.5
775000 988.8
780000 984.2
785000 980.9
790000 881.0
795000 981.9
800000 978.8
805000 978.7
810000 982.0
815000 974.9
820000 981.5
825000 980.4
830000 886.2
835000 880.4
840000 984.1
845000 978.7
850000 882.5
855000 985.4
860000 972.8
865000 975.7
870000 978.6
875000 979.1
880000 981.2
885000 982.3
890000 972.9
895000 878.7
900000 983.0
905000 951.5
910000 985.1
915000 917.3
920000 885.8
925000 984.6
930000 978.4
935000 912.6
940000 986.0
945000 973.5
950000 980.1
955000 977.6
960000 976.6
965000 867.7
970000 711.2
975000 746.0
980000 962.8
985000 863.1
990000 975.1
995000 927.7
1000000 977.2
1005000 981.7
1010000 980.6
1015000 977.9
1020000 983.2
1025000 986.1
1030000 971.8
1035000 977.7
1040000 981.4
1045000 976.6
1050000 972.3
1055000 978.4
1060000 981.6
1065000 875.6
1070000 966.7
1075000 981.9
1080000 883.1
1085000 974.0
1090000 974.4
1095000 981.6
1100000 982.4
1105000 881.6
1110000 979.5
1115000 972.3
1120000 973.4
1125000 783.3
1130000 882.1
1135000 977.0
1140000 980.7
1145000 984.9
1150000 985.0
1155000 977.8
1160000 976.8
1165000 984.7
1170000 972.9
1175000 981.2
1180000 859.3
1185000 977.3
1190000 882.7
1195000 908.4
1200000 777.6
1205000 899.3
1210000 880.8
1215000 979.9
1220000 978.8
1225000 985.1
1230000 979.1
1235000 981.2
1240000 981.7
1245000 783.4
1250000 979.6
1255000 983.8
1260000 883.3
1265000 981.3
1270000 879.1
1275000 884.1
1280000 979.1
1285000 95.4
1290000 445.9
1295000 486.0
1300000 921.8
1305000 829.1
1310000 781.7
1315000 488.3
1320000 786.5
1325000 879.0
1330000 980.4
1335000 853.6
1340000 984.5
1345000 915.3
1350000 869.1
1355000 953.3
1360000 664.7
1365000 882.8
1370000 980.0
1375000 983.1
1380000 978.5
1385000 974.8
1390000 980.3
1395000 922.7
1400000 982.6
1405000 882.0
1410000 813.5
1415000 984.0
1420000 975.3
1425000 978.3
1430000 888.0
1435000 884.5
1440000 785.9
1445000 982.5
1450000 981.1
1455000 886.8
1460000 981.7
1465000 982.8
1470000 888.1
1475000 975.8
1480000 745.6
1485000 978.9
1490000 888.6
1495000 978.4
1500000 984.6
1505000 785.1
1510000 882.0
1515000 982.5
1520000 885.3
1525000 955.4
1530000 947.5
1535000 976.0
1540000 975.9
1545000 983.8
1550000 975.6
1555000 976.1
1560000 980.5
1565000 978.2
1570000 985.1
1575000 793.7
1580000 981.9
1585000 981.1
1590000 913.1
1595000 880.6
1600000 884.1
1605000 204.6
1610000 816.0
1615000 933.3
1620000 680.9
1625000 783.2
1630000 778.0
1635000 881.2
1640000 908.1
1645000 973.0
1650000 976.8
1655000 860.2
1660000 978.4
1665000 978.4
1670000 886.1
1675000 983.6
1680000 757.7
1685000 891.1
1690000 974.1
1695000 980.1
1700000 879.0
1705000 881.2
1710000 976.0
1715000 981.9
1720000 982.9
1725000 986.1
1730000 977.2
1735000 974.8
1740000 977.0
1745000 979.9
1750000 970.5
1755000 978.0
1760000 979.9
1765000 983.4
1770000 980.3
1775000 980.1
1780000 982.4
1785000 975.3
1790000 933.0
1795000 981.6
1800000 984.5
1805000 883.4
1810000 979.2
1815000 981.3
1820000 892.5
1825000 886.8
1830000 983.8
1835000 985.4
1840000 977.7
1845000 978.0
1850000 890.7
1855000 980.1
1860000 981.3
1865000 983.0
1870000 880.0
1875000 978.9
1880000 978.6
1885000 980.5
1890000 881.7
1895000 980.6
1900000 979.4
1905000 978.9
1910000 975.5
1915000 978.7
1920000 976.5
1925000 979.1
1930000 979.9
1935000 980.9
1940000 987.0
1945000 981.8
1950000 984.7
1955000 985.7
1960000 976.5
1965000 983.5
1970000 979.1
1975000 969.6
1980000 984.3
1985000 887.1
1990000 883.1
1995000 986.4
2000000 978.6
