5000 2.5
10000 1.1
15000 1.8
20000 2.5
25000 184.2
30000 285.4
35000 194.9
40000 571.0
45000 381.6
50000 386.8
55000 462.2
60000 677.0
65000 463.5
70000 566.0
75000 715.3
80000 865.7
85000 855.8
90000 671.2
95000 769.0
100000 760.1
105000 767.3
110000 758.8
115000 868.5
120000 960.4
125000 770.2
130000 767.1
135000 764.8
140000 872.1
145000 774.7
150000 966.1
155000 962.2
160000 970.2
165000 872.5
170000 968.7
175000 971.9
180000 972.5
185000 974.1
190000 969.0
195000 978.8
200000 973.8
205000 974.3
210000 778.2
215000 970.6
220000 968.2
225000 873.8
230000 874.6
235000 979.9
240000 981.4
245000 875.3
250000 872.5
255000 975.2
260000 982.1
265000 878.4
270000 963.2
275000 973.3
280000 975.4
285000 877.4
290000 876.6
295000 975.8
300000 969.5
305000 919.4
310000 970.2
315000 974.8
320000 960.1
325000 335.5
330000 732.9
335000 967.3
340000 335.6
345000 919.4
350000 818.3
355000 865.8
360000 974.8
365000 971.1
370000 973.8
375000 970.5
380000 979.0
385000 979.8
390000 972.6
395000 973.2
400000 879.1
405000 972.5
410000 972.4
415000 971.3
420000 971.5
425000 976.7
430000 966.6
435000 881.9
440000 966.2
445000 974.4
450000 874.1
455000 961.1
460000 775.7
465000 877.9
470000 877.1
475000 875.0
480000 974.7
485000 970.4
490000 975.0
495000 976.5
500000 970.0
505000 974.2
510000 965.8
515000 971.8
520000 966.5
525000 974.5
530000 970.4
535000 979.4
540000 972.2
545000 978.7
550000 975.2
555000 971.6
560000 971.7
565000 969.8
570000 973.1
575000 973.4
580000 970.1
585000 976.1
590000 974.5
595000 973.3
600000 977.0
605000 971.7
610000 980.7
615000 970.1
620000 971.1
625000 970.5
630000 974.4
635000 964.1
640000 973.0
645000 590.9
650000 878.9
655000 973.6
660000 963.0
665000 970.1
670000 969.5
675000 976.5
680000 968.9
685000 968.5
690000 971.6
695000 897.2
700000 966.1
705000 975.3
710000 969.8
715000 970.0
720000 972.9
725000 972.5
730000 976.7
735000 877.9
740000 973.8
745000 970.4
750000 969.2
755000 974.4
760000 970.5
765000 974.5
770000 879.7
775000 974.5
780000 963.7
785000 972.7
790000 972.9
795000 976.3
800000 972.9
805000 974.4
810000 974.9
815000 971.2
820000 977.6
825000 970.5
830000 980.1
835000 977.0
840000 971.3
845000 971.6
850000 970.1
855000 975.1
860000 978.5
865000 973.3
870000 969.3
875000 978.0
880000 970.4
885000 974.6
890000 974.3
895000 972.2
900000 980.6
905000 971.1
910000 970.1
915000 979.1
920000 978.8
925000 973.7
930000 971.2
935000 969.9
940000 976.8
945000 977.5
950000 970.7
955000 975.8
960000 968.6
965000 10.9
970000 627.4
975000 785.5
980000 951.1
985000 970.6
990000 972.4
995000 974.8
1000000 970.3
1005000 970.6
1010000 974.5
1015000 970.2
1020000 968.9
1025000 882.8
1030000 971.7
1035000 977.5
1040000 939.6
1045000 881.3
1050000 975.6
1055000 972.8
1060000 968.2
1065000 874.0
1070000 974.4
1075000 980.5
1080000 975.6
1085000 972.5
1090000 969.7
1095000 971.0
1100000 973.1
1105000 966.3
1110000 978.1
1115000 980.8
1120000 969.3
1125000 977.4
1130000 878.0
1135000 971.5
1140000 976.5
1145000 967.3
1150000 964.0
1155000 972.5
1160000 975.1
1165000 972.5
1170000 972.3
1175000 976.1
1180000 975.5
1185000 976.1
1190000 966.4
1195000 978.2
1200000 975.6
1205000 976.1
1210000 969.1
1215000 972.9
1220000 976.9
1225000 968.9
1230000 974.3
1235000 977.3
1240000 971.7
1245000 969.7
1250000 968.9
1255000 967.7
1260000 975.8
1265000 970.5
1270000 977.7
1275000 973.7
1280000 977.2
1285000 284.7
1290000 922.2
1295000 689.1
1300000 826.4
1305000 731.6
1310000 869.2
1315000 967.1
1320000 972.7
1325000 973.4
1330000 971.3
1335000 975.1
1340000 871.1
1345000 978.1
1350000 882.4
1355000 946.6
1360000 968.9
1365000 979.4
1370000 969.5
1375000 972.0
1380000 970.6
1385000 920.4
1390000 980.9
1395000 975.0
1400000 976.4
1405000 973.5
1410000 976.6
1415000 972.1
1420000 972.7
1425000 974.1
1430000 968.8
1435000 875.6
1440000 973.5
1445000 974.7
1450000 912.7
1455000 973.2
1460000 971.0
1465000 972.7
1470000 975.9
1475000 973.9
1480000 976.8
1485000 967.4
1490000 965.2
1495000 876.6
1500000 879.1
1505000 975.3
1510000 973.7
1515000 977.4
1520000 977.4
1525000 973.2
1530000 876.4
1535000 975.9
1540000 923.7
1545000 976.9
1550000 970.6
1555000 972.5
1560000 971.6
1565000 972.7
1570000 971.1
1575000 973.0
1580000 973.0
1585000 970.1
1590000 970.7
1595000 969.3
1600000 978.3
1605000 57.6
1610000 896.8
1615000 961.8
1620000 968.5
1625000 975.1
1630000 772.4
1635000 870.7
1640000 967.3
1645000 834.5
1650000 855.5
1655000 972.6
1660000 945.4
1665000 968.9
1670000 859.9
1675000 878.3
1680000 971.3
1685000 864.4
1690000 974.0
1695000 971.9
1700000 970.9
1705000 978.0
1710000 966.5
1715000 970.9
1720000 977.6
1725000 774.1
1730000 981.8
1735000 970.0
1740000 979.5
1745000 974.7
1750000 974.7
1755000 977.1
1760000 875.7
1765000 971.1
1770000 978.6
1775000 978.7
1780000 973.0
1785000 974.1
1790000 873.4
1795000 970.5
1800000 975.3
1805000 976.2
1810000 973.0
1815000 975.5
1820000 973.2
1825000 973.2
1830000 976.1
1835000 975.2
1840000 886.2
1845000 973.1
1850000 973.9
1855000 971.2
1860000 971.4
1865000 974.3
1870000 975.2
1875000 975.3
1880000 967.9
1885000 971.1
1890000 975.0
1895000 974.2
1900000 970.9
1905000 875.5
1910000 966.1
1915000 977.8
1920000 971.7
1925000 975.3
1930000 975.1
1935000 971.0
1940000 965.7
1945000 973.7
1950000 972.0
1955000 972.7
1960000 976.3
1965000 969.4
1970000 971.3
1975000 976.2
1980000 976.9
1985000 877.5
1990000 974.7
1995000 971.4
2000000 972.7
