5000 0.9
10000 1.1
15000 1.2
20000 1.4
25000 1.8
30000 1.2
35000 1.5
40000 1.0
45000 1.0
50000 1.1
55000 0.9
60000 0.9
65000 1.3
70000 2.2
75000 1.4
80000 1.4
85000 1.8
90000 1.8
95000 2.0
100000 0.8
105000 1.5
110000 1.6
115000 2.3
120000 2.8
125000 1.5
130000 1.0
135000 1.1
140000 1.1
145000 0.9
150000 0.9
155000 1.3
160000 1.1
165000 38.6
170000 33.5
175000 10.0
180000 46.1
185000 112.6
190000 112.7
195000 115.0
200000 24.7
205000 143.0
210000 5.5
215000 172.0
220000 108.6
225000 108.0
230000 189.2
235000 135.6
240000 232.6
245000 223.9
250000 200.9
255000 186.1
260000 135.6
265000 200.5
270000 207.7
275000 277.6
280000 249.3
285000 203.1
290000 249.7
295000 300.0
300000 268.5
305000 287.0
310000 295.2
315000 270.5
320000 278.2
325000 250.3
330000 292.8
335000 327.4
340000 291.4
345000 349.1
350000 335.0
355000 327.6
360000 341.4
365000 362.4
370000 314.2
375000 326.1
380000 374.0
385000 305.8
390000 379.4
395000 389.0
400000 363.9
405000 378.3
410000 389.4
415000 395.3
420000 437.3
425000 419.3
430000 408.8
435000 429.4
440000 430.0
445000 414.4
450000 423.4
455000 452.6
460000 448.9
465000 453.8
470000 459.8
475000 460.4
480000 453.4
485000 310.4
490000 419.2
495000 454.5
500000 491.3
505000 494.3
510000 484.0
515000 475.2
520000 472.9
525000 469.5
530000 483.6
535000 480.2
540000 488.5
545000 474.2
550000 506.3
555000 477.5
560000 496.7
565000 399.8
570000 478.9
575000 474.1
580000 479.0
585000 508.6
590000 505.4
595000 504.6
600000 508.6
605000 522.5
610000 511.5
615000 507.2
620000 495.2
625000 522.5
630000 520.3
635000 529.4
640000 526.7
645000 423.4
650000 486.3
655000 490.7
660000 504.4
665000 533.7
670000 546.3
675000 516.1
680000 528.3
685000 528.6
690000 544.1
695000 526.0
700000 528.4
705000 530.4
710000 538.9
715000 541.3
720000 530.1
725000 426.0
730000 503.9
735000 522.1
740000 522.3
745000 524.5
750000 530.7
755000 533.2
760000 528.0
765000 551.4
770000 539.5
775000 549.1
780000 553.8
785000 550.4
790000 565.4
795000 543.3
800000 540.5
805000 391.3
810000 498.2
815000 525.5
820000 553.3
825000 532.1
830000 540.2
835000 543.5
840000 543.3
845000 565.0
850000 558.5
855000 563.0
860000 577.4
865000 572.6
870000 560.7
875000 553.2
880000 561.3
885000 458.9
890000 513.7
895000 548.6
900000 520.2
905000 566.4
910000 541.0
915000 577.2
920000 455.4
925000 564.0
930000 572.8
935000 571.8
940000 584.2
945000 576.5
950000 579.2
955000 595.6
960000 575.1
965000 397.9
970000 506.3
975000 547.7
980000 560.0
985000 602.3
990000 578.3
995000 580.4
1000000 31.8
1005000 580.6
1010000 601.9
1015000 606.5
1020000 614.9
1025000 615.3
1030000 590.3
1035000 600.4
1040000 595.9
1045000 437.1
1050000 530.5
1055000 576.4
1060000 567.0
1065000 587.1
1070000 599.7
1075000 623.5
1080000 603.4
1085000 611.2
1090000 615.1
1095000 619.0
1100000 614.5
1105000 638.2
1110000 614.3
1115000 637.0
1120000 644.8
1125000 455.4
1130000 537.0
1135000 611.8
1140000 585.8
1145000 624.9
1150000 615.6
1155000 640.4
1160000 626.6
1165000 659.5
1170000 649.2
1175000 645.6
1180000 694.2
1185000 680.2
1190000 701.1
1195000 712.6
1200000 687.0
1205000 375.7
1210000 500.4
1215000 601.3
1220000 674.5
1225000 637.5
1230000 726.4
1235000 712.8
1240000 770.0
1245000 714.1
1250000 743.8
1255000 782.0
1260000 780.1
1265000 772.5
1270000 777.4
1275000 758.8
1280000 792.4
1285000 299.1
1290000 611.6
1295000 552.2
1300000 650.8
1305000 770.3
1310000 699.0
1315000 748.8
1320000 805.5
1325000 740.6
1330000 802.3
1335000 799.3
1340000 752.6
1345000 736.9
1350000 775.9
1355000 805.5
1360000 800.7
1365000 279.5
1370000 584.4
1375000 660.1
1380000 737.5
1385000 692.9
1390000 1.3
1395000 23.8
1400000 778.0
1405000 737.3
1410000 764.5
1415000 842.9
1420000 794.7
1425000 829.2
1430000 832.3
1435000 844.5
1440000 792.0
1445000 252.1
1450000 487.4
1455000 644.8
1460000 778.1
1465000 761.7
1470000 840.6
1475000 812.5
1480000 801.9
1485000 822.2
1490000 845.4
1495000 775.0
1500000 804.8
1505000 822.5
1510000 358.6
1515000 838.9
1520000 862.3
1525000 204.9
1530000 506.8
1535000 715.2
1540000 810.2
1545000 797.1
1550000 851.5
1555000 838.4
1560000 606.7
1565000 2.0
1570000 699.2
1575000 831.0
1580000 5.1
1585000 846.5
1590000 870.2
1595000 846.6
1600000 865.7
1605000 289.5
1610000 509.8
1615000 690.3
1620000 669.8
1625000 621.2
1630000 859.9
1635000 849.9
1640000 791.6
1645000 3.9
1650000 872.9
1655000 879.9
1660000 863.2
1665000 695.0
1670000 866.1
1675000 852.4
1680000 867.6
1685000 368.3
1690000 627.4
1695000 548.8
1700000 700.8
1705000 829.1
1710000 820.7
1715000 881.2
1720000 0.9
1725000 856.3
1730000 872.1
1735000 234.8
1740000 877.0
1745000 867.3
1750000 875.7
1755000 868.0
1760000 871.1
1765000 259.9
1770000 560.0
1775000 798.6
1780000 1.4
1785000 842.9
1790000 856.3
1795000 866.1
1800000 867.9
1805000 850.5
1810000 799.3
1815000 4.0
1820000 870.3
1825000 870.1
1830000 695.4
1835000 869.6
1840000 874.7
1845000 425.9
1850000 683.7
1855000 815.5
1860000 2.2
1865000 863.6
1870000 865.5
1875000 884.1
1880000 875.2
1885000 874.0
1890000 871.5
1895000 799.9
1900000 868.1
1905000 885.2
1910000 894.5
1915000 892.1
1920000 873.5
1925000 417.0
1930000 812.0
1935000 727.5
1940000 875.0
1945000 862.8
1950000 826.9
1955000 781.6
1960000 876.0
1965000 859.3
1970000 157.8
1975000 870.9
1980000 868.3
1985000 873.0
1990000 869.5
1995000 883.4
2000000 271.9
