5000 0.8
10000 1.3
15000 1.0
20000 1.5
25000 1.2
30000 0.6
35000 1.5
40000 1.6
45000 1.1
50000 1.1
55000 1.2
60000 1.1
65000 1.6
70000 1.2
75000 1.7
80000 1.9
85000 1.6
90000 1.2
95000 1.5
100000 1.4
105000 0.8
110000 0.6
115000 1.0
120000 1.3
125000 1.2
130000 1.4
135000 1.5
140000 1.3
145000 1.3
150000 1.9
155000 1.5
160000 0.9
165000 42.0
170000 56.6
175000 75.9
180000 164.2
185000 175.6
190000 79.3
195000 149.1
200000 193.1
205000 192.8
210000 249.5
215000 128.2
220000 168.8
225000 227.6
230000 57.4
235000 172.4
240000 1.1
245000 306.9
250000 290.7
255000 318.5
260000 318.2
265000 63.7
270000 323.9
275000 301.8
280000 339.7
285000 337.4
290000 335.2
295000 340.9
300000 348.4
305000 353.8
310000 347.7
315000 352.8
320000 362.4
325000 379.5
330000 398.0
335000 415.4
340000 437.9
345000 433.4
350000 425.6
355000 427.9
360000 435.3
365000 439.2
370000 428.5
375000 431.7
380000 409.4
385000 427.8
390000 456.0
395000 457.4
400000 445.0
405000 464.4
410000 493.1
415000 492.7
420000 524.1
425000 521.1
430000 514.6
435000 515.3
440000 530.5
445000 508.7
450000 544.1
455000 534.8
460000 530.9
465000 533.0
470000 519.9
475000 533.6
480000 537.4
485000 469.9
490000 538.9
495000 499.7
500000 560.3
505000 547.4
510000 558.6
515000 552.4
520000 562.1
525000 570.5
530000 562.9
535000 575.1
540000 597.1
545000 611.6
550000 596.6
555000 612.7
560000 596.9
565000 489.9
570000 527.1
575000 589.5
580000 609.2
585000 630.8
590000 666.9
595000 684.5
600000 691.5
605000 720.8
610000 723.0
615000 784.1
620000 771.3
625000 777.4
630000 798.5
635000 806.4
640000 746.8
645000 635.9
650000 715.3
655000 754.9
660000 753.7
665000 823.7
670000 829.5
675000 843.9
680000 798.4
685000 852.2
690000 850.7
695000 824.5
700000 851.7
705000 854.3
710000 854.9
715000 858.6
720000 868.8
725000 582.6
730000 775.4
735000 715.1
740000 830.0
745000 851.5
750000 870.8
755000 866.0
760000 877.3
765000 872.9
770000 882.0
775000 881.4
780000 876.2
785000 857.5
790000 871.3
795000 873.1
800000 839.3
805000 650.8
810000 783.7
815000 792.4
820000 821.6
825000 791.7
830000 848.6
835000 852.1
840000 876.7
845000 866.4
850000 866.2
855000 864.5
860000 862.1
865000 862.8
870000 886.3
875000 864.5
880000 845.9
885000 628.4
890000 504.1
895000 778.1
900000 813.2
905000 815.0
910000 870.4
915000 879.9
920000 869.0
925000 869.3
930000 880.6
935000 878.1
940000 874.5
945000 872.9
950000 889.2
955000 784.8
960000 883.4
965000 629.1
970000 781.0
975000 792.8
980000 839.6
985000 878.2
990000 889.5
995000 869.7
1000000 878.4
1005000 880.6
1010000 881.3
1015000 892.6
1020000 889.6
1025000 885.0
1030000 890.9
1035000 886.0
1040000 893.7
1045000 574.1
1050000 765.5
1055000 850.9
1060000 865.7
1065000 873.0
1070000 884.4
1075000 887.0
1080000 880.0
1085000 886.0
1090000 876.5
1095000 867.5
1100000 870.9
1105000 868.7
1110000 869.5
1115000 441.7
1120000 870.9
1125000 345.9
1130000 652.2
1135000 785.3
1140000 850.2
1145000 872.9
1150000 882.1
1155000 885.0
1160000 881.4
1165000 870.8
1170000 867.5
1175000 871.8
1180000 866.6
1185000 860.4
1190000 878.7
1195000 874.5
1200000 885.6
1205000 632.0
1210000 794.0
1215000 849.9
1220000 852.9
1225000 874.7
1230000 854.7
1235000 441.4
1240000 881.4
1245000 1.4
1250000 889.9
1255000 888.1
1260000 869.4
1265000 877.9
1270000 882.3
1275000 874.9
1280000 881.1
1285000 358.2
1290000 731.1
1295000 861.3
1300000 878.3
1305000 817.1
1310000 846.9
1315000 1.5
1320000 848.5
1325000 791.2
1330000 856.1
1335000 839.2
1340000 888.7
1345000 440.1
1350000 12.3
1355000 1.9
1360000 575.7
1365000 594.2
1370000 799.2
1375000 736.4
1380000 851.0
1385000 751.6
1390000 847.0
1395000 872.5
1400000 876.1
1405000 1.7
1410000 882.7
1415000 822.2
1420000 820.5
1425000 866.1
1430000 858.0
1435000 684.3
1440000 50.0
1445000 484.7
1450000 661.6
1455000 857.5
1460000 855.7
1465000 858.1
1470000 1.5
1475000 875.6
1480000 432.7
1485000 526.1
1490000 872.0
1495000 852.8
1500000 1.4
1505000 882.1
1510000 834.9
1515000 860.9
1520000 822.8
1525000 262.9
1530000 549.4
1535000 855.7
1540000 690.2
1545000 836.6
1550000 868.6
1555000 861.7
1560000 876.6
1565000 891.4
1570000 763.9
1575000 871.6
1580000 877.6
1585000 1.8
1590000 877.9
1595000 873.3
1600000 855.1
1605000 359.1
1610000 644.2
1615000 705.1
1620000 6.9
1625000 840.1
1630000 855.3
1635000 1.0
1640000 850.7
1645000 853.6
1650000 832.0
1655000 760.4
1660000 879.2
1665000 850.3
1670000 629.9
1675000 800.3
1680000 855.8
1685000 384.8
1690000 575.2
1695000 747.7
1700000 670.6
1705000 862.0
1710000 843.7
1715000 877.7
1720000 873.6
1725000 67.2
1730000 870.7
1735000 880.5
1740000 882.8
1745000 874.8
1750000 860.4
1755000 877.1
1760000 865.8
1765000 445.5
1770000 609.5
1775000 731.1
1780000 732.1
1785000 888.5
1790000 853.0
1795000 784.8
1800000 880.8
1805000 850.2
1810000 778.8
1815000 847.9
1820000 875.0
1825000 873.5
1830000 347.8
1835000 872.1
1840000 1.5
1845000 385.6
1850000 651.1
1855000 671.4
1860000 877.5
1865000 867.6
1870000 368.7
1875000 878.2
1880000 874.6
1885000 711.0
1890000 884.1
1895000 874.1
1900000 879.3
1905000 1.8
1910000 875.8
1915000 1.4
1920000 865.5
1925000 433.6
1930000 652.9
1935000 820.3
1940000 862.9
1945000 837.2
1950000 855.5
1955000 885.2
1960000 809.1
1965000 799.5
1970000 884.4
1975000 848.1
1980000 863.1
1985000 793.8
1990000 2.6
1995000 872.1
2000000 92.1
