5000 1.0
10000 1.4
15000 1.3
20000 1.3
25000 1.1
30000 0.9
35000 1.1
40000 1.0
45000 1.1
50000 1.1
55000 0.8
60000 0.6
65000 1.6
70000 1.8
75000 2.3
80000 2.0
85000 1.7
90000 1.7
95000 2.3
100000 1.7
105000 1.5
110000 2.9
115000 1.8
120000 2.2
125000 2.3
130000 2.2
135000 0.8
140000 2.7
145000 2.1
150000 37.5
155000 1.9
160000 30.9
165000 16.4
170000 104.8
175000 109.7
180000 78.5
185000 1.8
190000 3.9
195000 97.9
200000 92.3
205000 123.0
210000 103.0
215000 57.8
220000 1.2
225000 165.6
230000 162.7
235000 47.8
240000 173.7
245000 200.3
250000 247.0
255000 230.7
260000 213.8
265000 275.9
270000 236.5
275000 228.8
280000 242.0
285000 269.2
290000 278.4
295000 256.3
300000 233.6
305000 268.0
310000 287.2
315000 305.5
320000 279.6
325000 317.5
330000 336.4
335000 362.9
340000 371.7
345000 335.0
350000 369.5
355000 339.4
360000 391.5
365000 360.0
370000 401.8
375000 389.4
380000 341.5
385000 342.0
390000 405.9
395000 424.6
400000 394.8
405000 374.8
410000 453.4
415000 448.1
420000 456.2
425000 434.6
430000 466.7
435000 451.9
440000 453.5
445000 469.2
450000 462.0
455000 474.6
460000 482.6
465000 482.4
470000 471.5
475000 489.0
480000 464.6
485000 404.5
490000 479.7
495000 500.3
500000 484.5
505000 495.7
510000 519.6
515000 520.5
520000 504.2
525000 514.2
530000 516.2
535000 528.3
540000 519.7
545000 500.9
550000 514.1
555000 493.4
560000 509.5
565000 359.6
570000 519.4
575000 530.8
580000 524.6
585000 545.3
590000 533.1
595000 540.2
600000 544.2
605000 550.1
610000 551.0
615000 560.1
620000 551.1
625000 560.5
630000 573.6
635000 557.7
640000 562.6
645000 397.2
650000 487.0
655000 527.5
660000 510.0
665000 577.2
670000 573.8
675000 576.5
680000 580.1
685000 575.7
690000 570.1
695000 598.2
700000 576.1
705000 590.4
710000 585.6
715000 602.8
720000 588.4
725000 400.0
730000 548.0
735000 581.3
740000 614.6
745000 588.3
750000 600.5
755000 603.6
760000 618.7
765000 610.7
770000 647.7
775000 595.0
780000 626.8
785000 630.3
790000 637.6
795000 621.6
800000 630.0
805000 403.3
810000 552.0
815000 553.1
820000 605.3
825000 637.6
830000 649.7
835000 660.8
840000 660.1
845000 678.4
850000 693.8
855000 619.2
860000 682.0
865000 615.9
870000 721.0
875000 685.5
880000 669.1
885000 425.2
890000 616.1
895000 611.6
900000 661.4
905000 679.3
910000 687.3
915000 717.4
920000 718.1
925000 718.6
930000 734.3
935000 735.8
940000 740.3
945000 717.6
950000 768.3
955000 767.0
960000 818.7
965000 421.3
970000 621.1
975000 712.1
980000 715.0
985000 719.9
990000 782.4
995000 838.3
1000000 841.9
1005000 790.4
1010000 775.5
1015000 798.1
1020000 824.3
1025000 810.4
1030000 854.7
1035000 794.5
1040000 838.2
1045000 523.8
1050000 728.2
1055000 709.3
1060000 762.9
1065000 822.9
1070000 800.1
1075000 814.3
1080000 838.3
1085000 827.6
1090000 834.4
1095000 846.7
1100000 845.0
1105000 830.9
1110000 819.0
1115000 853.5
1120000 865.3
1125000 480.5
1130000 541.0
1135000 768.7
1140000 812.9
1145000 849.3
1150000 861.4
1155000 877.8
1160000 863.8
1165000 869.8
1170000 851.8
1175000 869.6
1180000 878.5
1185000 873.5
1190000 881.5
1195000 1.7
1200000 833.1
1205000 549.7
1210000 677.7
1215000 765.2
1220000 885.3
1225000 861.5
1230000 775.6
1235000 741.7
1240000 845.4
1245000 10.8
1250000 839.4
1255000 863.4
1260000 869.2
1265000 790.2
1270000 884.0
1275000 833.2
1280000 882.1
1285000 416.4
1290000 687.3
1295000 803.7
1300000 704.1
1305000 848.5
1310000 865.7
1315000 881.5
1320000 1.6
1325000 860.4
1330000 875.6
1335000 878.2
1340000 886.3
1345000 860.9
1350000 879.5
1355000 888.8
1360000 884.9
1365000 460.7
1370000 772.6
1375000 664.1
1380000 834.6
1385000 878.0
1390000 875.1
1395000 882.2
1400000 3.0
1405000 869.0
1410000 891.2
1415000 868.0
1420000 870.8
1425000 868.3
1430000 892.0
1435000 18.9
1440000 892.0
1445000 475.7
1450000 486.5
1455000 854.2
1460000 19.3
1465000 850.7
1470000 12.0
1475000 888.5
1480000 900.6
1485000 884.7
1490000 888.1
1495000 896.5
1500000 888.6
1505000 883.1
1510000 886.6
1515000 899.9
1520000 889.4
1525000 314.3
1530000 725.0
1535000 840.4
1540000 832.7
1545000 878.4
1550000 823.4
1555000 0.9
1560000 868.6
1565000 2.2
1570000 875.9
1575000 879.8
1580000 895.6
1585000 887.3
1590000 789.9
1595000 883.9
1600000 881.6
1605000 417.5
1610000 709.9
1615000 649.8
1620000 823.6
1625000 55.2
1630000 846.3
1635000 882.5
1640000 884.6
1645000 882.2
1650000 883.0
1655000 882.2
1660000 909.6
1665000 885.3
1670000 891.9
1675000 886.0
1680000 889.4
1685000 317.6
1690000 703.0
1695000 707.3
1700000 865.1
1705000 707.6
1710000 855.4
1715000 857.7
1720000 864.7
1725000 3.0
1730000 793.9
1735000 798.7
1740000 871.9
1745000 898.4
1750000 871.2
1755000 869.0
1760000 882.2
1765000 372.5
1770000 650.8
1775000 810.3
1780000 877.7
1785000 461.2
1790000 880.9
1795000 227.0
1800000 874.5
1805000 460.8
1810000 888.2
1815000 888.3
1820000 888.4
1825000 884.1
1830000 892.7
1835000 789.7
1840000 881.9
1845000 410.3
1850000 680.7
1855000 825.6
1860000 804.9
1865000 149.3
1870000 843.7
1875000 870.4
1880000 877.0
1885000 741.2
1890000 844.8
1895000 6.7
1900000 893.0
1905000 892.4
1910000 1.8
1915000 879.3
1920000 893.4
1925000 359.4
1930000 616.1
1935000 799.6
1940000 870.8
1945000 734.0
1950000 853.9
1955000 839.1
1960000 863.4
1965000 828.8
1970000 584.7
1975000 823.2
1980000 876.5
1985000 2.0
1990000 851.8
1995000 863.2
2000000 853.4
