5000 1.3
10000 1.0
15000 1.1
20000 1.1
25000 0.9
30000 1.3
35000 1.4
40000 1.5
45000 1.0
50000 1.0
55000 1.3
60000 1.3
65000 1.0
70000 1.1
75000 1.1
80000 2.0
85000 1.4
90000 2.1
95000 1.7
100000 1.5
105000 1.8
110000 1.5
115000 1.8
120000 1.5
125000 2.0
130000 1.7
135000 1.4
140000 1.9
145000 0.8
150000 1.6
155000 2.3
160000 3.4
165000 3.1
170000 0.8
175000 1.3
180000 1.9
185000 1.4
190000 1.8
195000 1.6
200000 3.3
205000 1.6
210000 2.0
215000 2.6
220000 1.2
225000 1.5
230000 1.6
235000 2.2
240000 1.7
245000 1.7
250000 4.4
255000 0.9
260000 1.9
265000 1.6
270000 1.9
275000 0.9
280000 7.7
285000 9.5
290000 1.3
295000 2.3
300000 4.9
305000 84.5
310000 40.6
315000 69.1
320000 160.3
325000 23.5
330000 81.4
335000 114.9
340000 155.5
345000 236.0
350000 219.2
355000 236.3
360000 247.7
365000 204.1
370000 241.9
375000 238.6
380000 287.8
385000 260.7
390000 257.2
395000 273.2
400000 283.2
405000 239.1
410000 286.1
415000 257.0
420000 290.0
425000 265.9
430000 332.1
435000 340.9
440000 358.6
445000 297.3
450000 359.9
455000 352.3
460000 397.5
465000 398.8
470000 406.9
475000 406.1
480000 308.3
485000 307.7
490000 398.1
495000 402.0
500000 443.2
505000 457.0
510000 440.4
515000 455.2
520000 475.4
525000 455.4
530000 410.8
535000 448.9
540000 461.5
545000 484.9
550000 480.2
555000 484.8
560000 497.8
565000 411.6
570000 479.7
575000 487.1
580000 497.3
585000 487.4
590000 504.4
595000 508.3
600000 517.7
605000 494.6
610000 509.8
615000 501.0
620000 512.5
625000 507.1
630000 519.8
635000 517.2
640000 518.1
645000 428.3
650000 510.0
655000 513.4
660000 539.3
665000 529.9
670000 529.1
675000 486.8
680000 538.8
685000 540.8
690000 544.2
695000 545.0
700000 545.4
705000 540.2
710000 554.7
715000 558.2
720000 551.6
725000 424.9
730000 526.6
735000 543.6
740000 553.2
745000 550.0
750000 556.9
755000 560.1
760000 562.6
765000 562.0
770000 568.0
775000 574.6
780000 571.0
785000 572.9
790000 576.0
795000 561.0
800000 570.5
805000 397.5
810000 519.1
815000 567.0
820000 570.6
825000 572.2
830000 570.1
835000 560.7
840000 595.1
845000 581.2
850000 572.3
855000 573.4
860000 572.0
865000 578.0
870000 600.1
875000 594.1
880000 595.9
885000 472.5
890000 568.0
895000 576.5
900000 531.9
905000 557.9
910000 570.3
915000 530.2
920000 586.3
925000 576.0
930000 562.9
935000 588.3
940000 583.0
945000 587.1
950000 587.2
955000 596.0
960000 606.1
965000 479.9
970000 546.8
975000 575.5
980000 578.0
985000 600.4
990000 606.7
995000 608.7
1000000 595.9
1005000 591.0
1010000 612.0
1015000 568.6
1020000 597.5
1025000 619.6
1030000 579.2
1035000 607.1
1040000 613.1
1045000 510.0
1050000 568.6
1055000 577.1
1060000 604.9
1065000 578.2
1070000 600.4
1075000 612.7
1080000 574.7
1085000 611.5
1090000 620.7
1095000 620.0
1100000 623.7
1105000 602.4
1110000 628.7
1115000 623.1
1120000 630.8
1125000 461.7
1130000 583.8
1135000 581.0
1140000 602.8
1145000 627.2
1150000 616.2
1155000 577.4
1160000 630.1
1165000 602.2
1170000 619.3
1175000 634.3
1180000 628.0
1185000 636.5
1190000 640.5
1195000 617.1
1200000 628.5
1205000 443.6
1210000 531.3
1215000 584.2
1220000 600.1
1225000 620.7
1230000 611.2
1235000 642.9
1240000 637.1
1245000 639.5
1250000 645.8
1255000 633.0
1260000 89.6
1265000 637.9
1270000 658.5
1275000 660.8
1280000 649.6
1285000 460.3
1290000 558.6
1295000 630.7
1300000 634.3
1305000 653.2
1310000 645.5
1315000 644.9
1320000 636.4
1325000 650.9
1330000 673.4
1335000 671.8
1340000 678.3
1345000 682.5
1350000 685.7
1355000 663.7
1360000 690.6
1365000 412.6
1370000 575.2
1375000 554.8
1380000 658.5
1385000 655.4
1390000 662.3
1395000 707.0
1400000 1.0
1405000 616.5
1410000 640.7
1415000 631.2
1420000 656.2
1425000 1.9
1430000 719.1
1435000 772.8
1440000 641.6
1445000 346.0
1450000 505.8
1455000 643.9
1460000 714.8
1465000 711.8
1470000 713.5
1475000 632.9
1480000 745.4
1485000 732.3
1490000 748.7
1495000 745.3
1500000 756.8
1505000 763.5
1510000 791.2
1515000 782.3
1520000 798.6
1525000 359.0
1530000 591.8
1535000 675.9
1540000 618.4
1545000 779.8
1550000 811.9
1555000 769.5
1560000 681.9
1565000 519.3
1570000 805.7
1575000 791.6
1580000 820.6
1585000 828.5
1590000 828.0
1595000 836.7
1600000 774.2
1605000 478.5
1610000 679.3
1615000 738.2
1620000 717.2
1625000 724.9
1630000 810.4
1635000 788.8
1640000 827.1
1645000 34.7
1650000 802.5
1655000 831.6
1660000 812.3
1665000 841.0
1670000 839.4
1675000 832.7
1680000 861.4
1685000 391.5
1690000 568.1
1695000 721.6
1700000 787.6
1705000 799.8
1710000 817.6
1715000 819.4
1720000 805.0
1725000 818.9
1730000 833.3
1735000 817.2
1740000 860.7
1745000 868.3
1750000 858.2
1755000 870.6
1760000 865.9
1765000 392.9
1770000 600.1
1775000 664.4
1780000 785.9
1785000 829.9
1790000 853.4
1795000 843.8
1800000 863.6
1805000 868.0
1810000 866.2
1815000 855.7
1820000 853.0
1825000 867.6
1830000 859.2
1835000 870.2
1840000 873.9
1845000 303.6
1850000 728.8
1855000 773.6
1860000 828.6
1865000 871.4
1870000 847.1
1875000 861.6
1880000 864.3
1885000 876.9
1890000 865.9
1895000 881.9
1900000 877.4
1905000 871.6
1910000 873.3
1915000 876.5
1920000 875.0
1925000 495.4
1930000 785.0
1935000 837.4
1940000 864.4
1945000 858.5
1950000 1.1
1955000 858.9
1960000 876.1
1965000 358.7
1970000 843.9
1975000 879.3
1980000 795.7
1985000 873.1
1990000 877.0
1995000 860.8
2000000 881.7
