5000 1.2
10000 1.4
15000 1.2
20000 0.9
25000 1.1
30000 0.7
35000 0.9
40000 0.8
45000 1.9
50000 0.9
55000 1.0
60000 0.6
65000 0.9
70000 0.9
75000 1.2
80000 1.5
85000 1.2
90000 1.2
95000 1.5
100000 1.1
105000 1.7
110000 3.9
115000 1.5
120000 1.9
125000 0.7
130000 1.9
135000 1.3
140000 12.8
145000 1.2
150000 1.7
155000 1.3
160000 1.5
165000 25.9
170000 124.7
175000 129.2
180000 125.7
185000 29.5
190000 148.1
195000 153.6
200000 174.2
205000 179.9
210000 242.8
215000 186.7
220000 128.4
225000 233.1
230000 175.0
235000 195.2
240000 252.9
245000 114.0
250000 190.8
255000 219.6
260000 263.5
265000 139.0
270000 266.2
275000 266.3
280000 286.7
285000 311.8
290000 334.7
295000 323.5
300000 325.6
305000 323.9
310000 351.5
315000 338.9
320000 354.3
325000 338.2
330000 367.8
335000 365.8
340000 392.6
345000 388.7
350000 399.6
355000 411.2
360000 265.1
365000 414.7
370000 437.0
375000 432.1
380000 424.9
385000 434.9
390000 418.0
395000 442.9
400000 434.9
405000 363.7
410000 436.7
415000 481.9
420000 484.1
425000 480.9
430000 488.7
435000 480.4
440000 480.6
445000 482.9
450000 494.3
455000 492.0
460000 492.1
465000 498.9
470000 503.9
475000 512.7
480000 505.6
485000 428.2
490000 482.7
495000 516.9
500000 514.7
505000 533.1
510000 533.8
515000 532.5
520000 547.7
525000 538.8
530000 566.9
535000 572.7
540000 548.5
545000 551.6
550000 565.0
555000 581.4
560000 580.5
565000 478.1
570000 572.4
575000 592.6
580000 590.4
585000 628.3
590000 628.3
595000 635.7
600000 618.4
605000 624.9
610000 679.8
615000 637.1
620000 659.3
625000 709.7
630000 681.7
635000 711.4
640000 686.2
645000 442.7
650000 618.7
655000 661.9
660000 753.9
665000 773.2
670000 742.3
675000 810.5
680000 793.9
685000 761.6
690000 820.5
695000 810.2
700000 803.8
705000 822.2
710000 810.2
715000 827.0
720000 825.0
725000 679.6
730000 643.3
735000 785.1
740000 828.9
745000 798.8
750000 817.9
755000 823.6
760000 842.6
765000 833.6
770000 823.2
775000 854.1
780000 830.9
785000 853.1
790000 838.3
795000 844.9
800000 844.3
805000 711.6
810000 762.6
815000 726.9
820000 790.7
825000 825.9
830000 822.4
835000 856.1
840000 851.4
845000 852.1
850000 876.2
855000 841.7
860000 853.9
865000 845.2
870000 878.2
875000 828.2
880000 851.1
885000 713.7
890000 750.2
895000 698.4
900000 809.2
905000 780.6
910000 829.4
915000 817.3
920000 830.6
925000 853.4
930000 850.2
935000 800.0
940000 841.1
945000 852.3
950000 858.4
955000 826.5
960000 683.7
965000 583.4
970000 762.3
975000 842.0
980000 847.2
985000 814.3
990000 850.5
995000 870.8
1000000 865.9
1005000 860.8
1010000 864.0
1015000 868.7
1020000 859.3
1025000 839.9
1030000 867.4
1035000 869.0
1040000 878.8
1045000 815.3
1050000 810.7
1055000 784.1
1060000 830.5
1065000 862.7
1070000 828.8
1075000 822.0
1080000 851.9
1085000 860.5
1090000 847.9
1095000 870.4
1100000 871.2
1105000 842.8
1110000 881.2
1115000 860.1
1120000 884.6
1125000 628.8
1130000 715.6
1135000 853.6
1140000 781.3
1145000 852.0
1150000 848.7
1155000 880.4
1160000 859.8
1165000 880.6
1170000 873.4
1175000 871.2
1180000 2.1
1185000 873.8
1190000 1.0
1195000 880.0
1200000 864.9
1205000 667.3
1210000 854.6
1215000 845.0
1220000 794.0
1225000 874.0
1230000 812.9
1235000 56.5
1240000 809.6
1245000 761.8
1250000 869.9
1255000 861.1
1260000 2.7
1265000 861.2
1270000 1.3
1275000 875.6
1280000 878.6
1285000 494.9
1290000 783.3
1295000 750.7
1300000 818.0
1305000 881.7
1310000 1.1
1315000 818.7
1320000 862.9
1325000 857.9
1330000 22.2
1335000 864.0
1340000 1.7
1345000 848.0
1350000 856.9
1355000 862.6
1360000 1.7
1365000 537.1
1370000 747.8
1375000 744.3
1380000 741.6
1385000 744.2
1390000 649.4
1395000 776.7
1400000 846.5
1405000 865.9
1410000 861.6
1415000 843.6
1420000 862.8
1425000 860.9
1430000 873.6
1435000 879.2
1440000 852.2
1445000 441.6
1450000 774.1
1455000 1.7
1460000 843.5
1465000 864.0
1470000 874.2
1475000 693.3
1480000 1.7
1485000 15.1
1490000 1.6
1495000 884.3
1500000 876.3
1505000 864.4
1510000 846.3
1515000 1.2
1520000 884.8
1525000 461.7
1530000 603.0
1535000 750.6
1540000 811.8
1545000 289.0
1550000 9.8
1555000 841.4
1560000 871.5
1565000 871.7
1570000 857.0
1575000 855.8
1580000 848.4
1585000 1.7
1590000 864.1
1595000 1.8
1600000 896.7
1605000 350.9
1610000 762.6
1615000 821.8
1620000 819.3
1625000 796.5
1630000 836.2
1635000 828.5
1640000 877.7
1645000 845.0
1650000 842.2
1655000 883.4
1660000 870.7
1665000 856.2
1670000 883.8
1675000 785.9
1680000 707.6
1685000 298.9
1690000 758.0
1695000 704.0
1700000 781.5
1705000 838.7
1710000 831.5
1715000 804.0
1720000 784.7
1725000 823.7
1730000 872.3
1735000 869.9
1740000 841.6
1745000 1.2
1750000 865.0
1755000 876.7
1760000 863.7
1765000 477.6
1770000 645.2
1775000 801.6
1780000 868.3
1785000 734.5
1790000 830.4
1795000 847.0
1800000 837.2
1805000 845.3
1810000 828.5
1815000 824.8
1820000 1.1
1825000 834.0
1830000 885.9
1835000 782.6
1840000 872.6
1845000 534.0
1850000 621.1
1855000 742.3
1860000 765.3
1865000 757.6
1870000 842.8
1875000 803.7
1880000 863.8
1885000 854.6
1890000 809.1
1895000 663.6
1900000 870.6
1905000 866.5
1910000 836.1
1915000 779.6
1920000 880.6
1925000 452.6
1930000 652.2
1935000 733.5
1940000 822.8
1945000 858.5
1950000 838.5
1955000 847.6
1960000 254.1
1965000 831.5
1970000 762.4
1975000 873.9
1980000 868.3
1985000 678.8
1990000 878.8
1995000 886.2
2000000 848.7
