5000 47.3
10000 251.4
15000 54.6
20000 57.7
25000 153.0
30000 78.7
35000 51.6
40000 83.6
45000 436.7
50000 342.3
55000 358.6
60000 438.3
65000 351.6
70000 296.3
75000 288.0
80000 165.1
85000 381.3
90000 363.7
95000 356.6
100000 102.3
105000 483.8
110000 341.5
115000 345.9
120000 244.3
125000 386.3
130000 451.9
135000 430.9
140000 175.9
145000 569.0
150000 613.4
155000 340.2
160000 525.1
165000 615.2
170000 656.5
175000 630.6
180000 666.5
185000 638.9
190000 658.3
195000 578.7
200000 751.2
205000 765.8
210000 748.5
215000 715.2
220000 714.5
225000 707.3
230000 762.9
235000 781.7
240000 740.1
245000 748.6
250000 815.2
255000 803.9
260000 795.6
265000 800.9
270000 805.0
275000 827.6
280000 745.1
285000 823.6
290000 779.1
295000 745.9
300000 826.3
305000 838.3
310000 803.3
315000 819.8
320000 828.6
325000 825.4
330000 820.3
335000 820.0
340000 849.5
345000 844.0
350000 851.9
355000 856.9
360000 822.5
365000 827.6
370000 806.9
375000 843.6
380000 842.0
385000 853.0
390000 812.5
395000 852.4
400000 840.5
405000 841.2
410000 868.9
415000 849.8
420000 301.1
425000 868.5
430000 853.7
435000 872.4
440000 860.2
445000 835.8
450000 864.5
455000 793.5
460000 850.4
465000 881.0
470000 854.9
475000 829.5
480000 843.3
485000 822.6
490000 855.0
495000 229.9
500000 856.3
505000 887.3
510000 859.4
515000 831.1
520000 865.5
525000 849.5
530000 870.3
535000 851.7
540000 838.5
545000 876.4
550000 882.2
555000 870.9
560000 277.6
565000 856.9
570000 878.7
575000 836.5
580000 682.4
585000 894.3
590000 852.4
595000 821.4
600000 193.7
605000 873.6
610000 871.3
615000 876.0
620000 886.2
625000 858.6
630000 865.8
635000 889.1
640000 888.4
645000 867.2
650000 874.7
655000 890.0
660000 866.9
665000 849.0
670000 886.6
675000 888.1
680000 898.8
685000 858.9
690000 892.3
695000 883.4
700000 891.8
705000 892.7
710000 890.3
715000 898.4
720000 893.8
725000 877.4
730000 887.4
735000 439.1
740000 416.6
745000 868.1
750000 880.6
755000 884.6
760000 892.0
765000 875.3
770000 874.2
775000 874.7
780000 903.2
785000 893.8
790000 876.8
795000 894.9
800000 888.0
805000 883.1
810000 859.0
815000 873.2
820000 754.8
825000 880.9
830000 878.8
835000 891.9
840000 881.3
845000 878.4
850000 886.1
855000 890.7
860000 881.7
865000 892.1
870000 894.6
875000 871.7
880000 894.3
885000 881.2
890000 879.9
895000 884.4
900000 866.4
905000 877.4
910000 900.3
915000 892.7
920000 884.3
925000 890.0
930000 868.9
935000 809.8
940000 349.1
945000 889.0
950000 869.5
955000 896.6
960000 908.2
965000 872.8
970000 882.4
975000 896.5
980000 895.1
985000 901.6
990000 889.9
995000 871.8
1000000 912.7
1005000 906.2
1010000 884.4
1015000 896.2
1020000 900.4
1025000 892.3
1030000 896.2
1035000 903.7
1040000 849.2
1045000 891.3
1050000 888.7
1055000 893.7
1060000 898.3
1065000 872.6
1070000 877.5
1075000 903.2
1080000 895.1
1085000 891.6
1090000 885.3
1095000 895.9
1100000 898.4
1105000 883.1
1110000 892.3
1115000 890.6
1120000 912.8
1125000 885.0
1130000 870.7
1135000 883.5
1140000 865.7
1145000 827.3
1150000 896.9
1155000 905.3
1160000 891.3
1165000 883.9
1170000 884.4
1175000 862.2
1180000 876.3
1185000 895.2
1190000 886.9
1195000 857.0
1200000 884.4
1205000 886.8
1210000 909.4
1215000 901.5
1220000 866.8
1225000 896.4
1230000 895.1
1235000 914.9
1240000 802.9
1245000 876.8
1250000 288.8
1255000 877.2
1260000 901.7
1265000 893.4
1270000 903.8
1275000 901.0
1280000 866.9
1285000 885.2
1290000 894.5
1295000 911.2
1300000 882.3
1305000 888.3
1310000 873.2
1315000 911.5
1320000 901.8
1325000 876.1
1330000 893.3
1335000 902.3
1340000 900.7
1345000 893.9
1350000 878.5
1355000 901.9
1360000 892.7
1365000 872.1
1370000 893.3
1375000 908.4
1380000 908.8
1385000 912.9
1390000 893.4
1395000 899.8
1400000 522.2
1405000 834.0
1410000 906.0
1415000 865.1
1420000 902.3
1425000 877.3
1430000 905.2
1435000 892.6
1440000 893.7
1445000 889.9
1450000 889.4
1455000 723.7
1460000 905.2
1465000 904.1
1470000 897.9
1475000 901.5
1480000 900.8
1485000 896.5
1490000 919.8
1495000 901.4
1500000 897.1
1505000 912.5
1510000 899.9
1515000 898.9
1520000 797.0
1525000 880.9
1530000 899.6
1535000 913.5
1540000 916.3
1545000 910.5
1550000 901.3
1555000 901.6
1560000 918.8
1565000 848.9
1570000 895.4
1575000 894.2
1580000 929.3
1585000 873.4
1590000 919.9
1595000 906.7
1600000 886.0
1605000 880.0
1610000 891.7
1615000 895.7
1620000 885.6
1625000 871.4
1630000 898.6
1635000 890.1
1640000 889.4
1645000 877.0
1650000 882.9
1655000 894.1
1660000 914.8
1665000 877.6
1670000 910.3
1675000 905.9
1680000 869.9
1685000 896.5
1690000 871.5
1695000 914.1
1700000 882.6
1705000 880.7
1710000 899.0
1715000 905.9
1720000 906.6
1725000 899.2
1730000 908.8
1735000 727.7
1740000 821.6
1745000 898.2
1750000 893.4
1755000 903.1
1760000 882.7
1765000 890.4
1770000 909.7
1775000 908.6
1780000 893.4
1785000 900.6
1790000 895.5
1795000 894.4
1800000 897.3
1805000 878.3
1810000 904.0
1815000 907.1
1820000 862.4
1825000 885.8
1830000 883.7
1835000 891.0
1840000 916.0
1845000 892.7
1850000 916.5
1855000 890.3
1860000 903.6
1865000 891.2
1870000 901.1
1875000 895.9
1880000 887.6
1885000 855.8
1890000 926.9
1895000 906.1
1900000 903.2
1905000 897.2
1910000 909.6
1915000 924.9
1920000 895.5
1925000 883.8
1930000 897.3
1935000 905.3
1940000 891.8
1945000 887.2
1950000 910.2
1955000 811.1
1960000 921.9
1965000 897.1
1970000 919.7
1975000 900.0
1980000 903.0
1985000 846.9
1990000 895.3
1995000 897.6
2000000 896.5
