5000 40.1
10000 151.2
15000 101.2
20000 139.7
25000 105.9
30000 119.9
35000 131.0
40000 133.5
45000 292.9
50000 150.4
55000 351.0
60000 220.0
65000 405.9
70000 400.7
75000 358.6
80000 336.5
85000 448.3
90000 481.6
95000 175.6
100000 536.0
105000 570.7
110000 489.3
115000 522.0
120000 160.3
125000 520.8
130000 631.7
135000 698.7
140000 579.2
145000 619.0
150000 663.4
155000 689.5
160000 692.1
165000 699.0
170000 760.9
175000 733.8
180000 735.0
185000 708.6
190000 684.9
195000 717.8
200000 741.4
205000 688.5
210000 767.0
215000 757.2
220000 711.8
225000 610.1
230000 642.5
235000 515.9
240000 406.8
245000 742.1
250000 763.6
255000 783.0
260000 791.2
265000 766.3
270000 755.8
275000 737.3
280000 760.2
285000 736.1
290000 774.9
295000 808.0
300000 672.6
305000 762.2
310000 821.2
315000 779.3
320000 799.7
325000 813.0
330000 836.1
335000 814.8
340000 839.8
345000 799.8
350000 817.5
355000 811.4
360000 811.6
365000 833.5
370000 777.4
375000 848.5
380000 834.9
385000 841.6
390000 807.7
395000 841.4
400000 819.0
405000 811.8
410000 825.7
415000 825.9
420000 836.4
425000 816.8
430000 813.0
435000 790.2
440000 265.0
445000 819.4
450000 854.6
455000 855.1
460000 853.8
465000 815.4
470000 832.3
475000 857.2
480000 836.6
485000 822.8
490000 834.4
495000 854.5
500000 855.1
505000 827.5
510000 834.6
515000 845.5
520000 862.6
525000 826.8
530000 839.3
535000 855.2
540000 845.9
545000 871.2
550000 862.2
555000 826.0
560000 874.0
565000 853.4
570000 882.8
575000 860.0
580000 877.6
585000 857.3
590000 850.8
595000 844.0
600000 860.1
605000 865.3
610000 874.0
615000 878.1
620000 878.9
625000 841.1
630000 873.4
635000 855.3
640000 869.6
645000 858.2
650000 859.8
655000 872.0
660000 830.4
665000 859.0
670000 858.1
675000 874.9
680000 875.7
685000 859.2
690000 858.4
695000 844.9
700000 869.0
705000 870.8
710000 875.3
715000 860.9
720000 868.0
725000 828.6
730000 847.8
735000 866.6
740000 884.0
745000 870.4
750000 862.9
755000 857.6
760000 857.8
765000 856.9
770000 858.3
775000 834.7
780000 876.6
785000 868.7
790000 882.8
795000 866.6
800000 861.1
805000 860.6
810000 873.9
815000 888.3
820000 882.2
825000 849.2
830000 865.8
835000 871.1
840000 867.6
845000 875.8
850000 877.4
855000 878.1
860000 887.2
865000 864.1
870000 895.5
875000 867.5
880000 864.5
885000 868.6
890000 886.2
895000 249.2
900000 274.4
905000 860.7
910000 871.8
915000 875.9
920000 885.7
925000 859.5
930000 857.3
935000 878.8
940000 873.9
945000 844.8
950000 870.1
955000 877.9
960000 888.5
965000 843.6
970000 863.7
975000 890.1
980000 875.1
985000 852.9
990000 876.8
995000 878.4
1000000 884.8
1005000 867.7
1010000 869.7
1015000 856.6
1020000 885.9
1025000 861.3
1030000 881.9
1035000 883.5
1040000 887.3
1045000 852.0
1050000 873.9
1055000 877.6
1060000 886.3
1065000 865.5
1070000 874.9
1075000 871.0
1080000 881.7
1085000 853.7
1090000 869.1
1095000 876.1
1100000 890.9
1105000 837.4
1110000 881.3
1115000 887.9
1120000 274.2
1125000 858.4
1130000 882.1
1135000 900.1
1140000 868.7
1145000 865.1
1150000 882.5
1155000 899.7
1160000 878.8
1165000 875.2
1170000 863.7
1175000 878.2
1180000 879.3
1185000 871.3
1190000 891.5
1195000 886.6
1200000 881.6
1205000 829.9
1210000 865.1
1215000 894.3
1220000 894.7
1225000 867.2
1230000 870.5
1235000 876.0
1240000 883.9
1245000 828.9
1250000 866.4
1255000 878.0
1260000 876.4
1265000 853.0
1270000 882.4
1275000 879.6
1280000 882.0
1285000 860.1
1290000 879.7
1295000 865.6
1300000 864.6
1305000 828.8
1310000 886.0
1315000 863.7
1320000 861.3
1325000 866.5
1330000 879.2
1335000 869.3
1340000 885.0
1345000 821.9
1350000 865.6
1355000 879.0
1360000 887.8
1365000 888.5
1370000 880.1
1375000 883.3
1380000 884.1
1385000 856.2
1390000 874.2
1395000 880.6
1400000 881.8
1405000 872.4
1410000 876.0
1415000 886.9
1420000 877.2
1425000 838.7
1430000 855.9
1435000 892.4
1440000 895.3
1445000 865.4
1450000 884.1
1455000 900.2
1460000 853.3
1465000 869.4
1470000 873.2
1475000 880.4
1480000 898.3
1485000 888.1
1490000 880.7
1495000 863.4
1500000 867.5
1505000 860.1
1510000 870.2
1515000 895.0
1520000 288.5
1525000 855.4
1530000 883.4
1535000 891.0
1540000 898.0
1545000 867.8
1550000 887.6
1555000 875.9
1560000 872.1
1565000 847.3
1570000 873.5
1575000 850.5
1580000 877.4
1585000 850.0
1590000 878.8
1595000 877.5
1600000 891.0
1605000 881.4
1610000 877.0
1615000 897.0
1620000 284.5
1625000 877.6
1630000 878.8
1635000 872.7
1640000 894.0
1645000 892.8
1650000 889.2
1655000 896.2
1660000 887.2
1665000 858.8
1670000 872.8
1675000 863.1
1680000 874.4
1685000 866.8
1690000 870.2
1695000 881.4
1700000 871.9
1705000 875.6
1710000 876.8
1715000 894.9
1720000 872.9
1725000 870.0
1730000 888.3
1735000 892.1
1740000 872.1
1745000 876.9
1750000 883.1
1755000 881.6
1760000 380.3
1765000 838.2
1770000 796.3
1775000 123.4
1780000 864.3
1785000 877.3
1790000 883.4
1795000 891.1
1800000 898.9
1805000 888.7
1810000 875.6
1815000 884.7
1820000 908.7
1825000 866.2
1830000 897.2
1835000 883.0
1840000 894.6
1845000 848.6
1850000 863.0
1855000 880.9
1860000 898.9
1865000 859.0
1870000 900.9
1875000 897.7
1880000 904.8
1885000 870.2
1890000 857.2
1895000 872.3
1900000 894.0
1905000 835.3
1910000 873.2
1915000 879.4
1920000 898.7
1925000 838.4
1930000 880.5
1935000 836.1
1940000 891.2
1945000 878.8
1950000 872.4
1955000 873.9
1960000 893.4
1965000 510.9
1970000 853.0
1975000 887.6
1980000 895.4
1985000 858.5
1990000 892.1
1995000 895.0
2000000 897.4
