5000 113.3
10000 205.8
15000 297.8
20000 150.3
25000 58.3
30000 23.1
35000 41.6
40000 53.8
45000 50.4
50000 101.8
55000 158.1
60000 202.0
65000 233.5
70000 237.7
75000 148.1
80000 351.5
85000 286.2
90000 400.5
95000 318.0
100000 38.6
105000 384.8
110000 496.9
115000 264.5
120000 423.5
125000 540.2
130000 530.4
135000 392.1
140000 584.3
145000 596.6
150000 366.0
155000 345.1
160000 480.3
165000 574.9
170000 670.4
175000 158.2
180000 517.2
185000 455.3
190000 711.0
195000 282.8
200000 612.5
205000 752.7
210000 580.6
215000 745.8
220000 721.2
225000 718.5
230000 497.1
235000 742.0
240000 405.3
245000 595.8
250000 754.9
255000 723.8
260000 384.7
265000 758.6
270000 694.7
275000 649.5
280000 642.3
285000 766.6
290000 782.9
295000 750.6
300000 769.8
305000 740.8
310000 773.6
315000 774.5
320000 786.8
325000 701.1
330000 743.1
335000 653.6
340000 769.0
345000 720.9
350000 790.6
355000 758.1
360000 662.2
365000 792.6
370000 773.9
375000 765.0
380000 756.0
385000 757.3
390000 735.2
395000 757.8
400000 792.3
405000 762.0
410000 774.3
415000 762.1
420000 757.1
425000 802.6
430000 742.3
435000 779.8
440000 800.1
445000 752.3
450000 781.0
455000 810.8
460000 732.9
465000 804.0
470000 799.3
475000 774.5
480000 731.7
485000 744.0
490000 799.7
495000 809.4
500000 789.5
505000 812.6
510000 808.0
515000 801.8
520000 799.2
525000 782.4
530000 811.5
535000 775.8
540000 833.5
545000 763.5
550000 821.4
555000 796.7
560000 833.5
565000 798.6
570000 819.7
575000 808.0
580000 825.5
585000 791.1
590000 787.6
595000 821.6
600000 773.6
605000 826.5
610000 801.8
615000 813.1
620000 809.0
625000 798.4
630000 800.6
635000 836.5
640000 851.4
645000 821.0
650000 832.4
655000 844.8
660000 854.9
665000 844.3
670000 826.1
675000 813.5
680000 835.9
685000 775.2
690000 834.4
695000 839.1
700000 847.7
705000 821.6
710000 856.5
715000 844.2
720000 846.8
725000 830.8
730000 824.3
735000 865.3
740000 840.8
745000 817.5
750000 848.4
755000 858.9
760000 856.6
765000 842.7
770000 822.7
775000 854.7
780000 826.4
785000 723.7
790000 857.2
795000 852.6
800000 844.6
805000 812.0
810000 812.5
815000 840.0
820000 849.2
825000 799.7
830000 871.9
835000 837.2
840000 850.2
845000 803.2
850000 851.1
855000 847.0
860000 859.1
865000 846.0
870000 802.3
875000 829.2
880000 733.1
885000 825.5
890000 831.0
895000 843.5
900000 855.6
905000 851.0
910000 618.4
915000 848.9
920000 828.4
925000 826.5
930000 869.4
935000 875.2
940000 871.3
945000 841.3
950000 810.9
955000 866.9
960000 836.9
965000 803.4
970000 867.4
975000 863.1
980000 873.0
985000 848.9
990000 849.7
995000 885.6
1000000 852.6
1005000 829.5
1010000 864.1
1015000 864.3
1020000 865.1
1025000 838.3
1030000 873.0
1035000 856.9
1040000 864.5
1045000 818.0
1050000 873.7
1055000 874.8
1060000 865.8
1065000 840.9
1070000 876.9
1075000 869.1
1080000 888.8
1085000 842.7
1090000 855.6
1095000 880.2
1100000 885.4
1105000 815.3
1110000 871.5
1115000 869.1
1120000 658.4
1125000 844.9
1130000 853.4
1135000 879.3
1140000 860.9
1145000 856.4
1150000 829.3
1155000 866.6
1160000 870.7
1165000 867.6
1170000 888.3
1175000 864.0
1180000 897.2
1185000 849.4
1190000 857.4
1195000 862.9
1200000 846.3
1205000 861.6
1210000 872.1
1215000 815.6
1220000 896.3
1225000 852.3
1230000 788.2
1235000 869.8
1240000 890.6
1245000 854.3
1250000 879.6
1255000 875.4
1260000 868.7
1265000 885.9
1270000 879.7
1275000 871.2
1280000 865.6
1285000 855.6
1290000 867.0
1295000 877.1
1300000 888.1
1305000 866.2
1310000 856.5
1315000 904.9
1320000 837.7
1325000 865.6
1330000 890.7
1335000 897.9
1340000 873.3
1345000 846.5
1350000 893.1
1355000 868.6
1360000 879.9
1365000 872.2
1370000 862.4
1375000 867.9
1380000 850.7
1385000 869.4
1390000 872.7
1395000 882.8
1400000 863.3
1405000 841.3
1410000 852.3
1415000 881.8
1420000 888.5
1425000 877.0
1430000 873.4
1435000 847.7
1440000 885.8
1445000 875.8
1450000 877.2
1455000 871.7
1460000 894.4
1465000 878.7
1470000 882.4
1475000 882.7
1480000 886.8
1485000 832.3
1490000 451.6
1495000 873.1
1500000 887.8
1505000 881.0
1510000 888.2
1515000 889.5
1520000 872.5
1525000 840.0
1530000 854.3
1535000 864.8
1540000 878.9
1545000 884.9
1550000 868.8
1555000 902.2
1560000 873.6
1565000 868.2
1570000 868.9
1575000 878.4
1580000 877.6
1585000 855.2
1590000 869.1
1595000 877.1
1600000 879.6
1605000 875.5
1610000 782.3
1615000 903.9
1620000 905.1
1625000 879.4
1630000 908.6
1635000 368.7
1640000 360.1
1645000 884.0
1650000 275.3
1655000 891.4
1660000 897.6
1665000 873.5
1670000 902.2
1675000 905.8
1680000 900.0
1685000 870.2
1690000 895.6
1695000 882.4
1700000 907.8
1705000 787.5
1710000 901.0
1715000 898.3
1720000 908.8
1725000 746.4
1730000 905.0
1735000 888.3
1740000 891.5
1745000 849.9
1750000 886.6
1755000 900.0
1760000 893.2
1765000 864.5
1770000 878.2
1775000 886.0
1780000 876.3
1785000 864.6
1790000 879.9
1795000 903.4
1800000 902.0
1805000 905.9
1810000 874.6
1815000 869.3
1820000 894.7
1825000 855.1
1830000 884.2
1835000 879.0
1840000 885.1
1845000 867.1
1850000 884.0
1855000 907.4
1860000 903.6
1865000 885.3
1870000 890.6
1875000 895.2
1880000 910.9
1885000 909.9
1890000 887.1
1895000 894.2
1900000 886.0
1905000 888.1
1910000 893.0
1915000 880.7
1920000 894.3
1925000 823.4
1930000 901.2
1935000 905.9
1940000 896.4
1945000 871.0
1950000 882.5
1955000 885.9
1960000 892.7
1965000 880.0
1970000 892.7
1975000 894.0
1980000 887.2
1985000 878.7
1990000 895.4
1995000 876.6
2000000 891.1
