5000 71.1
10000 8.0
15000 57.5
20000 103.2
25000 262.3
30000 158.7
35000 55.1
40000 149.8
45000 87.8
50000 154.1
55000 34.7
60000 175.8
65000 195.9
70000 144.9
75000 179.1
80000 152.2
85000 392.9
90000 366.4
95000 277.9
100000 162.7
105000 359.3
110000 273.6
115000 95.4
120000 229.9
125000 419.3
130000 451.1
135000 508.7
140000 250.1
145000 531.5
150000 529.7
155000 268.0
160000 179.3
165000 522.5
170000 466.2
175000 263.4
180000 552.8
185000 562.1
190000 591.5
195000 535.6
200000 624.7
205000 572.8
210000 573.2
215000 590.7
220000 517.8
225000 587.7
230000 642.5
235000 647.6
240000 600.5
245000 548.7
250000 630.4
255000 713.2
260000 705.5
265000 682.6
270000 667.7
275000 706.9
280000 706.0
285000 641.9
290000 715.9
295000 677.8
300000 694.3
305000 675.2
310000 680.8
315000 710.2
320000 713.3
325000 705.1
330000 680.0
335000 737.9
340000 740.3
345000 715.2
350000 716.5
355000 724.0
360000 740.9
365000 710.9
370000 716.8
375000 720.6
380000 604.3
385000 706.2
390000 699.8
395000 737.6
400000 729.6
405000 716.8
410000 733.2
415000 747.5
420000 730.4
425000 689.4
430000 729.4
435000 746.7
440000 774.4
445000 687.0
450000 721.0
455000 759.1
460000 743.6
465000 709.9
470000 757.3
475000 742.7
480000 763.5
485000 710.9
490000 739.3
495000 766.6
500000 751.7
505000 726.9
510000 727.1
515000 743.1
520000 751.4
525000 731.6
530000 756.5
535000 746.1
540000 775.4
545000 735.2
550000 776.1
555000 770.9
560000 746.2
565000 759.9
570000 787.3
575000 804.9
580000 795.1
585000 779.8
590000 786.8
595000 787.1
600000 794.2
605000 804.6
610000 796.5
615000 805.1
620000 813.9
625000 798.5
630000 786.9
635000 811.6
640000 807.0
645000 782.0
650000 820.4
655000 826.8
660000 807.5
665000 811.1
670000 811.5
675000 806.6
680000 817.3
685000 791.0
690000 785.0
695000 817.1
700000 806.4
705000 783.2
710000 793.1
715000 813.7
720000 807.3
725000 780.3
730000 809.4
735000 812.0
740000 814.1
745000 827.8
750000 823.0
755000 824.9
760000 818.5
765000 808.8
770000 834.3
775000 830.6
780000 843.0
785000 785.2
790000 815.1
795000 813.7
800000 837.7
805000 793.4
810000 828.7
815000 824.6
820000 837.1
825000 784.9
830000 845.4
835000 846.3
840000 822.5
845000 775.4
850000 834.8
855000 827.6
860000 834.5
865000 840.1
870000 841.5
875000 842.7
880000 841.4
885000 782.4
890000 846.9
895000 842.0
900000 859.9
905000 854.5
910000 856.4
915000 847.2
920000 844.6
925000 833.9
930000 841.3
935000 836.0
940000 848.1
945000 804.0
950000 860.7
955000 841.9
960000 822.4
965000 833.6
970000 842.8
975000 852.7
980000 833.8
985000 841.2
990000 824.8
995000 864.1
1000000 863.1
1005000 821.0
1010000 845.8
1015000 869.8
1020000 844.9
1025000 831.7
1030000 845.3
1035000 850.1
1040000 847.3
1045000 819.8
1050000 848.4
1055000 866.7
1060000 855.7
1065000 845.9
1070000 857.8
1075000 862.3
1080000 208.3
1085000 839.1
1090000 865.5
1095000 849.2
1100000 857.6
1105000 840.2
1110000 851.8
1115000 844.0
1120000 859.4
1125000 819.0
1130000 834.8
1135000 618.8
1140000 854.4
1145000 860.8
1150000 853.4
1155000 869.9
1160000 877.9
1165000 849.6
1170000 852.3
1175000 859.1
1180000 864.7
1185000 813.5
1190000 854.2
1195000 863.2
1200000 838.1
1205000 855.8
1210000 870.8
1215000 849.8
1220000 621.3
1225000 858.7
1230000 867.7
1235000 860.5
1240000 865.5
1245000 856.1
1250000 853.7
1255000 882.9
1260000 873.6
1265000 857.1
1270000 860.5
1275000 838.8
1280000 858.3
1285000 834.6
1290000 855.2
1295000 873.6
1300000 883.2
1305000 859.7
1310000 861.0
1315000 862.3
1320000 864.4
1325000 855.5
1330000 873.0
1335000 859.3
1340000 861.7
1345000 829.3
1350000 20.7
1355000 864.6
1360000 849.6
1365000 852.0
1370000 859.8
1375000 872.8
1380000 847.0
1385000 839.3
1390000 301.1
1395000 863.5
1400000 859.7
1405000 832.9
1410000 863.9
1415000 871.2
1420000 884.2
1425000 847.4
1430000 846.0
1435000 881.2
1440000 862.8
1445000 839.6
1450000 817.5
1455000 883.2
1460000 872.3
1465000 850.6
1470000 861.6
1475000 858.9
1480000 883.4
1485000 854.7
1490000 866.8
1495000 845.5
1500000 871.7
1505000 838.2
1510000 870.9
1515000 864.4
1520000 867.6
1525000 849.1
1530000 865.2
1535000 872.6
1540000 865.6
1545000 859.0
1550000 857.0
1555000 885.9
1560000 884.2
1565000 857.9
1570000 850.7
1575000 870.4
1580000 891.5
1585000 838.4
1590000 864.8
1595000 858.8
1600000 852.5
1605000 853.7
1610000 864.1
1615000 875.7
1620000 866.3
1625000 843.3
1630000 875.6
1635000 873.3
1640000 856.4
1645000 860.8
1650000 860.6
1655000 882.3
1660000 864.1
1665000 842.5
1670000 871.3
1675000 858.4
1680000 879.1
1685000 854.4
1690000 866.2
1695000 838.1
1700000 481.8
1705000 845.4
1710000 855.7
1715000 864.8
1720000 851.0
1725000 848.9
1730000 859.9
1735000 873.2
1740000 876.6
1745000 869.9
1750000 864.3
1755000 873.4
1760000 861.2
1765000 861.4
1770000 814.4
1775000 843.8
1780000 853.3
1785000 863.1
1790000 860.0
1795000 876.0
1800000 860.4
1805000 861.2
1810000 873.2
1815000 877.3
1820000 884.1
1825000 883.1
1830000 869.4
1835000 868.5
1840000 870.8
1845000 847.7
1850000 845.1
1855000 880.6
1860000 885.6
1865000 856.9
1870000 866.0
1875000 867.6
1880000 875.5
1885000 843.6
1890000 885.3
1895000 874.1
1900000 888.1
1905000 855.9
1910000 888.1
1915000 890.1
1920000 861.9
1925000 890.9
1930000 873.2
1935000 878.7
1940000 885.2
1945000 835.6
1950000 881.3
1955000 883.3
1960000 461.7
1965000 844.3
1970000 862.6
1975000 881.4
1980000 890.6
1985000 858.2
1990000 862.9
1995000 865.8
2000000 876.4
