5000 119.6
10000 157.0
15000 87.3
20000 106.8
25000 58.7
30000 63.0
35000 13.4
40000 74.1
45000 99.5
50000 129.6
55000 193.3
60000 192.2
65000 129.0
70000 186.7
75000 225.7
80000 176.9
85000 335.2
90000 237.4
95000 379.1
100000 349.9
105000 322.8
110000 261.4
115000 487.8
120000 479.9
125000 585.6
130000 614.2
135000 609.9
140000 584.0
145000 613.6
150000 666.1
155000 701.0
160000 704.0
165000 674.7
170000 723.3
175000 732.0
180000 636.8
185000 781.0
190000 731.6
195000 715.9
200000 747.3
205000 716.0
210000 750.1
215000 692.2
220000 777.3
225000 775.6
230000 617.2
235000 781.6
240000 782.4
245000 767.3
250000 828.3
255000 791.2
260000 808.7
265000 794.8
270000 785.4
275000 817.6
280000 800.2
285000 804.4
290000 803.7
295000 771.6
300000 766.1
305000 800.6
310000 831.6
315000 818.4
320000 823.0
325000 777.1
330000 798.4
335000 835.4
340000 811.2
345000 795.8
350000 829.7
355000 827.3
360000 798.7
365000 797.6
370000 826.4
375000 809.9
380000 797.7
385000 857.8
390000 825.0
395000 792.5
400000 835.9
405000 823.2
410000 828.0
415000 808.0
420000 847.7
425000 829.9
430000 791.5
435000 831.2
440000 824.8
445000 838.8
450000 810.6
455000 822.6
460000 846.1
465000 850.2
470000 853.7
475000 837.1
480000 833.5
485000 823.1
490000 850.2
495000 863.3
500000 835.9
505000 841.4
510000 844.7
515000 846.2
520000 850.8
525000 826.9
530000 846.4
535000 835.4
540000 810.2
545000 840.9
550000 853.2
555000 837.0
560000 843.1
565000 792.8
570000 850.0
575000 825.5
580000 810.3
585000 847.9
590000 826.7
595000 860.5
600000 827.1
605000 792.8
610000 834.3
615000 857.3
620000 841.9
625000 830.3
630000 828.6
635000 847.1
640000 824.0
645000 826.2
650000 852.9
655000 843.4
660000 844.3
665000 867.5
670000 852.0
675000 813.1
680000 835.9
685000 834.3
690000 852.5
695000 833.8
700000 848.4
705000 853.1
710000 835.5
715000 828.1
720000 842.9
725000 811.1
730000 839.0
735000 861.9
740000 828.9
745000 821.4
750000 827.9
755000 839.5
760000 849.2
765000 816.5
770000 846.0
775000 872.8
780000 850.8
785000 845.3
790000 839.8
795000 815.5
800000 844.5
805000 824.7
810000 861.9
815000 850.3
820000 860.3
825000 863.8
830000 858.5
835000 854.7
840000 856.8
845000 834.0
850000 847.2
855000 847.7
860000 853.4
865000 828.7
870000 851.6
875000 859.0
880000 841.1
885000 853.8
890000 842.9
895000 827.9
900000 840.8
905000 853.3
910000 857.3
915000 830.4
920000 856.9
925000 826.3
930000 842.3
935000 852.5
940000 863.4
945000 843.5
950000 848.0
955000 847.1
960000 857.1
965000 827.6
970000 811.5
975000 835.9
980000 864.6
985000 841.0
990000 853.8
995000 843.1
1000000 859.1
1005000 848.2
1010000 865.7
1015000 855.7
1020000 868.1
1025000 842.0
1030000 842.3
1035000 865.6
1040000 861.1
1045000 843.8
1050000 830.8
1055000 851.5
1060000 847.2
1065000 792.8
1070000 842.7
1075000 856.4
1080000 879.3
1085000 822.8
1090000 825.0
1095000 818.6
1100000 859.9
1105000 836.6
1110000 839.1
1115000 164.8
1120000 415.9
1125000 839.6
1130000 848.1
1135000 863.8
1140000 866.4
1145000 808.2
1150000 873.4
1155000 868.4
1160000 855.1
1165000 818.6
1170000 862.2
1175000 862.4
1180000 849.6
1185000 843.5
1190000 860.3
1195000 865.7
1200000 879.2
1205000 830.3
1210000 877.0
1215000 854.7
1220000 858.6
1225000 820.4
1230000 841.0
1235000 864.5
1240000 757.4
1245000 816.3
1250000 840.4
1255000 852.7
1260000 882.0
1265000 849.4
1270000 848.1
1275000 863.1
1280000 881.8
1285000 857.1
1290000 836.3
1295000 866.7
1300000 827.6
1305000 832.6
1310000 884.3
1315000 867.6
1320000 860.8
1325000 842.5
1330000 863.2
1335000 857.1
1340000 848.8
1345000 827.0
1350000 868.2
1355000 869.1
1360000 860.8
1365000 845.3
1370000 862.5
1375000 868.8
1380000 865.3
1385000 844.1
1390000 859.4
1395000 874.8
1400000 885.0
1405000 836.7
1410000 845.1
1415000 868.5
1420000 868.0
1425000 827.2
1430000 833.8
1435000 869.0
1440000 884.6
1445000 835.8
1450000 853.5
1455000 870.6
1460000 862.7
1465000 835.5
1470000 859.4
1475000 850.8
1480000 882.1
1485000 851.5
1490000 875.2
1495000 838.3
1500000 868.0
1505000 822.1
1510000 841.0
1515000 868.8
1520000 860.8
1525000 831.2
1530000 850.1
1535000 859.2
1540000 864.3
1545000 831.2
1550000 867.5
1555000 876.5
1560000 834.6
1565000 857.2
1570000 873.0
1575000 866.0
1580000 872.5
1585000 840.6
1590000 843.5
1595000 866.1
1600000 852.7
1605000 860.2
1610000 865.6
1615000 871.9
1620000 873.1
1625000 845.8
1630000 860.3
1635000 867.6
1640000 875.3
1645000 828.9
1650000 852.5
1655000 864.3
1660000 878.4
1665000 841.3
1670000 872.9
1675000 875.6
1680000 853.2
1685000 834.5
1690000 866.0
1695000 835.7
1700000 869.8
1705000 824.3
1710000 844.4
1715000 856.8
1720000 856.4
1725000 830.9
1730000 861.0
1735000 858.9
1740000 881.3
1745000 842.8
1750000 836.5
1755000 875.2
1760000 867.8
1765000 826.5
1770000 862.0
1775000 856.5
1780000 870.5
1785000 842.4
1790000 866.2
1795000 867.4
1800000 859.3
1805000 827.1
1810000 876.7
1815000 852.5
1820000 878.1
1825000 819.7
1830000 865.0
1835000 872.4
1840000 857.5
1845000 851.0
1850000 879.9
1855000 870.7
1860000 866.9
1865000 861.9
1870000 841.5
1875000 859.4
1880000 755.1
1885000 848.8
1890000 878.5
1895000 869.6
1900000 860.1
1905000 846.0
1910000 841.7
1915000 876.7
1920000 868.6
1925000 860.8
1930000 846.9
1935000 865.2
1940000 854.2
1945000 847.2
1950000 874.2
1955000 865.1
1960000 868.0
1965000 863.2
1970000 871.2
1975000 862.7
1980000 870.2
1985000 843.6
1990000 860.4
1995000 871.6
2000000 880.2
