5000 3.6
10000 4.7
15000 4.3
20000 6.1
25000 4.1
30000 4.9
35000 6.5
40000 3.3
45000 5.2
50000 4.1
55000 4.3
60000 3.6
65000 5.7
70000 7.8
75000 6.5
80000 4.9
85000 5.5
90000 7.3
95000 5.6
100000 5.0
105000 5.1
110000 7.8
115000 7.1
120000 7.8
125000 6.4
130000 14.2
135000 14.3
140000 8.3
145000 24.1
150000 9.1
155000 5.0
160000 6.6
165000 9.2
170000 8.9
175000 41.4
180000 24.2
185000 52.4
190000 49.1
195000 40.7
200000 88.2
205000 107.0
210000 97.3
215000 120.9
220000 139.4
225000 55.7
230000 160.7
235000 109.7
240000 136.0
245000 8.3
250000 144.6
255000 37.9
260000 162.9
265000 166.6
270000 165.6
275000 159.9
280000 211.5
285000 229.2
290000 280.2
295000 239.6
300000 184.0
305000 6.5
310000 224.7
315000 248.9
320000 77.3
325000 39.7
330000 231.3
335000 5.9
340000 326.3
345000 243.4
350000 356.4
355000 50.3
360000 292.9
365000 363.1
370000 354.4
375000 335.1
380000 34.2
385000 288.0
390000 320.6
395000 430.1
400000 395.4
405000 447.6
410000 441.4
415000 455.4
420000 446.9
425000 430.2
430000 427.1
435000 449.4
440000 394.9
445000 447.6
450000 459.4
455000 447.3
460000 17.8
465000 466.3
470000 474.0
475000 504.8
480000 489.5
485000 36.8
490000 285.6
495000 429.8
500000 522.0
505000 474.9
510000 532.9
515000 523.6
520000 568.0
525000 532.4
530000 562.3
535000 539.0
540000 551.3
545000 551.9
550000 564.1
555000 566.6
560000 579.9
565000 598.4
570000 677.9
575000 582.1
580000 673.6
585000 643.1
590000 633.9
595000 705.2
600000 737.9
605000 698.1
610000 688.3
615000 754.3
620000 726.8
625000 712.6
630000 665.9
635000 748.1
640000 629.0
645000 48.3
650000 355.4
655000 472.8
660000 574.4
665000 684.9
670000 687.7
675000 659.2
680000 783.9
685000 797.2
690000 792.4
695000 786.8
700000 807.3
705000 801.3
710000 822.9
715000 732.7
720000 832.7
725000 803.0
730000 834.8
735000 761.1
740000 785.7
745000 807.7
750000 837.5
755000 742.5
760000 823.6
765000 739.5
770000 817.4
775000 842.3
780000 799.8
785000 323.4
790000 805.7
795000 839.8
800000 804.3
805000 126.2
810000 422.6
815000 605.4
820000 744.1
825000 707.8
830000 816.9
835000 717.4
840000 835.4
845000 802.0
850000 817.3
855000 794.0
860000 776.0
865000 813.8
870000 840.6
875000 819.1
880000 750.6
885000 780.3
890000 788.5
895000 821.2
900000 793.4
905000 826.5
910000 826.8
915000 857.1
920000 853.1
925000 849.1
930000 830.6
935000 837.0
940000 847.6
945000 819.6
950000 840.4
955000 760.3
960000 804.6
965000 103.6
970000 516.9
975000 537.8
980000 708.5
985000 840.5
990000 810.1
995000 845.1
1000000 744.6
1005000 830.8
1010000 832.2
1015000 793.7
1020000 827.0
1025000 798.0
1030000 838.1
1035000 871.9
1040000 844.0
1045000 855.7
1050000 860.0
1055000 853.2
1060000 865.9
1065000 863.1
1070000 793.4
1075000 839.0
1080000 864.4
1085000 864.1
1090000 853.9
1095000 865.6
1100000 877.6
1105000 855.9
1110000 877.9
1115000 793.8
1120000 878.3
1125000 97.4
1130000 460.4
1135000 480.6
1140000 705.0
1145000 774.8
1150000 685.2
1155000 854.5
1160000 872.2
1165000 704.5
1170000 858.4
1175000 872.9
1180000 841.2
1185000 831.5
1190000 848.4
1195000 861.9
1200000 772.8
1205000 876.1
1210000 877.9
1215000 4.7
1220000 840.0
1225000 857.1
1230000 878.5
1235000 851.8
1240000 880.3
1245000 878.1
1250000 798.0
1255000 873.5
1260000 5.3
1265000 519.1
1270000 858.9
1275000 873.7
1280000 878.7
1285000 31.0
1290000 248.1
1295000 531.8
1300000 729.2
1305000 754.2
1310000 817.1
1315000 846.2
1320000 8.2
1325000 717.4
1330000 700.6
1335000 790.4
1340000 836.4
1345000 852.9
1350000 6.3
1355000 7.5
1360000 3.2
1365000 4.0
1370000 4.7
1375000 9.5
1380000 5.0
1385000 520.2
1390000 5.5
1395000 7.0
1400000 584.3
1405000 747.6
1410000 5.0
1415000 607.1
1420000 836.0
1425000 795.8
1430000 804.7
1435000 852.6
1440000 853.0
1445000 150.3
1450000 254.8
1455000 520.4
1460000 538.6
1465000 664.0
1470000 793.6
1475000 785.8
1480000 795.7
1485000 870.4
1490000 842.3
1495000 854.3
1500000 859.5
1505000 852.7
1510000 871.4
1515000 877.0
1520000 854.9
1525000 868.8
1530000 879.7
1535000 878.9
1540000 852.0
1545000 871.5
1550000 852.3
1555000 892.4
1560000 883.8
1565000 855.1
1570000 870.3
1575000 892.1
1580000 884.9
1585000 890.1
1590000 742.0
1595000 865.2
1600000 877.0
1605000 30.2
1610000 281.5
1615000 512.3
1620000 564.1
1625000 604.8
1630000 716.4
1635000 721.9
1640000 861.4
1645000 788.8
1650000 828.4
1655000 845.7
1660000 872.2
1665000 779.6
1670000 781.5
1675000 855.7
1680000 857.9
1685000 887.7
1690000 872.8
1695000 705.0
1700000 884.5
1705000 894.2
1710000 877.3
1715000 857.1
1720000 845.1
1725000 859.6
1730000 841.2
1735000 896.4
1740000 869.9
1745000 831.1
1750000 890.2
1755000 770.3
1760000 869.1
1765000 75.5
1770000 230.0
1775000 506.3
1780000 722.5
1785000 697.3
1790000 637.9
1795000 796.0
1800000 805.1
1805000 877.0
1810000 820.0
1815000 698.5
1820000 746.9
1825000 824.9
1830000 866.5
1835000 842.2
1840000 877.3
1845000 876.0
1850000 769.0
1855000 875.1
1860000 887.6
1865000 855.4
1870000 25.2
1875000 873.1
1880000 887.8
1885000 842.5
1890000 851.5
1895000 880.4
1900000 868.3
1905000 844.8
1910000 879.6
1915000 807.9
1920000 869.8
1925000 870.9
1930000 883.9
1935000 275.2
1940000 882.9
1945000 894.4
1950000 900.5
1955000 892.7
1960000 867.2
1965000 793.1
1970000 887.6
1975000 6.9
1980000 894.1
1985000 883.9
1990000 912.5
1995000 852.8
2000000 814.3
