5000 3.4
10000 5.2
15000 3.8
20000 4.6
25000 4.0
30000 3.2
35000 7.6
40000 5.3
45000 5.7
50000 6.4
55000 5.8
60000 5.7
65000 4.8
70000 4.3
75000 5.6
80000 5.9
85000 4.8
90000 6.6
95000 4.5
100000 5.5
105000 5.5
110000 4.0
115000 66.3
120000 5.7
125000 15.5
130000 21.2
135000 39.1
140000 99.0
145000 46.3
150000 64.5
155000 86.7
160000 82.9
165000 8.8
170000 128.4
175000 190.6
180000 18.5
185000 101.0
190000 95.2
195000 53.6
200000 90.8
205000 165.2
210000 157.9
215000 117.1
220000 101.2
225000 173.9
230000 47.0
235000 54.9
240000 213.7
245000 4.5
250000 114.1
255000 199.7
260000 3.2
265000 235.6
270000 48.7
275000 209.6
280000 20.4
285000 328.0
290000 219.8
295000 193.4
300000 230.4
305000 118.6
310000 192.4
315000 129.8
320000 118.9
325000 203.6
330000 319.5
335000 363.0
340000 344.6
345000 392.2
350000 327.6
355000 353.5
360000 349.4
365000 398.9
370000 343.0
375000 359.3
380000 375.3
385000 436.4
390000 437.0
395000 429.3
400000 396.3
405000 394.0
410000 410.9
415000 434.6
420000 434.2
425000 431.4
430000 396.3
435000 470.5
440000 445.1
445000 471.7
450000 454.3
455000 456.8
460000 438.4
465000 482.6
470000 462.3
475000 452.7
480000 345.1
485000 215.8
490000 423.2
495000 399.0
500000 509.0
505000 495.8
510000 524.2
515000 537.2
520000 534.5
525000 547.8
530000 573.8
535000 577.4
540000 571.3
545000 580.3
550000 594.4
555000 645.2
560000 560.1
565000 621.6
570000 616.1
575000 641.0
580000 613.6
585000 675.9
590000 682.6
595000 656.6
600000 690.3
605000 771.3
610000 730.3
615000 729.7
620000 745.1
625000 714.5
630000 762.1
635000 797.8
640000 736.6
645000 268.7
650000 473.0
655000 627.0
660000 597.9
665000 617.3
670000 771.7
675000 699.0
680000 770.4
685000 701.1
690000 806.2
695000 757.3
700000 729.0
705000 773.6
710000 781.1
715000 805.1
720000 805.1
725000 792.6
730000 776.2
735000 835.2
740000 833.3
745000 844.7
750000 826.4
755000 815.8
760000 849.2
765000 837.9
770000 835.0
775000 836.0
780000 825.2
785000 843.4
790000 861.9
795000 836.6
800000 851.6
805000 106.8
810000 504.1
815000 612.1
820000 711.1
825000 802.0
830000 741.2
835000 848.9
840000 791.9
845000 757.6
850000 774.6
855000 824.9
860000 759.1
865000 11.6
870000 837.4
875000 863.7
880000 819.4
885000 819.1
890000 859.8
895000 867.6
900000 853.1
905000 865.1
910000 871.7
915000 823.8
920000 847.1
925000 818.3
930000 860.7
935000 869.1
940000 861.7
945000 868.0
950000 845.5
955000 879.7
960000 817.9
965000 169.9
970000 548.9
975000 734.9
980000 840.4
985000 880.9
990000 851.9
995000 794.5
1000000 846.5
1005000 865.8
1010000 854.4
1015000 870.8
1020000 859.9
1025000 855.3
1030000 838.3
1035000 889.8
1040000 862.4
1045000 869.7
1050000 886.9
1055000 872.3
1060000 872.9
1065000 886.9
1070000 851.9
1075000 870.9
1080000 866.3
1085000 891.0
1090000 892.9
1095000 887.6
1100000 859.7
1105000 864.2
1110000 877.8
1115000 836.4
1120000 872.6
1125000 168.9
1130000 529.0
1135000 731.8
1140000 692.3
1145000 812.4
1150000 840.3
1155000 855.1
1160000 853.4
1165000 829.0
1170000 855.7
1175000 875.3
1180000 891.1
1185000 849.0
1190000 871.0
1195000 15.7
1200000 839.8
1205000 856.4
1210000 847.4
1215000 836.4
1220000 867.5
1225000 830.6
1230000 861.1
1235000 864.6
1240000 5.4
1245000 766.9
1250000 842.9
1255000 881.1
1260000 826.4
1265000 884.0
1270000 861.1
1275000 5.8
1280000 856.6
1285000 68.7
1290000 184.2
1295000 705.0
1300000 815.6
1305000 542.0
1310000 838.4
1315000 789.0
1320000 827.1
1325000 840.4
1330000 794.0
1335000 831.9
1340000 862.8
1345000 859.1
1350000 840.8
1355000 840.5
1360000 875.5
1365000 806.2
1370000 853.3
1375000 758.9
1380000 99.5
1385000 761.9
1390000 845.3
1395000 859.5
1400000 848.0
1405000 688.2
1410000 874.4
1415000 14.8
1420000 872.7
1425000 850.5
1430000 846.8
1435000 876.1
1440000 861.5
1445000 50.9
1450000 320.4
1455000 425.3
1460000 640.9
1465000 56.4
1470000 777.7
1475000 822.6
1480000 803.9
1485000 835.1
1490000 820.2
1495000 854.9
1500000 774.4
1505000 845.2
1510000 846.7
1515000 759.4
1520000 868.2
1525000 827.2
1530000 876.2
1535000 837.2
1540000 427.4
1545000 874.1
1550000 851.4
1555000 836.0
1560000 879.8
1565000 874.3
1570000 857.0
1575000 860.3
1580000 846.8
1585000 807.0
1590000 876.4
1595000 862.3
1600000 838.1
1605000 79.8
1610000 364.6
1615000 564.9
1620000 625.6
1625000 661.2
1630000 757.5
1635000 839.2
1640000 862.2
1645000 809.2
1650000 809.2
1655000 836.9
1660000 6.8
1665000 847.4
1670000 866.1
1675000 855.9
1680000 852.8
1685000 836.0
1690000 830.9
1695000 811.5
1700000 827.2
1705000 774.6
1710000 8.2
1715000 867.7
1720000 5.7
1725000 847.8
1730000 856.7
1735000 855.7
1740000 889.8
1745000 871.1
1750000 842.7
1755000 846.2
1760000 5.6
1765000 170.5
1770000 284.9
1775000 353.0
1780000 427.5
1785000 596.3
1790000 643.4
1795000 767.8
1800000 6.0
1805000 763.6
1810000 812.3
1815000 829.7
1820000 834.7
1825000 850.6
1830000 823.3
1835000 761.3
1840000 766.7
1845000 446.6
1850000 5.5
1855000 855.1
1860000 850.8
1865000 5.8
1870000 131.2
1875000 805.5
1880000 689.7
1885000 443.2
1890000 852.6
1895000 522.7
1900000 847.8
1905000 862.0
1910000 859.5
1915000 6.2
1920000 842.3
1925000 857.0
1930000 235.0
1935000 865.0
1940000 786.4
1945000 871.9
1950000 845.7
1955000 866.5
1960000 862.5
1965000 783.2
1970000 839.6
1975000 777.4
1980000 830.2
1985000 766.5
1990000 880.9
1995000 781.0
2000000 868.5
