5000 4.0
10000 5.3
15000 4.6
20000 4.6
25000 5.0
30000 4.5
35000 5.1
40000 5.6
45000 5.1
50000 5.7
55000 5.5
60000 6.0
65000 6.2
70000 5.4
75000 5.8
80000 7.4
85000 5.9
90000 5.3
95000 33.2
100000 53.1
105000 4.3
110000 111.2
115000 103.8
120000 154.8
125000 124.9
130000 60.3
135000 49.3
140000 109.6
145000 90.6
150000 253.4
155000 164.1
160000 231.8
165000 167.6
170000 256.6
175000 338.4
180000 326.2
185000 279.7
190000 361.7
195000 375.7
200000 407.4
205000 197.8
210000 421.4
215000 376.7
220000 392.1
225000 408.9
230000 431.2
235000 416.1
240000 409.9
245000 427.7
250000 410.3
255000 432.6
260000 373.2
265000 451.4
270000 440.7
275000 370.7
280000 456.3
285000 468.8
290000 415.7
295000 587.2
300000 578.6
305000 568.5
310000 5.3
315000 742.5
320000 770.9
325000 287.6
330000 478.6
335000 682.0
340000 647.6
345000 804.0
350000 804.0
355000 792.5
360000 857.6
365000 793.3
370000 855.0
375000 844.1
380000 844.4
385000 827.9
390000 872.9
395000 856.0
400000 781.4
405000 859.5
410000 717.8
415000 863.2
420000 751.2
425000 821.1
430000 867.4
435000 837.9
440000 891.6
445000 841.1
450000 861.6
455000 809.9
460000 794.9
465000 910.2
470000 860.2
475000 884.0
480000 860.0
485000 316.0
490000 692.4
495000 750.2
500000 849.5
505000 841.7
510000 877.9
515000 883.4
520000 910.2
525000 870.8
530000 874.7
535000 856.1
540000 887.8
545000 904.9
550000 887.6
555000 899.2
560000 921.0
565000 797.6
570000 894.1
575000 884.4
580000 909.9
585000 880.4
590000 677.4
595000 866.2
600000 905.5
605000 907.4
610000 869.7
615000 887.1
620000 888.4
625000 846.3
630000 18.8
635000 916.5
640000 840.1
645000 355.6
650000 518.2
655000 776.9
660000 764.5
665000 844.3
670000 803.5
675000 899.0
680000 854.7
685000 862.1
690000 852.8
695000 904.1
700000 891.4
705000 897.5
710000 923.2
715000 854.2
720000 903.9
725000 889.3
730000 900.5
735000 902.4
740000 912.6
745000 889.4
750000 891.7
755000 908.3
760000 894.8
765000 902.7
770000 908.4
775000 929.3
780000 870.3
785000 909.3
790000 912.7
795000 807.6
800000 910.5
805000 325.8
810000 504.4
815000 815.9
820000 864.8
825000 678.6
830000 743.5
835000 901.3
840000 784.0
845000 913.2
850000 834.1
855000 900.2
860000 899.9
865000 907.9
870000 904.3
875000 857.1
880000 904.7
885000 889.3
890000 897.9
895000 880.5
900000 924.2
905000 914.8
910000 922.8
915000 868.6
920000 931.4
925000 742.5
930000 912.3
935000 923.6
940000 913.1
945000 910.2
950000 906.1
955000 890.4
960000 909.5
965000 318.2
970000 539.0
975000 682.2
980000 917.9
985000 794.9
990000 908.5
995000 877.2
1000000 838.1
1005000 844.7
1010000 893.4
1015000 839.6
1020000 872.3
1025000 900.1
1030000 837.4
1035000 918.7
1040000 872.3
1045000 911.0
1050000 928.1
1055000 913.4
1060000 905.6
1065000 881.3
1070000 820.9
1075000 921.6
1080000 917.7
1085000 914.1
1090000 914.5
1095000 860.6
1100000 919.9
1105000 831.2
1110000 930.9
1115000 910.9
1120000 856.9
1125000 207.1
1130000 510.1
1135000 641.9
1140000 694.8
1145000 642.4
1150000 857.5
1155000 793.4
1160000 853.1
1165000 715.5
1170000 741.0
1175000 860.3
1180000 737.7
1185000 764.7
1190000 899.4
1195000 913.0
1200000 837.7
1205000 886.6
1210000 819.1
1215000 596.7
1220000 585.4
1225000 885.4
1230000 808.7
1235000 863.2
1240000 884.0
1245000 828.1
1250000 857.2
1255000 5.7
1260000 915.2
1265000 896.9
1270000 897.3
1275000 774.6
1280000 887.6
1285000 102.4
1290000 367.4
1295000 494.7
1300000 577.3
1305000 3.9
1310000 883.3
1315000 722.7
1320000 799.7
1325000 685.8
1330000 799.7
1335000 596.1
1340000 904.1
1345000 806.7
1350000 733.6
1355000 98.0
1360000 815.5
1365000 839.2
1370000 904.3
1375000 872.6
1380000 911.3
1385000 807.3
1390000 889.1
1395000 924.1
1400000 705.4
1405000 868.8
1410000 868.2
1415000 4.2
1420000 876.0
1425000 892.8
1430000 881.6
1435000 920.9
1440000 851.6
1445000 123.4
1450000 335.5
1455000 518.3
1460000 582.7
1465000 445.2
1470000 835.4
1475000 853.1
1480000 466.4
1485000 805.1
1490000 834.3
1495000 879.4
1500000 752.7
1505000 837.8
1510000 732.8
1515000 903.4
1520000 912.1
1525000 822.2
1530000 874.2
1535000 819.6
1540000 931.9
1545000 611.0
1550000 906.1
1555000 920.6
1560000 883.1
1565000 36.8
1570000 901.7
1575000 925.6
1580000 911.2
1585000 922.8
1590000 910.5
1595000 682.6
1600000 819.9
1605000 240.0
1610000 492.5
1615000 449.1
1620000 707.1
1625000 779.8
1630000 39.0
1635000 799.2
1640000 312.8
1645000 358.9
1650000 710.8
1655000 784.5
1660000 904.4
1665000 787.0
1670000 558.9
1675000 808.5
1680000 854.3
1685000 886.0
1690000 888.7
1695000 907.0
1700000 841.6
1705000 918.2
1710000 920.0
1715000 154.1
1720000 913.8
1725000 906.7
1730000 895.7
1735000 902.7
1740000 897.3
1745000 916.5
1750000 920.2
1755000 13.3
1760000 4.9
1765000 183.3
1770000 506.8
1775000 561.8
1780000 739.7
1785000 851.1
1790000 924.7
1795000 914.3
1800000 712.5
1805000 683.4
1810000 770.5
1815000 917.1
1820000 851.8
1825000 879.1
1830000 908.6
1835000 910.5
1840000 700.6
1845000 815.4
1850000 907.2
1855000 908.9
1860000 884.3
1865000 877.5
1870000 851.2
1875000 921.6
1880000 932.5
1885000 907.9
1890000 917.8
1895000 913.9
1900000 364.6
1905000 903.1
1910000 832.8
1915000 848.1
1920000 5.6
1925000 873.4
1930000 912.1
1935000 836.1
1940000 766.9
1945000 796.7
1950000 908.9
1955000 920.3
1960000 915.9
1965000 899.7
1970000 916.2
1975000 902.3
1980000 876.3
1985000 845.6
1990000 894.9
1995000 645.6
2000000 925.4
