5000 4.9
10000 4.0
15000 4.3
20000 5.0
25000 4.2
30000 5.1
35000 5.4
40000 5.7
45000 5.0
50000 5.3
55000 6.1
60000 4.3
65000 6.3
70000 4.6
75000 4.9
80000 4.6
85000 7.2
90000 6.3
95000 6.6
100000 6.0
105000 7.4
110000 5.9
115000 6.3
120000 3.0
125000 4.0
130000 14.1
135000 36.8
140000 5.3
145000 89.4
150000 98.9
155000 82.2
160000 94.7
165000 7.1
170000 110.9
175000 98.9
180000 96.4
185000 8.8
190000 197.7
195000 4.1
200000 154.5
205000 187.0
210000 212.2
215000 22.0
220000 180.1
225000 244.2
230000 235.0
235000 208.3
240000 163.7
245000 5.9
250000 5.6
255000 72.1
260000 4.2
265000 152.1
270000 228.6
275000 249.6
280000 240.1
285000 232.3
290000 100.2
295000 195.6
300000 6.1
305000 4.9
310000 105.3
315000 4.6
320000 321.4
325000 96.5
330000 300.9
335000 360.9
340000 372.9
345000 377.6
350000 391.3
355000 398.1
360000 369.6
365000 369.5
370000 369.8
375000 414.6
380000 557.6
385000 482.7
390000 499.2
395000 482.9
400000 391.5
405000 475.2
410000 449.6
415000 5.3
420000 523.9
425000 443.1
430000 5.6
435000 532.8
440000 547.5
445000 592.6
450000 68.6
455000 538.8
460000 641.0
465000 685.1
470000 541.0
475000 597.0
480000 673.3
485000 166.0
490000 441.0
495000 587.2
500000 418.6
505000 839.0
510000 723.3
515000 737.8
520000 507.6
525000 727.4
530000 743.2
535000 756.0
540000 758.2
545000 776.7
550000 743.9
555000 738.7
560000 741.6
565000 756.7
570000 592.3
575000 631.9
580000 759.9
585000 781.0
590000 774.1
595000 814.8
600000 838.9
605000 837.7
610000 803.8
615000 780.3
620000 860.8
625000 856.3
630000 754.8
635000 783.7
640000 753.8
645000 239.6
650000 413.6
655000 575.9
660000 774.1
665000 763.4
670000 784.3
675000 761.4
680000 729.1
685000 847.0
690000 820.3
695000 855.3
700000 5.7
705000 866.0
710000 863.9
715000 822.7
720000 764.1
725000 837.3
730000 741.5
735000 851.8
740000 805.0
745000 853.1
750000 510.6
755000 868.0
760000 818.4
765000 812.5
770000 800.6
775000 6.0
780000 884.6
785000 888.2
790000 872.1
795000 852.5
800000 773.9
805000 162.4
810000 454.5
815000 595.5
820000 742.8
825000 697.7
830000 869.4
835000 792.8
840000 714.2
845000 722.1
850000 857.0
855000 883.6
860000 827.3
865000 896.4
870000 877.7
875000 820.6
880000 883.5
885000 879.1
890000 851.5
895000 797.3
900000 873.8
905000 843.0
910000 848.5
915000 847.4
920000 839.0
925000 834.5
930000 861.8
935000 887.6
940000 785.5
945000 886.4
950000 742.7
955000 880.6
960000 879.4
965000 196.0
970000 420.8
975000 784.4
980000 765.5
985000 750.7
990000 801.8
995000 813.6
1000000 769.3
1005000 729.7
1010000 883.1
1015000 823.3
1020000 850.2
1025000 821.9
1030000 834.9
1035000 857.1
1040000 826.9
1045000 847.5
1050000 794.4
1055000 824.4
1060000 869.0
1065000 822.3
1070000 886.3
1075000 869.3
1080000 851.2
1085000 874.3
1090000 873.9
1095000 862.1
1100000 858.4
1105000 883.4
1110000 881.5
1115000 880.4
1120000 893.6
1125000 192.4
1130000 445.0
1135000 498.0
1140000 678.1
1145000 785.4
1150000 767.6
1155000 786.9
1160000 864.7
1165000 831.4
1170000 858.4
1175000 896.6
1180000 564.5
1185000 600.8
1190000 3.3
1195000 871.3
1200000 897.2
1205000 809.6
1210000 805.8
1215000 886.8
1220000 885.3
1225000 856.4
1230000 658.0
1235000 913.6
1240000 336.1
1245000 4.7
1250000 885.6
1255000 876.8
1260000 691.3
1265000 847.7
1270000 891.4
1275000 734.5
1280000 890.5
1285000 130.9
1290000 325.7
1295000 606.8
1300000 6.0
1305000 780.2
1310000 691.5
1315000 762.9
1320000 732.4
1325000 820.8
1330000 703.2
1335000 872.8
1340000 745.2
1345000 770.0
1350000 863.2
1355000 853.2
1360000 875.3
1365000 698.9
1370000 737.0
1375000 179.8
1380000 4.5
1385000 5.7
1390000 780.6
1395000 548.9
1400000 865.5
1405000 762.5
1410000 843.2
1415000 157.5
1420000 894.4
1425000 5.7
1430000 864.4
1435000 5.1
1440000 878.5
1445000 106.9
1450000 303.4
1455000 465.8
1460000 544.8
1465000 708.5
1470000 814.6
1475000 338.3
1480000 751.0
1485000 766.4
1490000 862.7
1495000 5.3
1500000 851.7
1505000 850.8
1510000 96.7
1515000 817.5
1520000 689.3
1525000 829.8
1530000 858.1
1535000 852.8
1540000 872.0
1545000 273.0
1550000 91.0
1555000 857.0
1560000 775.8
1565000 876.6
1570000 889.3
1575000 894.3
1580000 881.7
1585000 171.6
1590000 885.1
1595000 815.9
1600000 857.8
1605000 54.5
1610000 373.2
1615000 541.7
1620000 597.9
1625000 669.2
1630000 732.2
1635000 766.4
1640000 787.6
1645000 821.8
1650000 865.6
1655000 848.3
1660000 849.1
1665000 857.2
1670000 4.6
1675000 651.7
1680000 888.0
1685000 879.5
1690000 867.9
1695000 881.4
1700000 145.9
1705000 894.9
1710000 867.7
1715000 874.0
1720000 766.0
1725000 883.7
1730000 899.9
1735000 828.2
1740000 796.1
1745000 5.5
1750000 736.1
1755000 881.8
1760000 889.3
1765000 167.8
1770000 369.8
1775000 801.5
1780000 603.8
1785000 822.7
1790000 843.9
1795000 845.0
1800000 812.5
1805000 867.3
1810000 906.0
1815000 880.8
1820000 887.7
1825000 870.5
1830000 857.5
1835000 886.6
1840000 894.2
1845000 683.8
1850000 787.6
1855000 870.1
1860000 471.9
1865000 864.2
1870000 898.0
1875000 807.0
1880000 886.1
1885000 833.4
1890000 539.5
1895000 713.0
1900000 901.5
1905000 901.7
1910000 801.9
1915000 756.4
1920000 866.1
1925000 887.6
1930000 903.3
1935000 898.4
1940000 892.9
1945000 903.0
1950000 879.8
1955000 635.3
1960000 294.2
1965000 892.4
1970000 703.3
1975000 913.6
1980000 813.9
1985000 914.9
1990000 866.9
1995000 893.4
2000000 920.0
