5000 4.2
10000 4.6
15000 4.4
20000 3.9
25000 5.6
30000 2.7
35000 3.3
40000 3.0
45000 6.9
50000 3.2
55000 3.5
60000 3.6
65000 7.1
70000 4.2
75000 5.9
80000 6.5
85000 4.6
90000 6.6
95000 5.2
100000 13.2
105000 5.8
110000 12.3
115000 5.5
120000 8.5
125000 5.8
130000 40.4
135000 5.0
140000 42.6
145000 78.0
150000 53.1
155000 76.9
160000 83.9
165000 7.3
170000 151.0
175000 183.6
180000 77.0
185000 192.3
190000 206.8
195000 234.9
200000 203.4
205000 216.2
210000 249.9
215000 270.5
220000 246.3
225000 225.3
230000 41.2
235000 322.6
240000 274.5
245000 276.6
250000 248.4
255000 47.3
260000 377.6
265000 277.6
270000 337.9
275000 326.3
280000 334.9
285000 290.1
290000 6.2
295000 290.9
300000 5.1
305000 5.3
310000 5.3
315000 603.0
320000 559.0
325000 24.8
330000 385.9
335000 403.2
340000 449.2
345000 469.1
350000 631.2
355000 191.3
360000 539.9
365000 654.6
370000 713.9
375000 580.2
380000 476.8
385000 738.9
390000 799.0
395000 674.6
400000 805.6
405000 768.8
410000 619.7
415000 742.1
420000 691.7
425000 741.9
430000 633.1
435000 796.1
440000 824.5
445000 668.4
450000 833.7
455000 874.6
460000 827.2
465000 818.3
470000 837.3
475000 817.6
480000 767.1
485000 229.9
490000 776.5
495000 739.9
500000 828.5
505000 730.9
510000 729.8
515000 195.8
520000 842.2
525000 889.4
530000 744.3
535000 856.6
540000 841.0
545000 849.1
550000 568.4
555000 857.2
560000 830.9
565000 815.5
570000 831.8
575000 792.8
580000 793.2
585000 867.2
590000 889.4
595000 879.8
600000 854.3
605000 843.5
610000 884.7
615000 751.8
620000 777.6
625000 859.5
630000 838.8
635000 891.2
640000 847.5
645000 215.1
650000 407.0
655000 663.9
660000 871.9
665000 865.5
670000 817.8
675000 846.0
680000 862.7
685000 850.3
690000 837.9
695000 880.1
700000 865.4
705000 897.2
710000 882.9
715000 643.8
720000 897.5
725000 883.4
730000 885.4
735000 864.5
740000 846.8
745000 541.7
750000 855.0
755000 904.4
760000 868.4
765000 897.4
770000 895.1
775000 861.1
780000 859.6
785000 888.6
790000 881.4
795000 868.2
800000 876.6
805000 264.5
810000 759.1
815000 685.4
820000 815.0
825000 736.0
830000 889.5
835000 882.4
840000 876.2
845000 879.9
850000 861.8
855000 873.4
860000 901.1
865000 832.6
870000 874.6
875000 878.2
880000 903.4
885000 882.7
890000 873.8
895000 909.1
900000 917.4
905000 878.1
910000 890.7
915000 909.9
920000 905.2
925000 890.2
930000 919.9
935000 896.5
940000 881.9
945000 914.4
950000 899.7
955000 905.6
960000 887.7
965000 198.9
970000 717.6
975000 630.1
980000 905.1
985000 691.2
990000 890.4
995000 634.9
1000000 829.5
1005000 882.4
1010000 880.1
1015000 911.6
1020000 913.7
1025000 799.0
1030000 833.2
1035000 855.9
1040000 872.4
1045000 887.4
1050000 844.0
1055000 926.0
1060000 877.0
1065000 893.6
1070000 907.6
1075000 855.1
1080000 899.4
1085000 911.0
1090000 882.9
1095000 97.5
1100000 887.3
1105000 897.3
1110000 914.5
1115000 917.2
1120000 852.4
1125000 109.6
1130000 677.9
1135000 800.6
1140000 667.4
1145000 883.9
1150000 845.3
1155000 850.7
1160000 857.2
1165000 831.1
1170000 867.1
1175000 897.0
1180000 882.3
1185000 835.1
1190000 872.4
1195000 732.0
1200000 899.8
1205000 831.0
1210000 698.9
1215000 899.1
1220000 867.9
1225000 875.0
1230000 912.2
1235000 6.4
1240000 795.7
1245000 906.8
1250000 722.4
1255000 906.7
1260000 714.2
1265000 881.0
1270000 820.3
1275000 842.0
1280000 857.5
1285000 128.3
1290000 463.2
1295000 692.1
1300000 676.5
1305000 854.4
1310000 628.4
1315000 850.7
1320000 714.1
1325000 916.0
1330000 894.6
1335000 446.7
1340000 853.6
1345000 765.1
1350000 653.4
1355000 663.1
1360000 893.8
1365000 892.1
1370000 4.4
1375000 869.8
1380000 713.8
1385000 298.7
1390000 6.2
1395000 772.5
1400000 753.3
1405000 5.3
1410000 735.2
1415000 633.2
1420000 803.8
1425000 5.0
1430000 848.0
1435000 905.6
1440000 887.9
1445000 130.3
1450000 392.5
1455000 495.0
1460000 646.6
1465000 680.3
1470000 688.4
1475000 22.2
1480000 795.4
1485000 362.1
1490000 743.8
1495000 885.3
1500000 738.6
1505000 905.0
1510000 653.0
1515000 853.1
1520000 891.4
1525000 26.6
1530000 745.0
1535000 707.5
1540000 901.3
1545000 3.9
1550000 916.6
1555000 851.5
1560000 879.6
1565000 874.3
1570000 886.4
1575000 894.3
1580000 904.3
1585000 826.5
1590000 799.5
1595000 893.6
1600000 890.5
1605000 118.4
1610000 641.9
1615000 464.9
1620000 785.7
1625000 798.1
1630000 902.4
1635000 856.7
1640000 852.1
1645000 864.4
1650000 874.5
1655000 859.8
1660000 873.5
1665000 848.8
1670000 893.4
1675000 885.7
1680000 699.3
1685000 819.4
1690000 301.8
1695000 914.0
1700000 865.8
1705000 913.5
1710000 875.6
1715000 852.4
1720000 895.7
1725000 906.3
1730000 894.1
1735000 5.6
1740000 893.2
1745000 893.7
1750000 885.7
1755000 922.8
1760000 907.8
1765000 169.5
1770000 537.5
1775000 625.3
1780000 713.3
1785000 827.8
1790000 871.4
1795000 749.7
1800000 883.0
1805000 837.5
1810000 867.9
1815000 373.1
1820000 906.4
1825000 857.0
1830000 871.4
1835000 804.0
1840000 896.2
1845000 895.7
1850000 882.4
1855000 882.0
1860000 818.9
1865000 915.5
1870000 907.9
1875000 900.2
1880000 883.7
1885000 895.2
1890000 923.9
1895000 920.5
1900000 899.1
1905000 453.8
1910000 911.9
1915000 715.9
1920000 683.0
1925000 839.0
1930000 907.3
1935000 890.1
1940000 903.7
1945000 933.6
1950000 912.3
1955000 816.4
1960000 837.1
1965000 731.5
1970000 921.6
1975000 887.7
1980000 910.3
1985000 654.7
1990000 881.9
1995000 544.4
2000000 902.9
