5000 56.7
10000 82.3
15000 98.4
20000 61.4
25000 75.1
30000 152.7
35000 107.5
40000 54.5
45000 86.4
50000 96.1
55000 172.0
60000 109.4
65000 179.7
70000 214.9
75000 119.6
80000 65.8
85000 151.8
90000 145.8
95000 198.1
100000 70.2
105000 151.1
110000 197.2
115000 198.0
120000 176.7
125000 121.1
130000 190.8
135000 130.7
140000 110.6
145000 172.5
150000 148.3
155000 347.5
160000 303.6
165000 427.1
170000 176.9
175000 363.1
180000 190.8
185000 291.3
190000 398.2
195000 381.3
200000 368.3
205000 147.8
210000 315.4
215000 498.7
220000 571.0
225000 567.0
230000 445.8
235000 158.7
240000 446.3
245000 334.0
250000 502.6
255000 583.7
260000 212.0
265000 392.5
270000 494.1
275000 361.0
280000 565.6
285000 486.9
290000 473.0
295000 412.2
300000 288.1
305000 600.7
310000 432.4
315000 535.7
320000 425.4
325000 484.6
330000 516.3
335000 370.0
340000 630.5
345000 397.0
350000 679.7
355000 319.3
360000 510.8
365000 417.9
370000 533.7
375000 468.8
380000 313.3
385000 624.5
390000 552.1
395000 471.7
400000 458.6
405000 534.2
410000 302.6
415000 463.1
420000 572.0
425000 512.1
430000 454.2
435000 457.3
440000 444.1
445000 638.0
450000 627.6
455000 604.6
460000 429.9
465000 547.8
470000 453.1
475000 407.1
480000 323.4
485000 472.7
490000 475.5
495000 529.9
500000 450.9
505000 569.4
510000 559.0
515000 483.6
520000 483.2
525000 328.4
530000 482.6
535000 345.5
540000 530.8
545000 621.1
550000 512.3
555000 368.5
560000 556.4
565000 482.2
570000 497.8
575000 382.1
580000 469.3
585000 563.3
590000 421.4
595000 482.2
600000 666.3
605000 625.0
610000 679.0
615000 537.5
620000 521.3
625000 486.0
630000 643.3
635000 596.8
640000 385.2
645000 580.5
650000 490.5
655000 578.5
660000 502.6
665000 678.5
670000 725.1
675000 628.8
680000 531.3
685000 537.4
690000 486.4
695000 492.8
700000 521.0
705000 432.9
710000 672.9
715000 547.1
720000 516.0
725000 340.3
730000 357.3
735000 424.4
740000 538.1
745000 388.4
750000 515.0
755000 294.7
760000 681.0
765000 416.6
770000 457.9
775000 493.7
780000 549.7
785000 315.7
790000 552.0
795000 499.5
800000 547.6
805000 598.8
810000 740.3
815000 530.9
820000 443.5
825000 552.3
830000 638.2
835000 512.3
840000 705.2
845000 552.6
850000 465.0
855000 656.8
860000 601.6
865000 485.6
870000 576.1
875000 599.5
880000 532.1
885000 373.3
890000 706.7
895000 655.7
900000 772.4
905000 539.8
910000 336.2
915000 534.2
920000 457.3
925000 521.4
930000 656.1
935000 447.9
940000 568.6
945000 616.3
950000 655.5
955000 429.5
960000 629.2
965000 638.7
970000 597.1
975000 633.6
980000 501.2
985000 466.3
990000 590.2
995000 695.8
1000000 593.4
