5000 89.0
10000 67.4
15000 96.3
20000 59.5
25000 59.9
30000 70.5
35000 60.0
40000 143.5
45000 124.3
50000 101.5
55000 112.4
60000 89.8
65000 62.0
70000 69.9
75000 72.9
80000 82.9
85000 140.5
90000 141.2
95000 142.0
100000 110.7
105000 67.4
110000 100.3
115000 196.9
120000 125.5
125000 59.0
130000 240.4
135000 73.7
140000 134.6
145000 69.3
150000 221.1
155000 126.2
160000 76.0
165000 276.6
170000 112.8
175000 123.8
180000 214.5
185000 263.3
190000 325.8
195000 68.2
200000 123.6
205000 200.9
210000 58.8
215000 154.0
220000 165.4
225000 173.1
230000 344.4
235000 163.6
240000 234.0
245000 290.0
250000 319.6
255000 194.8
260000 165.3
265000 260.5
270000 208.2
275000 144.8
280000 85.2
285000 214.1
290000 188.3
295000 283.6
300000 323.8
305000 278.0
310000 340.0
315000 406.8
320000 173.5
325000 136.7
330000 260.8
335000 426.4
340000 319.0
345000 210.4
350000 492.4
355000 347.2
360000 338.8
365000 260.7
370000 137.4
375000 425.5
380000 390.7
385000 73.0
390000 151.4
395000 249.8
400000 422.4
405000 375.1
410000 483.4
415000 339.8
420000 354.8
425000 400.1
430000 392.5
435000 134.9
440000 323.2
445000 337.5
450000 352.3
455000 376.9
460000 534.4
465000 572.3
470000 378.2
475000 248.1
480000 325.9
485000 187.2
490000 492.0
495000 381.6
500000 281.7
505000 351.3
510000 345.8
515000 531.6
520000 381.9
525000 246.3
530000 380.0
535000 462.9
540000 210.3
545000 408.8
550000 412.0
555000 282.3
560000 384.5
565000 474.6
570000 630.7
575000 429.9
580000 459.8
585000 439.2
590000 302.4
595000 280.8
600000 461.3
605000 136.3
610000 360.8
615000 324.9
620000 402.9
625000 366.1
630000 398.8
635000 457.5
640000 375.4
645000 356.5
650000 392.4
655000 422.1
660000 211.8
665000 382.4
670000 603.0
675000 357.0
680000 586.3
685000 473.7
690000 190.7
695000 173.6
700000 573.0
705000 404.1
710000 361.5
715000 552.8
720000 463.2
725000 359.8
730000 499.1
735000 464.9
740000 403.7
745000 513.3
750000 352.1
755000 361.0
760000 399.5
765000 523.7
770000 383.9
775000 611.6
780000 497.7
785000 479.6
790000 423.1
795000 350.3
800000 658.5
805000 416.1
810000 399.4
815000 355.4
820000 376.7
825000 203.5
830000 534.5
835000 538.3
840000 656.6
845000 342.1
850000 650.6
855000 408.9
860000 196.2
865000 561.8
870000 545.4
875000 448.4
880000 555.0
885000 547.9
890000 574.0
895000 443.4
900000 338.7
905000 641.7
910000 373.8
915000 509.6
920000 559.5
925000 353.2
930000 392.2
935000 385.6
940000 276.3
945000 293.4
950000 498.3
955000 609.0
960000 593.8
965000 369.2
970000 377.3
975000 444.8
980000 260.1
985000 513.5
990000 492.9
995000 497.9
1000000 423.5
