5000 182.3
10000 180.5
15000 53.9
20000 54.9
25000 59.6
30000 57.9
35000 123.8
40000 102.6
45000 131.0
50000 132.6
55000 149.4
60000 191.7
65000 78.7
70000 268.9
75000 332.5
80000 197.4
85000 108.4
90000 191.8
95000 89.7
100000 52.0
105000 202.9
110000 77.7
115000 133.1
120000 298.3
125000 188.7
130000 225.3
135000 194.6
140000 335.7
145000 175.3
150000 103.0
155000 102.8
160000 325.9
165000 108.5
170000 139.9
175000 475.8
180000 62.5
185000 361.3
190000 271.6
195000 332.9
200000 447.8
205000 241.4
210000 415.7
215000 373.1
220000 329.3
225000 289.1
230000 344.1
235000 204.9
240000 105.2
245000 319.5
250000 271.5
255000 474.6
260000 362.4
265000 210.3
270000 551.8
275000 370.6
280000 226.4
285000 250.4
290000 304.4
295000 279.4
300000 212.9
305000 336.1
310000 377.8
315000 464.8
320000 395.9
325000 468.4
330000 297.9
335000 292.8
340000 490.9
345000 384.6
350000 428.7
355000 311.5
360000 225.7
365000 430.7
370000 273.7
375000 270.2
380000 385.7
385000 428.6
390000 295.0
395000 488.8
400000 459.2
405000 213.0
410000 237.2
415000 475.1
420000 278.8
425000 426.3
430000 196.5
435000 464.0
440000 345.1
445000 605.6
450000 348.7
455000 387.7
460000 353.5
465000 402.8
470000 350.8
475000 370.0
480000 537.9
485000 408.5
490000 602.8
495000 262.0
500000 355.6
505000 315.4
510000 534.2
515000 312.8
520000 487.6
525000 349.6
530000 503.3
535000 430.9
540000 335.1
545000 485.3
550000 542.3
555000 586.7
560000 406.3
565000 195.9
570000 511.8
575000 573.0
580000 258.6
585000 438.6
590000 543.0
595000 441.2
600000 379.2
605000 329.2
610000 149.6
615000 504.5
620000 327.4
625000 258.0
630000 428.6
635000 271.0
640000 500.0
645000 391.3
650000 392.7
655000 599.3
660000 407.3
665000 394.0
670000 527.8
675000 354.7
680000 342.8
685000 478.2
690000 522.1
695000 492.8
700000 418.6
705000 274.3
710000 468.1
715000 537.6
720000 427.7
725000 347.7
730000 325.1
735000 375.0
740000 357.1
745000 241.0
750000 427.4
755000 552.8
760000 443.4
765000 331.8
770000 470.7
775000 386.4
780000 569.4
785000 515.7
790000 574.9
795000 529.9
800000 511.8
805000 374.9
810000 364.5
815000 451.7
820000 513.0
825000 593.7
830000 518.2
835000 511.8
840000 409.7
845000 554.6
850000 413.4
855000 367.2
860000 597.7
865000 298.9
870000 549.5
875000 439.8
880000 646.1
885000 710.1
890000 557.9
895000 496.1
900000 509.8
905000 607.0
910000 457.7
915000 446.4
920000 576.3
925000 417.4
930000 374.1
935000 359.2
940000 419.9
945000 698.5
950000 398.6
955000 372.4
960000 477.1
965000 596.2
970000 459.1
975000 611.3
980000 584.0
985000 263.8
990000 321.9
995000 718.2
1000000 440.2
