5000 77.3
10000 72.2
15000 50.5
20000 140.1
25000 53.7
30000 92.4
35000 71.3
40000 72.7
45000 71.8
50000 68.1
55000 89.3
60000 57.8
65000 56.8
70000 58.2
75000 124.4
80000 77.6
85000 122.7
90000 54.4
95000 74.6
100000 132.7
105000 75.7
110000 81.1
115000 172.0
120000 57.4
125000 104.6
130000 169.3
135000 137.5
140000 73.2
145000 77.8
150000 92.6
155000 119.7
160000 110.7
165000 108.9
170000 197.1
175000 83.9
180000 148.9
185000 87.0
190000 94.8
195000 347.4
200000 110.4
205000 63.4
210000 149.2
215000 58.4
220000 117.4
225000 77.8
230000 235.5
235000 149.1
240000 122.1
245000 216.0
250000 82.1
255000 68.0
260000 105.1
265000 232.4
270000 152.7
275000 101.6
280000 205.1
285000 86.7
290000 130.1
295000 240.9
300000 117.9
305000 166.9
310000 122.9
315000 172.5
320000 209.4
325000 318.2
330000 170.3
335000 200.6
340000 266.2
345000 235.7
350000 213.3
355000 323.7
360000 283.2
365000 74.6
370000 226.0
375000 364.0
380000 291.4
385000 145.1
390000 139.7
395000 251.4
400000 117.3
405000 181.7
410000 245.1
415000 118.1
420000 133.0
425000 236.8
430000 284.0
435000 173.8
440000 204.2
445000 288.3
450000 323.9
455000 485.9
460000 221.4
465000 144.8
470000 271.0
475000 242.1
480000 240.2
485000 140.4
490000 333.5
495000 286.4
500000 289.5
505000 190.9
510000 208.9
515000 167.5
520000 296.8
525000 312.5
530000 195.6
535000 322.7
540000 256.8
545000 457.0
550000 301.4
555000 413.4
560000 332.0
565000 418.9
570000 443.8
575000 306.2
580000 579.0
585000 519.1
590000 358.7
595000 133.0
600000 377.6
605000 581.6
610000 294.1
615000 55.3
620000 171.5
625000 459.3
630000 226.2
635000 312.4
640000 287.9
645000 141.5
650000 461.6
655000 447.9
660000 284.6
665000 164.3
670000 329.7
675000 583.8
680000 519.2
685000 548.4
690000 301.6
695000 219.1
700000 257.5
705000 406.5
710000 356.5
715000 224.6
720000 243.7
725000 304.6
730000 244.5
735000 290.6
740000 330.6
745000 249.0
750000 405.4
755000 402.9
760000 493.8
765000 320.6
770000 366.5
775000 302.6
780000 512.9
785000 437.1
790000 436.7
795000 301.3
800000 529.4
805000 367.5
810000 597.4
815000 216.7
820000 394.1
825000 425.0
830000 222.4
835000 371.7
840000 359.5
845000 578.4
850000 366.5
855000 576.3
860000 256.6
865000 642.4
870000 267.7
875000 254.0
880000 432.1
885000 354.6
890000 359.7
895000 505.3
900000 129.0
905000 367.8
910000 396.2
915000 457.6
920000 355.9
925000 279.2
930000 485.0
935000 478.9
940000 360.8
945000 336.9
950000 434.4
955000 315.9
960000 493.5
965000 451.9
970000 404.6
975000 379.7
980000 290.7
985000 570.1
990000 499.7
995000 442.7
1000000 306.7
