5000 115.3
10000 150.9
15000 47.7
20000 69.0
25000 93.2
30000 117.1
35000 78.8
40000 89.5
45000 99.8
50000 177.1
55000 92.6
60000 137.7
65000 191.3
70000 144.8
75000 233.0
80000 144.0
85000 322.8
90000 231.5
95000 364.5
100000 173.0
105000 346.3
110000 203.7
115000 392.7
120000 138.6
125000 82.3
130000 383.1
135000 356.4
140000 291.1
145000 287.8
150000 292.5
155000 193.6
160000 425.1
165000 242.5
170000 253.2
175000 241.5
180000 223.4
185000 256.7
190000 204.5
195000 309.1
200000 329.6
205000 214.5
210000 308.0
215000 342.6
220000 360.8
225000 420.6
230000 247.5
235000 380.8
240000 459.8
245000 485.6
250000 336.5
255000 254.4
260000 497.0
265000 402.4
270000 349.3
275000 463.2
280000 294.7
285000 431.6
290000 513.2
295000 474.7
300000 331.0
305000 315.5
310000 266.1
315000 514.6
320000 450.9
325000 496.4
330000 491.0
335000 363.6
340000 525.9
345000 269.3
350000 428.8
355000 430.0
360000 377.4
365000 553.4
370000 504.0
375000 326.3
380000 370.6
385000 410.1
390000 543.6
395000 356.0
400000 306.1
405000 380.6
410000 368.7
415000 335.4
420000 383.7
425000 437.9
430000 580.6
435000 299.6
440000 418.0
445000 456.9
450000 435.2
455000 473.4
460000 424.0
465000 531.4
470000 342.9
475000 431.1
480000 369.7
485000 488.0
490000 376.8
495000 435.7
500000 130.9
505000 380.2
510000 441.6
515000 490.0
520000 537.7
525000 675.3
530000 427.4
535000 399.6
540000 361.7
545000 485.5
550000 473.0
555000 371.6
560000 457.4
565000 582.2
570000 567.6
575000 363.8
580000 339.4
585000 754.7
590000 391.7
595000 305.8
600000 394.2
605000 393.8
610000 448.2
615000 448.9
620000 275.6
625000 502.9
630000 406.8
635000 678.0
640000 363.1
645000 404.4
650000 397.8
655000 416.9
660000 504.1
665000 448.7
670000 571.2
675000 316.7
680000 576.1
685000 498.1
690000 436.7
695000 355.1
700000 477.4
705000 593.6
710000 493.6
715000 567.5
720000 661.2
725000 335.6
730000 311.6
735000 488.4
740000 292.2
745000 465.4
750000 490.8
755000 504.7
760000 539.9
765000 419.6
770000 446.8
775000 409.0
780000 532.7
785000 481.8
790000 443.1
795000 439.9
800000 615.7
805000 571.8
810000 252.5
815000 442.4
820000 453.2
825000 366.2
830000 335.3
835000 431.8
840000 507.7
845000 292.7
850000 532.9
855000 473.4
860000 467.4
865000 356.0
870000 491.2
875000 568.9
880000 542.5
885000 348.3
890000 438.4
895000 374.0
900000 388.7
905000 415.5
910000 353.2
915000 586.9
920000 443.1
925000 450.4
930000 635.7
935000 633.2
940000 356.8
945000 397.7
950000 558.9
955000 583.0
960000 407.5
965000 567.5
970000 728.4
975000 426.2
980000 680.6
985000 586.0
990000 328.3
995000 614.9
1000000 485.2
