5000 46.5
10000 80.8
15000 80.1
20000 53.3
25000 80.5
30000 146.1
35000 266.5
40000 78.9
45000 53.6
50000 70.5
55000 107.3
60000 70.1
65000 110.3
70000 98.2
75000 233.1
80000 210.5
85000 84.8
90000 91.5
95000 177.8
100000 140.8
105000 204.2
110000 53.2
115000 212.4
120000 62.9
125000 167.5
130000 336.6
135000 180.5
140000 228.0
145000 189.6
150000 223.6
155000 281.8
160000 239.4
165000 420.4
170000 297.1
175000 504.6
180000 52.8
185000 270.2
190000 271.0
195000 234.2
200000 214.9
205000 355.2
210000 356.0
215000 381.5
220000 252.6
225000 334.2
230000 475.8
235000 254.4
240000 503.4
245000 360.7
250000 352.2
255000 380.7
260000 596.1
265000 596.7
270000 388.9
275000 417.6
280000 205.2
285000 504.9
290000 289.1
295000 421.9
300000 398.3
305000 359.9
310000 185.3
315000 396.3
320000 525.1
325000 418.4
330000 495.3
335000 323.9
340000 305.3
345000 478.2
350000 420.5
355000 534.9
360000 486.2
365000 506.6
370000 331.6
375000 493.1
380000 522.5
385000 345.8
390000 500.7
395000 497.1
400000 337.7
405000 405.5
410000 412.5
415000 274.6
420000 519.1
425000 429.5
430000 316.7
435000 362.8
440000 616.8
445000 449.1
450000 378.9
455000 336.1
460000 376.5
465000 486.2
470000 346.9
475000 374.9
480000 579.9
485000 525.0
490000 407.7
495000 495.2
500000 397.9
505000 401.8
510000 586.9
515000 428.1
520000 464.2
525000 474.1
530000 557.9
535000 493.1
540000 412.6
545000 356.1
550000 424.0
555000 309.3
560000 434.0
565000 478.5
570000 439.0
575000 285.7
580000 599.1
585000 466.5
590000 494.0
595000 535.9
600000 334.3
605000 401.8
610000 425.5
615000 452.7
620000 456.0
625000 476.8
630000 586.4
635000 441.9
640000 514.2
645000 413.2
650000 435.7
655000 589.7
660000 649.8
665000 212.2
670000 363.4
675000 447.2
680000 442.4
685000 399.6
690000 565.6
695000 402.8
700000 557.1
705000 402.7
710000 537.6
715000 483.2
720000 499.9
725000 321.3
730000 268.9
735000 412.2
740000 619.3
745000 667.2
750000 415.4
755000 597.9
760000 550.6
765000 554.9
770000 685.3
775000 445.8
780000 478.8
785000 621.9
790000 579.3
795000 319.8
800000 411.2
805000 470.7
810000 604.9
815000 453.0
820000 495.2
825000 625.9
830000 590.3
835000 620.0
840000 378.3
845000 630.4
850000 474.2
855000 368.6
860000 387.8
865000 618.2
870000 404.3
875000 282.4
880000 459.2
885000 631.0
890000 475.2
895000 593.6
900000 375.2
905000 502.4
910000 430.9
915000 536.6
920000 447.1
925000 512.4
930000 467.8
935000 597.7
940000 488.0
945000 601.7
950000 648.6
955000 538.0
960000 588.5
965000 624.3
970000 517.5
975000 637.9
980000 760.3
985000 514.9
990000 469.8
995000 577.1
1000000 398.1
