5000 54.9
10000 73.7
15000 155.7
20000 69.1
25000 60.8
30000 50.6
35000 137.5
40000 78.4
45000 125.8
50000 116.8
55000 69.6
60000 76.2
65000 146.4
70000 76.5
75000 144.6
80000 196.1
85000 51.6
90000 119.5
95000 59.0
100000 77.4
105000 206.3
110000 250.0
115000 181.1
120000 135.6
125000 349.7
130000 216.8
135000 336.1
140000 192.9
145000 415.0
150000 467.9
155000 267.6
160000 379.5
165000 342.7
170000 161.1
175000 289.3
180000 334.1
185000 518.3
190000 279.0
195000 357.9
200000 355.4
205000 295.4
210000 227.1
215000 403.1
220000 423.0
225000 392.6
230000 492.1
235000 265.6
240000 396.2
245000 163.9
250000 656.3
255000 545.8
260000 418.5
265000 444.8
270000 353.0
275000 372.8
280000 556.6
285000 435.1
290000 481.9
295000 396.5
300000 313.8
305000 364.3
310000 455.8
315000 547.0
320000 400.5
325000 384.7
330000 594.7
335000 487.5
340000 346.0
345000 294.8
350000 394.7
355000 571.8
360000 651.1
365000 578.9
370000 305.0
375000 314.5
380000 461.5
385000 561.2
390000 354.4
395000 473.5
400000 366.5
405000 401.1
410000 425.5
415000 502.5
420000 465.2
425000 360.5
430000 551.3
435000 515.4
440000 556.0
445000 343.3
450000 209.9
455000 525.9
460000 220.8
465000 329.8
470000 478.6
475000 545.3
480000 491.1
485000 463.5
490000 574.2
495000 564.5
500000 538.8
505000 333.3
510000 468.6
515000 343.3
520000 251.9
525000 577.6
530000 411.5
535000 534.2
540000 391.4
545000 434.6
550000 418.5
555000 545.3
560000 589.3
565000 637.9
570000 526.6
575000 462.0
580000 660.1
585000 574.4
590000 640.1
595000 587.9
600000 523.0
605000 572.5
610000 510.3
615000 564.3
620000 407.9
625000 488.0
630000 528.5
635000 683.8
640000 716.3
645000 348.3
650000 709.9
655000 445.9
660000 337.2
665000 312.6
670000 659.0
675000 524.6
680000 596.4
685000 469.5
690000 523.0
695000 481.3
700000 553.6
705000 381.0
710000 660.8
715000 458.1
720000 603.2
725000 723.2
730000 475.3
735000 358.0
740000 711.4
745000 471.5
750000 701.2
755000 425.2
760000 497.5
765000 625.3
770000 556.6
775000 523.3
780000 367.6
785000 429.5
790000 417.1
795000 555.8
800000 410.7
805000 653.2
810000 437.9
815000 519.4
820000 610.7
825000 590.6
830000 586.2
835000 357.5
840000 445.2
845000 559.6
850000 610.1
855000 579.6
860000 483.5
865000 561.5
870000 662.0
875000 478.1
880000 441.9
885000 452.8
890000 649.2
895000 653.4
900000 458.7
905000 526.6
910000 572.6
915000 632.8
920000 604.5
925000 442.2
930000 577.5
935000 443.1
940000 501.7
945000 540.0
950000 660.0
955000 391.1
960000 701.6
965000 616.0
970000 443.7
975000 520.2
980000 717.3
985000 397.2
990000 694.6
995000 508.3
1000000 619.0
