5000 98.1
10000 51.0
15000 224.7
20000 85.5
25000 84.0
30000 90.3
35000 85.9
40000 40.9
45000 89.2
50000 126.7
55000 81.6
60000 78.0
65000 58.3
70000 197.1
75000 117.0
80000 218.5
85000 163.5
90000 142.6
95000 250.8
100000 220.2
105000 257.8
110000 290.5
115000 259.4
120000 178.6
125000 314.8
130000 604.1
135000 184.4
140000 129.6
145000 324.8
150000 294.9
155000 439.7
160000 242.2
165000 173.9
170000 393.9
175000 206.1
180000 335.5
185000 235.7
190000 180.0
195000 443.7
200000 223.1
205000 365.6
210000 299.5
215000 319.3
220000 207.9
225000 265.7
230000 418.7
235000 371.5
240000 346.4
245000 439.2
250000 190.1
255000 393.7
260000 420.1
265000 179.3
270000 321.9
275000 374.7
280000 368.9
285000 359.6
290000 277.4
295000 323.9
300000 159.0
305000 305.3
310000 370.7
315000 216.0
320000 599.9
325000 344.9
330000 542.7
335000 365.0
340000 548.5
345000 442.5
350000 458.0
355000 455.6
360000 362.8
365000 314.6
370000 616.6
375000 166.3
380000 269.2
385000 432.0
390000 622.8
395000 356.1
400000 358.7
405000 315.6
410000 631.5
415000 452.8
420000 410.9
425000 425.5
430000 640.0
435000 483.5
440000 415.3
445000 539.8
450000 295.8
455000 470.5
460000 579.0
465000 457.7
470000 319.2
475000 640.2
480000 330.6
485000 284.6
490000 445.5
495000 153.1
500000 521.4
505000 222.9
510000 345.6
515000 437.2
520000 589.1
525000 532.6
530000 343.1
535000 535.1
540000 296.1
545000 511.9
550000 352.3
555000 391.7
560000 610.6
565000 452.0
570000 473.7
575000 537.7
580000 478.4
585000 510.6
590000 549.6
595000 434.6
600000 498.5
605000 502.4
610000 395.6
615000 461.2
620000 381.9
625000 451.9
630000 555.0
635000 437.6
640000 413.9
645000 585.1
650000 581.5
655000 241.6
660000 625.3
665000 613.4
670000 340.3
675000 495.6
680000 501.1
685000 418.4
690000 370.2
695000 515.7
700000 561.7
705000 692.2
710000 566.9
715000 445.4
720000 647.0
725000 682.3
730000 522.4
735000 523.6
740000 394.2
745000 499.2
750000 290.6
755000 369.5
760000 400.9
765000 354.9
770000 260.1
775000 367.1
780000 529.3
785000 553.7
790000 556.7
795000 508.2
800000 711.0
805000 634.7
810000 469.7
815000 705.7
820000 481.5
825000 475.3
830000 416.0
835000 519.8
840000 704.3
845000 612.5
850000 575.3
855000 490.5
860000 693.9
865000 462.1
870000 396.3
875000 452.9
880000 306.9
885000 561.0
890000 550.4
895000 550.9
900000 509.1
905000 583.4
910000 593.8
915000 508.9
920000 457.1
925000 406.4
930000 639.3
935000 499.3
940000 828.0
945000 661.6
950000 387.4
955000 670.5
960000 465.2
965000 683.0
970000 502.5
975000 472.4
980000 631.9
985000 565.7
990000 547.6
995000 519.1
1000000 497.2
