5000 47.4
10000 93.2
15000 74.7
20000 71.6
25000 65.8
30000 123.7
35000 80.1
40000 106.8
45000 115.4
50000 96.1
55000 231.6
60000 92.8
65000 137.8
70000 254.3
75000 64.9
80000 165.6
85000 121.9
90000 210.7
95000 259.3
100000 128.1
105000 179.4
110000 215.0
115000 149.3
120000 265.0
125000 244.5
130000 75.4
135000 178.0
140000 288.0
145000 317.7
150000 175.8
155000 280.2
160000 162.8
165000 379.9
170000 338.5
175000 172.0
180000 183.0
185000 355.8
190000 170.4
195000 164.9
200000 242.9
205000 270.2
210000 335.3
215000 309.7
220000 321.6
225000 379.4
230000 466.6
235000 211.7
240000 311.1
245000 463.2
250000 558.2
255000 540.4
260000 478.5
265000 411.3
270000 507.4
275000 374.8
280000 487.1
285000 460.0
290000 325.9
295000 239.4
300000 515.4
305000 480.6
310000 411.1
315000 349.7
320000 382.3
325000 415.9
330000 590.2
335000 310.4
340000 427.1
345000 496.9
350000 286.9
355000 454.7
360000 367.6
365000 520.7
370000 553.7
375000 580.5
380000 462.1
385000 619.7
390000 343.1
395000 479.7
400000 512.6
405000 601.4
410000 523.8
415000 506.0
420000 448.8
425000 502.4
430000 292.4
435000 427.9
440000 669.9
445000 547.4
450000 547.9
455000 567.4
460000 697.1
465000 484.5
470000 419.8
475000 553.3
480000 491.5
485000 725.0
490000 450.3
495000 630.7
500000 612.1
505000 597.2
510000 451.3
515000 504.0
520000 625.7
525000 557.5
530000 546.2
535000 364.8
540000 508.6
545000 510.1
550000 624.4
555000 527.1
560000 510.8
565000 488.8
570000 587.1
575000 699.2
580000 650.6
585000 502.9
590000 624.7
595000 463.0
600000 773.3
605000 458.2
610000 625.3
615000 604.5
620000 546.8
625000 528.7
630000 544.6
635000 432.9
640000 464.6
645000 546.5
650000 577.3
655000 618.0
660000 552.9
665000 574.5
670000 466.8
675000 632.9
680000 583.1
685000 565.1
690000 713.4
695000 546.2
700000 623.4
705000 648.1
710000 654.3
715000 785.4
720000 519.4
725000 606.6
730000 611.6
735000 605.8
740000 625.0
745000 540.2
750000 679.2
755000 632.8
760000 526.9
765000 742.2
770000 476.7
775000 540.6
780000 486.0
785000 640.8
790000 613.6
795000 400.6
800000 444.3
805000 573.7
810000 496.9
815000 508.4
820000 499.9
825000 607.2
830000 283.5
835000 653.0
840000 696.0
845000 474.2
850000 476.5
855000 511.6
860000 643.4
865000 519.7
870000 549.5
875000 572.7
880000 533.7
885000 611.8
890000 740.4
895000 628.0
900000 669.1
905000 759.2
910000 693.3
915000 762.6
920000 460.3
925000 703.6
930000 510.0
935000 495.6
940000 680.3
945000 641.3
950000 714.7
955000 644.4
960000 570.3
965000 384.2
970000 495.8
975000 579.6
980000 753.6
985000 798.2
990000 704.5
995000 463.9
1000000 637.6
