5000 68.8
10000 81.8
15000 37.2
20000 74.0
25000 174.7
30000 88.9
35000 117.2
40000 76.3
45000 71.7
50000 99.9
55000 62.3
60000 103.5
65000 74.3
70000 124.9
75000 85.0
80000 75.3
85000 77.0
90000 77.7
95000 114.7
100000 55.9
105000 163.8
110000 191.0
115000 289.9
120000 219.1
125000 65.2
130000 181.5
135000 96.2
140000 73.6
145000 276.1
150000 313.5
155000 263.2
160000 125.2
165000 315.6
170000 171.1
175000 143.2
180000 230.2
185000 397.3
190000 226.9
195000 163.7
200000 223.0
205000 317.4
210000 253.5
215000 132.0
220000 447.4
225000 620.4
230000 433.3
235000 212.4
240000 277.8
245000 323.5
250000 209.9
255000 243.2
260000 250.6
265000 339.7
270000 563.2
275000 427.8
280000 275.3
285000 421.6
290000 441.9
295000 235.3
300000 353.1
305000 376.0
310000 217.8
315000 483.0
320000 426.4
325000 138.3
330000 486.4
335000 283.7
340000 430.3
345000 454.7
350000 535.1
355000 314.1
360000 510.1
365000 315.6
370000 414.0
375000 296.5
380000 266.9
385000 139.7
390000 443.6
395000 320.5
400000 135.0
405000 170.6
410000 546.3
415000 399.8
420000 565.5
425000 508.9
430000 559.9
435000 593.2
440000 367.9
445000 344.3
450000 363.9
455000 427.7
460000 414.2
465000 448.0
470000 317.3
475000 420.9
480000 509.4
485000 531.5
490000 282.9
495000 565.7
500000 447.8
505000 525.7
510000 354.0
515000 255.6
520000 434.5
525000 457.3
530000 624.5
535000 290.8
540000 380.8
545000 442.1
550000 389.2
555000 387.4
560000 445.6
565000 337.3
570000 301.9
575000 643.2
580000 397.5
585000 280.5
590000 516.7
595000 521.9
600000 488.5
605000 260.9
610000 487.2
615000 462.6
620000 437.3
625000 374.1
630000 414.1
635000 398.3
640000 571.9
645000 504.8
650000 562.8
655000 463.9
660000 474.8
665000 466.3
670000 545.9
675000 408.1
680000 547.4
685000 387.9
690000 508.2
695000 575.9
700000 561.8
705000 377.4
710000 610.3
715000 435.1
720000 598.0
725000 556.1
730000 491.1
735000 457.0
740000 502.6
745000 435.4
750000 539.2
755000 411.4
760000 386.2
765000 613.3
770000 498.5
775000 352.0
780000 485.3
785000 506.4
790000 337.1
795000 742.9
800000 353.6
805000 446.0
810000 579.7
815000 645.0
820000 568.6
825000 445.9
830000 679.9
835000 630.0
840000 550.0
845000 476.9
850000 411.2
855000 663.7
860000 602.1
865000 516.2
870000 715.0
875000 420.4
880000 565.1
885000 408.9
890000 546.3
895000 341.4
900000 325.7
905000 573.4
910000 603.1
915000 550.4
920000 438.5
925000 483.8
930000 324.6
935000 614.9
940000 381.2
945000 455.4
950000 167.0
955000 616.1
960000 429.6
965000 593.3
970000 358.5
975000 438.2
980000 624.5
985000 453.1
990000 618.1
995000 384.0
1000000 514.0
