5000 78.5
10000 111.5
15000 48.2
20000 130.0
25000 81.0
30000 119.7
35000 131.7
40000 119.9
45000 130.0
50000 78.9
55000 86.4
60000 144.4
65000 88.3
70000 78.3
75000 190.8
80000 74.6
85000 256.4
90000 104.8
95000 178.8
100000 124.6
105000 320.6
110000 48.0
115000 206.1
120000 153.1
125000 205.2
130000 247.6
135000 141.2
140000 226.4
145000 267.8
150000 119.5
155000 302.9
160000 124.6
165000 168.2
170000 224.7
175000 249.3
180000 109.9
185000 184.7
190000 206.2
195000 293.1
200000 199.5
205000 365.3
210000 324.2
215000 422.5
220000 255.7
225000 340.5
230000 514.6
235000 441.4
240000 330.1
245000 401.6
250000 451.9
255000 243.7
260000 360.6
265000 456.8
270000 365.9
275000 347.4
280000 322.1
285000 501.2
290000 394.5
295000 447.5
300000 526.8
305000 406.2
310000 608.2
315000 357.1
320000 421.6
325000 359.2
330000 494.0
335000 466.4
340000 342.3
345000 257.0
350000 321.3
355000 502.4
360000 203.6
365000 377.2
370000 442.2
375000 402.6
380000 509.7
385000 384.4
390000 477.6
395000 348.1
400000 382.8
405000 570.0
410000 508.8
415000 479.9
420000 447.7
425000 469.7
430000 385.0
435000 495.2
440000 439.5
445000 267.4
450000 314.5
455000 377.5
460000 525.5
465000 443.8
470000 505.0
475000 659.0
480000 409.0
485000 432.4
490000 541.7
495000 584.9
500000 426.2
505000 465.3
510000 588.9
515000 495.5
520000 411.1
525000 395.8
530000 654.3
535000 374.9
540000 429.2
545000 559.7
550000 482.6
555000 557.0
560000 507.4
565000 315.2
570000 192.0
575000 511.3
580000 473.5
585000 397.8
590000 557.7
595000 354.7
600000 600.6
605000 451.2
610000 346.0
615000 530.2
620000 615.5
625000 627.0
630000 630.3
635000 510.7
640000 580.4
645000 498.6
650000 451.7
655000 260.2
660000 684.3
665000 609.3
670000 488.4
675000 223.8
680000 422.8
685000 685.6
690000 554.2
695000 598.2
700000 311.7
705000 623.0
710000 419.4
715000 468.8
720000 628.5
725000 384.7
730000 337.4
735000 408.3
740000 422.7
745000 569.3
750000 663.0
755000 465.6
760000 550.5
765000 371.7
770000 430.3
775000 487.3
780000 461.2
785000 405.4
790000 553.9
795000 653.5
800000 606.2
805000 420.4
810000 664.5
815000 343.7
820000 418.0
825000 618.1
830000 489.4
835000 396.1
840000 349.3
845000 609.8
850000 669.8
855000 621.9
860000 465.2
865000 510.3
870000 676.9
875000 395.5
880000 485.5
885000 553.2
890000 521.9
895000 461.3
900000 552.7
905000 492.7
910000 477.3
915000 631.8
920000 550.5
925000 580.4
930000 570.2
935000 254.0
940000 686.7
945000 516.9
950000 720.7
955000 473.1
960000 700.1
965000 575.0
970000 690.8
975000 738.3
980000 640.4
985000 380.8
990000 531.7
995000 445.4
1000000 643.9
