5000 89.8
10000 86.9
15000 77.6
20000 69.4
25000 167.2
30000 53.6
35000 149.1
40000 82.0
45000 80.6
50000 50.7
55000 102.7
60000 55.7
65000 64.1
70000 54.1
75000 62.7
80000 64.9
85000 71.4
90000 140.7
95000 75.6
100000 115.4
105000 85.1
110000 185.9
115000 66.4
120000 68.8
125000 99.0
130000 159.5
135000 66.9
140000 92.1
145000 165.3
150000 51.3
155000 77.1
160000 156.4
165000 59.0
170000 148.4
175000 120.3
180000 141.5
185000 81.1
190000 129.5
195000 212.4
200000 139.3
205000 79.1
210000 136.1
215000 103.8
220000 268.5
225000 78.8
230000 173.6
235000 199.2
240000 94.7
245000 199.7
250000 67.1
255000 72.4
260000 82.4
265000 77.8
270000 179.3
275000 232.1
280000 278.7
285000 345.7
290000 131.9
295000 122.6
300000 291.5
305000 261.6
310000 62.7
315000 112.7
320000 178.9
325000 74.5
330000 170.1
335000 319.8
340000 361.6
345000 287.2
350000 154.9
355000 203.2
360000 258.5
365000 401.5
370000 212.4
375000 205.9
380000 265.6
385000 313.4
390000 352.2
395000 279.7
400000 263.0
405000 229.8
410000 361.3
415000 175.7
420000 236.6
425000 235.4
430000 354.4
435000 214.0
440000 208.9
445000 462.3
450000 255.0
455000 256.4
460000 319.2
465000 313.1
470000 209.9
475000 410.1
480000 420.9
485000 218.4
490000 355.9
495000 270.6
500000 343.0
505000 312.2
510000 195.8
515000 421.2
520000 140.8
525000 317.3
530000 254.7
535000 334.9
540000 170.1
545000 252.0
550000 343.6
555000 336.8
560000 442.9
565000 315.1
570000 438.8
575000 450.3
580000 431.9
585000 446.5
590000 361.1
595000 409.9
600000 505.3
605000 280.6
610000 389.4
615000 154.3
620000 217.8
625000 421.4
630000 351.7
635000 423.3
640000 407.7
645000 310.0
650000 283.9
655000 379.8
660000 336.8
665000 338.9
670000 242.1
675000 304.5
680000 272.3
685000 365.9
690000 506.7
695000 460.4
700000 633.4
705000 536.1
710000 249.4
715000 493.7
720000 397.5
725000 579.4
730000 520.5
735000 497.3
740000 452.6
745000 218.3
750000 485.0
755000 433.5
760000 270.5
765000 409.9
770000 364.8
775000 578.4
780000 390.1
785000 344.4
790000 465.2
795000 536.4
800000 535.7
805000 422.9
810000 437.0
815000 434.1
820000 469.8
825000 503.3
830000 381.4
835000 247.7
840000 438.8
845000 274.7
850000 377.7
855000 414.9
860000 524.1
865000 461.4
870000 368.9
875000 422.2
880000 255.1
885000 409.6
890000 488.4
895000 360.0
900000 395.0
905000 574.9
910000 351.1
915000 409.1
920000 501.2
925000 573.4
930000 374.1
935000 489.5
940000 689.9
945000 368.2
950000 508.6
955000 473.8
960000 539.7
965000 360.7
970000 677.7
975000 355.0
980000 591.1
985000 381.4
990000 263.0
995000 341.7
1000000 619.2
