5000 66.3
10000 87.7
15000 50.5
20000 73.6
25000 65.6
30000 62.9
35000 70.8
40000 104.6
45000 159.8
50000 81.0
55000 160.8
60000 63.0
65000 69.0
70000 69.5
75000 195.8
80000 70.4
85000 166.1
90000 113.3
95000 53.3
100000 194.1
105000 192.1
110000 130.2
115000 205.5
120000 206.6
125000 141.7
130000 234.8
135000 138.0
140000 217.9
145000 199.6
150000 154.7
155000 137.2
160000 153.8
165000 232.3
170000 288.4
175000 283.2
180000 487.2
185000 412.6
190000 257.6
195000 394.6
200000 260.6
205000 406.9
210000 441.2
215000 489.7
220000 193.4
225000 316.0
230000 341.2
235000 463.8
240000 386.5
245000 465.9
250000 451.4
255000 466.2
260000 464.2
265000 391.6
270000 516.5
275000 572.7
280000 469.1
285000 375.1
290000 475.6
295000 411.2
300000 490.4
305000 651.0
310000 441.9
315000 618.7
320000 467.6
325000 442.6
330000 531.7
335000 570.5
340000 428.3
345000 419.7
350000 541.0
355000 588.6
360000 573.2
365000 411.2
370000 580.3
375000 482.3
380000 367.4
385000 333.7
390000 339.3
395000 447.7
400000 464.5
405000 700.2
410000 579.8
415000 362.9
420000 486.5
425000 549.0
430000 668.7
435000 548.6
440000 463.9
445000 420.9
450000 346.0
455000 492.6
460000 408.0
465000 361.6
470000 571.3
475000 340.6
480000 544.3
485000 577.4
490000 499.3
495000 511.3
500000 278.8
505000 341.6
510000 564.5
515000 735.9
520000 505.5
525000 631.6
530000 664.3
535000 588.1
540000 128.0
545000 486.2
550000 722.6
555000 608.5
560000 592.7
565000 425.6
570000 624.7
575000 347.9
580000 450.5
585000 399.9
590000 455.2
595000 515.8
600000 639.9
605000 592.6
610000 396.0
615000 594.8
620000 717.8
625000 502.5
630000 546.9
635000 512.7
640000 639.3
645000 631.9
650000 613.3
655000 667.1
660000 580.5
665000 690.7
670000 715.0
675000 535.5
680000 566.3
685000 495.3
690000 499.5
695000 695.7
700000 574.2
705000 694.6
710000 757.9
715000 516.0
720000 639.0
725000 742.1
730000 699.0
735000 580.5
740000 796.7
745000 493.9
750000 806.3
755000 624.4
760000 600.0
765000 594.5
770000 743.5
775000 502.8
780000 693.7
785000 303.5
790000 540.1
795000 601.4
800000 517.5
805000 605.5
810000 684.2
815000 514.1
820000 687.3
825000 714.6
830000 425.5
835000 573.1
840000 567.9
845000 598.5
850000 646.4
855000 599.7
860000 518.9
865000 675.3
870000 525.9
875000 414.3
880000 680.6
885000 650.7
890000 642.1
895000 462.5
900000 608.6
905000 694.3
910000 751.0
915000 727.4
920000 522.0
925000 629.0
930000 600.2
935000 653.4
940000 618.7
945000 503.9
950000 641.5
955000 543.1
960000 530.5
965000 611.3
970000 628.9
975000 706.3
980000 691.8
985000 599.1
990000 552.9
995000 642.4
1000000 564.9
