5000 60.0
10000 70.3
15000 76.0
20000 69.6
25000 72.2
30000 207.2
35000 137.6
40000 129.0
45000 174.3
50000 74.9
55000 86.5
60000 93.8
65000 67.9
70000 108.8
75000 95.1
80000 152.2
85000 143.4
90000 132.8
95000 92.8
100000 218.3
105000 177.2
110000 90.4
115000 137.0
120000 95.0
125000 66.5
130000 260.2
135000 140.4
140000 141.1
145000 328.0
150000 221.1
155000 263.7
160000 247.4
165000 224.5
170000 89.8
175000 154.4
180000 169.8
185000 371.7
190000 252.2
195000 162.2
200000 67.8
205000 316.9
210000 193.1
215000 416.9
220000 332.0
225000 254.3
230000 390.8
235000 320.5
240000 487.7
245000 554.1
250000 307.3
255000 450.2
260000 306.0
265000 405.8
270000 386.1
275000 301.4
280000 550.9
285000 285.6
290000 408.6
295000 331.7
300000 623.8
305000 428.7
310000 626.0
315000 315.8
320000 326.4
325000 512.0
330000 354.1
335000 429.8
340000 303.6
345000 468.5
350000 729.6
355000 383.1
360000 358.9
365000 459.5
370000 411.1
375000 376.7
380000 559.6
385000 386.2
390000 251.8
395000 367.8
400000 413.0
405000 471.9
410000 437.7
415000 711.8
420000 538.6
425000 421.8
430000 373.3
435000 457.7
440000 474.4
445000 469.9
450000 622.0
455000 524.2
460000 530.2
465000 434.3
470000 546.7
475000 342.4
480000 496.7
485000 432.0
490000 330.1
495000 495.7
500000 622.9
505000 544.1
510000 549.7
515000 303.8
520000 467.3
525000 406.8
530000 476.1
535000 561.3
540000 517.2
545000 518.9
550000 562.9
555000 382.4
560000 398.8
565000 551.7
570000 563.3
575000 462.5
580000 588.3
585000 432.4
590000 573.0
595000 396.2
600000 395.0
605000 609.8
610000 561.9
615000 622.7
620000 432.7
625000 546.3
630000 614.3
635000 485.6
640000 629.6
645000 557.2
650000 433.1
655000 407.3
660000 389.1
665000 448.7
670000 477.7
675000 167.4
680000 508.3
685000 440.1
690000 604.2
695000 477.1
700000 520.8
705000 528.6
710000 658.6
715000 627.8
720000 658.3
725000 571.5
730000 448.5
735000 459.2
740000 578.1
745000 614.4
750000 478.4
755000 593.3
760000 538.8
765000 705.9
770000 486.1
775000 547.2
780000 529.5
785000 627.6
790000 524.6
795000 505.9
800000 683.6
805000 408.6
810000 450.0
815000 637.2
820000 437.0
825000 388.7
830000 556.6
835000 528.9
840000 518.1
845000 477.7
850000 497.8
855000 519.9
860000 565.3
865000 487.6
870000 590.6
875000 476.7
880000 641.9
885000 512.2
890000 401.9
895000 510.5
900000 563.0
905000 464.1
910000 400.5
915000 502.7
920000 649.6
925000 467.9
930000 560.7
935000 700.0
940000 419.3
945000 687.0
950000 523.7
955000 546.9
960000 371.5
965000 504.0
970000 521.0
975000 582.5
980000 432.5
985000 515.0
990000 629.6
995000 324.3
1000000 533.0
