5000 55.3
10000 83.8
15000 75.5
20000 54.2
25000 107.9
30000 134.1
35000 166.8
40000 69.2
45000 132.1
50000 132.3
55000 84.5
60000 77.3
65000 67.5
70000 58.1
75000 59.0
80000 70.6
85000 103.0
90000 172.1
95000 235.9
100000 140.0
105000 211.0
110000 149.6
115000 140.1
120000 204.0
125000 133.6
130000 130.5
135000 265.3
140000 91.1
145000 100.1
150000 177.7
155000 183.6
160000 258.3
165000 125.9
170000 152.4
175000 100.4
180000 106.3
185000 185.3
190000 180.1
195000 138.1
200000 252.4
205000 103.1
210000 271.8
215000 245.7
220000 164.7
225000 341.9
230000 252.8
235000 340.0
240000 265.5
245000 280.7
250000 197.9
255000 285.2
260000 98.8
265000 348.8
270000 307.1
275000 258.3
280000 529.9
285000 234.1
290000 208.4
295000 300.8
300000 344.6
305000 461.9
310000 396.5
315000 219.8
320000 177.2
325000 403.7
330000 234.5
335000 342.0
340000 251.1
345000 263.8
350000 459.6
355000 344.0
360000 217.7
365000 359.8
370000 239.6
375000 354.6
380000 384.9
385000 536.6
390000 348.7
395000 287.0
400000 386.3
405000 520.7
410000 306.8
415000 401.0
420000 389.2
425000 279.1
430000 553.0
435000 461.6
440000 401.8
445000 391.2
450000 366.2
455000 330.5
460000 324.0
465000 437.2
470000 390.3
475000 323.6
480000 323.0
485000 437.3
490000 270.8
495000 385.5
500000 417.6
505000 437.6
510000 228.0
515000 329.8
520000 409.2
525000 316.3
530000 465.5
535000 293.7
540000 456.3
545000 486.7
550000 385.7
555000 480.2
560000 432.5
565000 230.5
570000 599.4
575000 554.3
580000 201.9
585000 296.1
590000 363.6
595000 364.5
600000 303.3
605000 231.1
610000 427.2
615000 357.0
620000 496.2
625000 506.1
630000 583.6
635000 332.7
640000 401.1
645000 249.8
650000 383.9
655000 483.4
660000 502.7
665000 349.2
670000 396.9
675000 247.9
680000 569.7
685000 415.6
690000 416.3
695000 515.4
700000 527.0
705000 305.8
710000 438.6
715000 469.0
720000 324.3
725000 610.5
730000 578.0
735000 529.8
740000 259.2
745000 385.4
750000 376.4
755000 567.1
760000 428.3
765000 550.9
770000 605.4
775000 283.6
780000 482.1
785000 476.7
790000 283.4
795000 346.4
800000 482.3
805000 546.5
810000 495.3
815000 601.7
820000 472.4
825000 274.0
830000 406.7
835000 499.7
840000 494.3
845000 383.1
850000 446.9
855000 401.8
860000 418.0
865000 417.7
870000 516.6
875000 419.8
880000 596.8
885000 486.7
890000 502.5
895000 508.5
900000 247.1
905000 732.2
910000 529.9
915000 338.7
920000 492.8
925000 377.7
930000 441.5
935000 456.4
940000 479.7
945000 405.9
950000 621.8
955000 613.6
960000 682.1
965000 661.1
970000 506.6
975000 426.1
980000 514.2
985000 449.7
990000 585.9
995000 519.7
1000000 221.8
