5000 51.0
10000 55.7
15000 74.6
20000 63.9
25000 114.0
30000 65.1
35000 76.6
40000 81.4
45000 79.7
50000 86.1
55000 80.6
60000 136.3
65000 118.7
70000 66.4
75000 132.3
80000 54.4
85000 48.3
90000 91.8
95000 94.2
100000 66.2
105000 126.7
110000 104.9
115000 162.7
120000 155.0
125000 67.0
130000 286.5
135000 167.9
140000 258.9
145000 77.7
150000 170.8
155000 129.7
160000 195.7
165000 303.6
170000 264.7
175000 236.5
180000 174.1
185000 146.5
190000 239.4
195000 280.1
200000 256.9
205000 208.1
210000 265.0
215000 186.7
220000 254.1
225000 201.4
230000 130.3
235000 182.0
240000 212.9
245000 157.8
250000 216.9
255000 321.5
260000 306.4
265000 221.3
270000 84.2
275000 290.7
280000 355.4
285000 264.0
290000 199.9
295000 239.1
300000 464.7
305000 338.6
310000 362.2
315000 249.9
320000 364.8
325000 409.7
330000 147.5
335000 263.2
340000 513.1
345000 433.0
350000 127.2
355000 418.1
360000 378.4
365000 420.3
370000 610.1
375000 482.0
380000 518.5
385000 318.0
390000 269.0
395000 554.5
400000 489.3
405000 322.0
410000 467.8
415000 511.0
420000 375.9
425000 229.8
430000 350.9
435000 503.9
440000 527.6
445000 464.8
450000 518.6
455000 279.0
460000 227.3
465000 390.9
470000 564.3
475000 296.9
480000 388.2
485000 379.4
490000 323.7
495000 473.7
500000 493.6
505000 416.0
510000 499.9
515000 447.1
520000 507.7
525000 409.7
530000 594.8
535000 368.7
540000 477.7
545000 399.5
550000 284.9
555000 528.4
560000 517.2
565000 207.0
570000 382.9
575000 360.8
580000 586.3
585000 312.0
590000 587.3
595000 282.9
600000 480.0
605000 237.4
610000 344.4
615000 556.8
620000 488.2
625000 406.1
630000 329.4
635000 404.7
640000 458.8
645000 282.4
650000 453.4
655000 386.7
660000 367.2
665000 340.0
670000 340.6
675000 703.9
680000 511.7
685000 435.5
690000 372.8
695000 634.3
700000 438.2
705000 441.0
710000 373.5
715000 571.4
720000 552.5
725000 379.4
730000 358.5
735000 247.2
740000 502.9
745000 582.6
750000 584.8
755000 427.9
760000 495.5
765000 479.2
770000 512.2
775000 508.9
780000 500.3
785000 565.8
790000 432.1
795000 488.2
800000 327.1
805000 484.0
810000 438.8
815000 451.6
820000 387.9
825000 573.0
830000 424.7
835000 497.9
840000 605.1
845000 519.2
850000 503.5
855000 427.4
860000 623.1
865000 547.6
870000 508.5
875000 380.0
880000 532.9
885000 678.5
890000 287.5
895000 407.1
900000 595.7
905000 768.7
910000 434.6
915000 381.0
920000 478.9
925000 530.2
930000 618.5
935000 464.8
940000 705.4
945000 508.1
950000 394.8
955000 459.0
960000 750.1
965000 584.5
970000 619.4
975000 444.0
980000 469.5
985000 525.1
990000 375.4
995000 449.4
1000000 458.1
