5000 115.1
10000 60.7
15000 79.2
20000 69.4
25000 81.7
30000 158.1
35000 127.3
40000 117.3
45000 129.4
50000 84.3
55000 141.8
60000 150.1
65000 193.2
70000 74.7
75000 70.3
80000 117.0
85000 87.4
90000 213.8
95000 133.6
100000 136.8
105000 168.1
110000 121.8
115000 111.3
120000 176.2
125000 167.1
130000 200.1
135000 232.5
140000 227.6
145000 173.9
150000 195.0
155000 123.6
160000 110.3
165000 286.1
170000 99.3
175000 250.2
180000 94.1
185000 325.1
190000 321.6
195000 264.0
200000 105.9
205000 233.0
210000 159.6
215000 71.0
220000 264.5
225000 239.9
230000 284.6
235000 284.2
240000 180.8
245000 185.7
250000 314.6
255000 353.6
260000 355.1
265000 155.1
270000 347.7
275000 511.4
280000 354.0
285000 323.2
290000 315.1
295000 297.5
300000 275.2
305000 339.5
310000 224.4
315000 366.6
320000 145.5
325000 364.7
330000 332.4
335000 346.6
340000 330.0
345000 305.6
350000 237.6
355000 293.8
360000 270.8
365000 393.2
370000 206.8
375000 475.8
380000 478.4
385000 366.1
390000 495.2
395000 243.2
400000 222.2
405000 414.5
410000 296.6
415000 158.9
420000 338.8
425000 595.9
430000 287.4
435000 508.5
440000 336.3
445000 406.8
450000 540.9
455000 383.0
460000 428.4
465000 520.3
470000 351.3
475000 500.5
480000 370.6
485000 364.8
490000 288.1
495000 418.3
500000 394.7
505000 574.2
510000 203.0
515000 562.0
520000 292.4
525000 391.4
530000 397.2
535000 378.5
540000 367.8
545000 454.9
550000 314.1
555000 417.4
560000 588.1
565000 252.8
570000 363.5
575000 343.1
580000 481.9
585000 436.9
590000 366.4
595000 345.2
600000 268.0
605000 208.8
610000 228.4
615000 238.4
620000 447.1
625000 350.6
630000 532.3
635000 282.0
640000 402.1
645000 627.7
650000 312.0
655000 509.9
660000 293.3
665000 481.4
670000 204.2
675000 484.5
680000 618.9
685000 389.8
690000 268.4
695000 449.8
700000 496.4
705000 534.4
710000 300.7
715000 377.1
720000 358.1
725000 537.6
730000 551.5
735000 426.6
740000 530.1
745000 363.9
750000 161.5
755000 454.1
760000 393.6
765000 447.0
770000 602.7
775000 284.2
780000 425.0
785000 268.2
790000 602.5
795000 404.2
800000 557.1
805000 472.0
810000 528.4
815000 609.8
820000 678.4
825000 445.1
830000 519.6
835000 395.7
840000 453.0
845000 406.8
850000 325.1
855000 607.4
860000 338.1
865000 569.6
870000 575.2
875000 681.1
880000 575.6
885000 368.5
890000 486.0
895000 568.3
900000 342.8
905000 400.7
910000 475.5
915000 584.3
920000 605.4
925000 552.5
930000 468.9
935000 529.3
940000 418.7
945000 506.7
950000 419.3
955000 508.4
960000 563.1
965000 471.9
970000 328.9
975000 707.7
980000 541.3
985000 615.2
990000 423.1
995000 439.0
1000000 455.9
