5000 71.0
10000 160.0
15000 103.8
20000 50.7
25000 53.9
30000 110.9
35000 102.3
40000 106.8
45000 116.6
50000 126.7
55000 79.1
60000 93.8
65000 74.4
70000 157.4
75000 90.0
80000 85.0
85000 120.3
90000 90.9
95000 87.3
100000 42.0
105000 121.6
110000 164.7
115000 95.6
120000 70.1
125000 116.3
130000 169.3
135000 193.2
140000 137.9
145000 287.5
150000 70.3
155000 217.3
160000 120.6
165000 66.1
170000 150.2
175000 272.0
180000 189.3
185000 131.3
190000 221.3
195000 283.1
200000 137.6
205000 251.6
210000 118.2
215000 215.7
220000 221.6
225000 420.6
230000 154.7
235000 287.0
240000 378.3
245000 285.2
250000 251.2
255000 436.0
260000 357.4
265000 429.9
270000 195.5
275000 576.8
280000 243.3
285000 377.6
290000 502.0
295000 397.2
300000 539.4
305000 369.2
310000 488.3
315000 427.1
320000 398.6
325000 382.3
330000 591.0
335000 377.9
340000 491.9
345000 130.0
350000 501.5
355000 227.1
360000 403.3
365000 503.8
370000 402.8
375000 478.9
380000 424.7
385000 412.4
390000 438.9
395000 551.4
400000 414.6
405000 522.2
410000 526.0
415000 476.3
420000 450.0
425000 486.4
430000 422.0
435000 461.0
440000 179.8
445000 335.1
450000 434.8
455000 398.0
460000 320.6
465000 336.3
470000 293.9
475000 338.2
480000 260.5
485000 322.2
490000 524.8
495000 508.2
500000 339.9
505000 561.0
510000 429.8
515000 471.7
520000 353.5
525000 481.4
530000 373.1
535000 348.2
540000 616.0
545000 562.2
550000 384.2
555000 532.8
560000 454.0
565000 519.9
570000 415.6
575000 455.2
580000 375.5
585000 464.6
590000 597.1
595000 295.1
600000 422.0
605000 396.1
610000 400.5
615000 644.3
620000 562.7
625000 504.1
630000 377.1
635000 403.7
640000 329.3
645000 237.5
650000 406.0
655000 344.1
660000 382.1
665000 430.0
670000 508.5
675000 513.2
680000 648.5
685000 546.3
690000 489.4
695000 481.0
700000 497.6
705000 479.2
710000 643.2
715000 528.7
720000 378.3
725000 520.5
730000 488.5
735000 395.6
740000 403.2
745000 485.3
750000 387.6
755000 392.0
760000 500.0
765000 290.8
770000 421.7
775000 516.5
780000 320.9
785000 615.3
790000 485.4
795000 414.4
800000 517.4
805000 422.3
810000 362.7
815000 708.4
820000 636.4
825000 523.6
830000 384.2
835000 528.2
840000 491.7
845000 637.1
850000 409.4
855000 550.0
860000 440.0
865000 585.3
870000 455.1
875000 616.0
880000 432.2
885000 419.1
890000 637.6
895000 634.9
900000 679.6
905000 569.1
910000 661.3
915000 586.3
920000 391.9
925000 646.4
930000 310.6
935000 475.8
940000 537.2
945000 414.0
950000 594.5
955000 679.6
960000 662.0
965000 418.2
970000 511.1
975000 529.4
980000 612.7
985000 731.4
990000 667.1
995000 550.9
1000000 684.5
