5000 77.5
10000 118.5
15000 78.0
20000 90.7
25000 92.7
30000 77.0
35000 63.4
40000 81.6
45000 61.3
50000 63.5
55000 149.3
60000 237.3
65000 60.4
70000 104.9
75000 127.7
80000 72.7
85000 149.4
90000 144.2
95000 203.2
100000 202.9
105000 182.8
110000 207.2
115000 57.2
120000 221.6
125000 159.6
130000 121.7
135000 314.9
140000 319.2
145000 245.5
150000 191.9
155000 280.4
160000 373.7
165000 384.1
170000 387.8
175000 379.0
180000 291.5
185000 453.1
190000 562.2
195000 376.6
200000 357.3
205000 559.8
210000 529.3
215000 255.7
220000 398.3
225000 296.4
230000 335.4
235000 537.3
240000 524.6
245000 422.3
250000 412.5
255000 445.9
260000 460.2
265000 560.2
270000 536.5
275000 622.2
280000 535.8
285000 495.2
290000 465.6
295000 315.0
300000 420.0
305000 636.0
310000 665.7
315000 324.8
320000 603.1
325000 509.0
330000 547.5
335000 455.5
340000 525.5
345000 520.8
350000 277.2
355000 573.5
360000 616.9
365000 517.4
370000 522.5
375000 308.3
380000 528.7
385000 600.1
390000 631.9
395000 469.5
400000 501.4
405000 489.8
410000 344.4
415000 604.9
420000 514.0
425000 519.9
430000 409.2
435000 462.5
440000 428.0
445000 511.3
450000 560.1
455000 595.7
460000 623.4
465000 589.6
470000 441.7
475000 480.3
480000 532.8
485000 470.1
490000 523.2
495000 625.0
500000 609.1
505000 676.1
510000 510.4
515000 504.4
520000 551.7
525000 567.4
530000 696.8
535000 580.1
540000 459.7
545000 380.9
550000 665.5
555000 364.6
560000 417.9
565000 547.7
570000 572.1
575000 324.7
580000 542.5
585000 599.2
590000 485.4
595000 748.1
600000 520.3
605000 448.6
610000 406.8
615000 526.4
620000 666.7
625000 542.7
630000 433.6
635000 529.5
640000 599.4
645000 642.2
650000 661.8
655000 393.6
660000 542.9
665000 557.2
670000 559.8
675000 546.5
680000 624.7
685000 520.7
690000 484.6
695000 175.7
700000 669.5
705000 445.0
710000 616.8
715000 665.9
720000 528.7
725000 435.4
730000 617.2
735000 338.2
740000 429.4
745000 491.8
750000 508.4
755000 721.5
760000 589.9
765000 435.6
770000 351.7
775000 579.4
780000 406.7
785000 549.0
790000 402.1
795000 578.3
800000 575.9
805000 584.8
810000 547.2
815000 510.4
820000 585.5
825000 651.5
830000 624.4
835000 493.8
840000 603.1
845000 599.2
850000 507.5
855000 418.9
860000 521.5
865000 693.4
870000 383.9
875000 445.2
880000 548.8
885000 514.8
890000 570.1
895000 583.8
900000 528.5
905000 585.7
910000 617.5
915000 670.3
920000 771.7
925000 452.6
930000 566.9
935000 596.6
940000 620.6
945000 740.2
950000 363.1
955000 422.7
960000 541.3
965000 606.6
970000 521.4
975000 713.0
980000 593.7
985000 543.5
990000 670.2
995000 635.8
1000000 798.1
