5000 65.9
10000 64.6
15000 65.6
20000 96.4
25000 90.1
30000 97.8
35000 70.0
40000 82.7
45000 160.6
50000 131.5
55000 103.8
60000 279.2
65000 68.9
70000 151.3
75000 156.2
80000 71.5
85000 76.5
90000 147.4
95000 181.0
100000 166.6
105000 214.5
110000 91.7
115000 209.3
120000 138.8
125000 297.8
130000 71.5
135000 173.8
140000 326.6
145000 394.0
150000 159.5
155000 401.6
160000 234.3
165000 240.4
170000 238.8
175000 242.5
180000 341.7
185000 310.1
190000 206.1
195000 391.2
200000 237.2
205000 321.5
210000 388.0
215000 494.9
220000 365.9
225000 223.7
230000 355.7
235000 185.5
240000 129.7
245000 286.6
250000 129.1
255000 478.5
260000 514.4
265000 434.8
270000 662.5
275000 268.3
280000 419.1
285000 362.2
290000 369.0
295000 530.8
300000 230.3
305000 95.9
310000 496.0
315000 411.0
320000 279.1
325000 376.1
330000 338.6
335000 364.4
340000 114.5
345000 465.9
350000 453.4
355000 355.2
360000 293.7
365000 477.4
370000 375.4
375000 405.9
380000 504.8
385000 430.0
390000 489.3
395000 207.2
400000 401.9
405000 485.2
410000 486.0
415000 440.6
420000 385.1
425000 466.4
430000 225.1
435000 491.2
440000 336.0
445000 361.8
450000 313.2
455000 197.7
460000 340.2
465000 412.4
470000 489.0
475000 481.0
480000 496.9
485000 548.3
490000 405.3
495000 444.3
500000 618.3
505000 395.7
510000 602.2
515000 555.6
520000 470.7
525000 581.3
530000 500.4
535000 394.3
540000 376.2
545000 498.5
550000 339.7
555000 345.9
560000 319.2
565000 520.3
570000 580.5
575000 556.7
580000 467.4
585000 487.6
590000 614.6
595000 551.4
600000 545.5
605000 272.2
610000 505.4
615000 523.7
620000 387.2
625000 495.7
630000 587.0
635000 488.7
640000 327.8
645000 506.0
650000 508.2
655000 470.8
660000 350.1
665000 646.2
670000 445.9
675000 560.0
680000 525.2
685000 525.8
690000 538.7
695000 540.5
700000 424.9
705000 518.7
710000 449.0
715000 337.7
720000 532.0
725000 379.1
730000 577.6
735000 571.6
740000 551.6
745000 254.6
750000 497.8
755000 475.4
760000 522.5
765000 304.2
770000 583.4
775000 539.5
780000 460.2
785000 451.2
790000 348.0
795000 655.6
800000 570.0
805000 504.6
810000 598.6
815000 621.3
820000 377.6
825000 377.0
830000 528.9
835000 617.3
840000 635.8
845000 316.9
850000 568.1
855000 415.9
860000 669.3
865000 503.6
870000 437.8
875000 729.4
880000 460.6
885000 500.7
890000 461.2
895000 569.6
900000 577.9
905000 637.7
910000 343.6
915000 477.4
920000 545.6
925000 546.7
930000 583.8
935000 655.7
940000 379.8
945000 455.1
950000 455.3
955000 545.3
960000 433.5
965000 536.4
970000 563.6
975000 355.1
980000 473.6
985000 689.8
990000 616.3
995000 517.1
1000000 569.3
