5000 221.9
10000 640.0
15000 548.1
20000 399.1
25000 451.0
30000 404.5
35000 678.7
40000 405.1
45000 385.7
50000 750.1
55000 456.2
60000 832.0
65000 284.9
70000 627.4
75000 229.3
80000 604.5
85000 524.2
90000 609.9
95000 505.4
100000 645.0
105000 291.8
110000 733.6
115000 677.4
120000 745.7
125000 600.1
130000 686.9
135000 717.0
140000 680.8
145000 700.0
150000 637.1
155000 747.6
160000 667.6
165000 137.7
170000 183.4
175000 561.4
180000 230.7
185000 324.1
190000 659.9
195000 604.7
200000 771.8
205000 691.3
210000 795.8
215000 774.0
220000 683.6
225000 764.0
230000 629.5
235000 665.7
240000 653.1
245000 753.9
250000 620.6
255000 634.5
260000 542.4
265000 788.9
270000 702.4
275000 699.3
280000 613.8
285000 625.4
290000 832.7
295000 805.4
300000 757.8
305000 875.3
310000 786.4
315000 878.3
320000 812.6
325000 173.8
330000 380.7
335000 551.8
340000 806.7
345000 313.9
350000 768.7
355000 584.4
360000 820.0
365000 785.9
370000 817.2
375000 682.8
380000 848.3
385000 845.1
390000 849.1
395000 883.9
400000 865.5
405000 869.5
410000 810.5
415000 787.9
420000 701.2
425000 832.0
430000 859.4
435000 851.2
440000 821.8
445000 776.0
450000 902.9
455000 806.1
460000 813.4
465000 803.5
470000 705.0
475000 875.6
480000 780.3
485000 553.3
490000 122.1
495000 742.8
500000 657.0
505000 858.0
510000 856.9
515000 850.2
520000 915.2
525000 773.6
530000 774.2
535000 819.6
540000 809.7
545000 921.5
550000 883.8
555000 873.3
560000 904.5
565000 928.2
570000 828.0
575000 800.4
580000 896.9
585000 775.9
590000 858.7
595000 800.4
600000 893.5
605000 893.3
610000 860.0
615000 872.5
620000 827.4
625000 815.9
630000 881.1
635000 905.8
640000 897.2
645000 334.6
650000 733.1
655000 724.6
660000 770.9
665000 886.1
670000 834.1
675000 880.6
680000 893.6
685000 870.4
690000 675.6
695000 829.9
700000 791.5
705000 657.7
710000 824.3
715000 808.6
720000 829.4
725000 893.0
730000 915.9
735000 931.8
740000 887.7
745000 738.7
750000 840.5
755000 876.2
760000 912.3
765000 794.1
770000 891.9
775000 876.0
780000 834.4
785000 826.7
790000 883.6
795000 846.9
800000 874.9
805000 462.9
810000 548.9
815000 654.4
820000 725.1
825000 751.9
830000 767.3
835000 896.0
840000 912.4
845000 863.1
850000 839.2
855000 902.0
860000 886.1
865000 906.7
870000 876.7
875000 926.5
880000 904.5
885000 881.0
890000 805.8
895000 877.5
900000 815.0
905000 899.8
910000 930.5
915000 865.4
920000 900.5
925000 868.8
930000 777.6
935000 892.7
940000 813.6
945000 914.5
950000 901.6
955000 833.0
960000 926.2
965000 579.3
970000 782.5
975000 777.2
980000 835.4
985000 851.3
990000 933.1
995000 905.8
1000000 851.9
1005000 905.8
1010000 879.8
1015000 913.5
1020000 876.4
1025000 901.7
1030000 949.1
1035000 918.2
1040000 927.7
1045000 897.6
1050000 931.8
1055000 895.8
1060000 910.4
1065000 906.5
1070000 906.0
1075000 935.9
1080000 873.8
1085000 922.7
1090000 925.4
1095000 906.6
1100000 936.7
1105000 919.4
1110000 910.1
1115000 929.5
1120000 914.9
1125000 328.3
1130000 647.6
1135000 750.0
1140000 839.8
1145000 859.6
1150000 836.6
1155000 919.3
1160000 921.5
1165000 898.1
1170000 895.5
1175000 910.8
1180000 916.3
1185000 893.8
1190000 954.1
1195000 925.8
1200000 905.9
1205000 933.4
1210000 877.2
1215000 915.6
1220000 919.6
1225000 899.6
1230000 933.4
1235000 896.7
1240000 943.5
1245000 925.3
1250000 904.5
1255000 925.4
1260000 943.7
1265000 935.6
1270000 949.6
1275000 934.1
1280000 944.5
1285000 158.3
1290000 754.6
1295000 720.8
1300000 838.1
1305000 783.7
1310000 906.0
1315000 890.1
1320000 811.0
1325000 895.7
1330000 937.2
1335000 919.8
1340000 892.0
1345000 972.5
1350000 939.7
1355000 976.0
1360000 936.3
1365000 933.4
1370000 919.0
1375000 933.3
1380000 873.0
1385000 929.7
1390000 961.3
1395000 948.5
1400000 880.5
1405000 925.1
1410000 939.9
1415000 915.1
1420000 913.4
1425000 915.1
1430000 925.0
1435000 923.3
1440000 847.3
1445000 419.0
1450000 672.2
1455000 877.7
1460000 889.3
1465000 949.1
1470000 881.2
1475000 915.1
1480000 803.4
1485000 894.3
1490000 916.5
1495000 851.5
1500000 916.2
1505000 879.0
1510000 807.0
1515000 657.5
1520000 909.8
1525000 809.4
1530000 895.6
1535000 908.5
1540000 852.6
1545000 915.0
1550000 909.1
1555000 919.0
1560000 934.1
1565000 926.8
1570000 888.7
1575000 846.2
1580000 956.9
1585000 837.4
1590000 924.5
1595000 940.2
1600000 929.7
1605000 400.0
1610000 861.4
1615000 891.2
1620000 940.4
1625000 928.0
1630000 821.6
1635000 920.3
1640000 947.3
1645000 926.5
1650000 948.4
1655000 827.1
1660000 943.5
1665000 936.6
1670000 936.4
1675000 915.8
1680000 910.3
1685000 949.0
1690000 931.1
1695000 940.5
1700000 931.4
1705000 921.5
1710000 960.4
1715000 857.4
1720000 891.5
1725000 927.5
1730000 944.2
1735000 944.5
1740000 930.3
1745000 921.3
1750000 920.9
1755000 925.2
1760000 920.7
1765000 289.9
1770000 325.6
1775000 918.8
1780000 908.3
1785000 880.1
1790000 901.2
1795000 905.9
1800000 880.8
1805000 886.9
1810000 908.9
1815000 945.4
1820000 872.2
1825000 716.2
1830000 941.5
1835000 933.4
1840000 942.8
1845000 909.8
1850000 872.0
1855000 921.6
1860000 923.1
1865000 871.7
1870000 921.9
1875000 937.4
1880000 933.7
1885000 955.0
1890000 949.2
1895000 952.6
1900000 942.4
1905000 923.3
1910000 956.1
1915000 951.6
1920000 917.9
1925000 908.4
1930000 899.6
1935000 926.3
1940000 933.6
1945000 950.4
1950000 919.0
1955000 918.9
1960000 948.0
1965000 936.1
1970000 930.7
1975000 884.8
1980000 933.7
1985000 966.9
1990000 938.0
1995000 943.4
2000000 912.2
