5000 171.7
10000 183.2
15000 438.5
20000 283.7
25000 472.7
30000 455.0
35000 284.4
40000 382.0
45000 630.4
50000 756.0
55000 585.0
60000 630.5
65000 589.0
70000 570.8
75000 369.7
80000 511.8
85000 727.4
90000 520.4
95000 676.0
100000 651.5
105000 548.1
110000 689.5
115000 700.5
120000 537.4
125000 719.8
130000 539.1
135000 503.0
140000 716.8
145000 566.9
150000 644.6
155000 752.9
160000 606.9
165000 241.8
170000 362.4
175000 472.1
180000 752.3
185000 666.2
190000 736.1
195000 818.2
200000 770.7
205000 780.5
210000 858.0
215000 931.7
220000 767.3
225000 914.8
230000 823.5
235000 716.1
240000 646.8
245000 654.6
250000 845.8
255000 625.5
260000 713.5
265000 756.8
270000 698.6
275000 875.0
280000 871.4
285000 752.1
290000 635.7
295000 853.6
300000 656.1
305000 815.7
310000 794.3
315000 833.4
320000 857.3
325000 693.5
330000 761.6
335000 728.4
340000 922.5
345000 667.8
350000 691.7
355000 713.2
360000 473.4
365000 856.1
370000 885.8
375000 679.5
380000 688.8
385000 808.5
390000 727.7
395000 794.2
400000 894.8
405000 884.8
410000 782.1
415000 830.3
420000 857.2
425000 825.5
430000 818.8
435000 835.2
440000 646.7
445000 891.2
450000 864.2
455000 915.8
460000 871.4
465000 791.5
470000 864.6
475000 940.4
480000 932.7
485000 755.8
490000 394.3
495000 720.4
500000 801.9
505000 935.1
510000 841.1
515000 908.1
520000 805.4
525000 908.0
530000 926.6
535000 885.6
540000 862.6
545000 884.3
550000 793.3
555000 842.0
560000 824.9
565000 929.0
570000 933.9
575000 933.9
580000 938.7
585000 902.6
590000 917.6
595000 900.7
600000 883.0
605000 904.0
610000 913.2
615000 934.6
620000 885.5
625000 925.5
630000 901.2
635000 897.3
640000 890.7
645000 705.1
650000 932.1
655000 921.2
660000 945.3
665000 885.0
670000 793.5
675000 857.2
680000 912.0
685000 915.4
690000 921.4
695000 939.6
700000 866.3
705000 867.9
710000 899.6
715000 884.4
720000 928.1
725000 927.9
730000 901.4
735000 918.3
740000 923.4
745000 905.9
750000 916.0
755000 951.0
760000 942.3
765000 878.1
770000 922.0
775000 896.5
780000 911.9
785000 955.0
790000 954.9
795000 918.9
800000 864.1
805000 664.3
810000 657.8
815000 894.4
820000 807.9
825000 785.5
830000 873.1
835000 876.1
840000 900.8
845000 900.6
850000 928.4
855000 863.5
860000 887.8
865000 850.5
870000 920.3
875000 933.6
880000 932.6
885000 904.1
890000 809.1
895000 895.2
900000 930.6
905000 815.8
910000 912.3
915000 891.4
920000 946.9
925000 938.1
930000 918.0
935000 920.5
940000 961.4
945000 950.0
950000 945.4
955000 901.4
960000 844.8
965000 840.2
970000 897.3
975000 892.4
980000 898.9
985000 784.2
990000 868.0
995000 886.7
1000000 954.7
1005000 879.5
1010000 930.3
1015000 947.9
1020000 875.1
1025000 870.5
1030000 895.4
1035000 916.6
1040000 928.8
1045000 923.1
1050000 947.9
1055000 930.6
1060000 929.1
1065000 885.7
1070000 932.1
1075000 936.3
1080000 877.6
1085000 943.9
1090000 909.4
1095000 951.9
1100000 916.2
1105000 874.3
1110000 840.4
1115000 902.5
1120000 906.6
1125000 907.8
1130000 696.2
1135000 808.5
1140000 742.1
1145000 916.4
1150000 906.8
1155000 915.0
1160000 891.7
1165000 918.7
1170000 918.5
1175000 889.4
1180000 915.1
1185000 918.2
1190000 921.4
1195000 945.0
1200000 951.7
1205000 851.1
1210000 763.9
1215000 883.2
1220000 847.1
1225000 920.1
1230000 958.3
1235000 947.7
1240000 884.9
1245000 877.9
1250000 916.7
1255000 863.7
1260000 911.1
1265000 933.7
1270000 875.8
1275000 858.3
1280000 901.9
1285000 728.9
1290000 872.1
1295000 904.0
1300000 892.4
1305000 914.1
1310000 888.0
1315000 941.0
1320000 944.5
1325000 914.6
1330000 945.2
1335000 945.8
1340000 946.4
1345000 938.2
1350000 935.5
1355000 935.5
1360000 934.7
1365000 938.0
1370000 921.1
1375000 901.1
1380000 922.7
1385000 922.4
1390000 934.0
1395000 927.3
1400000 915.3
1405000 946.4
1410000 939.6
1415000 922.0
1420000 921.6
1425000 921.8
1430000 934.4
1435000 913.6
1440000 960.4
1445000 779.8
1450000 747.9
1455000 885.9
1460000 729.2
1465000 896.7
1470000 895.4
1475000 910.8
1480000 904.4
1485000 937.8
1490000 927.5
1495000 908.9
1500000 901.6
1505000 936.0
1510000 893.5
1515000 927.8
1520000 891.7
1525000 927.3
1530000 934.8
1535000 895.2
1540000 932.4
1545000 849.9
1550000 916.7
1555000 917.4
1560000 940.5
1565000 861.6
1570000 870.1
1575000 918.3
1580000 881.0
1585000 947.0
1590000 938.6
1595000 900.1
1600000 929.8
1605000 587.6
1610000 846.2
1615000 843.0
1620000 878.4
1625000 945.4
1630000 941.8
1635000 864.2
1640000 963.6
1645000 916.2
1650000 937.4
1655000 882.0
1660000 952.9
1665000 915.8
1670000 942.5
1675000 857.8
1680000 897.4
1685000 784.5
1690000 949.1
1695000 891.6
1700000 924.6
1705000 898.3
1710000 900.6
1715000 895.4
1720000 894.2
1725000 930.3
1730000 794.8
1735000 929.6
1740000 929.1
1745000 929.3
1750000 958.3
1755000 889.6
1760000 940.4
1765000 655.7
1770000 773.9
1775000 838.1
1780000 834.1
1785000 871.1
1790000 889.7
1795000 923.9
1800000 905.5
1805000 942.2
1810000 933.2
1815000 901.5
1820000 920.1
1825000 928.0
1830000 843.3
1835000 953.3
1840000 919.6
1845000 912.3
1850000 910.0
1855000 855.3
1860000 802.3
1865000 918.0
1870000 928.4
1875000 936.6
1880000 873.7
1885000 918.7
1890000 891.1
1895000 949.4
1900000 898.0
1905000 943.0
1910000 913.4
1915000 947.0
1920000 957.8
1925000 926.7
1930000 928.5
1935000 945.8
1940000 912.0
1945000 945.1
1950000 899.4
1955000 932.2
1960000 880.1
1965000 884.2
1970000 931.1
1975000 958.7
1980000 911.3
1985000 949.1
1990000 949.6
1995000 908.9
2000000 938.9
