5000 475.3
10000 155.9
15000 265.6
20000 465.7
25000 289.2
30000 204.0
35000 196.3
40000 486.1
45000 325.1
50000 173.2
55000 317.6
60000 716.5
65000 423.1
70000 607.4
75000 412.9
80000 696.3
85000 347.6
90000 535.0
95000 465.7
100000 665.4
105000 376.3
110000 564.6
115000 561.7
120000 595.0
125000 750.8
130000 479.4
135000 804.5
140000 563.3
145000 764.3
150000 720.4
155000 644.4
160000 449.9
165000 319.9
170000 563.6
175000 817.9
180000 614.4
185000 750.0
190000 812.7
195000 418.0
200000 737.4
205000 817.9
210000 717.3
215000 834.7
220000 756.7
225000 808.5
230000 852.9
235000 877.6
240000 882.7
245000 821.3
250000 921.5
255000 751.0
260000 769.2
265000 502.3
270000 815.5
275000 926.3
280000 879.2
285000 654.8
290000 758.0
295000 629.2
300000 782.8
305000 893.6
310000 856.1
315000 884.4
320000 809.8
325000 811.8
330000 730.3
335000 856.1
340000 910.4
345000 670.5
350000 889.8
355000 892.7
360000 858.5
365000 828.9
370000 899.4
375000 889.5
380000 907.6
385000 893.4
390000 913.6
395000 874.9
400000 866.9
405000 928.9
410000 896.4
415000 906.5
420000 903.7
425000 873.1
430000 891.6
435000 946.6
440000 910.4
445000 900.7
450000 893.9
455000 889.1
460000 807.5
465000 933.6
470000 800.9
475000 856.1
480000 929.5
485000 266.3
490000 745.6
495000 875.4
500000 921.5
505000 945.0
510000 908.5
515000 895.9
520000 671.7
525000 891.0
530000 904.2
535000 921.2
540000 911.7
545000 841.3
550000 915.6
555000 894.4
560000 934.8
565000 875.7
570000 915.8
575000 950.4
580000 901.4
585000 936.2
590000 910.7
595000 884.8
600000 908.6
605000 884.0
610000 927.2
615000 825.3
620000 908.8
625000 896.3
630000 915.6
635000 883.9
640000 796.4
645000 774.0
650000 726.3
655000 835.4
660000 808.3
665000 883.9
670000 842.1
675000 870.6
680000 910.2
685000 933.4
690000 947.3
695000 904.1
700000 916.5
705000 917.2
710000 919.1
715000 924.9
720000 930.4
725000 956.3
730000 929.0
735000 890.2
740000 921.0
745000 876.8
750000 899.4
755000 907.2
760000 930.7
765000 875.8
770000 910.2
775000 930.3
780000 927.1
785000 916.5
790000 915.4
795000 941.3
800000 935.6
805000 408.0
810000 727.4
815000 688.4
820000 849.9
825000 849.6
830000 842.8
835000 934.2
840000 924.3
845000 938.2
850000 924.9
855000 897.3
860000 894.8
865000 888.8
870000 926.7
875000 902.9
880000 956.3
885000 966.4
890000 899.9
895000 922.8
900000 907.9
905000 905.8
910000 912.0
915000 883.0
920000 910.0
925000 950.4
930000 945.2
935000 938.8
940000 895.0
945000 944.0
950000 902.3
955000 881.0
960000 919.1
965000 254.8
970000 773.2
975000 822.1
980000 924.7
985000 816.5
990000 728.8
995000 903.9
1000000 889.1
1005000 884.3
1010000 890.6
1015000 915.0
1020000 912.2
1025000 905.2
1030000 907.7
1035000 931.0
1040000 895.4
1045000 919.6
1050000 916.8
1055000 910.9
1060000 926.9
1065000 899.5
1070000 890.3
1075000 933.4
1080000 938.9
1085000 932.5
1090000 919.2
1095000 943.1
1100000 915.6
1105000 874.0
1110000 916.8
1115000 900.4
1120000 938.1
1125000 773.0
1130000 572.2
1135000 839.2
1140000 933.4
1145000 825.3
1150000 900.4
1155000 885.8
1160000 899.7
1165000 930.6
1170000 891.3
1175000 889.4
1180000 942.6
1185000 931.5
1190000 902.2
1195000 917.0
1200000 866.5
1205000 941.0
1210000 942.1
1215000 909.0
1220000 942.3
1225000 926.2
1230000 938.3
1235000 898.7
1240000 890.9
1245000 947.7
1250000 940.0
1255000 911.3
1260000 948.6
1265000 936.3
1270000 941.6
1275000 935.7
1280000 943.9
1285000 326.6
1290000 833.7
1295000 888.2
1300000 871.6
1305000 903.4
1310000 913.0
1315000 913.1
1320000 939.5
1325000 949.5
1330000 933.6
1335000 917.2
1340000 923.0
1345000 899.3
1350000 911.2
1355000 947.1
1360000 922.9
1365000 836.6
1370000 858.2
1375000 945.7
1380000 936.5
1385000 936.6
1390000 843.2
1395000 926.0
1400000 938.3
1405000 924.6
1410000 911.6
1415000 943.6
1420000 919.1
1425000 957.8
1430000 907.1
1435000 928.3
1440000 958.1
1445000 306.5
1450000 823.2
1455000 779.7
1460000 932.7
1465000 921.6
1470000 920.0
1475000 911.2
1480000 962.0
1485000 926.8
1490000 933.6
1495000 955.7
1500000 920.9
1505000 912.6
1510000 915.6
1515000 816.4
1520000 942.1
1525000 917.9
1530000 947.7
1535000 950.6
1540000 929.7
1545000 943.5
1550000 926.5
1555000 932.7
1560000 909.6
1565000 931.7
1570000 931.6
1575000 950.4
1580000 945.9
1585000 932.8
1590000 926.2
1595000 964.0
1600000 933.1
1605000 252.5
1610000 842.9
1615000 775.4
1620000 741.3
1625000 877.6
1630000 950.4
1635000 907.9
1640000 918.1
1645000 936.8
1650000 923.7
1655000 834.4
1660000 897.1
1665000 843.1
1670000 938.9
1675000 910.5
1680000 945.4
1685000 925.4
1690000 655.9
1695000 915.7
1700000 945.7
1705000 940.9
1710000 951.7
1715000 944.5
1720000 932.5
1725000 897.3
1730000 908.2
1735000 931.8
1740000 922.6
1745000 938.9
1750000 943.2
1755000 909.8
1760000 907.5
1765000 570.1
1770000 813.5
1775000 852.8
1780000 942.5
1785000 940.7
1790000 921.7
1795000 924.2
1800000 927.7
1805000 920.7
1810000 926.1
1815000 935.8
1820000 946.2
1825000 938.7
1830000 899.5
1835000 958.0
1840000 925.4
1845000 929.9
1850000 913.8
1855000 918.7
1860000 922.8
1865000 951.2
1870000 842.6
1875000 942.3
1880000 950.7
1885000 930.0
1890000 870.7
1895000 953.6
1900000 898.1
1905000 921.7
1910000 931.2
1915000 954.2
1920000 906.8
1925000 913.8
1930000 937.3
1935000 935.3
1940000 954.1
1945000 931.9
1950000 954.1
1955000 940.9
1960000 919.8
1965000 934.2
1970000 938.0
1975000 899.4
1980000 923.6
1985000 907.1
1990000 894.7
1995000 923.6
2000000 917.1
