5000 124.8
10000 275.4
15000 381.7
20000 523.2
25000 195.9
30000 390.9
35000 580.0
40000 259.7
45000 701.3
50000 241.9
55000 673.8
60000 546.7
65000 529.5
70000 750.0
75000 652.1
80000 647.5
85000 655.9
90000 567.0
95000 774.9
100000 764.8
105000 736.9
110000 680.2
115000 820.6
120000 781.6
125000 799.0
130000 779.5
135000 691.8
140000 658.7
145000 529.2
150000 648.8
155000 594.1
160000 534.6
165000 488.1
170000 468.3
175000 552.1
180000 694.0
185000 810.2
190000 565.5
195000 790.4
200000 810.2
205000 876.4
210000 724.5
215000 768.5
220000 874.6
225000 712.7
230000 835.5
235000 808.5
240000 774.7
245000 788.1
250000 842.1
255000 847.0
260000 858.6
265000 609.5
270000 829.8
275000 822.3
280000 910.0
285000 784.7
290000 615.1
295000 768.0
300000 859.9
305000 872.1
310000 902.7
315000 900.5
320000 850.2
325000 247.2
330000 647.3
335000 809.1
340000 676.5
345000 884.1
350000 805.0
355000 645.9
360000 822.4
365000 876.0
370000 867.5
375000 874.2
380000 860.1
385000 860.5
390000 773.8
395000 852.3
400000 876.4
405000 866.6
410000 884.4
415000 802.9
420000 897.4
425000 838.8
430000 849.5
435000 865.9
440000 802.5
445000 927.8
450000 861.4
455000 881.6
460000 891.4
465000 918.4
470000 913.2
475000 882.0
480000 847.6
485000 396.5
490000 603.0
495000 482.2
500000 813.4
505000 823.9
510000 903.0
515000 778.1
520000 879.7
525000 851.2
530000 846.7
535000 836.6
540000 895.1
545000 947.4
550000 723.1
555000 701.3
560000 908.5
565000 776.4
570000 886.0
575000 910.5
580000 863.8
585000 907.8
590000 858.7
595000 816.3
600000 912.8
605000 881.3
610000 843.2
615000 894.4
620000 813.2
625000 799.0
630000 832.3
635000 904.5
640000 919.5
645000 245.1
650000 662.3
655000 824.3
660000 852.0
665000 784.9
670000 892.8
675000 881.8
680000 907.6
685000 835.0
690000 832.9
695000 874.6
700000 811.3
705000 921.4
710000 941.5
715000 919.2
720000 868.8
725000 901.8
730000 901.9
735000 921.3
740000 855.0
745000 905.6
750000 866.2
755000 908.0
760000 921.3
765000 852.6
770000 921.0
775000 905.6
780000 922.9
785000 897.7
790000 861.6
795000 843.7
800000 885.4
805000 452.5
810000 843.7
815000 824.1
820000 809.0
825000 778.0
830000 877.5
835000 929.8
840000 924.6
845000 903.2
850000 909.9
855000 896.2
860000 892.8
865000 941.6
870000 860.8
875000 903.6
880000 855.6
885000 917.2
890000 879.8
895000 946.6
900000 884.5
905000 922.4
910000 927.0
915000 903.7
920000 947.6
925000 901.6
930000 864.9
935000 821.0
940000 924.4
945000 919.6
950000 875.5
955000 894.4
960000 870.3
965000 346.8
970000 789.1
975000 639.3
980000 660.6
985000 942.2
990000 908.5
995000 837.7
1000000 845.7
1005000 934.3
1010000 907.9
1015000 939.4
1020000 902.2
1025000 862.4
1030000 631.6
1035000 839.0
1040000 880.6
1045000 905.4
1050000 957.0
1055000 884.1
1060000 953.1
1065000 891.7
1070000 916.7
1075000 922.9
1080000 887.8
1085000 900.5
1090000 892.6
1095000 910.6
1100000 892.2
1105000 934.6
1110000 943.1
1115000 898.0
1120000 892.8
1125000 277.5
1130000 832.1
1135000 790.1
1140000 856.7
1145000 856.7
1150000 842.4
1155000 931.3
1160000 936.2
1165000 937.6
1170000 940.9
1175000 879.6
1180000 944.4
1185000 932.2
1190000 878.5
1195000 928.0
1200000 901.2
1205000 896.3
1210000 898.7
1215000 909.1
1220000 934.2
1225000 886.6
1230000 913.6
1235000 833.6
1240000 858.9
1245000 921.3
1250000 784.5
1255000 862.7
1260000 869.8
1265000 940.6
1270000 947.1
1275000 948.2
1280000 912.6
1285000 484.9
1290000 696.9
1295000 899.8
1300000 886.7
1305000 837.0
1310000 915.0
1315000 910.8
1320000 921.7
1325000 977.6
1330000 912.3
1335000 895.8
1340000 890.7
1345000 919.0
1350000 924.0
1355000 881.3
1360000 916.7
1365000 930.4
1370000 880.2
1375000 963.0
1380000 933.8
1385000 924.8
1390000 929.5
1395000 933.0
1400000 928.2
1405000 920.0
1410000 925.7
1415000 899.6
1420000 936.3
1425000 906.6
1430000 883.4
1435000 931.1
1440000 945.9
1445000 711.4
1450000 816.9
1455000 828.5
1460000 924.1
1465000 880.3
1470000 914.9
1475000 910.8
1480000 920.0
1485000 864.1
1490000 939.8
1495000 942.7
1500000 888.6
1505000 922.3
1510000 913.9
1515000 905.8
1520000 962.7
1525000 933.1
1530000 907.5
1535000 867.9
1540000 917.2
1545000 915.9
1550000 900.3
1555000 917.8
1560000 914.1
1565000 929.1
1570000 937.2
1575000 922.6
1580000 929.1
1585000 920.6
1590000 904.7
1595000 918.4
1600000 923.1
1605000 466.9
1610000 843.5
1615000 663.9
1620000 893.5
1625000 928.0
1630000 838.3
1635000 909.1
1640000 925.5
1645000 804.2
1650000 895.6
1655000 928.3
1660000 900.1
1665000 921.6
1670000 910.8
1675000 921.4
1680000 864.5
1685000 937.8
1690000 929.2
1695000 919.6
1700000 930.0
1705000 903.1
1710000 904.2
1715000 971.3
1720000 928.5
1725000 885.2
1730000 915.0
1735000 906.5
1740000 922.4
1745000 898.3
1750000 901.2
1755000 880.0
1760000 904.0
1765000 514.3
1770000 840.8
1775000 837.9
1780000 870.4
1785000 860.5
1790000 847.4
1795000 915.6
1800000 943.1
1805000 952.5
1810000 868.8
1815000 923.1
1820000 866.4
1825000 902.0
1830000 904.7
1835000 894.9
1840000 928.3
1845000 928.6
1850000 960.2
1855000 901.9
1860000 920.9
1865000 832.4
1870000 912.8
1875000 909.3
1880000 941.2
1885000 940.7
1890000 926.8
1895000 932.6
1900000 907.8
1905000 953.8
1910000 876.5
1915000 919.5
1920000 935.8
1925000 950.9
1930000 939.0
1935000 925.5
1940000 946.5
1945000 869.9
1950000 747.8
1955000 935.0
1960000 649.4
1965000 928.6
1970000 897.1
1975000 906.1
1980000 883.5
1985000 893.1
1990000 886.1
1995000 871.5
2000000 814.2
