5000 279.9
10000 570.0
15000 520.1
20000 444.2
25000 480.6
30000 245.0
35000 368.8
40000 510.3
45000 636.8
50000 724.4
55000 662.5
60000 671.9
65000 592.7
70000 602.4
75000 777.1
80000 516.1
85000 714.8
90000 794.9
95000 680.8
100000 714.4
105000 658.0
110000 736.4
115000 556.1
120000 562.4
125000 490.5
130000 643.1
135000 846.7
140000 795.4
145000 830.3
150000 763.7
155000 754.0
160000 575.9
165000 330.6
170000 618.2
175000 867.9
180000 633.0
185000 591.3
190000 637.1
195000 783.1
200000 722.2
205000 734.8
210000 790.8
215000 546.8
220000 822.6
225000 751.3
230000 845.8
235000 728.5
240000 678.2
245000 753.2
250000 692.6
255000 677.5
260000 736.3
265000 586.4
270000 757.3
275000 558.8
280000 777.1
285000 861.3
290000 521.8
295000 592.5
300000 810.7
305000 637.4
310000 624.6
315000 525.1
320000 869.4
325000 272.0
330000 547.7
335000 610.2
340000 807.8
345000 639.7
350000 718.7
355000 755.5
360000 677.1
365000 711.1
370000 823.0
375000 664.1
380000 721.3
385000 613.7
390000 934.5
395000 581.9
400000 625.5
405000 633.4
410000 857.9
415000 692.6
420000 598.0
425000 717.0
430000 819.4
435000 705.2
440000 787.9
445000 654.6
450000 758.9
455000 596.5
460000 830.1
465000 900.9
470000 678.7
475000 729.3
480000 747.4
485000 232.6
490000 144.2
495000 671.0
500000 753.2
505000 847.9
510000 761.4
515000 703.3
520000 910.1
525000 785.2
530000 823.8
535000 924.7
540000 888.9
545000 868.8
550000 878.9
555000 867.4
560000 882.4
565000 845.5
570000 854.1
575000 934.5
580000 887.8
585000 889.3
590000 902.2
595000 940.7
600000 924.7
605000 906.9
610000 797.4
615000 818.0
620000 912.1
625000 878.2
630000 926.5
635000 840.1
640000 872.0
645000 587.0
650000 703.4
655000 741.6
660000 738.2
665000 907.1
670000 864.6
675000 889.5
680000 828.0
685000 891.1
690000 833.6
695000 856.9
700000 735.2
705000 934.9
710000 908.3
715000 908.6
720000 847.0
725000 852.8
730000 897.1
735000 895.9
740000 909.4
745000 843.0
750000 886.4
755000 818.7
760000 833.5
765000 699.2
770000 827.9
775000 943.7
780000 783.1
785000 892.5
790000 808.2
795000 913.2
800000 829.1
805000 497.1
810000 824.2
815000 817.1
820000 787.1
825000 836.0
830000 940.9
835000 898.2
840000 918.6
845000 881.3
850000 883.6
855000 899.0
860000 938.9
865000 871.9
870000 887.0
875000 885.3
880000 867.5
885000 931.9
890000 927.7
895000 906.6
900000 865.3
905000 889.9
910000 898.9
915000 916.5
920000 937.7
925000 819.5
930000 917.7
935000 876.1
940000 895.3
945000 930.4
950000 908.1
955000 894.1
960000 915.3
965000 861.4
970000 800.2
975000 803.5
980000 709.3
985000 909.3
990000 911.5
995000 903.1
1000000 872.2
1005000 876.7
1010000 861.3
1015000 928.9
1020000 846.9
1025000 926.0
1030000 933.8
1035000 859.7
1040000 908.2
1045000 935.2
1050000 893.5
1055000 876.7
1060000 911.8
1065000 934.2
1070000 917.6
1075000 938.1
1080000 917.4
1085000 923.8
1090000 936.0
1095000 932.9
1100000 882.0
1105000 929.4
1110000 936.7
1115000 911.9
1120000 857.0
1125000 256.4
1130000 805.4
1135000 892.6
1140000 922.6
1145000 922.2
1150000 868.5
1155000 915.7
1160000 890.5
1165000 944.6
1170000 895.3
1175000 931.9
1180000 913.4
1185000 917.7
1190000 907.7
1195000 959.2
1200000 937.0
1205000 948.1
1210000 952.7
1215000 891.0
1220000 759.9
1225000 918.3
1230000 879.0
1235000 918.0
1240000 807.7
1245000 902.2
1250000 896.6
1255000 843.9
1260000 829.1
1265000 928.9
1270000 887.4
1275000 918.5
1280000 922.4
1285000 249.1
1290000 808.5
1295000 899.4
1300000 727.4
1305000 904.0
1310000 765.1
1315000 859.5
1320000 889.0
1325000 933.5
1330000 948.7
1335000 864.1
1340000 910.7
1345000 859.0
1350000 927.3
1355000 897.7
1360000 864.2
1365000 915.8
1370000 905.1
1375000 920.0
1380000 921.3
1385000 804.3
1390000 830.7
1395000 870.9
1400000 923.0
1405000 899.4
1410000 885.4
1415000 937.2
1420000 935.0
1425000 929.8
1430000 919.9
1435000 928.8
1440000 945.4
1445000 606.0
1450000 912.1
1455000 835.9
1460000 908.0
1465000 906.0
1470000 943.9
1475000 931.6
1480000 920.1
1485000 913.1
1490000 919.7
1495000 900.0
1500000 912.4
1505000 924.8
1510000 895.3
1515000 694.9
1520000 898.3
1525000 890.5
1530000 925.7
1535000 943.3
1540000 927.7
1545000 908.6
1550000 951.1
1555000 807.1
1560000 947.2
1565000 949.0
1570000 918.2
1575000 907.7
1580000 933.0
1585000 948.1
1590000 881.7
1595000 907.6
1600000 889.6
1605000 783.6
1610000 840.0
1615000 903.6
1620000 946.8
1625000 905.7
1630000 938.1
1635000 889.5
1640000 930.5
1645000 911.3
1650000 914.6
1655000 918.4
1660000 914.4
1665000 944.3
1670000 931.6
1675000 941.4
1680000 911.4
1685000 925.5
1690000 925.0
1695000 951.2
1700000 925.4
1705000 929.4
1710000 957.6
1715000 954.7
1720000 920.1
1725000 904.4
1730000 924.7
1735000 905.8
1740000 925.0
1745000 933.4
1750000 913.0
1755000 952.5
1760000 919.4
1765000 631.0
1770000 918.8
1775000 901.9
1780000 926.0
1785000 907.3
1790000 792.3
1795000 827.9
1800000 940.4
1805000 841.2
1810000 939.0
1815000 935.2
1820000 939.6
1825000 917.8
1830000 962.0
1835000 807.6
1840000 863.9
1845000 894.0
1850000 911.0
1855000 953.5
1860000 933.2
1865000 953.8
1870000 941.1
1875000 951.0
1880000 910.4
1885000 937.6
1890000 933.2
1895000 928.5
1900000 946.4
1905000 928.6
1910000 944.0
1915000 922.5
1920000 920.6
1925000 920.8
1930000 919.7
1935000 939.2
1940000 930.7
1945000 920.1
1950000 936.3
1955000 901.4
1960000 922.6
1965000 917.7
1970000 929.6
1975000 951.4
1980000 933.8
1985000 947.2
1990000 922.3
1995000 939.6
2000000 923.0
