5000 0.3
10000 1.2
15000 13.3
20000 18.7
25000 13.3
30000 11.3
35000 15.0
40000 16.2
45000 27.9
50000 5.1
55000 5.8
60000 15.5
65000 5.3
70000 18.5
75000 30.5
80000 16.3
85000 8.7
90000 36.3
95000 17.1
100000 12.5
105000 5.1
110000 20.8
115000 15.7
120000 0.9
125000 30.0
130000 31.4
135000 18.9
140000 3.6
145000 18.1
150000 12.1
155000 10.8
160000 59.4
165000 8.2
170000 27.2
175000 38.6
180000 21.8
185000 40.0
190000 9.6
195000 19.8
200000 57.9
205000 77.8
210000 14.9
215000 4.8
220000 13.1
225000 2.5
230000 31.4
235000 11.8
240000 3.6
245000 15.8
250000 1.7
255000 0.0
260000 1.8
265000 42.6
270000 19.1
275000 9.4
280000 21.5
285000 24.1
290000 0.1
295000 11.7
300000 0.9
305000 45.1
310000 46.8
315000 19.5
320000 12.5
325000 0.7
330000 12.8
335000 13.3
340000 4.5
345000 12.0
350000 6.2
355000 5.1
360000 29.3
365000 13.1
370000 12.9
375000 24.7
380000 30.1
385000 0.5
390000 2.4
395000 11.0
400000 3.1
405000 6.6
410000 0.0
415000 13.7
420000 15.8
425000 3.3
430000 1.3
435000 12.8
440000 9.9
445000 34.9
450000 4.1
455000 6.8
460000 6.4
465000 21.8
470000 0.5
475000 13.3
480000 9.6
485000 97.0
490000 0.2
495000 19.1
500000 28.5
505000 56.2
510000 3.1
515000 24.7
520000 0.0
525000 14.5
530000 47.5
535000 1.8
540000 80.0
545000 61.9
550000 23.1
555000 2.7
560000 0.0
565000 78.2
570000 59.4
575000 18.9
580000 57.0
585000 15.9
590000 7.0
595000 28.2
600000 67.5
605000 81.5
610000 3.6
615000 125.0
620000 92.4
625000 42.2
630000 55.5
635000 2.5
640000 16.8
645000 1.4
650000 15.2
655000 0.6
660000 21.9
665000 7.3
670000 10.8
675000 9.8
680000 0.0
685000 0.0
690000 17.7
695000 32.4
700000 55.5
705000 52.4
710000 59.4
715000 21.6
720000 49.8
725000 30.2
730000 6.1
735000 9.8
740000 15.2
745000 2.2
750000 6.6
755000 3.8
760000 1.3
765000 25.5
770000 16.1
775000 49.2
780000 23.0
785000 0.1
790000 83.3
795000 5.3
800000 37.6
805000 60.5
810000 58.4
815000 107.2
820000 62.2
825000 63.4
830000 42.4
835000 8.1
840000 77.6
845000 0.6
850000 23.2
855000 0.1
860000 94.8
865000 54.0
870000 40.9
875000 83.6
880000 0.4
885000 0.3
890000 32.4
895000 105.0
900000 225.7
905000 66.1
910000 54.8
915000 114.8
920000 53.5
925000 0.1
930000 25.5
935000 92.4
940000 78.6
945000 69.5
950000 78.7
955000 131.8
960000 146.9
965000 17.2
970000 16.3
975000 70.2
980000 29.9
985000 6.9
990000 14.2
995000 65.4
1000000 65.5
1005000 12.7
1010000 14.8
1015000 38.3
1020000 36.8
1025000 32.5
1030000 48.6
1035000 26.0
1040000 21.8
1045000 133.2
1050000 118.6
1055000 54.3
1060000 3.8
1065000 48.1
1070000 61.0
1075000 92.3
1080000 4.7
1085000 97.9
1090000 115.0
1095000 45.7
1100000 35.1
1105000 48.5
1110000 96.7
1115000 61.6
1120000 143.6
1125000 38.1
1130000 104.2
1135000 105.9
1140000 123.3
1145000 64.6
1150000 106.3
1155000 32.8
1160000 111.4
1165000 33.1
1170000 133.3
1175000 124.3
1180000 159.6
1185000 85.1
1190000 169.5
1195000 125.7
1200000 64.6
1205000 0.1
1210000 25.6
1215000 0.6
1220000 116.8
1225000 71.7
1230000 48.0
1235000 74.8
1240000 89.3
1245000 102.1
1250000 13.3
1255000 84.3
1260000 79.1
1265000 200.1
1270000 137.7
1275000 38.2
1280000 262.1
1285000 30.0
1290000 6.9
1295000 12.6
1300000 50.5
1305000 40.5
1310000 62.0
1315000 16.2
1320000 27.3
1325000 44.2
1330000 115.7
1335000 19.2
1340000 10.1
1345000 53.7
1350000 69.6
1355000 21.9
1360000 40.9
1365000 36.1
1370000 7.2
1375000 49.9
1380000 2.0
1385000 135.9
1390000 0.0
1395000 4.7
1400000 134.9
1405000 36.1
1410000 30.7
1415000 28.6
1420000 2.3
1425000 81.5
1430000 1.5
1435000 49.9
1440000 80.3
1445000 0.2
1450000 89.5
1455000 102.4
1460000 81.0
1465000 94.2
1470000 96.0
1475000 106.3
1480000 217.3
1485000 49.7
1490000 45.4
1495000 156.9
1500000 52.3
1505000 54.1
1510000 42.3
1515000 59.4
1520000 194.4
1525000 114.8
1530000 82.6
1535000 141.6
1540000 152.8
1545000 105.3
1550000 1.2
1555000 153.1
1560000 53.8
1565000 85.2
1570000 85.4
1575000 45.5
1580000 169.0
1585000 141.0
1590000 101.2
1595000 143.2
1600000 99.9
1605000 23.9
1610000 0.1
1615000 44.5
1620000 36.6
1625000 35.3
1630000 33.6
1635000 28.9
1640000 32.3
1645000 42.9
1650000 83.9
1655000 113.6
1660000 98.6
1665000 37.8
1670000 123.0
1675000 85.5
1680000 25.2
1685000 0.1
1690000 52.2
1695000 41.2
1700000 139.5
1705000 0.4
1710000 148.2
1715000 39.5
1720000 32.3
1725000 76.4
1730000 146.5
1735000 70.7
1740000 78.6
1745000 112.2
1750000 72.6
1755000 93.1
1760000 132.7
1765000 2.9
1770000 155.2
1775000 89.2
1780000 41.0
1785000 91.2
1790000 156.1
1795000 102.7
1800000 186.5
1805000 104.4
1810000 92.1
1815000 83.8
1820000 31.0
1825000 39.0
1830000 42.8
1835000 101.9
1840000 211.5
1845000 79.5
1850000 43.4
1855000 156.1
1860000 37.1
1865000 82.0
1870000 76.9
1875000 155.0
1880000 42.6
1885000 138.3
1890000 104.5
1895000 66.8
1900000 160.1
1905000 1.6
1910000 123.6
1915000 84.9
1920000 50.2
1925000 106.7
1930000 134.8
1935000 48.5
1940000 71.9
1945000 222.6
1950000 156.2
1955000 0.0
1960000 183.6
1965000 106.0
1970000 140.0
1975000 97.6
1980000 40.2
1985000 81.7
1990000 1.2
1995000 92.1
2000000 2.5
