5000 0.8
10000 4.8
15000 24.9
20000 6.0
25000 6.5
30000 16.9
35000 6.0
40000 20.0
45000 2.4
50000 9.5
55000 22.7
60000 31.3
65000 11.4
70000 22.4
75000 40.2
80000 37.2
85000 20.7
90000 19.7
95000 16.3
100000 24.5
105000 20.0
110000 9.4
115000 29.9
120000 52.9
125000 10.4
130000 13.6
135000 9.4
140000 0.0
145000 18.4
150000 1.6
155000 73.9
160000 46.9
165000 83.2
170000 46.3
175000 11.5
180000 35.5
185000 57.8
190000 37.0
195000 62.5
200000 105.0
205000 70.0
210000 26.5
215000 35.0
220000 7.8
225000 0.4
230000 7.9
235000 84.0
240000 43.9
245000 135.8
250000 0.5
255000 82.7
260000 57.5
265000 0.1
270000 124.3
275000 81.0
280000 62.8
285000 32.3
290000 62.3
295000 0.2
300000 19.1
305000 33.6
310000 23.6
315000 30.7
320000 78.1
325000 29.8
330000 149.6
335000 0.1
340000 88.1
345000 87.6
350000 14.0
355000 47.3
360000 50.3
365000 29.7
370000 16.2
375000 36.0
380000 45.6
385000 8.7
390000 25.8
395000 4.0
400000 1.6
405000 8.1
410000 9.6
415000 0.0
420000 18.3
425000 24.5
430000 9.0
435000 99.0
440000 95.8
445000 121.2
450000 78.4
455000 111.8
460000 27.2
465000 57.2
470000 45.4
475000 52.7
480000 79.5
485000 0.1
490000 62.4
495000 12.4
500000 26.0
505000 82.1
510000 130.5
515000 88.0
520000 31.0
525000 131.1
530000 98.3
535000 35.7
540000 50.5
545000 65.2
550000 33.7
555000 48.0
560000 47.2
565000 35.3
570000 67.4
575000 0.0
580000 17.1
585000 9.6
590000 9.5
595000 11.4
600000 68.0
605000 108.2
610000 10.6
615000 13.4
620000 108.2
625000 63.8
630000 21.6
635000 12.9
640000 39.1
645000 4.0
650000 2.1
655000 3.7
660000 11.7
665000 61.0
670000 5.5
675000 20.0
680000 13.7
685000 12.3
690000 3.4
695000 38.8
700000 93.6
705000 1.4
710000 3.0
715000 19.9
720000 76.2
725000 7.9
730000 0.5
735000 53.3
740000 37.2
745000 30.2
750000 12.0
755000 59.9
760000 5.0
765000 30.5
770000 36.6
775000 0.4
780000 88.1
785000 16.4
790000 17.9
795000 56.8
800000 0.1
805000 55.4
810000 11.5
815000 53.1
820000 61.0
825000 14.5
830000 112.2
835000 115.4
840000 40.7
845000 64.4
850000 107.5
855000 52.9
860000 55.6
865000 62.7
870000 67.5
875000 11.2
880000 24.2
885000 96.5
890000 134.4
895000 104.7
900000 11.5
905000 100.1
910000 164.9
915000 42.1
920000 43.7
925000 69.4
930000 29.0
935000 24.0
940000 96.4
945000 34.7
950000 103.7
955000 72.5
960000 101.0
965000 9.5
970000 5.3
975000 8.8
980000 10.7
985000 0.1
990000 2.4
995000 13.5
1000000 19.5
1005000 78.7
1010000 125.0
1015000 0.0
1020000 3.6
1025000 116.3
1030000 72.7
1035000 4.6
1040000 89.3
1045000 2.7
1050000 40.9
1055000 51.7
1060000 12.7
1065000 21.9
1070000 1.8
1075000 0.0
1080000 19.8
1085000 44.8
1090000 37.3
1095000 0.1
1100000 25.0
1105000 45.0
1110000 64.7
1115000 19.4
1120000 20.0
1125000 71.7
1130000 35.3
1135000 91.0
1140000 36.7
1145000 5.2
1150000 101.1
1155000 115.9
1160000 91.3
1165000 0.0
1170000 52.7
1175000 0.0
1180000 17.9
1185000 0.1
1190000 72.9
1195000 26.9
1200000 25.0
1205000 167.3
1210000 48.1
1215000 127.4
1220000 65.7
1225000 56.8
1230000 111.8
1235000 71.8
1240000 16.7
1245000 77.1
1250000 61.0
1255000 59.2
1260000 6.3
1265000 111.9
1270000 56.2
1275000 0.0
1280000 5.2
1285000 30.0
1290000 10.1
1295000 2.7
1300000 5.8
1305000 8.8
1310000 29.0
1315000 87.2
1320000 9.1
1325000 57.0
1330000 9.1
1335000 80.1
1340000 1.7
1345000 46.5
1350000 16.4
1355000 10.3
1360000 28.2
1365000 63.6
1370000 2.5
1375000 1.4
1380000 25.1
1385000 24.5
1390000 43.7
1395000 4.5
1400000 140.6
1405000 57.7
1410000 75.6
1415000 168.2
1420000 17.5
1425000 0.0
1430000 54.6
1435000 48.6
1440000 18.5
1445000 6.8
1450000 33.7
1455000 19.1
1460000 45.4
1465000 18.3
1470000 62.4
1475000 0.4
1480000 128.5
1485000 35.8
1490000 23.9
1495000 0.0
1500000 3.7
1505000 83.9
1510000 106.6
1515000 76.8
1520000 51.9
1525000 7.1
1530000 8.6
1535000 68.9
1540000 18.8
1545000 61.5
1550000 9.2
1555000 4.9
1560000 68.7
1565000 125.0
1570000 5.4
1575000 104.7
1580000 0.0
1585000 51.3
1590000 57.2
1595000 10.5
1600000 1.0
1605000 0.1
1610000 27.1
1615000 10.0
1620000 4.9
1625000 0.8
1630000 0.3
1635000 14.7
1640000 0.0
1645000 53.7
1650000 0.0
1655000 21.3
1660000 61.6
1665000 59.1
1670000 8.9
1675000 61.3
1680000 16.6
1685000 9.9
1690000 1.0
1695000 12.3
1700000 12.5
1705000 24.3
1710000 34.4
1715000 0.1
1720000 11.7
1725000 95.0
1730000 40.1
1735000 5.7
1740000 4.3
1745000 1.0
1750000 79.6
1755000 76.4
1760000 68.3
1765000 30.4
1770000 54.4
1775000 0.2
1780000 8.1
1785000 10.4
1790000 67.0
1795000 42.1
1800000 19.6
1805000 42.3
1810000 95.7
1815000 0.2
1820000 108.0
1825000 54.9
1830000 41.6
1835000 0.2
1840000 0.3
1845000 43.7
1850000 60.3
1855000 42.4
1860000 15.8
1865000 13.5
1870000 4.7
1875000 64.3
1880000 0.8
1885000 14.4
1890000 0.1
1895000 13.6
1900000 138.8
1905000 27.5
1910000 18.6
1915000 57.0
1920000 154.6
1925000 136.2
1930000 196.3
1935000 118.8
1940000 1.5
1945000 53.1
1950000 74.5
1955000 53.1
1960000 152.5
1965000 25.6
1970000 12.2
1975000 47.2
1980000 35.1
1985000 43.8
1990000 41.7
1995000 44.8
2000000 120.8
