5000 2.9
10000 0.5
15000 11.1
20000 27.9
25000 16.3
30000 42.5
35000 51.9
40000 84.6
45000 28.0
50000 17.4
55000 18.3
60000 55.2
65000 30.1
70000 36.2
75000 3.8
80000 27.6
85000 19.4
90000 57.3
95000 3.0
100000 6.7
105000 18.3
110000 4.5
115000 43.5
120000 90.9
125000 15.5
130000 74.6
135000 53.1
140000 32.6
145000 64.9
150000 48.4
155000 8.3
160000 1.0
165000 73.8
170000 63.2
175000 30.4
180000 0.0
185000 22.1
190000 12.0
195000 138.0
200000 52.7
205000 35.1
210000 41.4
215000 48.3
220000 102.1
225000 55.0
230000 66.2
235000 2.4
240000 43.0
245000 89.6
250000 163.0
255000 77.9
260000 0.9
265000 39.1
270000 0.0
275000 110.9
280000 0.0
285000 1.6
290000 17.3
295000 115.3
300000 54.1
305000 103.4
310000 58.3
315000 116.9
320000 59.5
325000 16.1
330000 5.1
335000 6.2
340000 16.7
345000 58.3
350000 4.9
355000 10.0
360000 2.7
365000 3.5
370000 48.4
375000 51.2
380000 61.1
385000 0.0
390000 1.1
395000 0.0
400000 46.7
405000 48.8
410000 1.6
415000 148.1
420000 118.3
425000 93.4
430000 53.9
435000 92.5
440000 32.0
445000 0.0
450000 7.3
455000 42.6
460000 106.1
465000 44.3
470000 104.1
475000 113.2
480000 55.6
485000 28.2
490000 59.4
495000 46.2
500000 53.2
505000 37.1
510000 103.0
515000 58.9
520000 112.3
525000 62.7
530000 43.6
535000 62.6
540000 2.6
545000 54.5
550000 133.7
555000 2.5
560000 2.1
565000 57.3
570000 0.0
575000 174.4
580000 109.6
585000 100.2
590000 117.2
595000 44.9
600000 112.0
605000 50.5
610000 144.0
615000 118.7
620000 59.1
625000 182.3
630000 114.2
635000 167.7
640000 121.3
645000 44.5
650000 2.1
655000 12.0
660000 8.2
665000 46.8
670000 0.0
675000 0.3
680000 29.5
685000 0.3
690000 0.1
695000 40.3
700000 52.8
705000 44.6
710000 0.4
715000 43.3
720000 2.2
725000 134.4
730000 1.7
735000 2.0
740000 0.5
745000 51.1
750000 48.0
755000 2.0
760000 49.6
765000 47.1
770000 0.1
775000 90.4
780000 105.9
785000 47.7
790000 83.8
795000 179.7
800000 40.2
805000 111.7
810000 90.5
815000 109.9
820000 146.7
825000 0.0
830000 114.0
835000 50.5
840000 81.8
845000 61.1
850000 1.3
855000 83.7
860000 34.2
865000 101.0
870000 166.2
875000 98.1
880000 47.2
885000 60.3
890000 59.3
895000 150.3
900000 58.6
905000 89.4
910000 61.8
915000 3.7
920000 0.0
925000 107.8
930000 103.5
935000 1.2
940000 100.3
945000 44.8
950000 64.8
955000 45.4
960000 80.1
965000 32.7
970000 22.8
975000 7.9
980000 2.2
985000 0.8
990000 8.7
995000 3.7
1000000 33.8
1005000 22.4
1010000 87.7
1015000 1.6
1020000 51.3
1025000 56.2
1030000 37.6
1035000 60.2
1040000 116.6
1045000 147.2
1050000 232.0
1055000 53.6
1060000 0.3
1065000 49.7
1070000 51.0
1075000 101.9
1080000 0.8
1085000 94.5
1090000 2.1
1095000 60.3
1100000 54.5
1105000 47.2
1110000 2.8
1115000 240.2
1120000 0.2
1125000 0.1
1130000 2.2
1135000 129.9
1140000 0.0
1145000 2.6
1150000 47.2
1155000 60.2
1160000 0.0
1165000 0.3
1170000 63.0
1175000 57.4
1180000 104.6
1185000 54.5
1190000 105.6
1195000 55.1
1200000 45.7
1205000 91.0
1210000 57.9
1215000 61.3
1220000 109.1
1225000 0.0
1230000 0.0
1235000 45.5
1240000 139.6
1245000 107.7
1250000 162.5
1255000 61.7
1260000 110.1
1265000 61.5
1270000 159.4
1275000 59.4
1280000 56.9
1285000 8.5
1290000 16.3
1295000 0.6
1300000 0.7
1305000 16.2
1310000 2.9
1315000 39.5
1320000 38.0
1325000 107.2
1330000 53.9
1335000 104.1
1340000 29.6
1345000 1.0
1350000 2.6
1355000 106.3
1360000 98.6
1365000 2.8
1370000 77.1
1375000 7.4
1380000 106.0
1385000 0.1
1390000 86.0
1395000 118.2
1400000 0.3
1405000 99.8
1410000 181.1
1415000 50.2
1420000 100.3
1425000 58.0
1430000 58.3
1435000 0.0
1440000 58.2
1445000 58.9
1450000 3.3
1455000 0.1
1460000 111.1
1465000 60.4
1470000 38.1
1475000 59.8
1480000 56.1
1485000 0.0
1490000 57.8
1495000 57.8
1500000 0.0
1505000 167.6
1510000 94.0
1515000 167.3
1520000 99.6
1525000 109.5
1530000 166.6
1535000 117.9
1540000 52.6
1545000 0.2
1550000 0.0
1555000 107.9
1560000 57.7
1565000 0.0
1570000 0.0
1575000 119.1
1580000 189.7
1585000 58.2
1590000 63.4
1595000 49.4
1600000 60.4
1605000 11.7
1610000 0.1
1615000 0.1
1620000 1.5
1625000 0.2
1630000 2.0
1635000 3.3
1640000 38.8
1645000 0.0
1650000 0.1
1655000 0.2
1660000 0.4
1665000 62.1
1670000 0.0
1675000 0.2
1680000 57.4
1685000 0.3
1690000 6.9
1695000 0.1
1700000 1.7
1705000 0.8
1710000 48.8
1715000 1.9
1720000 0.1
1725000 130.2
1730000 41.3
1735000 38.6
1740000 48.2
1745000 49.0
1750000 44.3
1755000 219.8
1760000 55.3
1765000 227.4
1770000 59.1
1775000 106.1
1780000 150.9
1785000 60.6
1790000 57.7
1795000 0.5
1800000 62.9
1805000 0.1
1810000 49.0
1815000 54.4
1820000 100.3
1825000 60.6
1830000 59.6
1835000 50.0
1840000 0.1
1845000 102.8
1850000 174.1
1855000 55.4
1860000 48.1
1865000 69.1
1870000 117.2
1875000 58.3
1880000 53.9
1885000 60.4
1890000 56.4
1895000 175.7
1900000 0.0
1905000 114.7
1910000 109.4
1915000 52.7
1920000 167.0
1925000 0.1
1930000 8.0
1935000 70.1
1940000 114.7
1945000 0.2
1950000 57.0
1955000 0.0
1960000 170.5
1965000 0.0
1970000 58.0
1975000 117.0
1980000 233.4
1985000 57.8
1990000 59.7
1995000 128.1
2000000 56.8
