5000 28.0
10000 8.8
15000 0.2
20000 16.1
25000 4.6
30000 11.5
35000 10.6
40000 32.7
45000 20.9
50000 8.4
55000 0.8
60000 8.2
65000 12.7
70000 6.3
75000 8.8
80000 31.2
85000 6.2
90000 13.5
95000 28.9
100000 10.6
105000 19.8
110000 37.6
115000 24.0
120000 2.9
125000 23.3
130000 0.3
135000 10.3
140000 38.1
145000 26.2
150000 26.3
155000 55.9
160000 12.0
165000 16.9
170000 58.2
175000 8.6
180000 1.4
185000 14.6
190000 0.2
195000 14.8
200000 36.0
205000 30.9
210000 24.2
215000 20.0
220000 14.1
225000 36.6
230000 3.9
235000 34.5
240000 16.3
245000 7.2
250000 85.7
255000 7.1
260000 9.7
265000 1.8
270000 27.2
275000 43.7
280000 23.3
285000 50.5
290000 1.3
295000 19.6
300000 0.6
305000 17.6
310000 0.0
315000 24.5
320000 13.1
325000 1.3
330000 21.4
335000 3.2
340000 13.9
345000 75.2
350000 23.1
355000 46.7
360000 141.0
365000 2.5
370000 12.5
375000 6.1
380000 33.7
385000 96.9
390000 102.4
395000 55.4
400000 73.2
405000 29.6
410000 105.5
415000 73.0
420000 106.3
425000 57.1
430000 30.4
435000 25.9
440000 74.2
445000 20.2
450000 10.0
455000 0.0
460000 44.0
465000 89.8
470000 0.0
475000 27.0
480000 55.6
485000 95.5
490000 82.9
495000 172.0
500000 23.9
505000 124.6
510000 66.2
515000 64.8
520000 123.7
525000 93.3
530000 28.9
535000 131.3
540000 70.5
545000 21.6
550000 49.0
555000 67.9
560000 59.7
565000 66.4
570000 107.3
575000 115.6
580000 96.8
585000 70.8
590000 103.2
595000 104.3
600000 111.0
605000 58.2
610000 34.5
615000 29.3
620000 113.8
625000 2.3
630000 149.3
635000 44.0
640000 138.0
645000 6.0
650000 10.5
655000 12.1
660000 69.6
665000 28.2
670000 68.9
675000 23.0
680000 61.7
685000 107.4
690000 136.9
695000 25.7
700000 0.0
705000 34.6
710000 163.2
715000 36.7
720000 114.6
725000 31.7
730000 29.3
735000 32.8
740000 111.8
745000 147.8
750000 148.3
755000 86.7
760000 92.2
765000 62.9
770000 55.0
775000 129.5
780000 116.4
785000 116.7
790000 35.7
795000 128.7
800000 65.1
805000 139.1
810000 80.2
815000 160.3
820000 58.2
825000 94.9
830000 90.5
835000 0.0
840000 110.3
845000 37.0
850000 80.3
855000 67.4
860000 63.7
865000 109.8
870000 37.0
875000 66.9
880000 70.7
885000 146.2
890000 134.9
895000 30.5
900000 147.7
905000 154.6
910000 68.5
915000 68.5
920000 174.5
925000 160.5
930000 70.0
935000 110.7
940000 126.2
945000 68.5
950000 62.6
955000 35.5
960000 104.7
965000 25.5
970000 49.8
975000 66.9
980000 68.9
985000 20.1
990000 86.1
995000 126.8
1000000 24.7
1005000 27.5
1010000 57.1
1015000 23.2
1020000 105.1
1025000 39.1
1030000 25.4
1035000 61.9
1040000 2.6
1045000 33.2
1050000 150.5
1055000 73.5
1060000 30.2
1065000 88.3
1070000 111.3
1075000 93.3
1080000 107.4
1085000 113.7
1090000 115.6
1095000 5.6
1100000 148.6
1105000 59.3
1110000 149.1
1115000 61.8
1120000 65.1
1125000 208.9
1130000 130.1
1135000 0.2
1140000 69.7
1145000 63.4
1150000 91.8
1155000 79.4
1160000 64.8
1165000 66.6
1170000 104.5
1175000 62.5
1180000 78.0
1185000 35.6
1190000 61.8
1195000 41.8
1200000 144.3
1205000 77.4
1210000 133.2
1215000 78.2
1220000 35.5
1225000 67.7
1230000 34.3
1235000 87.8
1240000 93.6
1245000 39.1
1250000 40.2
1255000 163.3
1260000 41.7
1265000 0.0
1270000 124.5
1275000 160.1
1280000 110.1
1285000 13.9
1290000 7.0
1295000 60.0
1300000 40.4
1305000 173.8
1310000 66.0
1315000 28.1
1320000 31.1
1325000 60.6
1330000 35.2
1335000 145.6
1340000 16.9
1345000 64.2
1350000 36.5
1355000 218.5
1360000 95.5
1365000 39.9
1370000 32.7
1375000 97.9
1380000 37.4
1385000 208.2
1390000 68.1
1395000 43.5
1400000 113.3
1405000 44.4
1410000 30.7
1415000 111.4
1420000 45.4
1425000 160.9
1430000 85.6
1435000 1.2
1440000 35.6
1445000 158.1
1450000 189.9
1455000 82.5
1460000 182.7
1465000 119.4
1470000 117.9
1475000 44.5
1480000 173.9
1485000 52.6
1490000 98.9
1495000 71.9
1500000 128.5
1505000 87.3
1510000 158.0
1515000 114.0
1520000 200.2
1525000 75.5
1530000 139.7
1535000 129.0
1540000 203.8
1545000 115.5
1550000 74.7
1555000 1.0
1560000 85.4
1565000 28.1
1570000 233.9
1575000 42.4
1580000 115.5
1585000 38.5
1590000 170.4
1595000 42.8
1600000 107.3
1605000 0.8
1610000 37.7
1615000 74.2
1620000 3.3
1625000 2.5
1630000 40.2
1635000 69.8
1640000 42.1
1645000 15.5
1650000 75.8
1655000 52.8
1660000 87.5
1665000 48.8
1670000 52.1
1675000 116.0
1680000 39.0
1685000 99.7
1690000 88.4
1695000 40.2
1700000 79.2
1705000 188.2
1710000 138.0
1715000 71.9
1720000 83.1
1725000 40.5
1730000 108.3
1735000 44.4
1740000 123.3
1745000 81.5
1750000 47.1
1755000 79.9
1760000 112.9
1765000 83.2
1770000 104.1
1775000 91.4
1780000 41.0
1785000 90.7
1790000 53.8
1795000 30.0
1800000 118.3
1805000 37.1
1810000 99.3
1815000 90.4
1820000 116.8
1825000 119.1
1830000 44.4
1835000 37.2
1840000 143.0
1845000 121.0
1850000 183.8
1855000 104.6
1860000 148.1
1865000 167.7
1870000 45.9
1875000 31.0
1880000 117.7
1885000 85.6
1890000 208.9
1895000 126.0
1900000 169.5
1905000 103.0
1910000 199.4
1915000 103.9
1920000 87.6
1925000 35.6
1930000 154.5
1935000 118.2
1940000 194.7
1945000 192.9
1950000 126.8
1955000 108.4
1960000 227.4
1965000 181.5
1970000 113.1
1975000 131.5
1980000 144.8
1985000 169.1
1990000 130.1
1995000 100.4
2000000 35.4
