5000 45.2
10000 5.2
15000 0.0
20000 30.3
25000 12.2
30000 14.7
35000 8.7
40000 16.6
45000 20.6
50000 12.9
55000 31.1
60000 22.9
65000 42.9
70000 48.5
75000 2.0
80000 21.6
85000 23.2
90000 10.2
95000 8.4
100000 58.2
105000 18.2
110000 50.5
115000 41.5
120000 53.4
125000 44.4
130000 85.5
135000 112.0
140000 132.1
145000 43.4
150000 27.2
155000 58.8
160000 78.9
165000 39.5
170000 2.6
175000 116.1
180000 104.4
185000 34.6
190000 90.5
195000 157.5
200000 164.5
205000 157.2
210000 19.8
215000 97.6
220000 135.9
225000 95.2
230000 230.4
235000 53.9
240000 114.6
245000 76.4
250000 191.9
255000 282.5
260000 0.7
265000 260.4
270000 207.3
275000 59.4
280000 87.9
285000 49.1
290000 205.1
295000 119.3
300000 44.2
305000 117.7
310000 203.6
315000 168.2
320000 91.4
325000 36.3
330000 41.0
335000 6.5
340000 41.7
345000 49.0
350000 53.1
355000 0.2
360000 56.5
365000 103.7
370000 83.1
375000 193.1
380000 76.2
385000 93.6
390000 98.9
395000 143.0
400000 115.7
405000 301.9
410000 119.0
415000 47.0
420000 186.0
425000 166.1
430000 102.2
435000 211.3
440000 135.5
445000 101.5
450000 155.4
455000 168.7
460000 110.8
465000 188.9
470000 160.5
475000 74.7
480000 157.5
485000 207.9
490000 224.4
495000 144.4
500000 136.3
505000 56.5
510000 224.6
515000 345.4
520000 175.6
525000 192.3
530000 193.6
535000 90.7
540000 105.9
545000 154.7
550000 97.2
555000 96.5
560000 136.6
565000 98.4
570000 115.3
575000 246.9
580000 269.6
585000 136.2
590000 100.5
595000 154.5
600000 246.6
605000 96.2
610000 101.5
615000 203.8
620000 284.9
625000 147.4
630000 157.0
635000 110.6
640000 120.2
645000 0.0
650000 7.4
655000 112.4
660000 0.5
665000 39.2
670000 38.0
675000 45.1
680000 4.4
685000 115.4
690000 37.5
695000 43.5
700000 112.3
705000 114.4
710000 153.6
715000 47.6
720000 89.5
725000 74.3
730000 97.1
735000 80.2
740000 150.7
745000 98.3
750000 133.2
755000 85.5
760000 92.4
765000 187.7
770000 144.7
775000 157.3
780000 128.8
785000 95.7
790000 203.2
795000 35.7
800000 87.4
805000 83.7
810000 57.1
815000 137.2
820000 185.4
825000 87.1
830000 34.3
835000 97.7
840000 96.9
845000 156.0
850000 43.0
855000 176.9
860000 190.4
865000 99.7
870000 50.9
875000 112.5
880000 93.4
885000 116.3
890000 99.0
895000 44.2
900000 63.0
905000 150.4
910000 52.1
915000 111.3
920000 51.7
925000 0.0
930000 121.3
935000 74.4
940000 89.9
945000 203.1
950000 81.0
955000 0.2
960000 335.2
965000 22.8
970000 9.5
975000 7.3
980000 22.4
985000 50.8
990000 0.3
995000 0.1
1000000 2.6
1005000 87.4
1010000 0.2
1015000 0.2
1020000 128.1
1025000 70.0
1030000 121.9
1035000 77.0
1040000 162.4
1045000 146.9
1050000 174.9
1055000 175.3
1060000 65.2
1065000 0.0
1070000 36.2
1075000 252.9
1080000 164.9
1085000 217.8
1090000 88.6
1095000 105.5
1100000 131.2
1105000 91.4
1110000 104.3
1115000 193.0
1120000 47.0
1125000 272.4
1130000 147.8
1135000 0.0
1140000 43.9
1145000 0.4
1150000 1.3
1155000 195.4
1160000 195.8
1165000 174.5
1170000 90.3
1175000 55.0
1180000 0.0
1185000 134.6
1190000 37.6
1195000 205.2
1200000 69.3
1205000 39.0
1210000 167.3
1215000 228.4
1220000 104.2
1225000 201.6
1230000 183.0
1235000 87.3
1240000 60.8
1245000 117.2
1250000 71.2
1255000 148.7
1260000 129.2
1265000 0.0
1270000 266.0
1275000 59.6
1280000 1.4
1285000 34.8
1290000 17.0
1295000 14.1
1300000 3.2
1305000 1.3
1310000 14.2
1315000 3.1
1320000 9.1
1325000 4.9
1330000 2.1
1335000 0.4
1340000 19.4
1345000 0.6
1350000 26.3
1355000 0.0
1360000 102.8
1365000 39.1
1370000 140.1
1375000 58.1
1380000 0.1
1385000 97.5
1390000 90.0
1395000 72.0
1400000 88.4
1405000 184.6
1410000 146.8
1415000 0.0
1420000 104.8
1425000 71.1
1430000 49.0
1435000 143.2
1440000 47.4
1445000 0.0
1450000 162.1
1455000 112.1
1460000 58.5
1465000 60.0
1470000 57.8
1475000 119.0
1480000 151.1
1485000 49.0
1490000 89.7
1495000 46.3
1500000 46.7
1505000 176.2
1510000 95.7
1515000 0.1
1520000 42.5
1525000 58.0
1530000 0.2
1535000 52.6
1540000 97.1
1545000 122.0
1550000 123.0
1555000 97.4
1560000 90.7
1565000 214.4
1570000 103.9
1575000 141.5
1580000 81.5
1585000 53.0
1590000 140.7
1595000 87.6
1600000 1.9
1605000 3.3
1610000 15.8
1615000 11.6
1620000 21.1
1625000 24.1
1630000 0.2
1635000 129.6
1640000 52.6
1645000 0.1
1650000 99.3
1655000 46.8
1660000 88.2
1665000 97.1
1670000 90.4
1675000 91.7
1680000 58.0
1685000 0.0
1690000 126.6
1695000 87.0
1700000 129.4
1705000 30.6
1710000 0.0
1715000 47.5
1720000 107.6
1725000 55.9
1730000 103.4
1735000 150.4
1740000 41.6
1745000 48.1
1750000 148.8
1755000 8.7
1760000 116.0
1765000 46.3
1770000 0.6
1775000 91.7
1780000 111.4
1785000 54.2
1790000 224.0
1795000 53.8
1800000 163.2
1805000 93.5
1810000 105.6
1815000 48.1
1820000 203.3
1825000 148.8
1830000 147.5
1835000 112.0
1840000 107.7
1845000 88.1
1850000 167.1
1855000 69.8
1860000 10.1
1865000 118.1
1870000 42.5
1875000 78.0
1880000 61.1
1885000 0.0
1890000 69.8
1895000 111.3
1900000 105.3
1905000 210.8
1910000 111.1
1915000 61.8
1920000 174.7
1925000 145.0
1930000 54.7
1935000 56.2
1940000 95.6
1945000 149.4
1950000 105.4
1955000 193.2
1960000 66.7
1965000 177.3
1970000 0.0
1975000 96.4
1980000 100.0
1985000 199.4
1990000 296.0
1995000 108.6
2000000 104.4
