5000 0.6
10000 0.6
15000 1.0
20000 1.2
25000 0.9
30000 1.0
35000 1.3
40000 0.6
45000 1.0
50000 0.9
55000 0.8
60000 0.9
65000 1.0
70000 1.0
75000 1.1
80000 0.9
85000 0.9
90000 1.0
95000 1.0
100000 0.9
105000 0.8
110000 1.2
115000 1.0
120000 1.1
125000 1.0
130000 1.1
135000 1.2
140000 1.1
145000 0.9
150000 1.0
155000 1.2
160000 1.1
165000 1.1
170000 1.0
175000 0.9
180000 0.9
185000 1.3
190000 1.4
195000 1.1
200000 1.4
205000 1.1
210000 1.3
215000 1.3
220000 1.3
225000 1.2
230000 1.2
235000 1.3
240000 1.2
245000 1.4
250000 1.4
255000 1.3
260000 1.3
265000 1.3
270000 1.3
275000 1.2
280000 1.2
285000 1.3
290000 1.2
295000 1.2
300000 1.4
305000 1.3
310000 1.3
315000 1.6
320000 1.1
325000 0.9
330000 1.2
335000 1.4
340000 1.4
345000 1.4
350000 1.4
355000 1.4
360000 1.5
365000 1.4
370000 1.4
375000 1.4
380000 1.2
385000 1.2
390000 1.3
395000 1.2
400000 1.3
405000 1.4
410000 1.3
415000 1.4
420000 1.5
425000 1.2
430000 1.5
435000 1.2
440000 1.6
445000 1.3
450000 1.4
455000 1.4
460000 1.1
465000 1.3
470000 1.2
475000 1.5
480000 1.4
485000 1.1
490000 1.2
495000 1.2
500000 1.3
505000 1.3
510000 1.2
515000 1.4
520000 1.6
525000 1.5
530000 1.1
535000 1.4
540000 1.3
545000 1.4
550000 1.3
555000 1.3
560000 1.3
565000 1.5
570000 1.2
575000 1.3
580000 1.4
585000 1.0
590000 1.4
595000 1.4
600000 1.6
605000 1.5
610000 1.2
615000 1.5
620000 1.7
625000 1.3
630000 1.5
635000 1.4
640000 1.2
645000 1.6
650000 1.6
655000 1.5
660000 1.4
665000 1.4
670000 1.4
675000 1.4
680000 1.3
685000 1.5
690000 1.4
695000 1.3
700000 1.4
705000 1.4
710000 1.6
715000 1.0
720000 1.5
725000 1.5
730000 1.5
735000 1.4
740000 1.4
745000 1.4
750000 1.5
755000 1.4
760000 1.5
765000 1.4
770000 1.2
775000 1.3
780000 1.4
785000 1.3
790000 1.7
795000 1.5
800000 1.3
805000 1.5
810000 1.1
815000 1.3
820000 1.4
825000 1.4
830000 1.1
835000 1.2
840000 1.4
845000 1.3
850000 1.3
855000 1.4
860000 1.4
865000 1.2
870000 1.5
875000 1.6
880000 1.3
885000 1.5
890000 1.6
895000 1.4
900000 1.3
905000 1.4
910000 1.3
915000 1.7
920000 1.2
925000 1.4
930000 1.5
935000 1.3
940000 1.3
945000 1.6
950000 1.4
955000 1.3
960000 1.4
965000 1.0
970000 1.5
975000 1.2
980000 1.2
985000 1.4
990000 1.6
995000 1.6
1000000 1.4
