5000 0.6
10000 0.7
15000 0.7
20000 1.2
25000 1.0
30000 0.5
35000 1.3
40000 0.8
45000 0.8
50000 1.0
55000 0.8
60000 0.8
65000 1.2
70000 1.4
75000 1.8
80000 10.6
85000 34.4
90000 45.3
95000 50.7
100000 57.2
105000 67.5
110000 64.9
115000 74.3
120000 72.3
125000 75.4
130000 85.5
135000 87.8
140000 93.6
145000 98.3
150000 101.2
155000 97.9
160000 99.7
165000 109.5
170000 107.8
175000 109.8
180000 106.6
185000 111.1
190000 110.1
195000 113.6
200000 110.2
205000 101.5
210000 111.1
215000 115.8
220000 114.6
225000 110.6
230000 114.6
235000 115.8
240000 119.1
245000 116.2
250000 114.7
255000 117.7
260000 118.0
265000 118.0
270000 118.6
275000 120.2
280000 119.7
285000 120.7
290000 121.8
295000 122.4
300000 121.3
305000 121.0
310000 119.7
315000 120.4
320000 123.3
325000 126.3
330000 127.0
335000 125.1
340000 127.2
345000 125.8
350000 125.5
355000 128.3
360000 126.9
365000 126.4
370000 129.1
375000 127.2
380000 130.5
385000 127.1
390000 132.2
395000 129.6
400000 128.6
405000 131.1
410000 128.8
415000 130.4
420000 137.9
425000 135.0
430000 132.3
435000 132.5
440000 137.3
445000 135.7
450000 139.9
455000 133.6
460000 137.0
465000 138.5
470000 134.5
475000 142.4
480000 145.9
485000 151.1
490000 153.3
495000 156.9
500000 164.9
505000 150.2
510000 163.1
515000 171.6
520000 170.7
525000 171.5
530000 170.3
535000 172.1
540000 167.7
545000 172.0
550000 159.6
555000 179.9
560000 167.7
565000 175.9
570000 184.0
575000 174.9
580000 173.1
585000 173.4
590000 174.9
595000 168.3
600000 172.5
605000 178.1
610000 172.4
615000 165.8
620000 174.4
625000 171.8
630000 185.6
635000 164.1
640000 172.0
645000 185.4
650000 178.1
655000 172.4
660000 165.1
665000 176.2
670000 185.2
675000 191.1
680000 172.3
685000 193.9
690000 194.0
695000 186.1
700000 177.9
705000 176.3
710000 170.7
715000 172.0
720000 209.8
725000 185.1
730000 197.2
735000 199.2
740000 199.9
745000 205.7
750000 209.1
755000 184.9
760000 198.2
765000 186.2
770000 196.7
775000 210.4
780000 190.8
785000 197.0
790000 181.1
795000 208.7
800000 187.9
805000 197.0
810000 183.1
815000 211.4
820000 171.5
825000 212.5
830000 212.6
835000 210.5
840000 208.6
845000 210.8
850000 206.4
855000 206.3
860000 213.1
865000 208.8
870000 209.1
875000 220.7
880000 201.8
885000 205.7
890000 206.1
895000 205.3
900000 217.8
905000 198.9
910000 222.0
915000 224.1
920000 213.4
925000 222.7
930000 218.9
935000 221.2
940000 205.8
945000 224.1
950000 212.4
955000 216.7
960000 216.6
965000 223.6
970000 206.0
975000 223.8
980000 221.5
985000 219.6
990000 221.5
995000 223.7
1000000 222.7
