5000 0.7
10000 1.0
15000 0.6
20000 0.6
25000 1.1
30000 1.2
35000 0.7
40000 0.9
45000 0.8
50000 1.0
55000 1.0
60000 1.0
65000 1.2
70000 1.1
75000 1.3
80000 1.5
85000 1.1
90000 1.1
95000 1.6
100000 4.0
105000 2.6
110000 23.6
115000 40.2
120000 57.8
125000 58.7
130000 73.4
135000 57.0
140000 79.4
145000 83.9
150000 83.8
155000 89.4
160000 96.9
165000 92.4
170000 90.3
175000 98.2
180000 99.7
185000 107.5
190000 106.3
195000 104.9
200000 110.6
205000 109.9
210000 108.6
215000 110.4
220000 115.1
225000 119.0
230000 122.0
235000 120.8
240000 121.3
245000 120.7
250000 122.7
255000 121.3
260000 120.7
265000 121.6
270000 125.0
275000 127.8
280000 128.4
285000 125.4
290000 129.3
295000 128.4
300000 124.2
305000 116.0
310000 131.6
315000 130.7
320000 130.2
325000 128.8
330000 130.5
335000 131.5
340000 130.0
345000 127.5
350000 128.5
355000 116.0
360000 128.0
365000 128.0
370000 131.5
375000 132.4
380000 130.6
385000 127.0
390000 133.0
395000 133.9
400000 131.9
405000 132.5
410000 131.3
415000 133.5
420000 132.9
425000 136.3
430000 134.0
435000 135.9
440000 133.1
445000 130.7
450000 131.2
455000 135.7
460000 132.0
465000 132.6
470000 133.1
475000 136.3
480000 137.2
485000 137.9
490000 133.3
495000 135.3
500000 135.6
505000 135.1
510000 135.6
515000 136.3
520000 137.0
525000 139.8
530000 136.6
535000 138.6
540000 140.1
545000 140.9
550000 138.7
555000 138.7
560000 140.4
565000 140.4
570000 139.5
575000 138.6
580000 138.4
585000 136.8
590000 141.2
595000 139.8
600000 138.3
605000 141.7
610000 140.2
615000 141.6
620000 142.0
625000 142.4
630000 141.3
635000 144.6
640000 139.5
645000 140.1
650000 145.0
655000 142.6
660000 145.4
665000 142.8
670000 145.1
675000 145.5
680000 144.1
685000 145.1
690000 144.2
695000 145.6
700000 142.4
705000 147.3
710000 147.5
715000 147.2
720000 145.6
725000 143.7
730000 146.9
735000 148.6
740000 149.7
745000 148.5
750000 146.1
755000 149.1
760000 148.5
765000 145.4
770000 149.0
775000 147.9
780000 148.8
785000 151.3
790000 148.8
795000 150.8
800000 148.8
805000 149.9
810000 152.7
815000 150.2
820000 150.1
825000 152.9
830000 151.7
835000 150.2
840000 153.8
845000 151.9
850000 152.7
855000 153.3
860000 150.7
865000 150.9
870000 150.0
875000 153.9
880000 153.0
885000 152.9
890000 152.3
895000 154.8
900000 153.6
905000 155.2
910000 153.6
915000 153.5
920000 152.0
925000 150.9
930000 155.9
935000 155.4
940000 154.1
945000 154.2
950000 155.7
955000 154.2
960000 153.2
965000 153.3
970000 153.6
975000 153.1
980000 153.9
985000 156.8
990000 155.4
995000 153.1
1000000 153.7
