5000 0.5
10000 0.8
15000 0.9
20000 1.1
25000 1.0
30000 0.7
35000 1.2
40000 1.6
45000 0.9
50000 0.9
55000 0.8
60000 0.9
65000 1.1
70000 1.4
75000 0.9
80000 1.1
85000 1.0
90000 1.5
95000 1.1
100000 1.2
105000 1.1
110000 1.0
115000 1.0
120000 0.9
125000 1.1
130000 1.1
135000 1.1
140000 1.1
145000 1.1
150000 1.2
155000 1.1
160000 1.2
165000 1.2
170000 1.3
175000 1.1
180000 0.9
185000 1.5
190000 1.2
195000 1.4
200000 1.2
205000 1.5
210000 1.2
215000 1.3
220000 1.2
225000 1.2
230000 1.4
235000 1.2
240000 1.1
245000 1.0
250000 1.2
255000 1.5
260000 1.2
265000 1.0
270000 1.2
275000 1.1
280000 1.3
285000 1.2
290000 1.4
295000 1.2
300000 1.3
305000 1.3
310000 1.3
315000 1.4
320000 1.3
325000 1.1
330000 1.2
335000 1.3
340000 1.4
345000 1.2
350000 1.4
355000 1.1
360000 1.2
365000 1.3
370000 1.2
375000 1.4
380000 1.2
385000 1.2
390000 1.4
395000 1.3
400000 1.1
405000 1.3
410000 1.1
415000 1.4
420000 1.1
425000 1.1
430000 0.9
435000 1.6
440000 1.5
445000 1.0
450000 1.3
455000 1.7
460000 1.3
465000 1.3
470000 1.7
475000 1.4
480000 1.5
485000 1.3
490000 1.6
495000 1.3
500000 1.5
505000 1.3
510000 1.4
515000 1.4
520000 1.4
525000 1.2
530000 1.4
535000 1.4
540000 1.5
545000 1.5
550000 1.0
555000 1.3
560000 1.4
565000 1.5
570000 1.3
575000 1.5
580000 1.4
585000 1.4
590000 1.2
595000 1.4
600000 1.4
605000 1.5
610000 1.1
615000 1.4
620000 1.3
625000 1.1
630000 1.1
635000 1.4
640000 1.5
645000 1.6
650000 1.4
655000 1.0
660000 1.7
665000 1.8
670000 1.4
675000 1.3
680000 1.4
685000 1.2
690000 1.2
695000 1.4
700000 1.8
705000 1.4
710000 1.2
715000 1.3
720000 1.4
725000 1.3
730000 1.3
735000 1.4
740000 1.4
745000 1.4
750000 1.5
755000 1.4
760000 1.5
765000 1.5
770000 1.3
775000 1.6
780000 1.6
785000 1.2
790000 1.2
795000 1.5
800000 1.3
805000 1.5
810000 1.4
815000 1.6
820000 1.3
825000 1.3
830000 1.9
835000 1.9
840000 1.4
845000 1.4
850000 1.5
855000 1.1
860000 1.3
865000 1.5
870000 1.4
875000 1.3
880000 1.4
885000 1.4
890000 1.0
895000 1.3
900000 1.4
905000 1.5
910000 1.5
915000 1.6
920000 1.3
925000 1.5
930000 1.4
935000 1.5
940000 1.5
945000 1.3
950000 1.2
955000 1.7
960000 1.5
965000 1.4
970000 2.4
975000 1.4
980000 1.6
985000 1.2
990000 1.3
995000 1.7
1000000 1.7
