5000 0.7
10000 0.9
15000 0.9
20000 0.6
25000 1.0
30000 0.9
35000 1.6
40000 1.4
45000 0.7
50000 1.1
55000 1.4
60000 1.3
65000 1.3
70000 0.8
75000 1.2
80000 1.1
85000 1.3
90000 1.3
95000 1.2
100000 1.2
105000 1.5
110000 1.3
115000 1.3
120000 1.0
125000 1.2
130000 1.1
135000 1.3
140000 1.2
145000 1.0
150000 1.2
155000 1.1
160000 1.0
165000 1.2
170000 1.2
175000 1.3
180000 1.3
185000 0.9
190000 1.2
195000 1.0
200000 1.6
205000 1.2
210000 1.2
215000 1.5
220000 1.1
225000 1.0
230000 1.2
235000 1.3
240000 1.4
245000 1.4
250000 1.0
255000 1.5
260000 1.5
265000 1.3
270000 1.4
275000 1.1
280000 1.2
285000 1.3
290000 1.3
295000 1.4
300000 1.0
305000 1.0
310000 1.2
315000 0.8
320000 1.3
325000 1.3
330000 1.1
335000 2.0
340000 1.0
345000 0.8
350000 1.0
355000 0.9
360000 1.0
365000 1.2
370000 1.4
375000 1.1
380000 1.4
385000 1.4
390000 1.3
395000 2.0
400000 1.5
405000 1.3
410000 0.9
415000 1.1
420000 1.2
425000 1.3
430000 1.3
435000 1.2
440000 1.3
445000 1.2
450000 1.4
455000 1.6
460000 1.2
465000 1.3
470000 1.2
475000 1.2
480000 1.6
485000 1.5
490000 1.3
495000 1.4
500000 1.2
505000 1.4
510000 1.5
515000 2.0
520000 1.6
525000 1.7
530000 1.5
535000 1.5
540000 1.5
545000 1.3
550000 1.5
555000 1.4
560000 1.4
565000 1.4
570000 1.4
575000 1.5
580000 1.4
585000 1.5
590000 1.5
595000 1.4
600000 1.7
605000 1.5
610000 1.7
615000 1.4
620000 1.3
625000 1.5
630000 1.6
635000 1.4
640000 1.7
645000 1.4
650000 1.8
655000 1.6
660000 3.3
665000 1.8
670000 1.7
675000 2.3
680000 1.9
685000 3.4
690000 4.3
695000 2.9
700000 15.2
705000 6.9
710000 17.1
715000 4.3
720000 17.7
725000 21.5
730000 39.6
735000 48.4
740000 26.1
745000 47.8
750000 57.5
755000 37.6
760000 52.8
765000 63.6
770000 63.7
775000 60.9
780000 59.6
785000 52.3
790000 62.3
795000 65.1
800000 71.8
805000 70.9
810000 71.3
815000 71.8
820000 71.6
825000 71.9
830000 76.6
835000 79.1
840000 77.2
845000 64.6
850000 80.7
855000 79.4
860000 82.4
865000 83.6
870000 85.1
875000 90.1
880000 87.7
885000 87.2
890000 93.7
895000 92.0
900000 96.4
905000 95.1
910000 98.5
915000 106.2
920000 104.8
925000 100.8
930000 105.5
935000 107.6
940000 105.0
945000 102.1
950000 106.9
955000 110.7
960000 108.5
965000 109.4
970000 110.5
975000 110.7
980000 114.9
985000 110.5
990000 114.0
995000 113.2
1000000 116.4
