5000 0.9
10000 0.7
15000 0.7
20000 0.5
25000 1.1
30000 1.0
35000 1.0
40000 0.8
45000 0.8
50000 1.2
55000 1.0
60000 1.3
65000 1.3
70000 1.3
75000 1.2
80000 1.1
85000 1.3
90000 1.4
95000 1.4
100000 1.4
105000 1.3
110000 1.4
115000 1.3
120000 1.2
125000 1.3
130000 1.4
135000 0.9
140000 0.9
145000 1.2
150000 1.2
155000 1.3
160000 1.4
165000 1.1
170000 1.0
175000 1.0
180000 1.4
185000 1.0
190000 1.4
195000 1.3
200000 0.9
205000 1.1
210000 1.6
215000 1.2
220000 1.1
225000 1.0
230000 1.4
235000 1.3
240000 1.3
245000 1.3
250000 1.3
255000 1.3
260000 1.2
265000 1.4
270000 1.1
275000 1.1
280000 1.4
285000 1.4
290000 1.4
295000 1.3
300000 1.2
305000 1.1
310000 1.2
315000 1.6
320000 1.2
325000 1.3
330000 1.3
335000 1.4
340000 1.3
345000 1.1
350000 1.4
355000 1.4
360000 1.2
365000 1.5
370000 1.4
375000 1.4
380000 1.5
385000 1.4
390000 1.5
395000 1.2
400000 1.1
405000 1.1
410000 1.3
415000 1.4
420000 1.2
425000 1.4
430000 1.4
435000 1.4
440000 1.6
445000 1.1
450000 1.2
455000 1.5
460000 1.2
465000 1.5
470000 1.2
475000 1.4
480000 1.5
485000 1.4
490000 1.5
495000 1.5
500000 1.3
505000 1.5
510000 1.3
515000 1.3
520000 1.1
525000 1.3
530000 1.5
535000 1.4
540000 1.3
545000 1.2
550000 1.3
555000 1.4
560000 1.6
565000 1.4
570000 1.6
575000 1.6
580000 1.5
585000 1.5
590000 1.4
595000 1.4
600000 1.4
605000 1.5
610000 1.1
615000 1.2
620000 1.2
625000 1.2
630000 1.3
635000 1.3
640000 1.3
645000 1.4
650000 1.3
655000 1.4
660000 1.4
665000 1.3
670000 1.3
675000 1.4
680000 1.8
685000 1.5
690000 1.4
695000 1.7
700000 1.3
705000 1.4
710000 1.3
715000 1.6
720000 1.4
725000 1.6
730000 1.5
735000 1.4
740000 1.5
745000 1.4
750000 1.5
755000 1.5
760000 1.4
765000 1.4
770000 1.4
775000 1.0
780000 1.4
785000 1.4
790000 1.8
795000 1.4
800000 1.4
805000 1.4
810000 1.5
815000 1.6
820000 1.6
825000 1.4
830000 1.3
835000 1.4
840000 1.1
845000 1.5
850000 1.5
855000 1.6
860000 1.5
865000 1.4
870000 1.3
875000 1.6
880000 1.5
885000 1.3
890000 1.4
895000 1.5
900000 1.4
905000 1.4
910000 1.2
915000 1.5
920000 1.5
925000 1.6
930000 1.5
935000 1.4
940000 1.2
945000 1.3
950000 1.4
955000 1.6
960000 1.4
965000 1.4
970000 1.4
975000 1.4
980000 1.3
985000 1.4
990000 1.4
995000 1.3
1000000 1.3
