5000 0.6
10000 0.7
15000 0.6
20000 0.9
25000 0.9
30000 0.7
35000 0.6
40000 0.8
45000 1.0
50000 1.0
55000 1.1
60000 1.1
65000 1.1
70000 0.9
75000 0.9
80000 1.1
85000 1.1
90000 1.3
95000 1.3
100000 1.2
105000 1.3
110000 1.3
115000 1.2
120000 1.1
125000 1.4
130000 1.5
135000 1.3
140000 1.2
145000 1.3
150000 1.1
155000 1.3
160000 1.0
165000 1.2
170000 1.2
175000 1.3
180000 1.1
185000 1.2
190000 1.3
195000 1.3
200000 1.3
205000 1.1
210000 1.0
215000 1.3
220000 1.3
225000 1.4
230000 1.2
235000 1.5
240000 1.3
245000 1.3
250000 1.3
255000 1.2
260000 1.4
265000 1.3
270000 1.3
275000 1.3
280000 1.2
285000 1.5
290000 1.4
295000 1.2
300000 1.2
305000 1.4
310000 1.2
315000 1.4
320000 1.3
325000 1.5
330000 1.1
335000 1.0
340000 1.4
345000 1.4
350000 1.2
355000 1.4
360000 1.1
365000 1.4
370000 1.1
375000 1.4
380000 1.1
385000 1.3
390000 1.5
395000 1.1
400000 1.4
405000 1.5
410000 1.2
415000 1.4
420000 1.5
425000 1.5
430000 1.2
435000 1.3
440000 1.4
445000 1.4
450000 1.3
455000 1.3
460000 1.1
465000 1.4
470000 1.2
475000 1.5
480000 1.1
485000 1.5
490000 1.2
495000 1.3
500000 1.2
505000 1.2
510000 1.4
515000 1.5
520000 1.3
525000 1.4
530000 1.3
535000 1.2
540000 1.0
545000 1.2
550000 1.5
555000 1.3
560000 1.6
565000 1.5
570000 1.4
575000 1.3
580000 1.3
585000 1.4
590000 1.6
595000 1.2
600000 1.3
605000 1.3
610000 1.4
615000 1.2
620000 1.3
625000 1.1
630000 1.4
635000 1.5
640000 1.6
645000 1.7
650000 1.4
655000 1.3
660000 1.3
665000 1.0
670000 1.3
675000 1.4
680000 1.4
685000 1.3
690000 1.4
695000 1.6
700000 1.4
705000 1.3
710000 1.5
715000 1.4
720000 1.3
725000 1.3
730000 1.6
735000 1.4
740000 1.4
745000 1.1
750000 1.0
755000 1.6
760000 1.6
765000 1.3
770000 1.4
775000 1.4
780000 1.4
785000 2.0
790000 1.3
795000 1.4
800000 1.4
805000 1.4
810000 1.4
815000 1.5
820000 1.4
825000 1.6
830000 1.3
835000 1.3
840000 1.6
845000 1.3
850000 1.5
855000 1.6
860000 1.4
865000 1.3
870000 1.6
875000 1.5
880000 1.3
885000 1.8
890000 1.5
895000 1.8
900000 1.3
905000 1.7
910000 1.2
915000 1.5
920000 1.7
925000 0.9
930000 1.3
935000 1.2
940000 1.7
945000 1.3
950000 1.3
955000 1.6
960000 1.2
965000 1.5
970000 1.5
975000 1.5
980000 1.5
985000 1.5
990000 1.3
995000 1.3
1000000 1.5
