5000 0.6
10000 0.6
15000 0.8
20000 0.8
25000 1.0
30000 1.2
35000 1.0
40000 1.2
45000 0.9
50000 1.1
55000 1.0
60000 1.2
65000 0.8
70000 1.1
75000 0.7
80000 1.1
85000 0.9
90000 1.0
95000 1.3
100000 1.1
105000 1.2
110000 1.2
115000 1.1
120000 1.4
125000 1.3
130000 0.8
135000 1.2
140000 0.8
145000 1.1
150000 1.0
155000 1.3
160000 0.9
165000 0.8
170000 1.1
175000 1.2
180000 1.2
185000 1.2
190000 1.3
195000 1.4
200000 1.1
205000 1.3
210000 1.3
215000 1.2
220000 1.0
225000 0.9
230000 1.4
235000 1.0
240000 1.9
245000 1.5
250000 1.3
255000 1.1
260000 1.2
265000 1.0
270000 1.4
275000 1.3
280000 1.4
285000 1.3
290000 1.2
295000 1.1
300000 1.3
305000 1.2
310000 1.1
315000 1.2
320000 1.0
325000 1.2
330000 1.0
335000 1.2
340000 1.1
345000 1.3
350000 1.0
355000 1.4
360000 1.4
365000 1.6
370000 1.5
375000 1.1
380000 1.2
385000 1.1
390000 1.2
395000 1.3
400000 1.3
405000 1.2
410000 1.0
415000 1.2
420000 0.9
425000 1.6
430000 1.3
435000 1.1
440000 1.6
445000 1.2
450000 1.3
455000 1.2
460000 1.6
465000 1.1
470000 1.5
475000 1.5
480000 1.1
485000 1.7
490000 1.3
495000 1.1
500000 1.2
505000 1.4
510000 1.6
515000 1.1
520000 1.1
525000 1.2
530000 1.3
535000 1.6
540000 1.3
545000 1.5
550000 1.4
555000 1.6
560000 1.2
565000 1.3
570000 1.2
575000 1.4
580000 1.4
585000 1.0
590000 1.5
595000 1.0
600000 1.3
605000 1.2
610000 1.4
615000 1.6
620000 1.4
625000 1.4
630000 1.4
635000 1.3
640000 1.4
645000 1.7
650000 1.2
655000 1.2
660000 1.4
665000 1.6
670000 1.6
675000 1.5
680000 1.3
685000 1.3
690000 1.4
695000 1.5
700000 1.4
705000 1.1
710000 1.1
715000 1.3
720000 1.4
725000 1.4
730000 1.1
735000 1.3
740000 1.4
745000 1.4
750000 1.1
755000 1.2
760000 1.4
765000 1.2
770000 1.5
775000 1.4
780000 1.3
785000 1.1
790000 1.2
795000 1.6
800000 1.6
805000 1.1
810000 1.5
815000 1.5
820000 1.4
825000 1.4
830000 1.3
835000 1.3
840000 1.5
845000 1.5
850000 1.5
855000 1.4
860000 1.6
865000 1.4
870000 1.7
875000 1.3
880000 1.4
885000 1.5
890000 1.2
895000 1.6
900000 1.4
905000 1.4
910000 1.2
915000 1.2
920000 1.5
925000 1.8
930000 1.5
935000 1.3
940000 1.4
945000 1.4
950000 1.5
955000 1.4
960000 1.5
965000 1.5
970000 1.4
975000 1.6
980000 1.3
985000 1.8
990000 1.5
995000 1.2
1000000 1.2
