5000 0.6
10000 0.7
15000 0.9
20000 1.0
25000 0.8
30000 0.7
35000 0.8
40000 0.9
45000 1.1
50000 1.2
55000 1.3
60000 1.0
65000 1.3
70000 1.5
75000 1.5
80000 26.8
85000 34.2
90000 37.8
95000 54.0
100000 60.2
105000 57.6
110000 64.4
115000 67.2
120000 72.9
125000 70.4
130000 70.6
135000 81.3
140000 78.5
145000 80.3
150000 83.7
155000 86.1
160000 93.7
165000 91.3
170000 97.6
175000 97.3
180000 92.6
185000 103.3
190000 100.6
195000 93.5
200000 101.1
205000 101.9
210000 108.9
215000 104.6
220000 113.2
225000 113.0
230000 117.4
235000 106.0
240000 119.8
245000 118.0
250000 117.9
255000 121.7
260000 121.5
265000 120.3
270000 125.0
275000 125.0
280000 123.0
285000 124.8
290000 111.1
295000 122.8
300000 125.5
305000 124.6
310000 123.2
315000 116.8
320000 125.7
325000 123.5
330000 127.5
335000 127.0
340000 130.8
345000 130.0
350000 126.1
355000 126.2
360000 127.9
365000 128.8
370000 126.7
375000 125.3
380000 130.0
385000 128.0
390000 130.2
395000 133.9
400000 131.4
405000 133.3
410000 129.0
415000 134.0
420000 135.2
425000 134.1
430000 137.0
435000 136.6
440000 136.9
445000 135.6
450000 137.3
455000 137.0
460000 137.6
465000 138.7
470000 137.3
475000 137.5
480000 137.3
485000 138.8
490000 140.0
495000 140.7
500000 140.9
505000 141.4
510000 142.3
515000 144.4
520000 144.8
525000 139.5
530000 139.7
535000 140.8
540000 142.1
545000 145.1
550000 144.7
555000 144.3
560000 145.1
565000 145.9
570000 151.9
575000 148.9
580000 149.5
585000 150.9
590000 148.9
595000 148.6
600000 148.4
605000 153.6
610000 150.1
615000 155.0
620000 151.9
625000 150.5
630000 151.8
635000 154.7
640000 148.7
645000 155.3
650000 153.3
655000 153.5
660000 154.6
665000 156.4
670000 153.8
675000 152.9
680000 151.9
685000 154.1
690000 154.2
695000 156.5
700000 156.0
705000 155.0
710000 157.0
715000 158.2
720000 158.3
725000 159.4
730000 163.4
735000 157.2
740000 157.3
745000 158.2
750000 160.9
755000 159.6
760000 163.1
765000 159.3
770000 160.6
775000 160.9
780000 160.5
785000 160.2
790000 163.1
795000 162.2
800000 163.5
805000 164.8
810000 163.5
815000 163.6
820000 164.0
825000 167.6
830000 163.5
835000 162.2
840000 165.4
845000 165.3
850000 161.5
855000 163.9
860000 165.1
865000 147.2
870000 164.7
875000 168.4
880000 164.2
885000 167.9
890000 163.8
895000 167.2
900000 167.3
905000 166.2
910000 166.8
915000 167.0
920000 165.4
925000 164.2
930000 171.4
935000 167.3
940000 167.6
945000 163.7
950000 165.2
955000 165.7
960000 167.0
965000 172.9
970000 167.8
975000 169.5
980000 167.1
985000 168.5
990000 168.2
995000 169.2
1000000 168.9
