5000 0.8
10000 0.9
15000 0.9
20000 1.0
25000 0.9
30000 1.0
35000 1.0
40000 0.9
45000 0.9
50000 1.1
55000 0.8
60000 0.6
65000 0.8
70000 0.8
75000 1.1
80000 1.1
85000 1.2
90000 0.9
95000 1.0
100000 1.2
105000 0.7
110000 1.1
115000 1.3
120000 1.1
125000 0.8
130000 1.2
135000 0.9
140000 1.2
145000 1.1
150000 1.1
155000 1.0
160000 1.1
165000 1.3
170000 1.0
175000 1.1
180000 1.2
185000 1.1
190000 1.4
195000 1.2
200000 1.3
205000 1.2
210000 1.2
215000 1.2
220000 1.3
225000 1.2
230000 1.2
235000 1.0
240000 1.1
245000 1.4
250000 1.4
255000 1.1
260000 1.2
265000 1.3
270000 1.2
275000 1.4
280000 1.3
285000 1.3
290000 1.2
295000 1.3
300000 1.3
305000 1.1
310000 1.1
315000 1.1
320000 1.1
325000 1.0
330000 1.2
335000 1.4
340000 1.1
345000 1.0
350000 1.2
355000 1.5
360000 1.2
365000 1.4
370000 1.1
375000 1.3
380000 1.4
385000 1.5
390000 1.3
395000 1.4
400000 1.2
405000 1.4
410000 1.5
415000 1.5
420000 1.3
425000 1.3
430000 1.0
435000 1.4
440000 1.3
445000 1.1
450000 1.3
455000 1.3
460000 1.5
465000 1.5
470000 1.2
475000 1.5
480000 1.3
485000 1.3
490000 1.1
495000 1.3
500000 1.5
505000 1.1
510000 1.3
515000 1.1
520000 1.2
525000 1.2
530000 1.4
535000 1.4
540000 1.1
545000 1.5
550000 1.2
555000 1.3
560000 1.4
565000 1.3
570000 1.3
575000 1.2
580000 1.5
585000 1.2
590000 1.3
595000 1.4
600000 1.0
605000 1.5
610000 1.6
615000 1.5
620000 1.5
625000 1.2
630000 1.3
635000 1.3
640000 1.5
645000 1.1
650000 1.3
655000 1.5
660000 1.5
665000 1.4
670000 1.6
675000 1.6
680000 1.5
685000 1.4
690000 1.3
695000 1.4
700000 1.5
705000 1.2
710000 1.1
715000 1.0
720000 1.3
725000 1.2
730000 1.1
735000 1.6
740000 1.4
745000 1.4
750000 1.3
755000 1.3
760000 1.3
765000 1.5
770000 1.4
775000 1.5
780000 1.4
785000 1.3
790000 1.3
795000 1.3
800000 1.4
805000 1.3
810000 1.5
815000 1.2
820000 1.0
825000 1.4
830000 1.1
835000 1.4
840000 1.2
845000 1.3
850000 1.4
855000 1.2
860000 1.3
865000 1.4
870000 1.2
875000 1.4
880000 1.2
885000 1.4
890000 1.3
895000 1.1
900000 1.3
905000 1.4
910000 1.1
915000 1.1
920000 1.2
925000 1.4
930000 1.1
935000 1.4
940000 1.6
945000 1.4
950000 1.1
955000 1.4
960000 1.5
965000 1.5
970000 1.4
975000 1.3
980000 1.5
985000 1.3
990000 1.4
995000 1.5
1000000 1.4
