5000 0.8
10000 0.8
15000 1.0
20000 0.7
25000 1.0
30000 1.1
35000 1.1
40000 1.1
45000 1.0
50000 0.9
55000 1.2
60000 1.0
65000 1.5
70000 1.0
75000 1.1
80000 1.1
85000 1.3
90000 1.1
95000 1.5
100000 1.0
105000 1.0
110000 1.2
115000 0.9
120000 1.1
125000 1.3
130000 0.6
135000 1.2
140000 1.1
145000 1.3
150000 1.2
155000 1.2
160000 1.6
165000 1.1
170000 1.1
175000 1.2
180000 1.4
185000 1.3
190000 1.1
195000 1.0
200000 1.3
205000 1.3
210000 1.6
215000 1.3
220000 1.3
225000 1.0
230000 1.3
235000 1.2
240000 1.2
245000 1.2
250000 1.4
255000 1.3
260000 1.2
265000 1.2
270000 1.4
275000 1.3
280000 1.4
285000 1.4
290000 1.4
295000 1.2
300000 1.0
305000 1.1
310000 1.2
315000 1.3
320000 1.4
325000 1.3
330000 1.6
335000 1.5
340000 1.2
345000 1.2
350000 1.4
355000 1.2
360000 1.4
365000 1.8
370000 1.2
375000 1.2
380000 1.3
385000 1.3
390000 1.4
395000 1.2
400000 1.4
405000 1.3
410000 1.2
415000 1.0
420000 1.0
425000 1.6
430000 1.2
435000 1.5
440000 1.3
445000 1.3
450000 1.7
455000 1.4
460000 1.3
465000 1.4
470000 1.1
475000 1.3
480000 1.6
485000 1.3
490000 1.4
495000 1.2
500000 1.3
505000 1.3
510000 1.6
515000 1.5
520000 1.2
525000 1.3
530000 1.3
535000 1.1
540000 1.1
545000 1.3
550000 1.6
555000 1.2
560000 1.4
565000 1.2
570000 1.2
575000 1.4
580000 1.2
585000 1.3
590000 1.3
595000 1.4
600000 1.2
605000 1.4
610000 1.2
615000 1.4
620000 1.4
625000 1.4
630000 1.4
635000 1.4
640000 1.6
645000 1.6
650000 1.4
655000 1.4
660000 1.4
665000 1.4
670000 1.7
675000 1.3
680000 1.5
685000 1.4
690000 1.6
695000 1.5
700000 1.3
705000 1.5
710000 1.2
715000 1.4
720000 1.5
725000 1.4
730000 1.5
735000 1.5
740000 1.4
745000 1.3
750000 1.2
755000 1.4
760000 1.1
765000 1.4
770000 1.4
775000 1.4
780000 1.5
785000 1.7
790000 1.3
795000 1.4
800000 1.5
805000 1.4
810000 1.8
815000 1.7
820000 2.0
825000 1.4
830000 1.5
835000 1.3
840000 1.0
845000 1.5
850000 1.2
855000 1.5
860000 1.3
865000 1.3
870000 1.2
875000 1.4
880000 1.5
885000 1.7
890000 1.3
895000 1.5
900000 1.3
905000 1.6
910000 1.3
915000 1.2
920000 1.4
925000 1.4
930000 1.5
935000 1.3
940000 1.3
945000 1.3
950000 1.5
955000 1.6
960000 1.3
965000 1.2
970000 1.4
975000 1.0
980000 1.5
985000 1.5
990000 1.5
995000 1.4
1000000 1.3
