5000 0.7
10000 0.8
15000 0.6
20000 0.8
25000 1.0
30000 0.5
35000 0.8
40000 0.9
45000 1.1
50000 1.2
55000 1.4
60000 1.0
65000 1.1
70000 0.9
75000 1.1
80000 1.2
85000 1.1
90000 0.8
95000 1.0
100000 1.3
105000 1.5
110000 1.2
115000 1.3
120000 1.2
125000 1.3
130000 1.1
135000 1.3
140000 1.1
145000 1.2
150000 1.3
155000 1.1
160000 1.1
165000 1.4
170000 1.2
175000 1.5
180000 1.3
185000 1.3
190000 1.4
195000 1.0
200000 1.4
205000 1.2
210000 1.1
215000 1.3
220000 1.5
225000 1.3
230000 1.3
235000 1.5
240000 1.3
245000 1.2
250000 1.1
255000 1.4
260000 1.4
265000 1.3
270000 1.3
275000 1.1
280000 1.3
285000 1.1
290000 1.2
295000 1.1
300000 1.2
305000 1.3
310000 1.3
315000 1.5
320000 1.5
325000 1.8
330000 1.4
335000 1.4
340000 1.9
345000 1.2
350000 1.2
355000 1.3
360000 1.7
365000 1.5
370000 1.2
375000 1.4
380000 1.6
385000 1.7
390000 1.4
395000 1.5
400000 2.0
405000 4.0
410000 1.8
415000 1.5
420000 1.9
425000 2.3
430000 10.9
435000 13.2
440000 17.4
445000 13.0
450000 22.3
455000 24.0
460000 33.8
465000 31.2
470000 50.7
475000 32.9
480000 38.6
485000 61.4
490000 47.1
495000 67.2
500000 64.9
505000 52.1
510000 69.2
515000 77.2
520000 63.9
525000 78.7
530000 71.7
535000 81.2
540000 80.0
545000 75.8
550000 78.9
555000 87.6
560000 88.8
565000 89.2
570000 86.9
575000 83.4
580000 92.2
585000 80.4
590000 93.6
595000 85.2
600000 98.4
605000 93.3
610000 90.7
615000 91.8
620000 96.7
625000 99.0
630000 100.8
635000 91.2
640000 102.9
645000 104.8
650000 102.1
655000 102.6
660000 104.5
665000 105.3
670000 108.5
675000 110.3
680000 111.9
685000 98.1
690000 100.5
695000 116.2
700000 115.3
705000 118.8
710000 119.4
715000 117.9
720000 121.8
725000 122.4
730000 121.5
735000 123.7
740000 123.4
745000 127.5
750000 120.6
755000 128.4
760000 127.2
765000 112.1
770000 127.3
775000 130.3
780000 131.9
785000 130.3
790000 130.3
795000 130.2
800000 129.6
805000 131.6
810000 131.3
815000 134.3
820000 132.1
825000 129.7
830000 130.9
835000 133.9
840000 132.0
845000 131.7
850000 133.3
855000 131.3
860000 134.1
865000 130.8
870000 135.7
875000 134.8
880000 134.1
885000 135.8
890000 130.9
895000 134.9
900000 137.1
905000 137.3
910000 136.7
915000 136.3
920000 134.4
925000 134.7
930000 136.9
935000 134.0
940000 135.9
945000 138.6
950000 138.1
955000 137.6
960000 137.6
965000 136.3
970000 136.3
975000 136.5
980000 138.2
985000 136.1
990000 134.6
995000 135.7
1000000 136.6
