5000 1.1
10000 0.9
15000 0.9
20000 0.9
25000 0.9
30000 0.7
35000 0.7
40000 0.8
45000 1.1
50000 1.1
55000 1.1
60000 1.0
65000 1.4
70000 1.4
75000 1.1
80000 1.2
85000 1.0
90000 0.9
95000 1.1
100000 1.0
105000 1.0
110000 1.3
115000 1.1
120000 1.3
125000 1.5
130000 1.3
135000 1.0
140000 1.2
145000 1.2
150000 1.5
155000 1.2
160000 1.4
165000 1.2
170000 1.2
175000 1.4
180000 1.0
185000 1.1
190000 1.3
195000 1.4
200000 1.3
205000 1.1
210000 1.8
215000 1.0
220000 1.2
225000 1.0
230000 1.2
235000 1.1
240000 1.1
245000 1.1
250000 1.1
255000 1.3
260000 1.2
265000 1.3
270000 1.0
275000 1.2
280000 1.4
285000 1.3
290000 1.2
295000 1.4
300000 1.5
305000 1.3
310000 1.2
315000 1.1
320000 1.5
325000 1.7
330000 1.1
335000 1.4
340000 1.2
345000 1.3
350000 2.0
355000 1.8
360000 1.5
365000 2.8
370000 1.8
375000 1.5
380000 1.3
385000 1.6
390000 6.1
395000 1.9
400000 4.8
405000 1.3
410000 2.9
415000 3.6
420000 5.0
425000 12.8
430000 7.7
435000 14.9
440000 10.9
445000 15.2
450000 27.5
455000 13.3
460000 22.1
465000 10.2
470000 32.0
475000 37.2
480000 48.4
485000 43.1
490000 46.8
495000 46.7
500000 48.6
505000 64.1
510000 57.6
515000 53.1
520000 60.0
525000 69.4
530000 70.6
535000 71.5
540000 71.1
545000 67.9
550000 76.1
555000 75.3
560000 77.5
565000 79.0
570000 82.7
575000 84.5
580000 86.0
585000 85.9
590000 82.9
595000 88.6
600000 90.5
605000 74.5
610000 86.7
615000 87.7
620000 89.3
625000 93.0
630000 93.9
635000 90.3
640000 92.5
645000 99.0
650000 96.5
655000 96.1
660000 93.7
665000 100.0
670000 100.2
675000 102.6
680000 101.6
685000 105.4
690000 106.0
695000 107.7
700000 97.0
705000 108.3
710000 112.5
715000 111.4
720000 111.3
725000 112.7
730000 113.0
735000 114.4
740000 111.3
745000 114.7
750000 112.7
755000 112.0
760000 111.9
765000 112.8
770000 117.5
775000 115.1
780000 116.4
785000 112.3
790000 116.9
795000 115.0
800000 114.1
805000 121.6
810000 111.8
815000 119.3
820000 120.5
825000 123.2
830000 120.4
835000 121.2
840000 123.1
845000 124.4
850000 105.4
855000 123.0
860000 124.8
865000 129.4
870000 123.5
875000 126.7
880000 125.1
885000 130.6
890000 130.7
895000 130.5
900000 123.5
905000 129.5
910000 132.2
915000 130.1
920000 128.5
925000 129.8
930000 134.3
935000 133.1
940000 131.5
945000 133.4
950000 134.0
955000 132.2
960000 136.9
965000 126.8
970000 135.2
975000 128.9
980000 138.6
985000 136.2
990000 139.3
995000 139.6
1000000 136.9
