5000 0.9
10000 0.6
15000 0.7
20000 0.9
25000 0.7
30000 0.9
35000 1.0
40000 0.8
45000 0.9
50000 0.9
55000 1.1
60000 1.1
65000 1.1
70000 1.1
75000 0.9
80000 0.8
85000 1.0
90000 0.9
95000 0.9
100000 1.1
105000 1.2
110000 1.1
115000 1.0
120000 1.0
125000 0.9
130000 1.2
135000 1.1
140000 1.4
145000 0.7
150000 1.1
155000 1.2
160000 1.1
165000 1.3
170000 0.8
175000 1.1
180000 1.3
185000 1.0
190000 1.3
195000 1.2
200000 1.3
205000 1.1
210000 1.2
215000 1.3
220000 1.1
225000 1.2
230000 1.3
235000 1.5
240000 1.3
245000 1.3
250000 1.1
255000 1.1
260000 1.2
265000 1.2
270000 1.1
275000 1.0
280000 1.1
285000 1.3
290000 1.1
295000 1.5
300000 1.3
305000 1.0
310000 1.0
315000 1.2
320000 1.2
325000 1.3
330000 1.4
335000 1.4
340000 1.0
345000 1.3
350000 1.3
355000 1.2
360000 1.3
365000 1.3
370000 1.3
375000 1.3
380000 1.3
385000 1.1
390000 1.2
395000 1.1
400000 1.4
405000 1.3
410000 1.3
415000 1.0
420000 1.3
425000 1.1
430000 1.3
435000 1.2
440000 1.3
445000 1.4
450000 1.2
455000 1.1
460000 1.2
465000 1.4
470000 1.3
475000 1.3
480000 1.5
485000 1.4
490000 1.3
495000 1.4
500000 1.4
505000 1.4
510000 1.2
515000 1.4
520000 1.5
525000 1.2
530000 1.4
535000 1.5
540000 1.3
545000 1.4
550000 1.3
555000 1.3
560000 1.2
565000 1.2
570000 1.3
575000 1.4
580000 1.3
585000 1.4
590000 1.5
595000 1.3
600000 1.2
605000 1.2
610000 1.5
615000 1.7
620000 1.3
625000 1.5
630000 1.3
635000 1.4
640000 1.6
645000 1.3
650000 1.1
655000 1.4
660000 1.5
665000 1.6
670000 1.1
675000 1.3
680000 1.2
685000 1.4
690000 1.4
695000 1.1
700000 1.3
705000 1.5
710000 1.5
715000 1.6
720000 1.7
725000 1.4
730000 1.4
735000 1.4
740000 1.1
745000 1.5
750000 1.0
755000 1.4
760000 1.2
765000 1.3
770000 1.3
775000 1.3
780000 1.1
785000 1.3
790000 1.5
795000 1.4
800000 1.5
805000 1.5
810000 1.4
815000 1.3
820000 1.1
825000 1.4
830000 1.4
835000 1.4
840000 1.5
845000 1.3
850000 1.3
855000 1.4
860000 1.4
865000 1.4
870000 1.6
875000 1.4
880000 1.4
885000 1.6
890000 1.4
895000 1.6
900000 1.5
905000 1.4
910000 1.4
915000 1.5
920000 1.5
925000 1.2
930000 1.4
935000 1.4
940000 1.7
945000 1.4
950000 1.7
955000 1.4
960000 1.3
965000 1.5
970000 1.8
975000 1.3
980000 1.3
985000 1.5
990000 1.3
995000 1.7
1000000 1.5
