5000 0.8
10000 1.2
15000 0.9
20000 0.7
25000 1.0
30000 0.6
35000 0.6
40000 0.8
45000 1.1
50000 0.5
55000 0.7
60000 0.8
65000 0.9
70000 0.9
75000 1.1
80000 1.2
85000 0.7
90000 1.0
95000 1.1
100000 1.0
105000 1.0
110000 1.1
115000 1.0
120000 1.3
125000 0.8
130000 1.1
135000 0.9
140000 1.0
145000 1.3
150000 1.1
155000 1.1
160000 1.3
165000 1.3
170000 1.2
175000 1.2
180000 1.4
185000 1.3
190000 1.2
195000 1.4
200000 1.3
205000 1.4
210000 1.4
215000 1.3
220000 1.0
225000 1.2
230000 1.1
235000 0.9
240000 1.2
245000 1.3
250000 1.2
255000 1.3
260000 1.4
265000 1.5
270000 1.3
275000 1.5
280000 1.1
285000 1.4
290000 1.3
295000 1.4
300000 1.2
305000 1.2
310000 1.3
315000 1.1
320000 1.4
325000 1.4
330000 1.4
335000 1.4
340000 1.2
345000 1.2
350000 1.4
355000 1.1
360000 1.3
365000 1.3
370000 1.3
375000 1.3
380000 1.3
385000 1.1
390000 1.1
395000 1.1
400000 1.1
405000 1.2
410000 1.2
415000 1.3
420000 1.2
425000 1.4
430000 1.2
435000 1.4
440000 1.2
445000 1.3
450000 1.2
455000 1.2
460000 1.2
465000 1.0
470000 1.3
475000 1.2
480000 1.4
485000 1.0
490000 1.3
495000 1.3
500000 1.3
505000 1.3
510000 1.1
515000 1.1
520000 1.2
525000 1.1
530000 1.4
535000 1.2
540000 1.3
545000 1.3
550000 1.2
555000 1.1
560000 1.2
565000 1.1
570000 1.2
575000 1.5
580000 1.2
585000 1.1
590000 1.5
595000 1.2
600000 1.0
605000 1.3
610000 1.4
615000 1.3
620000 1.1
625000 1.1
630000 1.3
635000 1.3
640000 1.4
645000 1.4
650000 1.2
655000 1.3
660000 1.2
665000 1.3
670000 1.1
675000 1.3
680000 1.4
685000 1.1
690000 1.2
695000 1.3
700000 1.4
705000 1.2
710000 1.0
715000 1.1
720000 1.2
725000 1.2
730000 1.3
735000 1.4
740000 1.0
745000 1.4
750000 1.3
755000 1.5
760000 1.2
765000 1.3
770000 1.4
775000 1.4
780000 1.4
785000 1.4
790000 1.2
795000 1.3
800000 1.4
805000 1.2
810000 1.2
815000 1.4
820000 1.1
825000 1.2
830000 1.6
835000 1.4
840000 1.4
845000 1.4
850000 1.3
855000 1.1
860000 1.4
865000 1.3
870000 1.3
875000 1.2
880000 1.2
885000 1.3
890000 1.1
895000 1.1
900000 1.3
905000 1.2
910000 1.4
915000 1.2
920000 1.4
925000 1.1
930000 1.4
935000 1.2
940000 1.4
945000 1.4
950000 1.2
955000 1.4
960000 1.5
965000 1.3
970000 1.2
975000 1.3
980000 1.2
985000 1.2
990000 1.4
995000 1.1
1000000 1.4
