5000 0.8
10000 0.8
15000 0.8
20000 0.6
25000 0.6
30000 1.0
35000 0.6
40000 0.7
45000 1.0
50000 1.1
55000 0.8
60000 1.5
65000 1.2
70000 0.7
75000 0.8
80000 1.2
85000 0.9
90000 1.3
95000 1.3
100000 1.1
105000 1.2
110000 1.3
115000 1.8
120000 1.0
125000 1.3
130000 1.0
135000 1.2
140000 1.1
145000 1.2
150000 1.4
155000 1.3
160000 1.3
165000 1.2
170000 1.8
175000 1.4
180000 1.4
185000 1.0
190000 1.1
195000 1.3
200000 1.1
205000 1.2
210000 1.1
215000 1.4
220000 1.2
225000 1.0
230000 1.0
235000 1.0
240000 1.0
245000 1.2
250000 1.5
255000 1.2
260000 1.2
265000 1.3
270000 1.2
275000 1.0
280000 1.5
285000 1.3
290000 1.6
295000 1.1
300000 1.4
305000 1.2
310000 1.3
315000 1.4
320000 1.2
325000 1.2
330000 0.9
335000 1.2
340000 1.0
345000 1.3
350000 1.1
355000 1.1
360000 1.5
365000 1.3
370000 1.1
375000 1.2
380000 1.4
385000 1.0
390000 1.2
395000 1.4
400000 1.4
405000 1.4
410000 1.3
415000 1.1
420000 1.1
425000 1.4
430000 1.4
435000 1.5
440000 1.3
445000 1.2
450000 1.1
455000 1.6
460000 1.4
465000 1.3
470000 1.4
475000 1.2
480000 1.3
485000 1.3
490000 1.5
495000 1.2
500000 1.6
505000 1.2
510000 1.4
515000 1.4
520000 1.7
525000 1.6
530000 1.3
535000 1.1
540000 1.5
545000 1.3
550000 1.3
555000 1.6
560000 1.7
565000 1.2
570000 1.3
575000 1.1
580000 1.1
585000 1.3
590000 1.2
595000 1.5
600000 1.7
605000 1.3
610000 1.5
615000 1.6
620000 1.3
625000 1.5
630000 1.3
635000 1.3
640000 1.1
645000 1.6
650000 1.5
655000 1.9
660000 1.2
665000 1.4
670000 1.6
675000 1.4
680000 1.4
685000 1.2
690000 1.2
695000 2.1
700000 1.3
705000 1.2
710000 1.1
715000 1.5
720000 1.7
725000 1.4
730000 1.5
735000 1.1
740000 1.4
745000 1.5
750000 1.4
755000 1.5
760000 1.6
765000 1.2
770000 1.2
775000 1.5
780000 1.3
785000 1.5
790000 1.2
795000 1.4
800000 1.2
805000 1.4
810000 1.2
815000 1.3
820000 1.4
825000 1.9
830000 1.2
835000 1.4
840000 1.4
845000 1.4
850000 1.7
855000 1.3
860000 1.7
865000 1.3
870000 1.3
875000 1.7
880000 1.9
885000 1.4
890000 1.1
895000 1.2
900000 1.2
905000 1.9
910000 1.4
915000 1.3
920000 1.2
925000 1.3
930000 1.3
935000 1.8
940000 1.2
945000 1.5
950000 1.6
955000 1.3
960000 1.2
965000 1.4
970000 1.2
975000 1.6
980000 1.3
985000 1.5
990000 1.5
995000 1.2
1000000 1.5
