5000 0.5
10000 0.9
15000 0.7
20000 0.8
25000 0.6
30000 0.8
35000 0.7
40000 1.1
45000 0.9
50000 0.9
55000 0.8
60000 1.4
65000 1.3
70000 1.2
75000 0.9
80000 1.1
85000 1.3
90000 1.2
95000 0.9
100000 0.9
105000 0.9
110000 1.0
115000 0.8
120000 1.0
125000 1.2
130000 1.1
135000 0.7
140000 0.9
145000 1.1
150000 1.2
155000 1.3
160000 1.1
165000 1.0
170000 1.0
175000 1.2
180000 1.2
185000 1.1
190000 1.1
195000 1.0
200000 1.6
205000 1.1
210000 1.3
215000 1.0
220000 0.9
225000 0.6
230000 0.7
235000 1.3
240000 1.0
245000 1.8
250000 1.0
255000 1.3
260000 1.2
265000 1.3
270000 1.1
275000 1.2
280000 1.5
285000 0.9
290000 1.2
295000 1.5
300000 1.2
305000 1.3
310000 1.3
315000 1.5
320000 1.4
325000 1.7
330000 1.5
335000 1.2
340000 1.2
345000 1.4
350000 1.2
355000 1.7
360000 1.3
365000 1.2
370000 1.2
375000 1.4
380000 1.1
385000 1.1
390000 1.1
395000 1.4
400000 1.3
405000 1.4
410000 1.3
415000 1.2
420000 1.6
425000 1.3
430000 1.2
435000 1.5
440000 1.1
445000 1.3
450000 0.9
455000 1.2
460000 1.3
465000 1.5
470000 1.2
475000 1.4
480000 0.8
485000 0.9
490000 0.9
495000 1.0
500000 1.0
505000 1.1
510000 1.1
515000 1.2
520000 1.0
525000 0.9
530000 1.0
535000 1.2
540000 0.9
545000 1.2
550000 1.1
555000 0.7
560000 1.0
565000 1.1
570000 0.8
575000 1.0
580000 1.0
585000 1.6
590000 1.1
595000 1.4
600000 1.1
605000 0.9
610000 0.9
615000 0.9
620000 0.9
625000 1.0
630000 1.1
635000 0.9
640000 0.7
645000 1.2
650000 1.1
655000 1.0
660000 1.0
665000 0.8
670000 1.0
675000 0.7
680000 1.2
685000 0.9
690000 1.3
695000 0.8
700000 1.2
705000 1.3
710000 1.0
715000 1.2
720000 1.1
725000 1.2
730000 1.1
735000 0.9
740000 1.1
745000 0.9
750000 0.9
755000 1.4
760000 1.2
765000 0.9
770000 0.8
775000 0.8
780000 0.9
785000 0.9
790000 1.0
795000 1.5
800000 1.1
805000 1.1
810000 0.7
815000 0.5
820000 0.7
825000 1.2
830000 0.9
835000 0.8
840000 1.1
845000 1.1
850000 1.0
855000 0.9
860000 1.2
865000 1.7
870000 1.2
875000 1.1
880000 1.3
885000 1.0
890000 1.0
895000 0.9
900000 1.0
905000 0.9
910000 1.1
915000 1.2
920000 1.1
925000 1.0
930000 1.1
935000 1.0
940000 0.9
945000 0.9
950000 0.9
955000 2.0
960000 1.0
965000 0.9
970000 1.0
975000 1.0
980000 0.9
985000 0.9
990000 0.7
995000 0.9
1000000 1.1
