5000 0.7
10000 1.3
15000 0.9
20000 0.5
25000 0.8
30000 0.8
35000 1.2
40000 0.9
45000 0.8
50000 1.0
55000 1.1
60000 1.3
65000 1.0
70000 1.3
75000 1.2
80000 0.9
85000 1.1
90000 1.1
95000 1.5
100000 1.3
105000 1.3
110000 1.4
115000 1.1
120000 1.0
125000 0.8
130000 1.1
135000 1.1
140000 1.1
145000 1.4
150000 1.1
155000 1.2
160000 1.3
165000 1.1
170000 1.3
175000 1.3
180000 1.2
185000 1.3
190000 1.8
195000 1.1
200000 1.2
205000 1.1
210000 1.2
215000 1.2
220000 1.3
225000 1.3
230000 1.4
235000 1.4
240000 0.9
245000 1.2
250000 1.0
255000 1.4
260000 1.3
265000 1.5
270000 1.6
275000 1.3
280000 1.3
285000 1.1
290000 1.5
295000 1.2
300000 1.3
305000 1.3
310000 1.3
315000 1.5
320000 1.4
325000 1.1
330000 1.5
335000 1.4
340000 1.4
345000 1.2
350000 1.6
355000 1.0
360000 1.3
365000 1.2
370000 1.2
375000 1.4
380000 1.4
385000 1.4
390000 1.2
395000 1.4
400000 1.2
405000 1.3
410000 1.4
415000 1.4
420000 1.2
425000 1.2
430000 1.4
435000 1.5
440000 1.4
445000 1.5
450000 1.3
455000 1.5
460000 1.0
465000 1.4
470000 1.5
475000 1.5
480000 1.5
485000 1.5
490000 1.2
495000 1.5
500000 1.2
505000 1.5
510000 1.0
515000 1.5
520000 1.5
525000 1.4
530000 1.5
535000 1.4
540000 1.2
545000 1.4
550000 1.2
555000 1.2
560000 1.1
565000 1.4
570000 1.5
575000 1.2
580000 1.7
585000 1.2
590000 1.2
595000 1.2
600000 1.4
605000 1.5
610000 1.2
615000 2.9
620000 1.2
625000 1.2
630000 1.4
635000 1.5
640000 1.2
645000 1.2
650000 1.3
655000 1.3
660000 1.3
665000 1.2
670000 1.3
675000 1.4
680000 1.5
685000 1.3
690000 1.3
695000 1.3
700000 1.4
705000 1.6
710000 1.2
715000 1.5
720000 1.2
725000 1.5
730000 1.6
735000 1.3
740000 1.4
745000 1.5
750000 1.8
755000 1.4
760000 1.4
765000 1.5
770000 1.5
775000 1.6
780000 1.6
785000 1.3
790000 1.5
795000 1.5
800000 1.3
805000 1.3
810000 1.4
815000 1.4
820000 1.0
825000 1.2
830000 1.3
835000 1.3
840000 1.4
845000 1.5
850000 1.5
855000 1.5
860000 1.4
865000 1.7
870000 1.5
875000 2.1
880000 1.5
885000 1.6
890000 1.0
895000 1.3
900000 1.4
905000 1.3
910000 1.3
915000 1.3
920000 1.3
925000 1.5
930000 1.5
935000 1.4
940000 1.8
945000 1.5
950000 2.1
955000 1.5
960000 1.6
965000 1.4
970000 1.5
975000 1.7
980000 1.3
985000 1.9
990000 1.3
995000 1.2
1000000 1.3
