5000 0.8
10000 0.8
15000 1.1
20000 0.9
25000 1.0
30000 1.1
35000 1.2
40000 1.0
45000 1.3
50000 0.7
55000 1.2
60000 1.7
65000 1.1
70000 0.7
75000 1.1
80000 1.0
85000 3.6
90000 17.2
95000 46.4
100000 46.5
105000 50.2
110000 55.8
115000 61.2
120000 61.7
125000 53.2
130000 69.2
135000 70.5
140000 79.4
145000 69.6
150000 87.9
155000 83.1
160000 88.6
165000 94.3
170000 80.5
175000 92.6
180000 96.1
185000 99.7
190000 92.6
195000 100.6
200000 99.6
205000 106.5
210000 109.5
215000 106.8
220000 107.3
225000 106.6
230000 109.6
235000 116.0
240000 112.4
245000 116.3
250000 119.7
255000 125.0
260000 121.9
265000 120.5
270000 122.0
275000 126.0
280000 126.7
285000 126.0
290000 125.8
295000 117.1
300000 120.7
305000 129.2
310000 124.8
315000 127.9
320000 123.4
325000 127.7
330000 127.6
335000 130.9
340000 130.1
345000 128.7
350000 131.6
355000 131.6
360000 132.6
365000 134.9
370000 135.2
375000 128.6
380000 134.4
385000 135.0
390000 137.9
395000 131.2
400000 137.5
405000 139.1
410000 135.5
415000 139.0
420000 143.6
425000 141.0
430000 138.2
435000 141.8
440000 139.6
445000 140.5
450000 143.5
455000 139.1
460000 140.3
465000 141.8
470000 147.6
475000 143.5
480000 144.0
485000 145.1
490000 146.2
495000 142.0
500000 145.9
505000 149.0
510000 146.0
515000 148.1
520000 151.4
525000 146.4
530000 147.0
535000 148.5
540000 146.6
545000 150.9
550000 148.5
555000 148.6
560000 148.9
565000 148.2
570000 145.2
575000 147.6
580000 148.4
585000 149.0
590000 147.3
595000 144.8
600000 150.3
605000 143.8
610000 144.7
615000 144.5
620000 146.6
625000 145.2
630000 146.2
635000 147.2
640000 150.7
645000 146.0
650000 150.0
655000 144.7
660000 145.3
665000 146.3
670000 149.3
675000 152.6
680000 155.1
685000 155.0
690000 152.4
695000 152.2
700000 151.0
705000 155.8
710000 156.2
715000 154.1
720000 156.7
725000 158.8
730000 155.9
735000 159.8
740000 155.5
745000 154.6
750000 157.2
755000 158.5
760000 156.1
765000 156.8
770000 158.4
775000 159.1
780000 159.3
785000 160.8
790000 157.8
795000 156.8
800000 160.2
805000 158.9
810000 158.8
815000 159.5
820000 157.4
825000 159.5
830000 160.9
835000 160.0
840000 157.5
845000 160.5
850000 158.7
855000 157.9
860000 161.6
865000 158.9
870000 157.7
875000 159.1
880000 161.6
885000 161.7
890000 163.0
895000 160.3
900000 161.3
905000 161.4
910000 161.3
915000 162.1
920000 161.3
925000 164.2
930000 164.7
935000 159.3
940000 159.0
945000 163.1
950000 164.9
955000 159.9
960000 161.8
965000 163.3
970000 163.6
975000 166.4
980000 165.1
985000 164.0
990000 164.1
995000 163.6
1000000 164.0
