5000 1.0
10000 0.6
15000 0.7
20000 1.2
25000 1.2
30000 0.5
35000 1.2
40000 1.3
45000 1.2
50000 0.6
55000 1.2
60000 1.1
65000 1.3
70000 0.8
75000 1.0
80000 0.9
85000 1.0
90000 1.3
95000 1.3
100000 1.3
105000 0.8
110000 1.1
115000 1.1
120000 1.0
125000 0.9
130000 1.1
135000 1.2
140000 1.0
145000 1.2
150000 1.1
155000 1.2
160000 1.1
165000 1.4
170000 1.4
175000 1.3
180000 1.2
185000 1.1
190000 1.1
195000 1.4
200000 1.4
205000 1.5
210000 1.3
215000 1.3
220000 1.5
225000 1.5
230000 1.2
235000 1.3
240000 1.2
245000 1.3
250000 1.0
255000 1.5
260000 1.3
265000 1.2
270000 1.0
275000 1.4
280000 1.2
285000 1.3
290000 1.3
295000 1.0
300000 0.7
305000 1.0
310000 1.1
315000 1.2
320000 1.1
325000 1.4
330000 1.4
335000 1.3
340000 1.3
345000 1.2
350000 1.4
355000 1.6
360000 1.3
365000 1.3
370000 1.1
375000 1.3
380000 1.5
385000 1.3
390000 1.6
395000 1.5
400000 1.3
405000 1.4
410000 1.4
415000 1.4
420000 2.4
425000 1.9
430000 1.2
435000 1.3
440000 1.3
445000 1.5
450000 1.7
455000 1.2
460000 1.6
465000 1.4
470000 1.3
475000 1.2
480000 1.4
485000 1.4
490000 1.4
495000 1.2
500000 2.0
505000 1.6
510000 1.2
515000 1.6
520000 1.4
525000 1.6
530000 1.6
535000 1.5
540000 1.5
545000 1.7
550000 1.3
555000 1.8
560000 1.4
565000 1.4
570000 1.1
575000 1.4
580000 1.4
585000 1.2
590000 1.5
595000 1.3
600000 1.3
605000 1.1
610000 1.4
615000 1.2
620000 1.5
625000 1.3
630000 1.2
635000 1.3
640000 1.6
645000 1.5
650000 1.7
655000 1.5
660000 1.5
665000 1.8
670000 1.3
675000 1.3
680000 1.2
685000 1.5
690000 1.5
695000 1.3
700000 1.1
705000 1.5
710000 1.4
715000 1.5
720000 1.5
725000 1.6
730000 1.1
735000 1.4
740000 1.5
745000 1.4
750000 1.3
755000 1.5
760000 1.5
765000 1.4
770000 1.2
775000 1.7
780000 1.3
785000 1.8
790000 1.6
795000 1.7
800000 1.4
805000 1.8
810000 1.3
815000 1.4
820000 1.2
825000 1.7
830000 1.3
835000 1.2
840000 1.4
845000 1.4
850000 1.7
855000 1.3
860000 1.3
865000 1.6
870000 1.7
875000 1.5
880000 1.5
885000 1.2
890000 1.5
895000 1.2
900000 1.6
905000 1.8
910000 1.6
915000 1.5
920000 1.6
925000 2.5
930000 1.5
935000 1.5
940000 1.4
945000 1.5
950000 1.4
955000 1.3
960000 1.5
965000 1.6
970000 1.3
975000 1.5
980000 1.3
985000 1.3
990000 2.1
995000 1.4
1000000 1.5
