5000 300.0
10000 107.8
15000 89.5
20000 0.8
25000 102.5
30000 193.9
35000 97.5
40000 148.4
45000 196.0
50000 197.7
55000 527.5
60000 462.1
65000 200.8
70000 610.0
75000 370.6
80000 347.1
85000 618.3
90000 567.9
95000 281.8
100000 613.7
105000 474.1
110000 577.3
115000 653.0
120000 462.6
125000 674.2
130000 288.0
135000 654.8
140000 636.1
145000 393.0
150000 622.9
155000 478.6
160000 574.1
165000 34.4
170000 493.1
175000 762.8
180000 761.4
185000 470.4
190000 863.0
195000 680.2
200000 747.9
205000 868.3
210000 764.4
215000 765.5
220000 770.6
225000 777.4
230000 676.0
235000 963.4
240000 964.3
245000 763.9
250000 867.2
255000 574.7
260000 766.0
265000 775.7
270000 724.2
275000 954.9
280000 870.3
285000 968.2
290000 876.9
295000 872.1
300000 873.5
305000 751.2
310000 965.3
315000 869.8
320000 961.6
325000 261.6
330000 669.3
335000 671.5
340000 771.0
345000 958.5
350000 684.9
355000 965.0
360000 972.9
365000 889.4
370000 883.4
375000 764.6
380000 969.0
385000 871.9
390000 971.0
395000 977.8
400000 955.1
405000 849.1
410000 883.2
415000 970.4
420000 970.2
425000 883.6
430000 981.5
435000 970.6
440000 972.6
445000 879.7
450000 877.3
455000 969.1
460000 882.5
465000 971.3
470000 879.9
475000 776.5
480000 967.8
485000 234.2
490000 541.7
495000 966.7
500000 969.0
505000 903.0
510000 684.2
515000 869.8
520000 972.5
525000 977.6
530000 771.5
535000 974.1
540000 970.3
545000 968.0
550000 874.7
555000 877.9
560000 880.6
565000 985.0
570000 971.0
575000 937.9
580000 978.6
585000 882.8
590000 871.1
595000 975.5
600000 969.5
605000 970.1
610000 978.8
615000 964.1
620000 985.4
625000 978.6
630000 970.0
635000 973.6
640000 980.4
645000 32.1
650000 781.0
655000 585.2
660000 859.0
665000 877.5
670000 978.2
675000 869.3
680000 780.5
685000 851.7
690000 975.1
695000 980.0
700000 782.8
705000 875.0
710000 971.3
715000 973.4
720000 970.6
725000 970.1
730000 971.6
735000 972.2
740000 874.9
745000 976.6
750000 973.7
755000 983.4
760000 970.3
765000 970.2
770000 875.2
775000 969.5
780000 778.8
785000 964.6
790000 967.1
795000 974.7
800000 973.8
805000 239.2
810000 467.7
815000 762.9
820000 875.1
825000 972.7
830000 946.3
835000 879.2
840000 980.0
845000 882.5
850000 980.5
855000 968.6
860000 976.9
865000 980.5
870000 975.9
875000 971.0
880000 960.4
885000 976.1
890000 974.3
895000 981.8
900000 976.3
905000 978.0
910000 973.9
915000 975.4
920000 984.8
925000 873.0
930000 982.4
935000 982.1
940000 974.2
945000 973.8
950000 976.5
955000 971.1
960000 972.2
965000 167.7
970000 362.6
975000 867.4
980000 877.7
985000 974.1
990000 973.6
995000 967.4
1000000 967.4
1005000 983.2
1010000 980.1
1015000 886.8
1020000 967.3
1025000 983.6
1030000 976.1
1035000 968.1
1040000 980.5
1045000 984.4
1050000 975.2
1055000 979.9
1060000 964.2
1065000 974.5
1070000 980.2
1075000 981.3
1080000 977.4
1085000 984.3
1090000 974.5
1095000 978.5
1100000 987.1
1105000 973.7
1110000 976.8
1115000 980.0
1120000 981.3
1125000 133.6
1130000 174.0
1135000 589.1
1140000 862.1
1145000 776.3
1150000 962.7
1155000 976.4
1160000 870.3
1165000 975.7
1170000 974.0
1175000 978.6
1180000 962.9
1185000 977.4
1190000 864.7
1195000 970.0
1200000 881.9
1205000 877.0
1210000 971.0
1215000 872.2
1220000 867.3
1225000 981.4
1230000 974.3
1235000 977.9
1240000 980.4
1245000 878.9
1250000 967.0
1255000 977.4
1260000 969.2
1265000 774.1
1270000 872.3
1275000 981.1
1280000 980.8
1285000 96.6
1290000 172.6
1295000 563.2
1300000 651.0
1305000 680.7
1310000 676.3
1315000 879.0
1320000 679.5
1325000 780.9
1330000 872.8
1335000 967.0
1340000 969.2
1345000 973.5
1350000 968.2
1355000 971.3
1360000 977.0
1365000 965.3
1370000 880.8
1375000 877.8
1380000 879.2
1385000 974.8
1390000 977.7
1395000 961.2
1400000 985.6
1405000 917.2
1410000 981.3
1415000 885.8
1420000 982.3
1425000 978.0
1430000 983.6
1435000 988.2
1440000 979.7
1445000 48.0
1450000 407.5
1455000 468.5
1460000 680.7
1465000 860.1
1470000 854.5
1475000 967.1
1480000 871.9
1485000 963.7
1490000 837.3
1495000 983.2
1500000 877.6
1505000 982.9
1510000 874.0
1515000 961.0
1520000 978.5
1525000 972.9
1530000 879.4
1535000 978.6
1540000 882.1
1545000 973.8
1550000 975.2
1555000 970.9
1560000 887.8
1565000 881.5
1570000 876.2
1575000 879.5
1580000 970.5
1585000 967.4
1590000 880.6
1595000 883.5
1600000 975.1
1605000 25.6
1610000 296.0
1615000 584.3
1620000 966.4
1625000 768.1
1630000 686.0
1635000 871.9
1640000 685.7
1645000 971.9
1650000 872.3
1655000 864.1
1660000 977.9
1665000 965.9
1670000 974.3
1675000 959.9
1680000 974.6
1685000 966.4
1690000 973.1
1695000 980.6
1700000 967.3
1705000 885.8
1710000 968.3
1715000 974.9
1720000 974.2
1725000 980.5
1730000 964.3
1735000 882.7
1740000 979.5
1745000 970.9
1750000 977.9
1755000 971.0
1760000 976.8
1765000 56.2
1770000 390.6
1775000 385.3
1780000 867.8
1785000 688.6
1790000 871.2
1795000 784.8
1800000 766.7
1805000 791.6
1810000 877.4
1815000 880.8
1820000 876.1
1825000 683.5
1830000 971.2
1835000 887.3
1840000 971.0
1845000 965.0
1850000 976.6
1855000 975.3
1860000 976.5
1865000 974.8
1870000 966.2
1875000 875.3
1880000 973.6
1885000 978.0
1890000 984.9
1895000 977.7
1900000 978.8
1905000 988.6
1910000 982.9
1915000 984.8
1920000 981.9
1925000 929.0
1930000 985.9
1935000 978.1
1940000 970.7
1945000 983.4
1950000 985.8
1955000 974.8
1960000 982.7
1965000 983.0
1970000 980.5
1975000 971.1
1980000 971.0
1985000 883.3
1990000 982.3
1995000 975.3
2000000 979.8
