5000 95.8
10000 0.0
15000 18.9
20000 106.3
25000 251.8
30000 168.1
35000 251.3
40000 239.9
45000 280.8
50000 213.1
55000 501.2
60000 118.9
65000 285.0
70000 650.8
75000 559.8
80000 380.3
85000 429.5
90000 272.2
95000 759.2
100000 493.8
105000 246.8
110000 383.2
115000 496.7
120000 191.0
125000 490.8
130000 678.8
135000 669.6
140000 664.2
145000 665.4
150000 668.7
155000 737.0
160000 754.4
165000 369.9
170000 391.4
175000 462.7
180000 555.4
185000 860.2
190000 667.4
195000 860.2
200000 808.6
205000 774.1
210000 773.5
215000 870.7
220000 775.4
225000 980.8
230000 687.2
235000 859.9
240000 863.3
245000 871.2
250000 771.9
255000 560.7
260000 867.0
265000 971.2
270000 866.1
275000 871.9
280000 869.2
285000 952.0
290000 958.6
295000 960.0
300000 871.1
305000 872.4
310000 874.1
315000 773.3
320000 970.7
325000 281.2
330000 449.0
335000 735.5
340000 822.9
345000 872.3
350000 963.6
355000 867.8
360000 974.3
365000 961.3
370000 967.0
375000 866.6
380000 962.7
385000 977.7
390000 878.1
395000 963.3
400000 864.0
405000 962.8
410000 964.5
415000 872.3
420000 978.5
425000 875.0
430000 968.3
435000 848.6
440000 871.0
445000 969.2
450000 870.5
455000 967.3
460000 969.0
465000 775.0
470000 875.9
475000 969.6
480000 877.9
485000 100.1
490000 883.0
495000 792.3
500000 873.7
505000 868.5
510000 866.5
515000 964.4
520000 872.7
525000 973.2
530000 964.5
535000 975.1
540000 974.5
545000 960.2
550000 876.3
555000 979.1
560000 979.6
565000 861.1
570000 975.6
575000 948.4
580000 969.0
585000 974.5
590000 976.3
595000 968.7
600000 949.0
605000 969.7
610000 957.5
615000 775.7
620000 970.8
625000 973.3
630000 977.2
635000 879.6
640000 975.8
645000 103.9
650000 600.8
655000 792.8
660000 866.7
665000 967.6
670000 960.9
675000 964.3
680000 875.7
685000 878.9
690000 974.9
695000 965.1
700000 978.2
705000 972.2
710000 880.2
715000 955.9
720000 960.1
725000 875.9
730000 981.3
735000 881.0
740000 978.8
745000 973.2
750000 871.6
755000 878.4
760000 977.5
765000 970.1
770000 971.6
775000 975.0
780000 968.7
785000 977.7
790000 985.1
795000 979.3
800000 979.5
805000 291.5
810000 390.6
815000 872.9
820000 974.4
825000 873.7
830000 947.9
835000 975.7
840000 972.7
845000 884.4
850000 969.8
855000 977.6
860000 980.4
865000 979.6
870000 869.7
875000 883.0
880000 967.9
885000 976.3
890000 872.5
895000 917.9
900000 967.8
905000 871.8
910000 964.5
915000 979.6
920000 972.8
925000 976.1
930000 981.1
935000 981.3
940000 979.5
945000 982.0
950000 979.7
955000 978.9
960000 971.9
965000 88.1
970000 558.5
975000 873.1
980000 960.8
985000 870.8
990000 953.0
995000 972.4
1000000 984.1
1005000 950.9
1010000 973.6
1015000 972.4
1020000 972.3
1025000 973.5
1030000 982.3
1035000 975.5
1040000 879.9
1045000 967.4
1050000 984.9
1055000 963.1
1060000 978.7
1065000 880.9
1070000 971.4
1075000 980.3
1080000 976.1
1085000 976.0
1090000 983.4
1095000 976.0
1100000 978.5
1105000 975.8
1110000 976.2
1115000 974.2
1120000 872.3
1125000 102.8
1130000 486.8
1135000 770.1
1140000 971.6
1145000 873.6
1150000 867.2
1155000 878.3
1160000 959.4
1165000 979.6
1170000 972.7
1175000 975.8
1180000 870.0
1185000 976.2
1190000 970.8
1195000 975.5
1200000 978.3
1205000 878.9
1210000 984.0
1215000 972.4
1220000 861.2
1225000 980.3
1230000 976.1
1235000 876.7
1240000 979.0
1245000 965.5
1250000 977.8
1255000 970.8
1260000 777.5
1265000 882.1
1270000 978.2
1275000 883.1
1280000 982.7
1285000 10.3
1290000 376.0
1295000 681.2
1300000 686.9
1305000 863.2
1310000 972.6
1315000 872.7
1320000 963.5
1325000 972.1
1330000 965.7
1335000 973.1
1340000 973.7
1345000 876.7
1350000 976.8
1355000 971.0
1360000 984.7
1365000 877.1
1370000 981.0
1375000 977.2
1380000 982.6
1385000 971.5
1390000 981.8
1395000 880.7
1400000 979.3
1405000 972.4
1410000 977.1
1415000 975.8
1420000 985.0
1425000 981.3
1430000 984.9
1435000 983.4
1440000 975.6
1445000 230.2
1450000 470.4
1455000 876.2
1460000 876.2
1465000 869.5
1470000 962.6
1475000 971.2
1480000 872.3
1485000 968.7
1490000 889.2
1495000 886.1
1500000 883.5
1505000 980.8
1510000 977.9
1515000 978.1
1520000 923.1
1525000 973.1
1530000 870.4
1535000 974.6
1540000 877.0
1545000 979.0
1550000 982.6
1555000 976.2
1560000 879.1
1565000 875.6
1570000 980.3
1575000 962.6
1580000 983.7
1585000 974.8
1590000 970.3
1595000 970.1
1600000 881.9
1605000 195.2
1610000 217.1
1615000 727.4
1620000 683.5
1625000 975.7
1630000 875.4
1635000 772.8
1640000 976.9
1645000 874.1
1650000 872.9
1655000 972.3
1660000 975.2
1665000 684.1
1670000 774.8
1675000 981.4
1680000 979.5
1685000 882.1
1690000 979.0
1695000 904.5
1700000 969.3
1705000 983.5
1710000 974.6
1715000 974.0
1720000 947.3
1725000 982.5
1730000 960.6
1735000 975.5
1740000 885.1
1745000 981.1
1750000 970.9
1755000 977.6
1760000 974.1
1765000 41.3
1770000 99.8
1775000 561.0
1780000 392.5
1785000 863.4
1790000 974.7
1795000 781.5
1800000 964.3
1805000 883.0
1810000 885.0
1815000 978.2
1820000 976.0
1825000 852.7
1830000 977.9
1835000 929.1
1840000 976.7
1845000 881.9
1850000 974.1
1855000 980.3
1860000 980.4
1865000 982.2
1870000 982.9
1875000 879.7
1880000 978.7
1885000 978.1
1890000 975.4
1895000 981.2
1900000 979.1
1905000 980.4
1910000 963.9
1915000 973.7
1920000 976.9
1925000 981.1
1930000 881.4
1935000 882.9
1940000 974.6
1945000 977.5
1950000 982.0
1955000 973.4
1960000 884.7
1965000 874.7
1970000 974.9
1975000 880.5
1980000 978.7
1985000 953.2
1990000 973.3
1995000 976.1
2000000 979.5
