5000 100.0
10000 100.0
15000 108.9
20000 197.8
25000 92.7
30000 0.8
35000 103.5
40000 144.9
45000 157.2
50000 121.2
55000 112.8
60000 162.6
65000 150.7
70000 369.4
75000 194.7
80000 221.6
85000 97.7
90000 400.8
95000 278.0
100000 562.5
105000 623.2
110000 445.5
115000 671.0
120000 604.4
125000 569.0
130000 668.6
135000 675.0
140000 485.6
145000 672.7
150000 764.7
155000 635.5
160000 675.6
165000 292.6
170000 96.6
175000 477.6
180000 762.0
185000 770.4
190000 763.7
195000 882.3
200000 680.5
205000 766.5
210000 582.3
215000 872.6
220000 954.1
225000 867.6
230000 850.1
235000 862.9
240000 608.7
245000 866.0
250000 949.3
255000 866.1
260000 959.9
265000 963.5
270000 956.5
275000 864.0
280000 966.5
285000 770.7
290000 858.4
295000 954.0
300000 868.2
305000 934.0
310000 967.5
315000 878.4
320000 872.3
325000 114.7
330000 482.5
335000 572.9
340000 940.8
345000 953.0
350000 865.2
355000 694.6
360000 876.5
365000 853.1
370000 975.4
375000 953.4
380000 755.4
385000 767.6
390000 870.6
395000 868.7
400000 871.3
405000 958.2
410000 672.8
415000 779.9
420000 962.2
425000 880.0
430000 781.0
435000 776.1
440000 770.5
445000 860.4
450000 954.0
455000 778.6
460000 970.1
465000 972.4
470000 875.2
475000 774.0
480000 974.7
485000 67.5
490000 490.8
495000 962.4
500000 876.2
505000 876.7
510000 969.2
515000 901.0
520000 879.3
525000 769.1
530000 865.2
535000 782.2
540000 965.4
545000 766.2
550000 966.9
555000 927.3
560000 862.2
565000 870.2
570000 969.0
575000 872.1
580000 872.2
585000 863.6
590000 982.9
595000 976.0
600000 967.6
605000 871.4
610000 874.3
615000 870.6
620000 771.3
625000 977.5
630000 870.9
635000 880.9
640000 772.6
645000 31.0
650000 107.6
655000 751.6
660000 963.7
665000 952.1
670000 881.3
675000 865.9
680000 971.8
685000 957.4
690000 875.9
695000 956.2
700000 875.9
705000 971.9
710000 779.6
715000 882.5
720000 967.2
725000 860.1
730000 961.7
735000 976.4
740000 974.1
745000 868.4
750000 782.2
755000 955.8
760000 968.0
765000 967.1
770000 980.2
775000 979.5
780000 974.4
785000 936.5
790000 975.6
795000 956.8
800000 885.3
805000 40.1
810000 399.6
815000 915.7
820000 877.8
825000 861.6
830000 769.6
835000 868.8
840000 970.0
845000 973.5
850000 977.8
855000 957.8
860000 974.4
865000 879.5
870000 979.0
875000 975.9
880000 869.8
885000 975.0
890000 974.2
895000 972.7
900000 973.6
905000 974.9
910000 870.0
915000 973.9
920000 965.4
925000 970.5
930000 789.5
935000 857.9
940000 862.1
945000 980.6
950000 970.0
955000 978.0
960000 965.5
965000 56.5
970000 574.4
975000 864.5
980000 766.3
985000 963.5
990000 782.2
995000 879.1
1000000 669.8
1005000 970.6
1010000 861.4
1015000 964.5
1020000 976.8
1025000 762.3
1030000 981.2
1035000 971.0
1040000 976.7
1045000 929.9
1050000 959.0
1055000 975.7
1060000 876.0
1065000 970.2
1070000 976.1
1075000 984.1
1080000 879.3
1085000 973.7
1090000 974.3
1095000 987.0
1100000 979.8
1105000 964.0
1110000 868.9
1115000 978.2
1120000 974.1
1125000 3.6
1130000 491.9
1135000 578.5
1140000 749.0
1145000 772.5
1150000 961.7
1155000 873.7
1160000 880.1
1165000 776.4
1170000 975.6
1175000 973.0
1180000 881.1
1185000 968.1
1190000 976.0
1195000 968.9
1200000 977.8
1205000 981.7
1210000 970.1
1215000 875.7
1220000 880.2
1225000 987.3
1230000 932.0
1235000 962.9
1240000 979.4
1245000 982.3
1250000 965.0
1255000 886.4
1260000 975.2
1265000 986.3
1270000 976.1
1275000 971.5
1280000 970.6
1285000 7.1
1290000 410.9
1295000 485.0
1300000 583.7
1305000 880.1
1310000 687.3
1315000 858.9
1320000 773.7
1325000 873.7
1330000 969.6
1335000 973.5
1340000 926.2
1345000 967.6
1350000 869.5
1355000 968.0
1360000 868.6
1365000 881.9
1370000 962.6
1375000 779.9
1380000 974.1
1385000 978.4
1390000 868.3
1395000 880.9
1400000 973.9
1405000 973.7
1410000 984.1
1415000 872.8
1420000 964.4
1425000 881.5
1430000 980.3
1435000 970.8
1440000 930.2
1445000 72.5
1450000 293.0
1455000 584.1
1460000 768.6
1465000 758.9
1470000 968.7
1475000 861.3
1480000 871.8
1485000 869.9
1490000 937.4
1495000 975.8
1500000 977.1
1505000 971.4
1510000 968.4
1515000 959.8
1520000 885.9
1525000 973.8
1530000 975.2
1535000 977.7
1540000 971.7
1545000 972.0
1550000 871.6
1555000 980.4
1560000 881.0
1565000 978.1
1570000 971.4
1575000 875.1
1580000 977.1
1585000 878.1
1590000 876.5
1595000 781.5
1600000 874.0
1605000 19.7
1610000 185.9
1615000 830.9
1620000 693.2
1625000 776.7
1630000 776.5
1635000 880.1
1640000 781.5
1645000 880.6
1650000 971.8
1655000 983.2
1660000 974.6
1665000 976.3
1670000 968.1
1675000 879.0
1680000 980.6
1685000 778.1
1690000 976.6
1695000 877.1
1700000 963.1
1705000 982.3
1710000 971.5
1715000 877.3
1720000 979.6
1725000 974.2
1730000 982.4
1735000 985.7
1740000 977.8
1745000 977.2
1750000 967.5
1755000 985.6
1760000 974.6
1765000 141.1
1770000 349.9
1775000 647.0
1780000 879.3
1785000 982.6
1790000 868.3
1795000 777.7
1800000 862.5
1805000 957.8
1810000 962.8
1815000 972.3
1820000 978.2
1825000 961.1
1830000 985.0
1835000 980.1
1840000 972.2
1845000 871.8
1850000 878.6
1855000 976.1
1860000 884.7
1865000 976.6
1870000 946.4
1875000 886.3
1880000 973.0
1885000 955.8
1890000 979.7
1895000 978.5
1900000 976.5
1905000 970.3
1910000 965.3
1915000 982.3
1920000 976.1
1925000 966.6
1930000 978.2
1935000 976.2
1940000 973.6
1945000 979.7
1950000 986.3
1955000 968.9
1960000 978.8
1965000 967.8
1970000 982.6
1975000 779.3
1980000 973.3
1985000 974.2
1990000 977.1
1995000 978.1
2000000 977.3
