5000 0.0
10000 0.0
15000 6.8
20000 0.0
25000 100.0
30000 131.0
35000 239.1
40000 204.3
45000 0.0
50000 98.8
55000 294.0
60000 114.5
65000 390.3
70000 447.6
75000 480.4
80000 284.5
85000 196.0
90000 184.6
95000 581.2
100000 483.8
105000 148.6
110000 582.1
115000 589.0
120000 781.5
125000 536.4
130000 484.8
135000 279.5
140000 383.8
145000 571.9
150000 394.5
155000 389.8
160000 462.7
165000 276.9
170000 283.8
175000 481.3
180000 472.1
185000 469.4
190000 393.0
195000 766.9
200000 770.1
205000 391.6
210000 858.2
215000 771.4
220000 580.1
225000 567.4
230000 852.5
235000 572.6
240000 765.5
245000 679.9
250000 665.2
255000 959.0
260000 862.2
265000 672.8
270000 869.4
275000 872.0
280000 963.0
285000 873.1
290000 775.3
295000 867.7
300000 880.7
305000 954.6
310000 874.7
315000 741.3
320000 878.9
325000 146.6
330000 466.7
335000 672.4
340000 774.9
345000 883.1
350000 862.0
355000 968.2
360000 867.6
365000 876.5
370000 835.4
375000 869.4
380000 770.9
385000 992.0
390000 769.7
395000 970.2
400000 976.8
405000 970.2
410000 873.0
415000 967.6
420000 970.0
425000 979.5
430000 972.0
435000 961.1
440000 965.8
445000 863.2
450000 952.4
455000 877.2
460000 956.6
465000 871.5
470000 965.4
475000 960.1
480000 968.2
485000 120.3
490000 678.4
495000 774.8
500000 972.4
505000 968.3
510000 973.2
515000 869.7
520000 879.7
525000 964.7
530000 963.7
535000 873.4
540000 775.1
545000 955.7
550000 868.7
555000 976.9
560000 967.6
565000 976.8
570000 868.8
575000 972.5
580000 964.2
585000 972.3
590000 970.2
595000 974.9
600000 970.6
605000 873.1
610000 970.8
615000 921.6
620000 968.2
625000 977.2
630000 978.6
635000 874.9
640000 975.3
645000 170.5
650000 785.0
655000 770.1
660000 875.3
665000 967.3
670000 876.0
675000 882.8
680000 882.2
685000 968.7
690000 940.1
695000 976.3
700000 976.6
705000 939.9
710000 961.6
715000 979.4
720000 975.4
725000 976.1
730000 973.4
735000 876.6
740000 876.0
745000 878.7
750000 975.0
755000 956.9
760000 870.2
765000 972.6
770000 972.7
775000 979.4
780000 974.6
785000 948.5
790000 972.0
795000 974.3
800000 881.4
805000 7.3
810000 497.7
815000 854.2
820000 958.7
825000 876.8
830000 944.5
835000 973.6
840000 973.1
845000 971.4
850000 876.7
855000 973.3
860000 965.4
865000 865.7
870000 974.0
875000 967.2
880000 880.5
885000 968.4
890000 877.8
895000 979.1
900000 975.1
905000 971.3
910000 981.1
915000 883.1
920000 978.6
925000 979.2
930000 975.9
935000 976.2
940000 983.8
945000 979.0
950000 875.9
955000 876.8
960000 977.1
965000 95.1
970000 583.7
975000 579.2
980000 873.2
985000 973.3
990000 882.1
995000 979.3
1000000 974.7
1005000 882.3
1010000 971.6
1015000 973.6
1020000 969.4
1025000 971.2
1030000 979.1
1035000 879.0
1040000 975.1
1045000 979.8
1050000 980.6
1055000 868.2
1060000 976.3
1065000 970.6
1070000 976.8
1075000 975.0
1080000 882.6
1085000 879.7
1090000 971.7
1095000 975.4
1100000 972.5
1105000 972.5
1110000 969.2
1115000 976.6
1120000 878.7
1125000 173.3
1130000 408.2
1135000 680.4
1140000 289.8
1145000 865.1
1150000 876.6
1155000 881.9
1160000 681.8
1165000 873.8
1170000 872.8
1175000 961.9
1180000 974.6
1185000 971.2
1190000 978.0
1195000 979.0
1200000 967.7
1205000 976.9
1210000 778.8
1215000 878.8
1220000 976.4
1225000 783.9
1230000 976.6
1235000 880.0
1240000 971.8
1245000 883.6
1250000 975.0
1255000 872.7
1260000 976.4
1265000 969.1
1270000 974.7
1275000 968.3
1280000 876.3
1285000 189.7
1290000 678.5
1295000 964.0
1300000 782.8
1305000 865.3
1310000 871.7
1315000 873.3
1320000 680.7
1325000 975.5
1330000 876.1
1335000 977.2
1340000 972.7
1345000 969.8
1350000 974.6
1355000 781.4
1360000 981.1
1365000 976.7
1370000 972.0
1375000 976.7
1380000 970.6
1385000 973.2
1390000 957.2
1395000 841.8
1400000 971.8
1405000 968.0
1410000 976.5
1415000 976.2
1420000 971.3
1425000 983.0
1430000 980.8
1435000 879.8
1440000 979.3
1445000 285.9
1450000 531.7
1455000 589.2
1460000 966.0
1465000 783.4
1470000 874.4
1475000 973.9
1480000 880.8
1485000 879.2
1490000 969.6
1495000 965.4
1500000 880.0
1505000 945.3
1510000 776.5
1515000 980.9
1520000 857.6
1525000 973.3
1530000 973.0
1535000 970.8
1540000 977.7
1545000 979.0
1550000 973.3
1555000 981.8
1560000 964.2
1565000 871.0
1570000 972.4
1575000 882.6
1580000 982.4
1585000 972.5
1590000 961.5
1595000 975.2
1600000 975.2
1605000 193.2
1610000 97.4
1615000 672.8
1620000 873.6
1625000 875.4
1630000 586.3
1635000 778.1
1640000 973.3
1645000 878.1
1650000 885.6
1655000 951.2
1660000 977.2
1665000 978.3
1670000 985.9
1675000 978.5
1680000 977.8
1685000 970.9
1690000 970.8
1695000 880.2
1700000 973.0
1705000 983.3
1710000 975.3
1715000 979.7
1720000 975.6
1725000 682.0
1730000 879.0
1735000 978.8
1740000 980.1
1745000 975.7
1750000 969.8
1755000 874.9
1760000 973.9
1765000 69.7
1770000 282.0
1775000 769.9
1780000 772.2
1785000 784.3
1790000 676.7
1795000 978.8
1800000 981.3
1805000 987.3
1810000 775.2
1815000 976.4
1820000 975.1
1825000 982.4
1830000 988.8
1835000 930.2
1840000 877.2
1845000 971.4
1850000 977.0
1855000 978.9
1860000 984.1
1865000 973.3
1870000 979.1
1875000 877.8
1880000 980.0
1885000 977.7
1890000 881.9
1895000 883.2
1900000 974.9
1905000 851.5
1910000 977.7
1915000 969.4
1920000 977.6
1925000 979.2
1930000 980.8
1935000 971.0
1940000 876.0
1945000 977.9
1950000 974.3
1955000 880.4
1960000 974.6
1965000 973.7
1970000 978.8
1975000 979.1
1980000 972.8
1985000 900.0
1990000 974.8
1995000 880.3
2000000 986.6
