5000 0.5
10000 100.0
15000 86.9
20000 103.2
25000 11.9
30000 84.4
35000 0.1
40000 197.3
45000 1.3
50000 395.4
55000 152.7
60000 171.9
65000 629.0
70000 193.0
75000 394.0
80000 290.7
85000 361.0
90000 277.3
95000 296.7
100000 554.4
105000 385.1
110000 385.9
115000 571.8
120000 802.5
125000 963.9
130000 463.1
135000 686.6
140000 775.2
145000 575.5
150000 293.3
155000 661.7
160000 762.0
165000 114.7
170000 373.0
175000 733.2
180000 664.0
185000 692.3
190000 861.5
195000 864.4
200000 847.0
205000 879.9
210000 865.8
215000 859.3
220000 857.8
225000 586.1
230000 747.7
235000 784.3
240000 966.8
245000 969.0
250000 860.2
255000 968.1
260000 766.3
265000 760.3
270000 884.6
275000 979.7
280000 967.4
285000 757.5
290000 959.0
295000 961.2
300000 768.7
305000 959.4
310000 960.2
315000 969.4
320000 969.8
325000 30.1
330000 696.8
335000 478.8
340000 789.0
345000 870.0
350000 774.2
355000 757.8
360000 975.9
365000 976.1
370000 874.7
375000 959.3
380000 859.7
385000 960.3
390000 883.3
395000 969.0
400000 970.6
405000 974.1
410000 773.1
415000 975.4
420000 864.3
425000 972.3
430000 973.2
435000 974.1
440000 961.9
445000 973.9
450000 913.6
455000 872.2
460000 977.4
465000 964.9
470000 869.9
475000 970.9
480000 972.5
485000 18.5
490000 759.2
495000 777.7
500000 677.3
505000 894.5
510000 872.0
515000 840.6
520000 871.3
525000 786.6
530000 980.1
535000 878.4
540000 876.1
545000 974.2
550000 910.4
555000 972.2
560000 971.9
565000 789.1
570000 681.3
575000 975.7
580000 873.7
585000 874.8
590000 979.4
595000 962.2
600000 879.4
605000 956.4
610000 969.7
615000 988.4
620000 866.6
625000 973.1
630000 983.5
635000 972.6
640000 966.5
645000 86.4
650000 576.0
655000 551.6
660000 864.9
665000 879.0
670000 860.9
675000 977.4
680000 896.9
685000 887.3
690000 877.4
695000 873.7
700000 969.4
705000 882.1
710000 968.6
715000 975.9
720000 971.8
725000 916.8
730000 875.2
735000 883.2
740000 882.2
745000 969.8
750000 991.4
755000 977.4
760000 978.5
765000 779.4
770000 946.8
775000 779.2
780000 957.0
785000 968.5
790000 871.9
795000 880.8
800000 975.7
805000 151.2
810000 604.4
815000 743.1
820000 955.9
825000 969.9
830000 776.0
835000 969.3
840000 871.3
845000 971.6
850000 972.1
855000 977.3
860000 975.1
865000 878.9
870000 971.4
875000 972.9
880000 968.7
885000 978.8
890000 978.4
895000 970.2
900000 880.0
905000 976.0
910000 978.2
915000 974.1
920000 978.1
925000 977.5
930000 970.6
935000 978.9
940000 978.0
945000 982.7
950000 960.1
955000 970.9
960000 975.7
965000 54.3
970000 481.5
975000 765.3
980000 860.7
985000 780.6
990000 971.4
995000 869.3
1000000 960.8
1005000 976.4
1010000 978.7
1015000 965.7
1020000 882.2
1025000 967.7
1030000 868.9
1035000 969.8
1040000 967.5
1045000 963.4
1050000 978.7
1055000 780.5
1060000 968.3
1065000 879.8
1070000 983.6
1075000 679.6
1080000 980.1
1085000 878.5
1090000 934.4
1095000 778.3
1100000 870.9
1105000 882.3
1110000 977.1
1115000 985.0
1120000 976.5
1125000 105.4
1130000 397.8
1135000 320.6
1140000 874.9
1145000 873.0
1150000 688.2
1155000 879.0
1160000 974.0
1165000 972.0
1170000 784.7
1175000 874.1
1180000 880.8
1185000 972.0
1190000 875.6
1195000 877.2
1200000 972.3
1205000 777.1
1210000 872.5
1215000 980.8
1220000 976.0
1225000 876.2
1230000 979.2
1235000 968.2
1240000 870.6
1245000 985.2
1250000 977.5
1255000 988.3
1260000 969.1
1265000 979.9
1270000 977.3
1275000 970.6
1280000 875.9
1285000 30.2
1290000 535.1
1295000 878.7
1300000 831.3
1305000 873.4
1310000 771.4
1315000 979.5
1320000 875.3
1325000 983.4
1330000 965.8
1335000 873.8
1340000 975.2
1345000 872.1
1350000 880.4
1355000 983.3
1360000 978.5
1365000 984.2
1370000 983.6
1375000 875.3
1380000 874.8
1385000 957.9
1390000 983.2
1395000 986.5
1400000 875.0
1405000 973.2
1410000 971.6
1415000 978.7
1420000 889.8
1425000 978.2
1430000 972.9
1435000 887.5
1440000 876.7
1445000 66.4
1450000 343.5
1455000 387.5
1460000 702.3
1465000 878.5
1470000 979.7
1475000 954.2
1480000 770.8
1485000 873.5
1490000 792.7
1495000 777.6
1500000 863.9
1505000 876.6
1510000 779.7
1515000 969.3
1520000 972.7
1525000 978.9
1530000 973.3
1535000 977.1
1540000 877.9
1545000 871.6
1550000 976.4
1555000 962.1
1560000 975.7
1565000 970.4
1570000 878.6
1575000 979.3
1580000 976.0
1585000 872.6
1590000 981.5
1595000 972.8
1600000 979.9
1605000 152.8
1610000 234.7
1615000 323.2
1620000 685.2
1625000 487.8
1630000 563.2
1635000 973.4
1640000 965.6
1645000 971.7
1650000 974.8
1655000 874.1
1660000 872.8
1665000 986.0
1670000 970.4
1675000 971.4
1680000 975.4
1685000 973.8
1690000 976.7
1695000 975.5
1700000 973.3
1705000 974.8
1710000 976.0
1715000 881.2
1720000 978.1
1725000 879.2
1730000 880.0
1735000 983.2
1740000 985.0
1745000 971.7
1750000 964.1
1755000 882.7
1760000 961.0
1765000 9.1
1770000 299.7
1775000 784.7
1780000 633.6
1785000 589.6
1790000 970.3
1795000 966.3
1800000 977.7
1805000 982.4
1810000 981.1
1815000 787.7
1820000 980.8
1825000 980.1
1830000 979.4
1835000 979.3
1840000 975.3
1845000 972.6
1850000 987.5
1855000 873.0
1860000 877.2
1865000 975.9
1870000 973.7
1875000 968.0
1880000 893.2
1885000 962.6
1890000 872.3
1895000 867.1
1900000 961.7
1905000 977.3
1910000 979.6
1915000 927.0
1920000 981.9
1925000 968.2
1930000 870.9
1935000 890.3
1940000 977.5
1945000 884.0
1950000 976.3
1955000 965.6
1960000 979.4
1965000 978.0
1970000 969.9
1975000 982.0
1980000 968.9
1985000 977.4
1990000 977.1
1995000 987.2
2000000 979.9
