5000 4.3
10000 2.5
15000 0.1
20000 0.3
25000 14.1
30000 1.2
35000 6.5
40000 5.0
45000 5.6
50000 13.2
55000 2.8
60000 5.4
65000 0.0
70000 38.0
75000 8.4
80000 17.2
85000 26.6
90000 15.7
95000 8.4
100000 1.4
105000 5.0
110000 0.1
115000 0.1
120000 0.2
125000 13.8
130000 8.9
135000 3.4
140000 31.9
145000 3.7
150000 2.8
155000 0.3
160000 19.0
165000 9.4
170000 1.5
175000 2.2
180000 1.4
185000 4.8
190000 9.2
195000 0.7
200000 8.8
205000 7.9
210000 4.2
215000 4.4
220000 40.0
225000 3.7
230000 19.7
235000 2.5
240000 3.2
245000 15.5
250000 4.7
255000 0.0
260000 2.1
265000 2.2
270000 3.8
275000 7.4
280000 10.2
285000 11.4
290000 3.7
295000 28.5
300000 0.9
305000 25.6
310000 6.6
315000 4.7
320000 3.3
325000 7.4
330000 5.1
335000 12.0
340000 1.2
345000 8.0
350000 6.4
355000 7.2
360000 18.5
365000 9.6
370000 35.6
375000 17.4
380000 28.4
385000 0.2
390000 6.9
395000 28.6
400000 27.2
405000 29.3
410000 0.0
415000 4.7
420000 48.5
425000 0.1
430000 6.8
435000 25.2
440000 1.3
445000 5.0
450000 11.3
455000 5.8
460000 29.8
465000 7.5
470000 25.5
475000 12.7
480000 3.0
485000 78.0
490000 27.1
495000 5.8
500000 5.2
505000 10.7
510000 3.0
515000 19.8
520000 0.0
525000 25.7
530000 6.1
535000 32.9
540000 5.8
545000 10.7
550000 12.7
555000 0.3
560000 5.7
565000 21.1
570000 29.1
575000 2.7
580000 41.2
585000 11.3
590000 4.3
595000 8.0
600000 6.5
605000 6.0
610000 1.2
615000 29.1
620000 62.0
625000 43.6
630000 3.8
635000 0.4
640000 1.6
645000 1.3
650000 46.3
655000 0.1
660000 7.7
665000 0.9
670000 41.1
675000 8.8
680000 0.0
685000 0.0
690000 3.7
695000 84.0
700000 7.8
705000 26.9
710000 21.2
715000 19.1
720000 6.4
725000 12.8
730000 2.0
735000 35.8
740000 44.1
745000 0.0
750000 6.6
755000 10.2
760000 11.3
765000 0.5
770000 66.0
775000 1.6
780000 37.8
785000 0.0
790000 23.5
795000 6.9
800000 19.2
805000 45.5
810000 33.6
815000 48.8
820000 24.7
825000 2.3
830000 3.7
835000 45.7
840000 53.5
845000 0.7
850000 0.4
855000 0.2
860000 42.2
865000 48.3
870000 65.5
875000 30.5
880000 0.4
885000 0.3
890000 27.6
895000 42.0
900000 134.0
905000 1.0
910000 2.4
915000 16.2
920000 59.2
925000 5.0
930000 21.4
935000 8.7
940000 16.1
945000 27.6
950000 37.9
955000 8.9
960000 16.8
965000 8.3
970000 4.6
975000 46.6
980000 11.6
985000 49.7
990000 5.7
995000 11.0
1000000 11.9
