5000 1.0
10000 4.5
15000 8.4
20000 2.3
25000 5.9
30000 4.9
35000 1.2
40000 21.4
45000 2.6
50000 1.0
55000 11.1
60000 6.7
65000 3.6
70000 11.8
75000 7.2
80000 6.7
85000 10.1
90000 3.3
95000 3.6
100000 0.0
105000 4.2
110000 13.3
115000 14.5
120000 5.7
125000 0.4
130000 7.7
135000 2.9
140000 0.0
145000 22.8
150000 1.7
155000 4.9
160000 7.2
165000 11.6
170000 8.7
175000 4.4
180000 1.2
185000 12.8
190000 3.9
195000 10.7
200000 7.8
205000 26.4
210000 5.7
215000 4.8
220000 0.2
225000 0.4
230000 5.7
235000 20.2
240000 5.5
245000 25.9
250000 0.4
255000 9.8
260000 36.2
265000 0.1
270000 9.1
275000 3.5
280000 19.5
285000 9.9
290000 8.2
295000 0.2
300000 11.9
305000 6.4
310000 3.6
315000 0.5
320000 24.3
325000 11.6
330000 40.7
335000 0.2
340000 40.3
345000 5.8
350000 23.7
355000 8.3
360000 3.9
365000 9.8
370000 0.0
375000 18.0
380000 21.5
385000 10.9
390000 58.1
395000 0.7
400000 1.7
405000 6.7
410000 5.3
415000 0.6
420000 2.7
425000 3.2
430000 9.8
435000 1.2
440000 44.6
445000 21.7
450000 28.9
455000 5.3
460000 65.4
465000 14.7
470000 9.7
475000 54.2
480000 60.3
485000 0.1
490000 21.9
495000 0.5
500000 4.1
505000 10.9
510000 45.9
515000 17.8
520000 20.6
525000 45.4
530000 121.7
535000 17.9
540000 22.5
545000 65.4
550000 15.5
555000 17.4
560000 0.8
565000 16.4
570000 7.8
575000 0.0
580000 0.6
585000 12.8
590000 4.8
595000 2.3
600000 48.2
605000 7.0
610000 16.2
615000 6.8
620000 0.4
625000 13.0
630000 1.0
635000 3.0
640000 17.0
645000 0.0
650000 7.6
655000 11.3
660000 0.1
665000 49.8
670000 0.9
675000 3.9
680000 2.5
685000 48.3
690000 1.8
695000 50.6
700000 71.3
705000 4.2
710000 7.3
715000 5.2
720000 20.2
725000 13.4
730000 0.3
735000 15.8
740000 19.3
745000 22.5
750000 0.2
755000 53.5
760000 4.6
765000 33.8
770000 55.4
775000 41.0
780000 73.2
785000 50.4
790000 3.3
795000 0.8
800000 0.3
805000 39.4
810000 0.9
815000 3.2
820000 44.3
825000 0.8
830000 121.8
835000 57.2
840000 3.6
845000 59.4
850000 58.2
855000 21.1
860000 46.5
865000 6.1
870000 85.2
875000 10.1
880000 2.4
885000 58.4
890000 11.9
895000 2.1
900000 13.9
905000 109.8
910000 60.6
915000 59.0
920000 50.6
925000 51.9
930000 2.9
935000 4.4
940000 4.4
945000 6.4
950000 1.3
955000 84.8
960000 83.1
965000 5.9
970000 59.2
975000 32.9
980000 0.2
985000 0.1
990000 2.4
995000 16.4
1000000 0.4
