5000 2.4
10000 0.8
15000 0.5
20000 0.2
25000 2.3
30000 5.6
35000 0.2
40000 11.5
45000 0.7
50000 29.0
55000 32.2
60000 38.7
65000 28.0
70000 10.2
75000 54.4
80000 34.6
85000 53.4
90000 9.7
95000 45.3
100000 28.6
105000 5.7
110000 49.3
115000 59.5
120000 0.0
125000 50.3
130000 22.8
135000 29.3
140000 88.9
145000 11.2
150000 2.3
155000 23.9
160000 109.7
165000 50.5
170000 143.2
175000 5.0
180000 96.7
185000 15.9
190000 11.9
195000 35.9
200000 76.4
205000 2.7
210000 35.3
215000 60.8
220000 1.4
225000 133.9
230000 28.2
235000 54.0
240000 4.8
245000 53.9
250000 87.0
255000 92.5
260000 52.7
265000 45.1
270000 116.5
275000 100.0
280000 126.0
285000 102.1
290000 54.5
295000 143.0
300000 64.4
305000 58.2
310000 104.7
315000 144.3
320000 215.6
325000 130.9
330000 13.9
335000 49.2
340000 95.0
345000 90.0
350000 161.7
355000 7.0
360000 9.3
365000 194.7
370000 4.4
375000 172.3
380000 100.5
385000 8.5
390000 46.7
395000 67.2
400000 153.2
405000 56.4
410000 67.2
415000 149.6
420000 38.0
425000 43.7
430000 59.2
435000 55.5
440000 56.2
445000 42.8
450000 49.7
455000 178.3
460000 1.1
465000 1.6
470000 133.2
475000 112.3
480000 149.6
485000 0.2
490000 3.4
495000 99.6
500000 163.6
505000 74.3
510000 5.1
515000 102.6
520000 56.6
525000 213.1
530000 9.4
535000 41.4
540000 114.5
545000 111.8
550000 44.6
555000 118.2
560000 85.6
565000 158.2
570000 40.9
575000 45.4
580000 50.3
585000 159.4
590000 51.5
595000 45.9
600000 61.2
605000 40.3
610000 117.7
615000 150.5
620000 164.4
625000 0.7
630000 106.1
635000 0.5
640000 52.7
645000 115.6
650000 62.5
655000 59.6
660000 32.0
665000 141.1
670000 103.0
675000 97.1
680000 91.4
685000 5.4
690000 13.2
695000 59.7
700000 56.0
705000 3.9
710000 113.7
715000 169.2
720000 81.9
725000 138.6
730000 3.9
735000 158.0
740000 188.2
745000 97.2
750000 47.4
755000 98.5
760000 83.1
765000 0.3
770000 42.6
775000 46.7
780000 0.2
785000 55.6
790000 59.2
795000 63.9
800000 3.5
805000 209.9
810000 98.1
815000 206.0
820000 0.0
825000 8.6
830000 56.5
835000 54.6
840000 0.1
845000 149.9
850000 94.0
855000 42.8
860000 59.8
865000 164.9
870000 153.9
875000 312.2
880000 145.3
885000 172.3
890000 97.2
895000 7.8
900000 108.8
905000 159.4
910000 160.3
915000 225.3
920000 87.1
925000 206.5
930000 19.4
935000 64.4
940000 239.5
945000 129.2
950000 80.8
955000 116.9
960000 62.8
965000 186.7
970000 3.2
975000 209.7
980000 4.2
985000 5.9
990000 111.9
995000 71.2
1000000 81.4
