5000 19.8
10000 9.7
15000 0.9
20000 0.2
25000 3.4
30000 5.7
35000 18.1
40000 23.4
45000 3.1
50000 22.4
55000 10.1
60000 2.3
65000 19.5
70000 25.1
75000 19.4
80000 27.0
85000 29.6
90000 11.6
95000 30.4
100000 42.4
105000 24.4
110000 13.5
115000 3.1
120000 12.7
125000 16.5
130000 23.5
135000 47.0
140000 15.5
145000 51.0
150000 43.6
155000 37.9
160000 14.6
165000 6.0
170000 0.9
175000 1.3
180000 15.5
185000 9.9
190000 3.2
195000 6.3
200000 1.2
205000 0.1
210000 22.2
215000 30.5
220000 42.9
225000 22.5
230000 51.1
235000 0.4
240000 1.1
245000 43.0
250000 15.3
255000 5.5
260000 26.3
265000 95.8
270000 61.7
275000 2.1
280000 5.3
285000 128.0
290000 1.1
295000 82.0
300000 0.9
305000 60.6
310000 54.9
315000 27.5
320000 0.8
325000 0.0
330000 46.8
335000 49.3
340000 0.4
345000 62.4
350000 0.2
355000 39.8
360000 0.0
365000 0.2
370000 0.0
375000 7.8
380000 0.0
385000 57.7
390000 107.6
395000 194.5
400000 0.2
405000 106.9
410000 94.4
415000 110.0
420000 34.4
425000 39.8
430000 89.8
435000 27.7
440000 0.5
445000 1.1
450000 57.8
455000 0.5
460000 81.0
465000 4.8
470000 0.5
475000 39.9
480000 98.8
485000 5.8
490000 0.4
495000 42.3
500000 2.1
505000 56.5
510000 32.3
515000 108.8
520000 6.2
525000 0.0
530000 52.0
535000 0.2
540000 0.1
545000 95.2
550000 57.6
555000 7.6
560000 0.0
565000 97.2
570000 83.4
575000 0.1
580000 0.2
585000 0.1
590000 100.3
595000 51.0
600000 94.3
605000 5.4
610000 64.4
615000 149.7
620000 0.0
625000 96.2
630000 0.1
635000 0.3
640000 96.6
645000 103.6
650000 3.5
655000 110.9
660000 94.6
665000 53.3
670000 0.0
675000 179.7
680000 42.6
685000 0.1
690000 122.3
695000 0.1
700000 75.8
705000 0.8
710000 59.4
715000 60.4
720000 0.0
725000 51.7
730000 0.1
735000 51.2
740000 68.1
745000 39.6
750000 54.3
755000 143.9
760000 0.0
765000 101.8
770000 1.7
775000 58.6
780000 125.6
785000 1.2
790000 107.9
795000 0.5
800000 0.4
805000 152.1
810000 2.6
815000 0.1
820000 4.6
825000 8.0
830000 190.9
835000 0.0
840000 1.0
845000 97.5
850000 1.9
855000 64.0
860000 0.3
865000 165.0
870000 71.6
875000 3.6
880000 1.5
885000 3.6
890000 57.8
895000 113.9
900000 0.1
905000 59.1
910000 100.8
915000 0.2
920000 217.5
925000 152.3
930000 1.1
935000 2.8
940000 102.4
945000 121.9
950000 0.1
955000 167.2
960000 57.9
965000 67.5
970000 148.5
975000 61.7
980000 103.7
985000 154.2
990000 0.5
995000 63.2
1000000 130.2
