5000 0.5
10000 3.1
15000 0.0
20000 2.7
25000 0.1
30000 1.5
35000 0.4
40000 0.4
45000 10.3
50000 10.2
55000 4.0
60000 2.8
65000 1.6
70000 6.7
75000 2.1
80000 2.1
85000 3.9
90000 1.6
95000 3.5
100000 7.0
105000 12.5
110000 10.0
115000 0.1
120000 7.4
125000 7.0
130000 8.7
135000 0.7
140000 1.5
145000 7.4
150000 2.9
155000 2.2
160000 16.6
165000 3.4
170000 0.9
175000 4.4
180000 2.8
185000 1.0
190000 6.4
195000 1.8
200000 1.4
205000 11.1
210000 8.3
215000 8.7
220000 8.5
225000 0.0
230000 1.8
235000 11.1
240000 0.2
245000 3.8
250000 4.2
255000 7.6
260000 2.7
265000 0.0
270000 0.2
275000 5.9
280000 1.8
285000 0.9
290000 0.5
295000 0.0
300000 5.2
305000 5.4
310000 0.4
315000 0.3
320000 1.3
325000 4.3
330000 0.5
335000 2.3
340000 1.8
345000 0.5
350000 4.7
355000 1.7
360000 10.0
365000 15.5
370000 0.0
375000 3.9
380000 4.8
385000 3.7
390000 5.7
395000 3.0
400000 5.2
405000 6.8
410000 7.7
415000 0.6
420000 2.8
425000 14.1
430000 6.7
435000 3.9
440000 0.0
445000 11.7
450000 0.0
455000 0.8
460000 5.4
465000 0.0
470000 7.9
475000 3.1
480000 5.6
485000 7.9
490000 5.4
495000 0.3
500000 1.4
505000 17.6
510000 3.8
515000 7.4
520000 3.4
525000 1.2
530000 2.5
535000 13.0
540000 3.1
545000 0.6
550000 0.0
555000 0.6
560000 0.1
565000 0.2
570000 4.9
575000 12.3
580000 15.3
585000 0.6
590000 7.1
595000 9.2
600000 12.3
605000 4.5
610000 4.0
615000 0.2
620000 8.2
625000 0.5
630000 3.4
635000 9.7
640000 0.1
645000 0.0
650000 0.0
655000 1.2
660000 12.1
665000 7.0
670000 9.9
675000 0.8
680000 0.3
685000 1.8
690000 2.7
695000 12.1
700000 4.1
705000 0.9
710000 6.6
715000 1.4
720000 3.9
725000 0.0
730000 0.4
735000 10.1
740000 0.0
745000 2.2
750000 7.6
755000 7.8
760000 7.5
765000 0.4
770000 0.8
775000 5.1
780000 1.3
785000 7.3
790000 12.7
795000 3.3
800000 5.6
805000 0.7
810000 0.7
815000 8.3
820000 1.9
825000 13.8
830000 1.3
835000 2.3
840000 0.1
845000 1.8
850000 2.4
855000 4.2
860000 3.0
865000 1.5
870000 2.0
875000 3.5
880000 6.1
885000 0.2
890000 0.1
895000 2.3
900000 2.9
905000 0.3
910000 2.9
915000 1.8
920000 8.0
925000 3.7
930000 1.6
935000 9.8
940000 0.2
945000 7.5
950000 1.7
955000 1.7
960000 12.3
965000 12.6
970000 5.5
975000 13.8
980000 4.0
985000 8.7
990000 2.3
995000 1.3
1000000 11.7
