5000 23.3
10000 13.8
15000 1.7
20000 2.6
25000 1.9
30000 5.2
35000 3.5
40000 0.2
45000 7.1
50000 0.9
55000 9.3
60000 14.0
65000 8.7
70000 3.5
75000 0.4
80000 1.8
85000 3.4
90000 0.2
95000 0.2
100000 0.1
105000 0.8
110000 9.8
115000 4.9
120000 2.5
125000 2.5
130000 2.7
135000 11.1
140000 0.3
145000 4.8
150000 2.2
155000 0.0
160000 0.0
165000 0.0
170000 0.2
175000 4.6
180000 1.0
185000 5.3
190000 0.5
195000 10.1
200000 5.3
205000 4.2
210000 0.0
215000 25.2
220000 21.5
225000 2.3
230000 8.3
235000 5.1
240000 24.3
245000 1.5
250000 4.1
255000 10.5
260000 12.5
265000 1.8
270000 2.0
275000 5.2
280000 2.3
285000 12.6
290000 20.1
295000 1.2
300000 41.4
305000 7.5
310000 0.5
315000 0.4
320000 1.8
325000 0.1
330000 2.9
335000 4.9
340000 16.3
345000 3.7
350000 0.4
355000 3.7
360000 6.9
365000 3.3
370000 24.7
375000 0.0
380000 6.4
385000 1.0
390000 2.2
395000 0.1
400000 37.1
405000 0.0
410000 21.5
415000 0.0
420000 0.8
425000 2.7
430000 4.8
435000 10.8
440000 3.8
445000 15.4
450000 3.6
455000 9.6
460000 9.4
465000 0.8
470000 7.4
475000 5.8
480000 5.6
485000 32.9
490000 15.8
495000 2.8
500000 37.7
505000 1.3
510000 16.8
515000 39.4
520000 19.9
525000 3.9
530000 19.4
535000 2.9
540000 1.4
545000 2.5
550000 3.4
555000 26.4
560000 8.1
565000 13.7
570000 0.9
575000 5.0
580000 36.9
585000 11.7
590000 0.1
595000 15.4
600000 1.1
605000 0.0
610000 6.3
615000 3.8
620000 0.8
625000 7.6
630000 0.6
635000 0.0
640000 3.2
645000 22.2
650000 26.9
655000 12.6
660000 61.7
665000 38.6
670000 14.5
675000 42.0
680000 0.0
685000 5.2
690000 6.8
695000 0.8
700000 0.9
705000 6.4
710000 1.1
715000 0.0
720000 0.9
725000 4.4
730000 19.1
735000 0.0
740000 0.2
745000 0.1
750000 0.6
755000 9.6
760000 1.5
765000 1.5
770000 0.5
775000 4.0
780000 38.8
785000 2.3
790000 2.1
795000 2.4
800000 41.5
805000 34.9
810000 21.1
815000 46.4
820000 0.8
825000 49.2
830000 40.6
835000 1.4
840000 41.1
845000 3.3
850000 43.8
855000 49.5
860000 3.6
865000 38.1
870000 1.0
875000 39.3
880000 68.7
885000 12.2
890000 13.9
895000 54.9
900000 15.1
905000 8.6
910000 10.2
915000 39.6
920000 0.0
925000 3.1
930000 40.5
935000 2.6
940000 20.5
945000 2.4
950000 10.1
955000 39.8
960000 11.5
965000 60.3
970000 5.4
975000 5.3
980000 2.6
985000 63.4
990000 9.2
995000 47.0
1000000 41.7
