5000 4.1
10000 7.1
15000 0.5
20000 1.6
25000 4.8
30000 2.1
35000 0.8
40000 1.5
45000 4.3
50000 8.4
55000 1.4
60000 5.1
65000 2.2
70000 7.4
75000 2.2
80000 13.2
85000 0.5
90000 0.3
95000 6.5
100000 6.2
105000 10.1
110000 0.1
115000 0.1
120000 10.7
125000 0.2
130000 1.6
135000 4.8
140000 0.0
145000 2.4
150000 0.7
155000 40.8
160000 0.4
165000 2.6
170000 3.1
175000 18.1
180000 8.0
185000 0.1
190000 0.0
195000 23.2
200000 41.1
205000 0.5
210000 7.9
215000 2.8
220000 43.9
225000 7.0
230000 0.0
235000 34.4
240000 0.1
245000 1.5
250000 39.5
255000 0.5
260000 3.6
265000 2.2
270000 0.3
275000 3.8
280000 0.3
285000 4.8
290000 3.2
295000 9.2
300000 0.2
305000 4.5
310000 2.6
315000 5.8
320000 7.1
325000 0.5
330000 0.0
335000 15.7
340000 0.4
345000 1.1
350000 7.6
355000 0.8
360000 3.1
365000 12.5
370000 0.9
375000 2.7
380000 16.1
385000 7.2
390000 2.7
395000 14.5
400000 10.3
405000 0.1
410000 37.8
415000 13.0
420000 0.7
425000 0.5
430000 0.8
435000 12.3
440000 13.2
445000 2.1
450000 0.0
455000 3.3
460000 3.4
465000 0.0
470000 2.5
475000 0.2
480000 0.5
485000 1.3
490000 0.0
495000 9.2
500000 1.3
505000 34.1
510000 2.2
515000 2.4
520000 0.4
525000 6.1
530000 9.5
535000 0.0
540000 38.3
545000 8.5
550000 0.1
555000 4.8
560000 21.0
565000 2.3
570000 11.5
575000 11.7
580000 3.4
585000 39.7
590000 9.0
595000 19.1
600000 34.0
605000 2.1
610000 73.5
615000 36.7
620000 0.1
625000 1.9
630000 41.3
635000 8.6
640000 0.0
645000 3.0
650000 14.1
655000 5.0
660000 1.1
665000 5.5
670000 0.1
675000 8.3
680000 20.3
685000 6.2
690000 34.1
695000 10.6
700000 18.4
705000 4.6
710000 10.1
715000 0.0
720000 16.1
725000 0.3
730000 5.4
735000 42.2
740000 42.7
745000 19.7
750000 3.0
755000 4.4
760000 43.9
765000 18.5
770000 33.8
775000 46.2
780000 11.7
785000 9.1
790000 2.1
795000 2.2
800000 42.7
805000 8.8
810000 2.0
815000 4.1
820000 4.3
825000 45.5
830000 24.6
835000 10.5
840000 5.6
845000 65.9
850000 5.0
855000 0.4
860000 10.2
865000 3.0
870000 17.3
875000 52.1
880000 4.3
885000 35.6
890000 6.3
895000 0.0
900000 3.4
905000 9.0
910000 40.2
915000 0.2
920000 15.5
925000 2.8
930000 0.1
935000 1.4
940000 1.6
945000 4.5
950000 5.8
955000 19.9
960000 5.5
965000 0.9
970000 0.0
975000 4.0
980000 0.1
985000 57.2
990000 17.1
995000 79.4
1000000 0.1
