5000 9.3
10000 1.6
15000 0.6
20000 3.9
25000 2.9
30000 4.1
35000 14.0
40000 10.2
45000 0.0
50000 29.2
55000 9.2
60000 32.1
65000 11.7
70000 6.3
75000 7.4
80000 11.7
85000 10.6
90000 7.2
95000 8.5
100000 0.3
105000 13.5
110000 70.7
115000 8.5
120000 35.9
125000 13.9
130000 16.2
135000 27.1
140000 10.2
145000 3.4
150000 8.7
155000 9.3
160000 7.2
165000 7.6
170000 0.8
175000 26.1
180000 34.1
185000 52.8
190000 0.0
195000 33.3
200000 3.8
205000 2.9
210000 2.7
215000 9.2
220000 19.9
225000 1.9
230000 3.8
235000 0.0
240000 0.6
245000 30.1
250000 51.4
255000 0.0
260000 0.8
265000 23.2
270000 2.4
275000 7.3
280000 13.0
285000 59.6
290000 71.4
295000 17.5
300000 13.3
305000 15.1
310000 0.6
315000 2.2
320000 0.0
325000 19.1
330000 6.8
335000 2.0
340000 47.3
345000 4.7
350000 31.2
355000 35.6
360000 42.4
365000 71.4
370000 3.6
375000 73.3
380000 7.5
385000 40.7
390000 9.7
395000 10.4
400000 5.2
405000 79.1
410000 12.8
415000 27.2
420000 84.8
425000 50.7
430000 73.3
435000 0.6
440000 33.2
445000 62.4
450000 75.2
455000 1.3
460000 2.4
465000 78.0
470000 7.7
475000 33.2
480000 35.3
485000 1.6
490000 30.0
495000 18.1
500000 26.9
505000 0.0
510000 38.8
515000 16.7
520000 15.7
525000 36.2
530000 8.4
535000 92.3
540000 3.5
545000 74.0
550000 31.0
555000 71.9
560000 0.0
565000 1.8
570000 0.0
575000 85.9
580000 29.1
585000 38.3
590000 37.2
595000 0.6
600000 69.9
605000 34.4
610000 83.9
615000 37.0
620000 29.8
625000 68.5
630000 1.0
635000 1.1
640000 32.0
645000 3.0
650000 30.5
655000 76.7
660000 78.9
665000 53.6
670000 53.7
675000 3.0
680000 36.2
685000 5.4
690000 0.0
695000 40.6
700000 62.7
705000 78.4
710000 81.5
715000 31.3
720000 39.5
725000 84.9
730000 8.9
735000 99.9
740000 46.5
745000 23.6
750000 3.4
755000 61.9
760000 131.0
765000 80.8
770000 26.4
775000 44.9
780000 61.0
785000 78.7
790000 73.0
795000 13.5
800000 0.0
805000 0.9
810000 96.2
815000 75.9
820000 44.6
825000 84.3
830000 115.6
835000 123.6
840000 8.7
845000 0.0
850000 6.9
855000 78.1
860000 31.1
865000 0.0
870000 23.0
875000 0.0
880000 60.0
885000 20.3
890000 7.3
895000 38.0
900000 20.6
905000 80.0
910000 6.4
915000 80.3
920000 139.5
925000 23.1
930000 23.8
935000 46.7
940000 1.3
945000 17.2
950000 24.7
955000 31.3
960000 44.2
965000 0.2
970000 30.9
975000 101.9
980000 56.1
985000 67.3
990000 82.3
995000 105.8
1000000 99.6
