5000 4.4
10000 6.6
15000 1.0
20000 0.7
25000 5.7
30000 0.9
35000 2.8
40000 14.6
45000 5.5
50000 1.3
55000 4.7
60000 4.5
65000 1.2
70000 3.1
75000 10.8
80000 8.8
85000 1.4
90000 4.3
95000 0.0
100000 12.2
105000 3.2
110000 1.6
115000 1.5
120000 2.7
125000 6.4
130000 38.7
135000 6.7
140000 10.1
145000 0.2
150000 21.0
155000 2.7
160000 18.8
165000 24.1
170000 2.8
175000 0.0
180000 3.9
185000 0.7
190000 15.7
195000 11.9
200000 10.3
205000 14.9
210000 42.7
215000 7.2
220000 2.5
225000 7.4
230000 2.8
235000 0.0
240000 32.2
245000 34.8
250000 3.8
255000 26.7
260000 16.6
265000 0.0
270000 29.3
275000 0.4
280000 7.5
285000 6.6
290000 1.1
295000 0.0
300000 52.9
305000 1.0
310000 46.4
315000 25.7
320000 3.0
325000 38.9
330000 3.9
335000 32.0
340000 36.3
345000 0.3
350000 24.9
355000 34.3
360000 153.2
365000 47.9
370000 52.1
375000 4.8
380000 80.1
385000 161.8
390000 91.7
395000 45.9
400000 152.3
405000 48.8
410000 0.4
415000 45.6
420000 54.6
425000 0.2
430000 44.2
435000 94.7
440000 0.1
445000 102.7
450000 53.2
455000 50.5
460000 49.7
465000 47.1
470000 0.1
475000 48.3
480000 57.0
485000 0.1
490000 56.0
495000 147.3
500000 146.7
505000 54.1
510000 99.9
515000 52.2
520000 58.4
525000 0.4
530000 2.9
535000 0.4
540000 65.3
545000 55.5
550000 0.1
555000 3.0
560000 114.7
565000 5.9
570000 58.3
575000 2.9
580000 0.1
585000 1.8
590000 66.9
595000 58.8
600000 119.8
605000 119.2
610000 0.0
615000 44.8
620000 57.6
625000 0.1
630000 99.1
635000 116.7
640000 78.5
645000 100.2
650000 56.7
655000 36.7
660000 59.6
665000 60.8
670000 127.1
675000 0.4
680000 2.5
685000 70.7
690000 64.9
695000 58.7
700000 133.6
705000 166.5
710000 102.1
715000 112.0
720000 58.4
725000 73.2
730000 1.1
735000 62.3
740000 66.3
745000 57.2
750000 129.4
755000 0.0
760000 63.8
765000 61.0
770000 62.4
775000 98.2
780000 57.9
785000 53.0
790000 45.7
795000 60.4
800000 126.0
805000 61.0
810000 0.4
815000 0.1
820000 9.0
825000 109.1
830000 239.9
835000 53.1
840000 1.2
845000 56.1
850000 109.3
855000 118.7
860000 0.0
865000 57.8
870000 187.8
875000 0.0
880000 108.3
885000 0.3
890000 108.3
895000 71.2
900000 51.8
905000 56.8
910000 0.0
915000 43.9
920000 52.6
925000 199.2
930000 0.2
935000 0.1
940000 128.7
945000 63.2
950000 116.5
955000 117.4
960000 106.7
965000 114.8
970000 125.3
975000 161.7
980000 59.6
985000 68.5
990000 105.4
995000 64.6
1000000 54.3
