5000 2.9
10000 10.7
15000 0.3
20000 0.2
25000 2.4
30000 1.2
35000 0.3
40000 5.8
45000 0.5
50000 1.9
55000 7.4
60000 0.7
65000 3.0
70000 4.4
75000 3.3
80000 0.4
85000 9.7
90000 0.6
95000 0.3
100000 1.3
105000 8.8
110000 11.2
115000 2.0
120000 3.3
125000 0.9
130000 22.6
135000 31.5
140000 4.9
145000 35.3
150000 4.2
155000 5.2
160000 20.2
165000 1.9
170000 5.8
175000 3.5
180000 1.6
185000 2.4
190000 3.7
195000 1.0
200000 2.7
205000 0.8
210000 6.0
215000 0.1
220000 1.3
225000 7.2
230000 11.7
235000 21.8
240000 3.6
245000 8.1
250000 6.5
255000 18.2
260000 17.0
265000 2.1
270000 0.0
275000 0.6
280000 40.0
285000 11.5
290000 0.0
295000 17.2
300000 4.4
305000 2.2
310000 0.2
315000 0.2
320000 5.1
325000 1.6
330000 8.5
335000 6.8
340000 0.9
345000 3.5
350000 2.9
355000 0.0
360000 0.1
365000 1.9
370000 5.6
375000 3.9
380000 0.3
385000 15.1
390000 0.5
395000 19.5
400000 31.3
405000 13.2
410000 14.5
415000 1.7
420000 10.2
425000 3.7
430000 7.8
435000 1.7
440000 19.6
445000 6.2
450000 0.0
455000 3.8
460000 18.4
465000 4.5
470000 45.1
475000 1.3
480000 1.8
485000 3.2
490000 0.5
495000 0.2
500000 2.1
505000 0.0
510000 8.2
515000 2.2
520000 1.6
525000 6.0
530000 6.3
535000 0.2
540000 0.3
545000 15.7
550000 0.3
555000 1.3
560000 5.0
565000 0.3
570000 2.8
575000 4.5
580000 4.0
585000 7.2
590000 2.5
595000 1.4
600000 2.0
605000 20.5
610000 8.3
615000 0.0
620000 0.9
625000 1.7
630000 10.7
635000 11.0
640000 1.8
645000 1.8
650000 3.2
655000 0.2
660000 5.8
665000 1.5
670000 0.5
675000 0.1
680000 0.0
685000 0.0
690000 38.9
695000 4.8
700000 0.0
705000 0.8
710000 2.1
715000 6.1
720000 0.2
725000 0.4
730000 0.4
735000 28.8
740000 1.4
745000 1.6
750000 2.3
755000 0.2
760000 2.9
765000 4.3
770000 4.0
775000 1.6
780000 18.2
785000 0.2
790000 12.3
795000 14.0
800000 0.1
805000 48.2
810000 1.2
815000 0.0
820000 21.0
825000 7.8
830000 0.1
835000 7.1
840000 0.3
845000 6.0
850000 8.1
855000 5.5
860000 6.1
865000 4.1
870000 7.7
875000 7.6
880000 0.7
885000 2.8
890000 0.9
895000 32.3
900000 5.7
905000 0.2
910000 0.8
915000 37.2
920000 1.2
925000 10.2
930000 0.6
935000 14.1
940000 1.0
945000 1.0
950000 0.4
955000 2.6
960000 6.7
965000 1.4
970000 3.6
975000 4.7
980000 2.9
985000 0.2
990000 1.5
995000 2.7
1000000 3.0
