5000 28.9
10000 7.1
15000 2.5
20000 1.1
25000 4.3
30000 0.1
35000 4.4
40000 0.7
45000 8.8
50000 2.5
55000 9.9
60000 2.2
65000 21.7
70000 0.3
75000 14.1
80000 0.6
85000 13.9
90000 34.0
95000 20.7
100000 0.2
105000 9.7
110000 35.4
115000 0.0
120000 33.0
125000 58.6
130000 8.9
135000 34.0
140000 5.7
145000 11.2
150000 18.8
155000 20.6
160000 3.8
165000 10.9
170000 27.6
175000 2.9
180000 41.5
185000 4.9
190000 20.5
195000 42.5
200000 38.3
205000 3.1
210000 0.1
215000 76.1
220000 35.6
225000 33.8
230000 7.5
235000 0.1
240000 1.1
245000 15.9
250000 25.0
255000 62.6
260000 1.1
265000 20.2
270000 11.9
275000 59.9
280000 62.7
285000 49.8
290000 105.6
295000 44.1
300000 0.1
305000 0.0
310000 10.8
315000 0.0
320000 68.4
325000 35.8
330000 23.1
335000 39.1
340000 1.5
345000 43.9
350000 1.5
355000 28.6
360000 57.3
365000 22.3
370000 4.0
375000 23.7
380000 123.3
385000 54.3
390000 52.2
395000 0.2
400000 17.6
405000 0.8
410000 0.2
415000 0.5
420000 9.4
425000 0.3
430000 80.4
435000 18.4
440000 17.0
445000 97.6
450000 39.3
455000 12.2
460000 20.1
465000 20.6
470000 45.1
475000 130.3
480000 35.6
485000 57.1
490000 32.0
495000 36.6
500000 41.2
505000 69.1
510000 40.0
515000 4.7
520000 36.6
525000 35.4
530000 119.7
535000 2.3
540000 12.7
545000 1.6
550000 0.0
555000 65.8
560000 112.4
565000 81.5
570000 35.3
575000 40.9
580000 171.9
585000 4.9
590000 46.8
595000 81.3
600000 119.2
605000 74.0
610000 10.2
615000 67.3
620000 74.0
625000 38.8
630000 1.6
635000 33.4
640000 120.6
645000 118.1
650000 93.0
655000 29.1
660000 51.4
665000 0.2
670000 78.1
675000 0.1
680000 124.7
685000 79.8
690000 39.3
695000 141.3
700000 71.0
705000 86.9
710000 41.0
715000 71.5
720000 75.4
725000 75.5
730000 44.1
735000 40.6
740000 35.6
745000 126.9
750000 80.8
755000 92.8
760000 119.6
765000 79.3
770000 68.0
775000 0.0
780000 44.5
785000 116.0
790000 142.6
795000 87.8
800000 64.5
805000 0.0
810000 100.0
815000 88.5
820000 154.3
825000 85.5
830000 53.6
835000 4.2
840000 89.8
845000 0.0
850000 0.5
855000 171.2
860000 164.2
865000 32.5
870000 42.6
875000 0.1
880000 84.6
885000 73.9
890000 48.5
895000 92.7
900000 6.5
905000 83.1
910000 111.1
915000 115.5
920000 1.4
925000 44.2
930000 165.4
935000 47.2
940000 115.0
945000 0.0
950000 76.3
955000 95.2
960000 150.7
965000 40.4
970000 46.0
975000 41.2
980000 41.7
985000 85.0
990000 36.3
995000 83.5
1000000 73.7
