5000 0.1
10000 3.2
15000 0.5
20000 2.1
25000 3.3
30000 2.0
35000 3.2
40000 0.2
45000 3.4
50000 12.9
55000 0.8
60000 1.0
65000 4.2
70000 4.8
75000 0.1
80000 1.1
85000 9.1
90000 3.2
95000 8.9
100000 2.5
105000 5.6
110000 1.8
115000 2.5
120000 11.4
125000 2.8
130000 1.0
135000 3.2
140000 0.1
145000 2.9
150000 0.5
155000 0.4
160000 2.0
165000 1.4
170000 2.3
175000 2.6
180000 16.3
185000 39.5
190000 12.3
195000 6.9
200000 0.1
205000 3.4
210000 0.8
215000 6.1
220000 0.4
225000 4.6
230000 8.2
235000 15.7
240000 6.7
245000 4.2
250000 0.7
255000 4.4
260000 23.6
265000 0.8
270000 0.1
275000 3.6
280000 1.4
285000 1.2
290000 7.1
295000 3.5
300000 2.8
305000 8.1
310000 6.3
315000 14.3
320000 40.9
325000 2.8
330000 0.5
335000 12.3
340000 7.9
345000 1.8
350000 13.1
355000 3.4
360000 4.5
365000 0.2
370000 14.6
375000 6.2
380000 4.6
385000 4.5
390000 2.8
395000 53.0
400000 39.0
405000 1.1
410000 5.4
415000 5.3
420000 1.2
425000 2.0
430000 4.4
435000 32.2
440000 1.8
445000 34.6
450000 1.9
455000 0.8
460000 0.1
465000 0.6
470000 0.0
475000 4.2
480000 8.7
485000 1.9
490000 0.2
495000 2.7
500000 0.5
505000 28.4
510000 8.3
515000 10.1
520000 3.7
525000 1.0
530000 20.3
535000 1.8
540000 15.6
545000 1.0
550000 5.6
555000 55.8
560000 0.3
565000 0.1
570000 37.2
575000 50.3
580000 0.3
585000 1.8
590000 2.9
595000 3.7
600000 1.4
605000 0.7
610000 0.2
615000 4.9
620000 4.0
625000 3.9
630000 1.4
635000 20.5
640000 0.0
645000 21.4
650000 5.4
655000 0.3
660000 7.7
665000 7.7
670000 4.2
675000 0.2
680000 6.1
685000 1.0
690000 6.0
695000 12.8
700000 1.5
705000 1.4
710000 4.0
715000 4.3
720000 4.5
725000 73.6
730000 42.7
735000 5.5
740000 12.9
745000 40.3
750000 4.5
755000 8.4
760000 3.5
765000 0.0
770000 4.4
775000 42.9
780000 33.6
785000 47.0
790000 44.6
795000 4.6
800000 14.5
805000 38.7
810000 19.3
815000 6.0
820000 1.8
825000 3.3
830000 0.1
835000 9.5
840000 54.5
845000 3.8
850000 7.3
855000 6.7
860000 1.8
865000 35.7
870000 1.5
875000 23.3
880000 5.0
885000 9.8
890000 5.3
895000 10.2
900000 6.2
905000 1.3
910000 0.0
915000 4.7
920000 2.1
925000 45.7
930000 37.7
935000 9.1
940000 0.3
945000 50.2
950000 30.5
955000 1.1
960000 0.0
965000 0.0
970000 1.6
975000 2.1
980000 44.3
985000 1.2
990000 41.2
995000 1.8
1000000 0.9
