5000 17.8
10000 3.5
15000 3.4
20000 1.8
25000 1.2
30000 10.5
35000 19.6
40000 10.5
45000 12.2
50000 10.9
55000 6.4
60000 25.7
65000 23.8
70000 5.7
75000 11.1
80000 24.2
85000 7.1
90000 72.6
95000 24.7
100000 11.4
105000 0.9
110000 6.2
115000 8.5
120000 19.5
125000 56.4
130000 8.1
135000 8.9
140000 0.7
145000 44.9
150000 23.7
155000 14.5
160000 17.5
165000 11.9
170000 55.0
175000 73.1
180000 28.2
185000 2.9
190000 43.6
195000 55.9
200000 8.7
205000 10.4
210000 38.0
215000 37.7
220000 60.0
225000 39.4
230000 66.1
235000 19.0
240000 26.4
245000 36.0
250000 66.5
255000 67.5
260000 91.9
265000 49.8
270000 0.0
275000 96.4
280000 0.0
285000 66.5
290000 7.3
295000 118.2
300000 118.2
305000 55.2
310000 131.8
315000 112.6
320000 52.1
325000 77.5
330000 2.1
335000 46.1
340000 177.1
345000 77.6
350000 74.1
355000 120.0
360000 83.4
365000 45.7
370000 117.1
375000 88.8
380000 165.9
385000 0.0
390000 1.1
395000 0.0
400000 47.8
405000 37.0
410000 41.3
415000 170.1
420000 162.3
425000 90.3
430000 115.2
435000 179.2
440000 134.0
445000 38.9
450000 45.8
455000 92.4
460000 205.8
465000 100.4
470000 145.9
475000 90.3
480000 98.6
485000 1.5
490000 69.2
495000 149.5
500000 171.6
505000 94.3
510000 125.6
515000 120.6
520000 190.6
525000 134.0
530000 41.6
535000 105.4
540000 137.4
545000 8.7
550000 184.0
555000 41.6
560000 63.1
565000 110.2
570000 85.2
575000 236.0
580000 253.6
585000 102.9
590000 108.4
595000 104.5
600000 162.5
605000 197.5
610000 151.1
615000 55.7
620000 159.7
625000 59.1
630000 187.8
635000 174.7
640000 159.4
645000 201.9
650000 155.8
655000 97.5
660000 58.9
665000 53.9
670000 46.0
675000 99.7
680000 201.1
685000 216.7
690000 118.6
695000 50.5
700000 160.5
705000 96.2
710000 29.7
715000 101.9
720000 110.8
725000 211.1
730000 41.8
735000 56.6
740000 87.0
745000 208.9
750000 2.9
755000 44.2
760000 114.7
765000 52.4
770000 49.8
775000 118.3
780000 267.6
785000 95.9
790000 81.3
795000 263.7
800000 105.7
805000 159.4
810000 104.0
815000 116.2
820000 215.1
825000 0.0
830000 100.9
835000 141.9
840000 148.4
845000 100.0
850000 55.9
855000 106.4
860000 195.5
865000 208.5
870000 154.9
875000 106.6
880000 156.9
885000 121.9
890000 52.7
895000 107.2
900000 135.4
905000 161.0
910000 169.2
915000 119.6
920000 51.6
925000 102.1
930000 155.9
935000 175.4
940000 164.7
945000 0.1
950000 193.6
955000 101.9
960000 210.0
965000 167.9
970000 0.1
975000 235.9
980000 200.3
985000 190.8
990000 114.0
995000 121.5
1000000 46.1
