5000 5.1
10000 7.5
15000 0.2
20000 0.3
25000 0.3
30000 1.4
35000 9.7
40000 8.2
45000 10.6
50000 1.2
55000 0.3
60000 5.8
65000 1.0
70000 4.4
75000 0.8
80000 4.8
85000 6.7
90000 7.3
95000 0.3
100000 2.3
105000 0.1
110000 8.2
115000 7.8
120000 0.6
125000 8.2
130000 0.8
135000 1.1
140000 10.8
145000 18.7
150000 4.8
155000 9.7
160000 2.3
165000 2.4
170000 2.9
175000 2.0
180000 2.8
185000 0.6
190000 0.2
195000 0.2
200000 5.7
205000 13.9
210000 0.2
215000 1.5
220000 3.5
225000 5.5
230000 6.3
235000 0.5
240000 1.8
245000 2.6
250000 7.1
255000 6.3
260000 3.3
265000 1.5
270000 0.8
275000 7.4
280000 1.7
285000 4.4
290000 0.8
295000 4.2
300000 0.4
305000 1.5
310000 0.0
315000 6.7
320000 2.3
325000 7.2
330000 0.3
335000 1.2
340000 0.5
345000 5.4
350000 0.6
355000 0.6
360000 11.5
365000 1.8
370000 9.3
375000 0.7
380000 1.6
385000 1.7
390000 21.1
395000 2.9
400000 22.0
405000 7.6
410000 5.7
415000 8.0
420000 8.2
425000 29.9
430000 2.3
435000 1.0
440000 9.0
445000 2.2
450000 33.0
455000 0.0
460000 1.0
465000 0.1
470000 0.0
475000 0.1
480000 2.4
485000 24.5
490000 5.5
495000 37.9
500000 0.2
505000 33.8
510000 6.4
515000 10.2
520000 27.7
525000 3.7
530000 0.9
535000 39.5
540000 31.6
545000 0.2
550000 1.0
555000 30.7
560000 5.4
565000 0.3
570000 9.5
575000 1.3
580000 0.9
585000 5.4
590000 34.2
595000 8.1
600000 23.1
605000 0.6
610000 0.2
615000 0.8
620000 43.7
625000 1.6
630000 23.1
635000 4.0
640000 43.8
645000 4.2
650000 1.1
655000 1.0
660000 46.3
665000 7.1
670000 1.2
675000 2.6
680000 12.7
685000 47.1
690000 35.3
695000 0.1
700000 0.1
705000 3.2
710000 3.8
715000 2.0
720000 46.1
725000 10.2
730000 1.7
735000 2.2
740000 11.6
745000 7.2
750000 18.0
755000 5.4
760000 3.6
765000 30.1
770000 1.6
775000 4.0
780000 44.6
785000 1.6
790000 6.4
795000 2.4
800000 0.8
805000 3.4
810000 9.2
815000 22.8
820000 0.6
825000 37.8
830000 7.0
835000 0.0
840000 20.5
845000 0.0
850000 50.1
855000 32.5
860000 10.1
865000 49.0
870000 39.2
875000 33.6
880000 3.9
885000 5.4
890000 4.4
895000 0.1
900000 11.6
905000 60.9
910000 28.1
915000 1.0
920000 3.8
925000 19.0
930000 2.0
935000 54.8
940000 0.9
945000 28.4
950000 2.5
955000 1.0
960000 51.9
965000 42.4
970000 2.4
975000 12.1
980000 4.7
985000 2.5
990000 10.1
995000 26.3
1000000 14.0
