5000 4.9
10000 0.3
15000 0.1
20000 12.3
25000 2.1
30000 1.2
35000 2.6
40000 1.3
45000 13.8
50000 1.0
55000 9.7
60000 5.7
65000 2.1
70000 7.7
75000 4.9
80000 3.4
85000 3.4
90000 9.9
95000 4.2
100000 30.1
105000 5.7
110000 4.0
115000 20.9
120000 0.9
125000 8.1
130000 41.1
135000 39.1
140000 19.1
145000 0.1
150000 3.3
155000 9.6
160000 54.2
165000 14.1
170000 47.4
175000 138.2
180000 2.7
185000 0.0
190000 122.3
195000 96.7
200000 161.5
205000 45.3
210000 40.7
215000 38.7
220000 51.5
225000 6.0
230000 190.7
235000 8.8
240000 92.8
245000 54.4
250000 163.9
255000 199.5
260000 81.3
265000 201.0
270000 195.2
275000 5.4
280000 45.5
285000 52.6
290000 171.4
295000 166.2
300000 56.5
305000 44.8
310000 101.7
315000 120.4
320000 105.5
325000 97.8
330000 143.6
335000 108.4
340000 0.8
345000 203.5
350000 139.9
355000 101.0
360000 157.3
365000 164.6
370000 113.3
375000 117.9
380000 2.4
385000 117.4
390000 0.8
395000 116.2
400000 215.8
405000 203.4
410000 190.0
415000 33.8
420000 105.6
425000 54.8
430000 2.9
435000 138.8
440000 101.3
445000 113.4
450000 172.6
455000 53.0
460000 118.3
465000 168.8
470000 111.4
475000 85.2
480000 40.3
485000 206.9
490000 249.2
495000 53.3
500000 107.5
505000 0.9
510000 124.6
515000 331.6
520000 173.0
525000 107.9
530000 159.1
535000 162.6
540000 103.2
545000 59.6
550000 169.5
555000 132.2
560000 153.8
565000 2.5
570000 113.1
575000 252.8
580000 131.5
585000 0.0
590000 169.8
595000 57.9
600000 174.8
605000 43.4
610000 39.4
615000 162.8
620000 314.8
625000 168.7
630000 176.6
635000 69.1
640000 117.8
645000 0.0
650000 115.5
655000 128.8
660000 45.4
665000 110.2
670000 204.9
675000 122.6
680000 47.3
685000 166.9
690000 50.0
695000 54.0
700000 48.4
705000 277.2
710000 111.9
715000 41.6
720000 174.2
725000 66.3
730000 169.3
735000 113.3
740000 183.1
745000 173.1
750000 57.0
755000 159.8
760000 65.1
765000 252.1
770000 171.0
775000 173.5
780000 185.5
785000 56.5
790000 162.2
795000 0.0
800000 83.4
805000 67.6
810000 115.9
815000 106.0
820000 201.4
825000 114.0
830000 43.3
835000 178.2
840000 115.5
845000 179.0
850000 99.2
855000 213.6
860000 145.2
865000 59.7
870000 1.4
875000 58.3
880000 69.7
885000 61.6
890000 172.5
895000 53.3
900000 108.5
905000 186.1
910000 48.2
915000 3.1
920000 55.9
925000 0.0
930000 0.0
935000 113.8
940000 119.2
945000 340.0
950000 159.3
955000 56.5
960000 258.6
965000 178.6
970000 176.4
975000 54.8
980000 165.8
985000 111.3
990000 111.6
995000 100.2
1000000 51.8
