5000 9.1
10000 1.8
15000 2.3
20000 4.8
25000 4.8
30000 0.1
35000 0.6
40000 11.3
45000 11.3
50000 2.9
55000 23.8
60000 3.4
65000 5.0
70000 7.2
75000 0.3
80000 1.8
85000 7.4
90000 1.6
95000 5.8
100000 2.3
105000 6.6
110000 12.7
115000 14.1
120000 9.2
125000 9.0
130000 9.7
135000 3.6
140000 2.7
145000 19.4
150000 4.4
155000 20.7
160000 35.7
165000 3.7
170000 9.7
175000 41.6
180000 12.8
185000 13.4
190000 21.2
195000 69.9
200000 60.9
205000 37.3
210000 5.5
215000 1.2
220000 66.6
225000 22.8
230000 2.7
235000 0.0
240000 23.9
245000 0.0
250000 15.1
255000 36.1
260000 13.3
265000 88.8
270000 26.1
275000 45.4
280000 47.0
285000 47.4
290000 91.9
295000 97.5
300000 83.8
305000 42.2
310000 37.1
315000 49.0
320000 30.7
325000 25.0
330000 34.7
335000 66.9
340000 63.3
345000 99.9
350000 47.9
355000 0.3
360000 0.0
365000 83.7
370000 70.1
375000 30.3
380000 11.7
385000 79.1
390000 179.2
395000 47.2
400000 8.1
405000 0.0
410000 55.6
415000 45.4
420000 48.8
425000 0.0
430000 93.1
435000 33.6
440000 83.9
445000 47.6
450000 57.7
455000 145.4
460000 43.2
465000 45.7
470000 48.4
475000 53.0
480000 46.7
485000 45.0
490000 28.7
495000 146.1
500000 74.5
505000 99.5
510000 51.6
515000 3.8
520000 133.4
525000 47.3
530000 44.7
535000 46.8
540000 84.1
545000 44.9
550000 0.4
555000 1.4
560000 31.5
565000 191.2
570000 33.0
575000 101.4
580000 125.4
585000 42.8
590000 76.1
595000 95.2
600000 88.3
605000 78.8
610000 88.1
615000 131.7
620000 0.6
625000 0.2
630000 53.0
635000 43.4
640000 52.7
645000 0.1
650000 54.4
655000 32.6
660000 58.2
665000 210.8
670000 53.1
675000 98.8
680000 100.6
685000 88.8
690000 45.1
695000 56.2
700000 96.8
705000 54.5
710000 112.3
715000 0.0
720000 0.0
725000 143.3
730000 55.5
735000 93.9
740000 132.9
745000 49.5
750000 54.5
755000 2.6
760000 62.8
765000 99.9
770000 154.5
775000 94.3
780000 52.0
785000 58.1
790000 53.0
795000 37.5
800000 58.6
805000 144.1
810000 0.0
815000 215.4
820000 159.8
825000 1.1
830000 121.0
835000 94.8
840000 0.1
845000 1.6
850000 99.3
855000 54.4
860000 215.1
865000 52.9
870000 2.0
875000 66.9
880000 50.4
885000 71.6
890000 0.0
895000 53.3
900000 117.8
905000 92.2
910000 143.9
915000 43.8
920000 86.7
925000 54.0
930000 48.8
935000 50.3
940000 118.9
945000 8.0
950000 97.9
955000 2.0
960000 195.3
965000 136.5
970000 51.4
975000 122.1
980000 3.4
985000 123.0
990000 41.9
995000 57.0
1000000 43.7
