5000 18.3
10000 21.5
15000 0.1
20000 0.5
25000 16.1
30000 1.0
35000 9.6
40000 9.8
45000 16.3
50000 4.1
55000 35.3
60000 4.5
65000 10.5
70000 15.6
75000 0.2
80000 10.7
85000 17.6
90000 1.1
95000 0.9
100000 0.2
105000 14.8
110000 2.4
115000 12.0
120000 1.6
125000 1.8
130000 8.0
135000 54.3
140000 1.2
145000 0.8
150000 0.3
155000 8.8
160000 0.1
165000 30.9
170000 33.8
175000 2.2
180000 1.8
185000 11.3
190000 39.7
195000 36.6
200000 12.0
205000 0.0
210000 4.1
215000 18.5
220000 31.6
225000 4.3
230000 21.4
235000 50.6
240000 68.2
245000 78.9
250000 119.7
255000 58.5
260000 0.0
265000 101.7
270000 113.8
275000 9.3
280000 167.0
285000 35.4
290000 6.2
295000 0.0
300000 37.0
305000 79.5
310000 0.0
315000 65.0
320000 42.5
325000 1.4
330000 75.5
335000 44.5
340000 124.5
345000 41.1
350000 167.2
355000 58.5
360000 49.6
365000 45.8
370000 57.1
375000 50.1
380000 98.6
385000 0.1
390000 56.0
395000 51.2
400000 89.5
405000 88.1
410000 92.3
415000 0.1
420000 106.0
425000 93.0
430000 139.5
435000 49.8
440000 4.5
445000 149.5
450000 0.0
455000 3.4
460000 0.5
465000 1.1
470000 106.7
475000 53.0
480000 89.7
485000 54.2
490000 52.0
495000 105.8
500000 91.4
505000 62.1
510000 1.6
515000 52.9
520000 106.7
525000 56.7
530000 47.3
535000 117.8
540000 141.0
545000 141.8
550000 50.0
555000 58.3
560000 115.1
565000 89.3
570000 0.0
575000 56.9
580000 56.2
585000 116.7
590000 110.8
595000 45.9
600000 102.9
605000 89.3
610000 2.8
615000 2.6
620000 103.7
625000 49.9
630000 103.0
635000 348.2
640000 55.3
645000 118.8
650000 111.0
655000 117.2
660000 6.9
665000 116.1
670000 88.8
675000 149.8
680000 174.3
685000 111.1
690000 94.0
695000 222.0
700000 102.3
705000 44.6
710000 113.2
715000 146.0
720000 300.5
725000 48.6
730000 102.1
735000 278.1
740000 116.0
745000 57.0
750000 115.9
755000 47.0
760000 109.5
765000 126.6
770000 0.5
775000 53.7
780000 59.5
785000 112.5
790000 113.2
795000 0.0
800000 222.9
805000 54.8
810000 93.9
815000 62.8
820000 54.2
825000 0.9
830000 113.8
835000 118.5
840000 96.8
845000 109.9
850000 212.0
855000 110.0
860000 156.1
865000 51.9
870000 0.1
875000 131.1
880000 62.1
885000 310.2
890000 55.9
895000 107.0
900000 69.8
905000 0.2
910000 0.0
915000 0.1
920000 112.1
925000 112.2
930000 104.5
935000 0.3
940000 179.1
945000 38.7
950000 121.2
955000 119.8
960000 126.8
965000 121.1
970000 104.0
975000 105.7
980000 59.4
985000 195.9
990000 183.5
995000 57.2
1000000 198.7
