5000 0.4
10000 0.3
15000 4.7
20000 0.2
25000 0.1
30000 5.4
35000 0.2
40000 9.7
45000 9.7
50000 22.7
55000 12.5
60000 3.5
65000 19.6
70000 5.0
75000 20.2
80000 5.3
85000 7.8
90000 3.0
95000 0.2
100000 0.0
105000 0.0
110000 0.6
115000 4.3
120000 1.0
125000 1.5
130000 3.0
135000 1.9
140000 7.1
145000 10.0
150000 0.6
155000 0.7
160000 2.3
165000 6.9
170000 0.2
175000 3.0
180000 19.2
185000 3.5
190000 1.7
195000 1.4
200000 0.9
205000 7.3
210000 26.2
215000 1.0
220000 4.6
225000 1.8
230000 0.2
235000 1.9
240000 29.0
245000 4.4
250000 0.3
255000 1.0
260000 13.0
265000 0.6
270000 0.2
275000 1.0
280000 0.9
285000 8.1
290000 22.8
295000 23.2
300000 16.6
305000 17.4
310000 14.0
315000 17.0
320000 10.2
325000 6.9
330000 1.5
335000 13.0
340000 1.2
345000 0.1
350000 11.9
355000 3.3
360000 0.0
365000 4.9
370000 14.9
375000 2.6
380000 8.6
385000 11.2
390000 0.3
395000 7.3
400000 2.0
405000 3.6
410000 2.4
415000 0.1
420000 0.0
425000 1.1
430000 8.0
435000 0.0
440000 5.5
445000 11.1
450000 4.8
455000 3.1
460000 0.2
465000 0.7
470000 2.3
475000 3.3
480000 2.4
485000 1.5
490000 3.0
495000 30.4
500000 7.5
505000 24.2
510000 7.6
515000 9.1
520000 2.0
525000 42.7
530000 0.1
535000 23.3
540000 3.9
545000 21.7
550000 7.9
555000 0.0
560000 0.4
565000 8.2
570000 8.3
575000 0.3
580000 0.2
585000 0.2
590000 0.5
595000 1.8
600000 8.8
605000 0.1
610000 3.8
615000 1.5
620000 4.7
625000 0.7
630000 38.4
635000 0.2
640000 1.4
645000 20.1
650000 1.6
655000 22.7
660000 5.8
665000 10.0
670000 1.0
675000 49.5
680000 14.6
685000 8.7
690000 1.0
695000 0.1
700000 1.7
705000 25.8
710000 1.7
715000 1.2
720000 3.0
725000 15.7
730000 13.8
735000 50.8
740000 2.0
745000 54.3
750000 0.7
755000 16.0
760000 3.1
765000 2.1
770000 32.8
775000 0.1
780000 1.6
785000 48.1
790000 10.6
795000 13.7
800000 2.3
805000 10.4
810000 13.0
815000 1.4
820000 6.5
825000 3.4
830000 1.2
835000 2.5
840000 59.3
845000 50.3
850000 2.4
855000 17.7
860000 57.6
865000 10.5
870000 0.0
875000 10.1
880000 40.2
885000 11.0
890000 6.1
895000 0.0
900000 46.0
905000 106.4
910000 24.2
915000 3.1
920000 19.1
925000 50.7
930000 23.8
935000 7.9
940000 11.6
945000 51.5
950000 1.7
955000 6.1
960000 52.0
965000 37.2
970000 48.0
975000 51.8
980000 21.0
985000 0.1
990000 0.0
995000 22.0
1000000 49.1
