5000 16.3
10000 22.0
15000 0.3
20000 6.6
25000 17.1
30000 3.5
35000 4.3
40000 4.4
45000 10.3
50000 7.7
55000 15.6
60000 35.7
65000 9.4
70000 2.7
75000 4.2
80000 21.4
85000 17.3
90000 5.5
95000 20.6
100000 15.1
105000 30.3
110000 0.0
115000 12.0
120000 0.3
125000 16.3
130000 4.8
135000 33.3
140000 45.3
145000 7.1
150000 0.3
155000 0.0
160000 11.7
165000 71.7
170000 12.2
175000 51.9
180000 71.1
185000 6.0
190000 8.8
195000 3.1
200000 7.1
205000 4.1
210000 17.7
215000 2.2
220000 4.9
225000 4.7
230000 11.7
235000 5.0
240000 11.3
245000 0.4
250000 37.2
255000 1.0
260000 6.8
265000 8.2
270000 58.5
275000 97.3
280000 9.0
285000 4.2
290000 2.4
295000 7.3
300000 18.3
305000 1.1
310000 38.9
315000 4.3
320000 129.5
325000 27.6
330000 41.3
335000 6.3
340000 48.1
345000 5.3
350000 35.6
355000 2.0
360000 32.4
365000 39.6
370000 2.4
375000 34.0
380000 4.2
385000 7.1
390000 22.4
395000 3.5
400000 8.6
405000 39.7
410000 38.3
415000 6.8
420000 62.3
425000 6.0
430000 35.7
435000 0.1
440000 1.8
445000 0.3
450000 16.3
455000 1.9
460000 97.9
465000 43.8
470000 34.8
475000 70.1
480000 3.2
485000 32.7
490000 65.5
495000 8.4
500000 1.6
505000 1.0
510000 0.3
515000 1.8
520000 29.3
525000 69.0
530000 2.2
535000 13.5
540000 63.0
545000 2.6
550000 38.8
555000 2.6
560000 7.4
565000 34.4
570000 0.5
575000 3.7
580000 65.0
585000 94.5
590000 4.1
595000 88.6
600000 37.5
605000 0.6
610000 38.8
615000 51.3
620000 41.6
625000 11.5
630000 0.1
635000 2.8
640000 0.5
645000 29.8
650000 4.1
655000 37.5
660000 85.4
665000 80.2
670000 41.7
675000 84.3
680000 0.1
685000 7.8
690000 48.6
695000 37.1
700000 29.9
705000 31.4
710000 34.6
715000 17.9
720000 36.6
725000 76.4
730000 41.7
735000 0.0
740000 1.7
745000 6.8
750000 110.3
755000 79.1
760000 5.2
765000 0.1
770000 49.3
775000 83.2
780000 78.9
785000 45.4
790000 0.0
795000 115.6
800000 97.6
805000 46.9
810000 39.0
815000 47.4
820000 35.8
825000 36.5
830000 41.1
835000 44.2
840000 42.7
845000 0.9
850000 43.3
855000 1.9
860000 2.2
865000 43.4
870000 4.9
875000 34.7
880000 41.5
885000 76.2
890000 48.1
895000 1.4
900000 15.4
905000 0.9
910000 47.3
915000 0.4
920000 47.8
925000 52.5
930000 7.0
935000 2.9
940000 128.9
945000 81.7
950000 7.6
955000 123.4
960000 51.0
965000 1.8
970000 101.6
975000 97.8
980000 0.7
985000 2.8
990000 37.1
995000 45.1
1000000 116.5
