5000 3.7
10000 5.6
15000 2.6
20000 8.5
25000 1.8
30000 0.4
35000 8.7
40000 4.8
45000 2.1
50000 25.6
55000 2.2
60000 1.8
65000 6.1
70000 9.9
75000 4.2
80000 1.3
85000 0.5
90000 0.1
95000 44.8
100000 9.0
105000 11.1
110000 5.7
115000 0.4
120000 9.2
125000 42.5
130000 26.7
135000 5.9
140000 1.3
145000 1.1
150000 4.8
155000 0.6
160000 2.9
165000 34.8
170000 3.3
175000 41.1
180000 3.4
185000 16.8
190000 32.9
195000 0.3
200000 11.0
205000 7.3
210000 4.9
215000 2.4
220000 4.1
225000 4.9
230000 42.7
235000 37.8
240000 4.9
245000 0.3
250000 1.8
255000 3.2
260000 9.5
265000 45.1
270000 20.9
275000 2.2
280000 4.9
285000 5.4
290000 12.5
295000 3.9
300000 12.6
305000 0.1
310000 4.9
315000 1.2
320000 1.5
325000 19.8
330000 1.1
335000 4.5
340000 5.1
345000 0.9
350000 59.8
355000 1.1
360000 55.6
365000 0.8
370000 55.6
375000 104.8
380000 0.7
385000 10.2
390000 6.1
395000 7.8
400000 59.2
405000 3.0
410000 66.3
415000 48.1
420000 44.8
425000 48.4
430000 1.3
435000 79.1
440000 93.5
445000 47.2
450000 86.5
455000 101.9
460000 39.0
465000 89.1
470000 106.2
475000 0.5
480000 52.1
485000 50.2
490000 41.5
495000 85.6
500000 159.5
505000 109.7
510000 121.7
515000 50.4
520000 0.1
525000 34.9
530000 84.6
535000 90.1
540000 1.3
545000 0.4
550000 3.2
555000 142.0
560000 41.5
565000 2.8
570000 0.1
575000 0.1
580000 0.0
585000 0.1
590000 0.0
595000 53.4
600000 3.6
605000 51.7
610000 0.0
615000 48.8
620000 5.2
625000 0.2
630000 0.0
635000 117.6
640000 2.3
645000 0.2
650000 121.7
655000 0.5
660000 106.8
665000 2.2
670000 159.8
675000 39.5
680000 0.1
685000 112.6
690000 162.8
695000 109.6
700000 47.7
705000 0.4
710000 168.7
715000 54.2
720000 106.5
725000 48.7
730000 0.1
735000 3.3
740000 0.6
745000 0.1
750000 100.1
755000 0.6
760000 54.1
765000 55.9
770000 106.9
775000 54.2
780000 112.2
785000 0.3
790000 102.7
795000 0.0
800000 4.5
805000 57.3
810000 0.2
815000 45.3
820000 166.5
825000 57.8
830000 59.7
835000 61.1
840000 98.3
845000 0.5
850000 160.0
855000 153.7
860000 104.1
865000 84.1
870000 0.0
875000 64.5
880000 1.8
885000 0.1
890000 0.2
895000 0.6
900000 7.4
905000 122.0
910000 0.3
915000 60.9
920000 60.2
925000 53.7
930000 53.1
935000 0.1
940000 7.1
945000 0.1
950000 112.0
955000 0.8
960000 4.7
965000 178.7
970000 150.3
975000 115.2
980000 0.2
985000 3.0
990000 3.8
995000 8.0
1000000 53.4
