5000 0.3
10000 3.4
15000 2.6
20000 1.0
25000 11.6
30000 4.9
35000 4.8
40000 18.8
45000 9.1
50000 23.7
55000 3.4
60000 3.9
65000 0.0
70000 8.9
75000 8.5
80000 8.9
85000 10.2
90000 13.9
95000 13.9
100000 3.1
105000 2.2
110000 0.1
115000 0.1
120000 0.4
125000 21.2
130000 2.9
135000 15.4
140000 22.4
145000 21.4
150000 10.9
155000 9.7
160000 58.8
165000 14.6
170000 1.5
175000 14.3
180000 4.0
185000 23.5
190000 16.3
195000 1.0
200000 12.1
205000 13.0
210000 39.8
215000 7.1
220000 58.0
225000 2.5
230000 18.1
235000 2.0
240000 58.7
245000 14.5
250000 10.2
255000 0.0
260000 18.5
265000 29.7
270000 37.5
275000 6.3
280000 2.1
285000 50.7
290000 25.4
295000 7.2
300000 1.3
305000 71.0
310000 36.9
315000 26.5
320000 14.2
325000 11.1
330000 4.7
335000 56.6
340000 29.8
345000 71.2
350000 40.2
355000 33.1
360000 86.8
365000 27.7
370000 16.3
375000 72.7
380000 85.1
385000 1.5
390000 12.8
395000 44.3
400000 32.5
405000 27.3
410000 0.4
415000 54.8
420000 29.8
425000 0.0
430000 61.0
435000 82.8
440000 40.4
445000 99.2
450000 11.8
455000 21.5
460000 44.1
465000 64.5
470000 32.1
475000 43.6
480000 102.7
485000 27.8
490000 45.6
495000 6.9
500000 37.5
505000 95.9
510000 72.9
515000 37.2
520000 0.0
525000 72.8
530000 5.9
535000 38.4
540000 132.7
545000 67.6
550000 84.4
555000 0.3
560000 22.2
565000 78.2
570000 64.9
575000 2.7
580000 118.4
585000 111.2
590000 37.4
595000 69.5
600000 43.3
605000 72.0
610000 66.9
615000 134.0
620000 94.4
625000 134.4
630000 26.7
635000 0.4
640000 37.9
645000 1.1
650000 102.8
655000 28.8
660000 35.5
665000 26.7
670000 70.6
675000 96.7
680000 0.0
685000 33.9
690000 38.2
695000 121.3
700000 24.5
705000 3.8
710000 5.1
715000 73.7
720000 51.3
725000 78.4
730000 44.4
735000 26.1
740000 64.3
745000 0.0
750000 35.1
755000 10.7
760000 7.1
765000 82.3
770000 52.5
775000 8.3
780000 20.7
785000 28.5
790000 56.2
795000 78.1
800000 125.6
805000 9.1
810000 63.3
815000 75.3
820000 43.2
825000 24.8
830000 27.9
835000 39.9
840000 31.3
845000 32.2
850000 48.9
855000 0.1
860000 36.8
865000 120.6
870000 117.9
875000 22.3
880000 0.4
885000 0.3
890000 41.1
895000 104.5
900000 183.5
905000 0.9
910000 66.2
915000 108.8
920000 52.8
925000 30.2
930000 94.3
935000 58.5
940000 42.4
945000 94.5
950000 113.8
955000 80.1
960000 92.5
965000 29.6
970000 7.9
975000 96.6
980000 36.1
985000 32.1
990000 0.1
995000 116.8
1000000 73.0
1005000 32.5
1010000 71.6
1015000 70.0
1020000 70.3
1025000 62.6
1030000 141.0
1035000 73.9
1040000 19.2
1045000 67.4
1050000 54.4
1055000 79.6
1060000 109.8
1065000 81.4
1070000 134.4
1075000 107.9
1080000 74.4
1085000 44.0
1090000 63.9
1095000 37.9
1100000 36.0
1105000 89.5
1110000 58.9
1115000 86.9
1120000 221.1
1125000 7.3
1130000 27.8
1135000 28.4
1140000 34.0
1145000 57.1
1150000 82.6
1155000 0.2
1160000 71.2
1165000 55.7
1170000 73.9
1175000 101.2
1180000 189.2
1185000 62.9
1190000 35.4
1195000 28.5
1200000 41.2
1205000 0.1
1210000 188.5
1215000 0.6
1220000 81.2
1225000 25.9
1230000 27.1
1235000 127.0
1240000 42.8
1245000 134.6
1250000 46.1
1255000 71.5
1260000 74.0
1265000 169.7
1270000 185.1
1275000 0.1
1280000 137.7
1285000 26.5
1290000 23.9
1295000 62.3
1300000 33.3
1305000 30.6
1310000 1.4
1315000 22.1
1320000 2.9
1325000 7.3
1330000 81.4
1335000 67.2
1340000 9.6
1345000 163.3
1350000 78.9
1355000 34.2
1360000 36.5
1365000 50.1
1370000 31.8
1375000 72.8
1380000 41.2
1385000 96.2
1390000 33.4
1395000 0.1
1400000 73.4
1405000 5.2
1410000 42.8
1415000 42.1
1420000 44.4
1425000 45.5
1430000 20.3
1435000 36.8
1440000 84.9
1445000 0.2
1450000 1.4
1455000 3.3
1460000 27.3
1465000 1.1
1470000 55.0
1475000 68.4
1480000 99.7
1485000 41.3
1490000 20.5
1495000 48.8
1500000 56.1
1505000 36.8
1510000 42.2
1515000 57.2
1520000 83.3
1525000 69.1
1530000 1.8
1535000 63.5
1540000 129.7
1545000 31.2
1550000 1.1
1555000 119.7
1560000 41.4
1565000 90.4
1570000 62.8
1575000 5.8
1580000 179.3
1585000 130.5
1590000 81.5
1595000 58.5
1600000 188.4
1605000 9.5
1610000 0.0
1615000 12.0
1620000 13.2
1625000 7.4
1630000 46.5
1635000 6.7
1640000 53.4
1645000 58.2
1650000 90.9
1655000 31.9
1660000 130.3
1665000 40.7
1670000 73.9
1675000 77.8
1680000 61.5
1685000 4.5
1690000 0.0
1695000 38.3
1700000 81.4
1705000 0.3
1710000 55.5
1715000 37.2
1720000 50.7
1725000 39.2
1730000 1.7
1735000 50.5
1740000 60.6
1745000 61.3
1750000 46.7
1755000 43.6
1760000 135.7
1765000 0.9
1770000 62.0
1775000 59.7
1780000 0.8
1785000 32.8
1790000 69.6
1795000 4.2
1800000 98.5
1805000 50.2
1810000 76.5
1815000 9.5
1820000 40.5
1825000 20.5
1830000 0.1
1835000 66.1
1840000 163.4
1845000 120.2
1850000 57.8
1855000 114.0
1860000 74.9
1865000 93.5
1870000 158.8
1875000 74.1
1880000 35.7
1885000 174.3
1890000 63.7
1895000 73.4
1900000 85.5
1905000 1.8
1910000 77.6
1915000 112.1
1920000 33.2
1925000 47.1
1930000 70.2
1935000 39.8
1940000 55.8
1945000 3.8
1950000 36.9
1955000 0.0
1960000 88.9
1965000 83.6
1970000 43.1
1975000 47.9
1980000 76.7
1985000 100.1
1990000 1.1
1995000 46.1
2000000 89.3
