5000 0.8
10000 4.4
15000 41.0
20000 11.7
25000 17.0
30000 28.6
35000 9.5
40000 20.5
45000 31.0
50000 12.1
55000 29.6
60000 30.5
65000 14.6
70000 57.2
75000 29.6
80000 16.9
85000 2.0
90000 40.5
95000 21.8
100000 15.4
105000 9.3
110000 44.4
115000 54.5
120000 73.0
125000 20.2
130000 31.4
135000 24.8
140000 0.2
145000 41.0
150000 1.9
155000 41.5
160000 13.8
165000 11.8
170000 44.7
175000 16.7
180000 40.1
185000 57.3
190000 0.1
195000 14.8
200000 69.6
205000 133.7
210000 42.7
215000 24.9
220000 18.9
225000 23.7
230000 41.0
235000 99.3
240000 1.5
245000 187.0
250000 0.4
255000 13.4
260000 131.9
265000 1.9
270000 7.5
275000 175.1
280000 129.1
285000 44.2
290000 102.1
295000 68.9
300000 60.3
305000 96.6
310000 27.9
315000 54.2
320000 37.6
325000 8.8
330000 76.1
335000 0.1
340000 65.1
345000 65.4
350000 9.5
355000 29.5
360000 8.1
365000 37.3
370000 0.0
375000 1.2
380000 117.4
385000 12.5
390000 2.0
395000 34.2
400000 1.6
405000 29.2
410000 51.0
415000 0.0
420000 2.7
425000 81.3
430000 68.2
435000 14.4
440000 93.8
445000 33.9
450000 62.1
455000 54.0
460000 93.0
465000 9.2
470000 39.0
475000 135.1
480000 166.3
485000 8.5
490000 50.8
495000 22.1
500000 52.6
505000 12.8
510000 28.6
515000 33.0
520000 41.4
525000 50.9
530000 137.2
535000 0.7
540000 55.8
545000 95.5
550000 105.0
555000 57.6
560000 1.2
565000 36.4
570000 91.9
575000 0.0
580000 1.5
585000 81.9
590000 54.2
595000 25.3
600000 89.7
605000 41.1
610000 37.2
615000 56.7
620000 0.3
625000 31.0
630000 52.1
635000 48.1
640000 38.5
645000 40.3
650000 2.2
655000 23.8
660000 6.5
665000 66.3
670000 26.8
675000 26.1
680000 35.7
685000 105.6
690000 3.9
695000 77.0
700000 94.8
705000 0.3
710000 0.1
715000 22.5
720000 70.2
725000 41.0
730000 0.3
735000 116.6
740000 74.9
745000 1.4
750000 0.2
755000 46.8
760000 52.7
765000 28.4
770000 50.5
775000 0.1
780000 226.6
785000 85.4
790000 0.0
795000 0.5
800000 0.1
805000 9.4
810000 7.3
815000 62.1
820000 41.4
825000 12.3
830000 129.0
835000 110.7
840000 71.9
845000 84.0
850000 49.7
855000 110.9
860000 22.5
865000 26.8
870000 82.8
875000 43.9
880000 38.6
885000 118.6
890000 127.6
895000 37.3
900000 53.1
905000 198.0
910000 122.1
915000 69.6
920000 44.8
925000 68.9
930000 125.3
935000 72.3
940000 67.7
945000 44.5
950000 57.9
955000 84.7
960000 186.5
965000 8.5
970000 4.0
975000 74.4
980000 6.7
985000 0.1
990000 42.5
995000 120.0
1000000 24.0
1005000 138.8
1010000 121.6
1015000 0.0
1020000 4.1
1025000 133.5
1030000 102.7
1035000 69.9
1040000 89.4
1045000 2.7
1050000 54.6
1055000 218.9
1060000 47.3
1065000 67.4
1070000 103.3
1075000 0.0
1080000 114.5
1085000 151.6
1090000 74.2
1095000 0.1
1100000 79.1
1105000 43.8
1110000 105.1
1115000 26.5
1120000 131.8
1125000 15.8
1130000 49.1
1135000 87.6
1140000 38.6
1145000 1.0
1150000 110.1
1155000 43.2
1160000 3.7
1165000 0.0
1170000 132.1
1175000 29.9
1180000 1.3
1185000 34.3
1190000 75.3
1195000 0.5
1200000 54.5
1205000 159.0
1210000 46.2
1215000 111.6
1220000 142.1
1225000 138.7
1230000 91.4
1235000 91.6
1240000 1.7
1245000 88.0
1250000 29.0
1255000 53.1
1260000 43.5
1265000 146.4
1270000 29.3
1275000 0.0
1280000 49.6
1285000 7.7
1290000 1.0
1295000 27.9
1300000 45.9
1305000 0.5
1310000 12.3
1315000 88.2
1320000 44.7
1325000 34.7
1330000 6.5
1335000 101.9
1340000 48.7
1345000 71.4
1350000 35.9
1355000 107.5
1360000 95.9
1365000 4.7
1370000 102.6
1375000 124.7
1380000 99.8
1385000 103.4
1390000 96.4
1395000 111.3
1400000 164.4
1405000 44.7
1410000 161.7
1415000 263.8
1420000 103.0
1425000 0.0
1430000 48.5
1435000 0.0
1440000 117.1
1445000 3.5
1450000 1.1
1455000 1.1
1460000 0.8
1465000 5.1
1470000 72.3
1475000 0.6
1480000 146.0
1485000 52.8
1490000 45.1
1495000 0.1
1500000 37.7
1505000 208.3
1510000 99.5
1515000 166.4
1520000 34.0
1525000 91.9
1530000 26.8
1535000 100.5
1540000 180.7
1545000 10.4
1550000 3.6
1555000 89.5
1560000 44.1
1565000 126.8
1570000 98.9
1575000 65.4
1580000 0.0
1585000 42.3
1590000 60.6
1595000 42.8
1600000 37.7
1605000 0.3
1610000 0.6
1615000 61.4
1620000 0.1
1625000 0.0
1630000 0.3
1635000 115.6
1640000 0.0
1645000 58.1
1650000 24.6
1655000 6.4
1660000 104.0
1665000 116.7
1670000 36.7
1675000 46.3
1680000 0.6
1685000 0.3
1690000 61.9
1695000 86.5
1700000 16.4
1705000 78.9
1710000 0.1
1715000 0.1
1720000 42.7
1725000 12.8
1730000 43.5
1735000 0.5
1740000 51.6
1745000 0.0
1750000 114.5
1755000 47.1
1760000 1.7
1765000 97.4
1770000 6.1
1775000 0.1
1780000 32.9
1785000 47.4
1790000 79.5
1795000 6.8
1800000 5.4
1805000 31.9
1810000 53.7
1815000 0.0
1820000 63.4
1825000 43.1
1830000 90.0
1835000 0.1
1840000 0.4
1845000 60.5
1850000 60.0
1855000 43.0
1860000 58.7
1865000 135.9
1870000 4.8
1875000 81.7
1880000 51.5
1885000 0.6
1890000 55.3
1895000 57.7
1900000 49.4
1905000 1.1
1910000 143.0
1915000 0.0
1920000 154.3
1925000 45.7
1930000 184.9
1935000 137.1
1940000 94.9
1945000 75.4
1950000 70.0
1955000 54.7
1960000 114.1
1965000 88.8
1970000 0.6
1975000 1.4
1980000 69.4
1985000 46.7
1990000 48.7
1995000 2.3
2000000 56.6
