5000 2.9
10000 0.3
15000 5.4
20000 10.4
25000 41.6
30000 13.4
35000 41.1
40000 45.6
45000 65.9
50000 23.6
55000 22.4
60000 82.8
65000 59.2
70000 67.1
75000 29.3
80000 52.8
85000 39.2
90000 54.1
95000 116.7
100000 30.7
105000 28.0
110000 28.6
115000 104.7
120000 90.2
125000 24.0
130000 75.0
135000 95.6
140000 107.6
145000 115.6
150000 78.5
155000 39.3
160000 78.5
165000 38.4
170000 45.0
175000 42.5
180000 0.3
185000 42.3
190000 32.4
195000 151.7
200000 110.4
205000 107.1
210000 85.2
215000 82.8
220000 120.3
225000 178.5
230000 164.5
235000 28.5
240000 104.7
245000 146.2
250000 175.4
255000 93.6
260000 119.6
265000 73.3
270000 0.0
275000 215.5
280000 0.0
285000 139.1
290000 74.2
295000 166.9
300000 85.8
305000 100.6
310000 135.0
315000 174.7
320000 92.5
325000 31.1
330000 1.6
335000 39.7
340000 107.6
345000 120.3
350000 54.0
355000 152.1
360000 102.0
365000 29.4
370000 95.5
375000 101.3
380000 196.4
385000 21.9
390000 1.0
395000 0.0
400000 0.0
405000 45.6
410000 59.3
415000 173.9
420000 221.3
425000 137.5
430000 150.8
435000 136.8
440000 102.7
445000 75.1
450000 42.7
455000 89.8
460000 173.8
465000 174.1
470000 102.3
475000 172.0
480000 93.3
485000 3.2
490000 26.2
495000 69.3
500000 70.9
505000 102.2
510000 78.1
515000 74.5
520000 131.5
525000 127.4
530000 33.4
535000 122.3
540000 45.8
545000 129.2
550000 88.4
555000 139.3
560000 48.1
565000 152.1
570000 44.9
575000 194.0
580000 167.6
585000 132.8
590000 144.1
595000 81.7
600000 231.0
605000 133.4
610000 88.1
615000 281.8
620000 207.7
625000 141.2
630000 221.6
635000 105.0
640000 203.1
645000 48.4
650000 26.9
655000 3.2
660000 51.9
665000 32.6
670000 0.0
675000 32.5
680000 35.8
685000 40.3
690000 40.8
695000 157.8
700000 179.7
705000 129.2
710000 40.4
715000 54.1
720000 126.3
725000 145.5
730000 125.0
735000 149.5
740000 49.6
745000 125.5
750000 45.4
755000 182.1
760000 85.2
765000 87.3
770000 38.9
775000 166.8
780000 175.8
785000 178.8
790000 185.4
795000 248.9
800000 87.6
805000 21.1
810000 2.5
815000 38.6
820000 78.6
825000 0.0
830000 100.5
835000 3.9
840000 103.0
845000 89.0
850000 1.3
855000 84.2
860000 71.0
865000 101.3
870000 88.4
875000 134.0
880000 81.5
885000 102.3
890000 42.9
895000 141.4
900000 73.3
905000 42.7
910000 125.4
915000 82.7
920000 47.1
925000 141.1
930000 136.6
935000 29.7
940000 122.9
945000 0.1
950000 129.1
955000 34.1
960000 172.0
965000 34.7
970000 1.9
975000 108.7
980000 93.5
985000 31.0
990000 111.4
995000 205.7
1000000 78.8
1005000 192.8
1010000 129.1
1015000 44.2
1020000 92.8
1025000 98.6
1030000 43.0
1035000 125.2
1040000 146.9
1045000 145.2
1050000 166.4
1055000 144.7
1060000 43.7
1065000 136.3
1070000 81.2
1075000 83.6
1080000 71.7
1085000 77.4
1090000 86.3
1095000 140.9
1100000 101.2
1105000 149.1
1110000 46.3
1115000 256.3
1120000 123.4
1125000 10.9
1130000 21.6
1135000 10.8
1140000 23.5
1145000 124.5
1150000 74.1
1155000 39.6
1160000 0.0
1165000 61.3
1170000 155.8
1175000 1.6
1180000 68.1
1185000 111.6
1190000 215.8
1195000 98.1
1200000 109.0
1205000 75.4
1210000 80.9
1215000 168.8
1220000 91.8
1225000 36.8
1230000 38.5
1235000 84.4
1240000 140.1
1245000 109.4
1250000 188.6
1255000 158.9
1260000 185.3
1265000 106.2
1270000 257.7
1275000 57.8
1280000 179.3
1285000 1.6
1290000 18.2
1295000 22.7
1300000 79.1
1305000 57.8
1310000 48.6
1315000 101.9
1320000 1.6
1325000 122.9
1330000 45.6
1335000 190.7
1340000 78.9
1345000 90.0
1350000 74.7
1355000 151.8
1360000 213.4
1365000 87.7
1370000 186.6
1375000 79.7
1380000 171.0
1385000 47.7
1390000 147.9
1395000 95.7
1400000 75.1
1405000 165.3
1410000 108.7
1415000 132.2
1420000 108.4
1425000 142.2
1430000 96.9
1435000 64.6
1440000 90.1
1445000 1.8
1450000 49.1
1455000 23.9
1460000 43.3
1465000 7.8
1470000 81.3
1475000 74.0
1480000 90.9
1485000 32.8
1490000 94.0
1495000 47.1
1500000 0.0
1505000 33.0
1510000 132.0
1515000 149.4
1520000 72.1
1525000 5.8
1530000 41.7
1535000 126.0
1540000 48.6
1545000 95.6
1550000 98.5
1555000 120.0
1560000 94.4
1565000 92.0
1570000 42.2
1575000 240.7
1580000 256.0
1585000 51.0
1590000 112.0
1595000 133.2
1600000 163.0
1605000 0.4
1610000 11.5
1615000 0.7
1620000 0.6
1625000 0.7
1630000 28.2
1635000 51.4
1640000 105.3
1645000 0.0
1650000 41.3
1655000 55.7
1660000 49.1
1665000 120.1
1670000 79.1
1675000 0.2
1680000 153.3
1685000 121.3
1690000 22.7
1695000 0.1
1700000 34.4
1705000 194.8
1710000 85.6
1715000 170.1
1720000 85.3
1725000 213.9
1730000 48.0
1735000 192.8
1740000 80.4
1745000 141.5
1750000 141.0
1755000 227.1
1760000 171.9
1765000 43.8
1770000 49.7
1775000 98.7
1780000 75.2
1785000 71.5
1790000 30.7
1795000 4.9
1800000 0.0
1805000 25.7
1810000 84.2
1815000 61.1
1820000 118.9
1825000 74.9
1830000 156.7
1835000 78.1
1840000 5.1
1845000 95.4
1850000 97.6
1855000 53.7
1860000 0.3
1865000 139.0
1870000 96.6
1875000 82.7
1880000 169.0
1885000 95.4
1890000 0.2
1895000 111.4
1900000 45.2
1905000 94.3
1910000 97.4
1915000 86.0
1920000 121.7
1925000 53.7
1930000 43.7
1935000 143.5
1940000 96.0
1945000 68.5
1950000 106.8
1955000 93.1
1960000 208.2
1965000 92.0
1970000 131.9
1975000 179.1
1980000 225.3
1985000 107.7
1990000 143.5
1995000 117.8
2000000 103.5
