5000 28.0
10000 7.8
15000 0.9
20000 16.3
25000 4.3
30000 22.4
35000 28.4
40000 22.3
45000 4.0
50000 1.2
55000 6.9
60000 13.6
65000 7.6
70000 25.8
75000 5.4
80000 31.8
85000 7.6
90000 14.6
95000 1.5
100000 0.8
105000 0.1
110000 29.6
115000 36.1
120000 16.3
125000 17.4
130000 16.5
135000 0.8
140000 57.4
145000 23.0
150000 45.8
155000 8.2
160000 4.2
165000 14.7
170000 10.0
175000 11.2
180000 11.1
185000 22.8
190000 0.3
195000 2.1
200000 85.4
205000 16.3
210000 12.1
215000 38.1
220000 45.7
225000 24.7
230000 63.9
235000 0.4
240000 78.8
245000 99.6
250000 64.0
255000 103.0
260000 28.0
265000 76.1
270000 48.2
275000 78.8
280000 31.2
285000 21.2
290000 16.6
295000 35.6
300000 54.3
305000 72.2
310000 38.8
315000 82.5
320000 29.9
325000 20.6
330000 19.8
335000 18.8
340000 6.4
345000 71.6
350000 36.6
355000 54.6
360000 93.8
365000 70.0
370000 38.2
375000 23.8
380000 13.7
385000 2.9
390000 78.3
395000 29.5
400000 31.7
405000 82.1
410000 84.4
415000 66.5
420000 70.6
425000 70.9
430000 32.9
435000 27.9
440000 105.5
445000 77.6
450000 70.5
455000 26.5
460000 128.6
465000 112.9
470000 32.1
475000 0.1
480000 69.2
485000 2.7
490000 7.5
495000 50.9
500000 57.2
505000 66.4
510000 54.8
515000 33.5
520000 78.1
525000 59.3
530000 35.3
535000 155.3
540000 25.8
545000 0.1
550000 30.3
555000 120.1
560000 67.0
565000 67.8
570000 138.5
575000 124.4
580000 88.5
585000 37.9
590000 163.9
595000 130.3
600000 66.8
605000 28.2
610000 62.6
615000 32.0
620000 98.5
625000 2.5
630000 70.0
635000 30.5
640000 104.7
645000 9.6
650000 0.7
655000 73.5
660000 130.1
665000 33.8
670000 25.8
675000 56.2
680000 58.9
685000 125.2
690000 113.5
695000 0.0
700000 2.4
705000 71.7
710000 50.1
715000 31.8
720000 116.1
725000 28.0
730000 2.7
735000 90.9
740000 32.8
745000 55.4
750000 60.4
755000 0.0
760000 93.0
765000 92.5
770000 27.4
775000 64.0
780000 91.7
785000 119.7
790000 33.2
795000 64.3
800000 34.5
805000 19.2
810000 5.9
815000 75.2
820000 0.1
825000 42.1
830000 13.5
835000 28.7
840000 101.4
845000 0.0
850000 124.2
855000 107.3
860000 0.9
865000 39.4
870000 93.5
875000 25.5
880000 37.7
885000 70.1
890000 91.7
895000 0.4
900000 151.4
905000 105.4
910000 36.3
915000 0.8
920000 40.9
925000 59.2
930000 37.4
935000 68.7
940000 29.9
945000 73.9
950000 66.8
955000 0.8
960000 37.0
965000 52.9
970000 35.4
975000 31.1
980000 36.7
985000 61.8
990000 57.0
995000 114.2
1000000 80.5
1005000 33.7
1010000 21.6
1015000 59.1
1020000 29.7
1025000 23.5
1030000 60.7
1035000 134.7
1040000 97.8
1045000 28.8
1050000 5.7
1055000 109.4
1060000 30.3
1065000 112.9
1070000 64.0
1075000 61.7
1080000 69.6
1085000 76.9
1090000 59.6
1095000 75.3
1100000 85.0
1105000 30.0
1110000 149.3
1115000 63.0
1120000 27.5
1125000 56.6
1130000 73.5
1135000 48.3
1140000 20.8
1145000 11.9
1150000 62.4
1155000 70.9
1160000 1.9
1165000 63.7
1170000 24.1
1175000 68.6
1180000 38.9
1185000 124.3
1190000 45.5
1195000 32.5
1200000 59.1
1205000 105.0
1210000 115.3
1215000 69.0
1220000 140.1
1225000 126.9
1230000 74.1
1235000 113.1
1240000 35.6
1245000 77.6
1250000 32.0
1255000 68.6
1260000 0.4
1265000 0.0
1270000 124.4
1275000 146.3
1280000 40.3
1285000 20.3
1290000 0.1
1295000 130.1
1300000 7.0
1305000 105.2
1310000 92.9
1315000 72.2
1320000 28.4
1325000 88.3
1330000 70.2
1335000 72.1
1340000 0.0
1345000 70.0
1350000 96.6
1355000 73.2
1360000 45.1
1365000 39.7
1370000 74.8
1375000 0.9
1380000 36.1
1385000 189.1
1390000 118.9
1395000 61.5
1400000 38.0
1405000 74.0
1410000 77.7
1415000 77.2
1420000 113.1
1425000 181.7
1430000 33.5
1435000 41.8
1440000 113.8
1445000 64.6
1450000 70.1
1455000 0.3
1460000 52.8
1465000 30.8
1470000 32.3
1475000 55.7
1480000 131.3
1485000 80.3
1490000 47.1
1495000 28.2
1500000 81.9
1505000 43.4
1510000 126.5
1515000 73.6
1520000 93.2
1525000 110.8
1530000 104.3
1535000 109.4
1540000 91.5
1545000 39.8
1550000 109.1
1555000 54.2
1560000 37.2
1565000 83.6
1570000 118.8
1575000 0.0
1580000 135.3
1585000 36.9
1590000 85.1
1595000 29.1
1600000 73.9
1605000 0.3
1610000 47.0
1615000 58.6
1620000 58.1
1625000 38.3
1630000 4.6
1635000 113.5
1640000 27.3
1645000 95.2
1650000 28.4
1655000 91.4
1660000 35.6
1665000 2.7
1670000 100.3
1675000 35.6
1680000 81.1
1685000 74.6
1690000 62.9
1695000 104.1
1700000 119.8
1705000 181.7
1710000 108.6
1715000 37.0
1720000 3.6
1725000 65.0
1730000 150.9
1735000 37.6
1740000 75.8
1745000 116.8
1750000 86.5
1755000 73.7
1760000 103.0
1765000 24.4
1770000 31.2
1775000 42.6
1780000 55.1
1785000 137.0
1790000 75.1
1795000 33.0
1800000 79.3
1805000 37.2
1810000 139.9
1815000 122.3
1820000 154.6
1825000 203.5
1830000 1.7
1835000 61.8
1840000 190.4
1845000 156.3
1850000 165.2
1855000 151.4
1860000 120.7
1865000 123.6
1870000 77.9
1875000 39.5
1880000 87.3
1885000 165.1
1890000 114.9
1895000 97.9
1900000 51.4
1905000 0.7
1910000 160.6
1915000 1.0
1920000 79.4
1925000 74.0
1930000 157.3
1935000 104.8
1940000 131.7
1945000 131.9
1950000 64.1
1955000 90.6
1960000 158.3
1965000 212.2
1970000 81.7
1975000 111.7
1980000 236.6
1985000 126.6
1990000 85.0
1995000 83.4
2000000 78.7
