5000 45.2
10000 0.0
15000 2.8
20000 20.8
25000 3.8
30000 9.5
35000 10.6
40000 7.4
45000 17.3
50000 3.1
55000 6.1
60000 19.1
65000 21.0
70000 22.1
75000 4.4
80000 15.8
85000 6.3
90000 3.9
95000 18.3
100000 6.1
105000 3.2
110000 27.9
115000 19.7
120000 12.0
125000 11.7
130000 45.3
135000 12.3
140000 29.3
145000 6.8
150000 13.8
155000 1.8
160000 23.5
165000 3.6
170000 23.1
175000 64.3
180000 57.0
185000 0.0
190000 28.2
195000 126.2
200000 43.9
205000 43.8
210000 24.3
215000 94.1
220000 17.2
225000 9.0
230000 187.8
235000 0.8
240000 94.8
245000 61.8
250000 197.3
255000 230.3
260000 77.8
265000 117.5
270000 207.8
275000 40.9
280000 56.1
285000 37.4
290000 124.4
295000 156.0
300000 47.4
305000 122.3
310000 181.9
315000 101.2
320000 95.4
325000 8.5
330000 52.4
335000 140.8
340000 3.0
345000 117.3
350000 75.3
355000 35.3
360000 57.2
365000 122.3
370000 120.6
375000 144.2
380000 63.2
385000 101.4
390000 34.7
395000 140.1
400000 190.5
405000 205.7
410000 181.3
415000 50.7
420000 113.0
425000 154.6
430000 52.0
435000 118.4
440000 103.3
445000 111.7
450000 228.8
455000 48.5
460000 113.5
465000 251.6
470000 80.5
475000 39.5
480000 96.5
485000 23.3
490000 50.9
495000 146.3
500000 88.2
505000 6.0
510000 109.9
515000 188.1
520000 143.7
525000 130.0
530000 80.6
535000 38.7
540000 101.1
545000 51.5
550000 153.1
555000 137.2
560000 97.3
565000 82.7
570000 56.6
575000 138.8
580000 116.6
585000 0.2
590000 143.9
595000 93.3
600000 55.8
605000 83.3
610000 0.0
615000 160.2
620000 189.8
625000 98.3
630000 192.7
635000 111.0
640000 145.0
645000 0.0
650000 42.7
655000 69.2
660000 31.9
665000 53.7
670000 45.6
675000 50.6
680000 40.6
685000 121.5
690000 1.3
695000 34.9
700000 107.2
705000 146.1
710000 132.3
715000 0.0
720000 100.6
725000 108.8
730000 113.1
735000 95.2
740000 113.3
745000 155.9
750000 161.1
755000 69.5
760000 110.6
765000 144.0
770000 104.7
775000 192.2
780000 166.2
785000 56.7
790000 204.6
795000 0.0
800000 43.6
805000 0.1
810000 6.1
815000 50.7
820000 144.5
825000 57.6
830000 2.0
835000 120.7
840000 45.4
845000 175.3
850000 0.0
855000 173.4
860000 43.8
865000 93.0
870000 1.1
875000 92.2
880000 179.7
885000 58.5
890000 104.7
895000 0.0
900000 6.2
905000 49.6
910000 0.1
915000 56.0
920000 90.0
925000 0.0
930000 0.0
935000 52.6
940000 93.7
945000 197.7
950000 0.1
955000 47.3
960000 279.5
965000 53.3
970000 2.6
975000 3.7
980000 39.3
985000 9.6
990000 29.7
995000 0.1
1000000 36.2
1005000 226.3
1010000 50.2
1015000 0.2
1020000 103.0
1025000 96.8
1030000 69.2
1035000 4.6
1040000 167.7
1045000 103.0
1050000 135.3
1055000 184.1
1060000 106.3
1065000 0.0
1070000 44.5
1075000 252.5
1080000 94.2
1085000 118.9
1090000 83.3
1095000 82.0
1100000 152.3
1105000 136.9
1110000 92.0
1115000 216.0
1120000 0.0
1125000 36.8
1130000 88.5
1135000 0.0
1140000 0.3
1145000 0.1
1150000 38.7
1155000 157.6
1160000 144.0
1165000 111.4
1170000 47.8
1175000 135.9
1180000 0.0
1185000 160.8
1190000 0.0
1195000 183.5
1200000 51.8
1205000 34.0
1210000 188.1
1215000 106.5
1220000 105.0
1225000 167.1
1230000 248.6
1235000 0.0
1240000 55.6
1245000 117.0
1250000 110.1
1255000 217.2
1260000 217.9
1265000 0.0
1270000 91.8
1275000 56.2
1280000 51.8
1285000 13.4
1290000 37.8
1295000 83.5
1300000 0.2
1305000 47.1
1310000 79.0
1315000 2.9
1320000 146.7
1325000 127.2
1330000 45.1
1335000 0.0
1340000 92.9
1345000 108.5
1350000 58.1
1355000 0.0
1360000 91.4
1365000 54.0
1370000 134.3
1375000 51.2
1380000 91.5
1385000 102.9
1390000 98.9
1395000 47.3
1400000 104.5
1405000 147.7
1410000 108.6
1415000 56.0
1420000 81.5
1425000 44.1
1430000 48.6
1435000 135.5
1440000 83.0
1445000 0.1
1450000 72.1
1455000 22.2
1460000 58.8
1465000 2.9
1470000 53.6
1475000 70.3
1480000 59.8
1485000 91.7
1490000 47.3
1495000 0.0
1500000 90.8
1505000 185.0
1510000 95.5
1515000 0.1
1520000 0.1
1525000 94.6
1530000 0.1
1535000 41.9
1540000 47.1
1545000 154.5
1550000 121.2
1555000 98.4
1560000 94.6
1565000 153.5
1570000 108.1
1575000 95.4
1580000 115.7
1585000 0.0
1590000 162.6
1595000 92.0
1600000 49.5
1605000 18.6
1610000 16.6
1615000 2.6
1620000 10.0
1625000 18.8
1630000 0.2
1635000 46.8
1640000 0.8
1645000 0.1
1650000 93.5
1655000 0.1
1660000 0.2
1665000 38.8
1670000 117.2
1675000 51.1
1680000 52.4
1685000 0.0
1690000 96.7
1695000 86.8
1700000 86.8
1705000 0.0
1710000 0.0
1715000 94.9
1720000 177.4
1725000 58.9
1730000 59.3
1735000 112.4
1740000 44.5
1745000 56.8
1750000 117.3
1755000 60.1
1760000 0.3
1765000 39.3
1770000 0.6
1775000 49.8
1780000 62.3
1785000 1.3
1790000 108.0
1795000 2.5
1800000 101.3
1805000 91.8
1810000 93.0
1815000 47.4
1820000 152.4
1825000 85.9
1830000 109.9
1835000 52.3
1840000 145.5
1845000 0.4
1850000 96.8
1855000 55.5
1860000 57.9
1865000 50.4
1870000 87.2
1875000 105.1
1880000 51.1
1885000 0.0
1890000 52.1
1895000 109.7
1900000 114.7
1905000 138.3
1910000 102.7
1915000 105.7
1920000 171.2
1925000 51.9
1930000 90.3
1935000 48.0
1940000 97.3
1945000 164.9
1950000 50.5
1955000 99.7
1960000 113.6
1965000 109.2
1970000 0.0
1975000 103.7
1980000 88.6
1985000 57.6
1990000 171.4
1995000 58.6
2000000 59.7
