5000 0.6
10000 0.8
15000 0.8
20000 1.1
25000 0.8
30000 0.7
35000 1.0
40000 0.7
45000 0.7
50000 0.6
55000 0.5
60000 0.8
65000 0.9
70000 0.7
75000 0.9
80000 0.7
85000 1.1
90000 1.2
95000 1.1
100000 0.9
105000 0.6
110000 1.1
115000 1.0
120000 1.0
125000 0.8
130000 1.4
135000 1.3
140000 1.3
145000 1.0
150000 0.7
155000 1.2
160000 1.0
165000 1.2
170000 1.1
175000 1.0
180000 0.7
185000 1.6
190000 0.7
195000 1.2
200000 2.0
205000 1.0
210000 0.8
215000 14.0
220000 1.4
225000 2.6
230000 1.2
235000 2.1
240000 2.3
245000 12.3
250000 3.2
255000 22.0
260000 19.1
265000 7.4
270000 4.1
275000 0.7
280000 2.3
285000 6.0
290000 0.6
295000 3.1
300000 4.2
305000 15.0
310000 15.5
315000 1.2
320000 0.8
325000 41.2
330000 30.5
335000 35.5
340000 21.2
345000 27.3
350000 10.2
355000 1.0
360000 1.5
365000 1.0
370000 1.2
375000 7.2
380000 33.7
385000 4.4
390000 0.6
395000 7.1
400000 0.8
405000 50.9
410000 56.3
415000 56.8
420000 48.8
425000 56.6
430000 53.2
435000 62.5
440000 1.2
445000 40.9
450000 53.2
455000 61.6
460000 51.3
465000 46.4
470000 39.2
475000 56.0
480000 1.3
485000 68.8
490000 70.8
495000 76.7
500000 76.0
505000 76.6
510000 78.8
515000 76.9
520000 80.1
525000 80.6
530000 80.4
535000 78.7
540000 79.4
545000 85.5
550000 87.9
555000 85.7
560000 85.5
565000 82.0
570000 85.3
575000 97.4
580000 89.8
585000 88.8
590000 87.7
595000 97.4
600000 104.9
605000 101.7
610000 100.3
615000 107.4
620000 108.4
625000 111.3
630000 105.9
635000 106.1
640000 107.8
645000 85.3
650000 108.9
655000 111.6
660000 109.2
665000 114.0
670000 117.2
675000 120.1
680000 118.9
685000 118.9
690000 120.0
695000 117.5
700000 127.1
705000 121.0
710000 120.7
715000 120.6
720000 119.1
725000 101.2
730000 115.9
735000 129.0
740000 127.4
745000 124.4
750000 127.5
755000 119.4
760000 126.8
765000 130.6
770000 132.9
775000 131.1
780000 131.4
785000 129.4
790000 130.9
795000 135.3
800000 128.1
805000 103.2
810000 120.3
815000 123.9
820000 105.7
825000 131.1
830000 133.8
835000 136.2
840000 139.0
845000 137.1
850000 138.5
855000 141.8
860000 140.7
865000 140.5
870000 142.7
875000 145.8
880000 140.2
885000 98.6
890000 122.5
895000 135.1
900000 136.3
905000 137.2
910000 126.8
915000 139.8
920000 139.3
925000 136.4
930000 141.8
935000 143.0
940000 140.5
945000 139.3
950000 143.9
955000 142.1
960000 144.8
965000 112.3
970000 133.8
975000 132.3
980000 137.8
985000 146.1
990000 148.2
995000 155.4
1000000 152.2
1005000 151.7
1010000 152.5
1015000 150.5
1020000 150.3
1025000 139.9
1030000 153.4
1035000 154.7
1040000 153.6
1045000 107.4
1050000 134.9
1055000 139.8
1060000 147.6
1065000 152.0
1070000 154.9
1075000 161.9
1080000 47.6
1085000 158.6
1090000 163.6
1095000 161.6
1100000 163.9
1105000 165.5
1110000 169.0
1115000 171.5
1120000 160.2
1125000 104.6
1130000 151.2
1135000 162.9
1140000 158.8
1145000 169.8
1150000 173.5
1155000 162.8
1160000 169.9
1165000 161.6
1170000 170.8
1175000 172.7
1180000 176.8
1185000 185.7
1190000 179.8
1195000 97.4
1200000 190.4
1205000 142.2
1210000 175.9
1215000 184.4
1220000 184.6
1225000 184.7
1230000 189.3
1235000 191.1
1240000 194.1
1245000 181.9
1250000 187.9
1255000 200.9
1260000 1.0
1265000 189.7
1270000 192.0
1275000 192.0
1280000 200.1
1285000 143.5
1290000 180.4
1295000 196.1
1300000 193.7
1305000 186.5
1310000 195.6
1315000 200.8
1320000 189.1
1325000 192.6
1330000 178.0
1335000 190.2
1340000 188.2
1345000 0.9
1350000 183.9
1355000 190.6
1360000 185.2
1365000 106.1
1370000 196.4
1375000 188.7
1380000 192.7
1385000 184.8
1390000 191.1
1395000 173.6
1400000 192.4
1405000 180.3
1410000 188.6
1415000 0.9
1420000 193.0
1425000 187.6
1430000 200.0
1435000 195.1
1440000 193.0
1445000 102.3
1450000 176.2
1455000 188.0
1460000 168.8
1465000 188.0
1470000 189.9
1475000 197.4
1480000 210.3
1485000 1.5
1490000 186.7
1495000 189.3
1500000 183.6
1505000 9.9
1510000 196.0
1515000 198.5
1520000 178.8
1525000 101.0
1530000 176.9
1535000 2.6
1540000 186.5
1545000 187.4
1550000 0.9
1555000 185.0
1560000 181.2
1565000 191.0
1570000 1.0
1575000 200.4
1580000 140.9
1585000 203.5
1590000 42.8
1595000 203.5
1600000 198.0
1605000 76.5
1610000 189.9
1615000 194.1
1620000 207.2
1625000 191.5
1630000 51.9
1635000 198.8
1640000 47.3
1645000 180.8
1650000 0.7
1655000 199.3
1660000 3.0
1665000 199.1
1670000 202.0
1675000 191.8
1680000 189.6
1685000 89.1
1690000 170.7
1695000 192.8
1700000 150.3
1705000 207.0
1710000 201.2
1715000 208.0
1720000 191.2
1725000 200.8
1730000 108.5
1735000 187.9
1740000 203.0
1745000 198.8
1750000 170.5
1755000 216.6
1760000 205.7
1765000 96.9
1770000 170.0
1775000 196.3
1780000 216.0
1785000 162.6
1790000 195.1
1795000 7.2
1800000 214.4
1805000 198.4
1810000 39.4
1815000 195.5
1820000 201.0
1825000 205.8
1830000 205.5
1835000 202.1
1840000 164.3
1845000 77.6
1850000 153.5
1855000 201.2
1860000 193.6
1865000 201.2
1870000 201.6
1875000 208.2
1880000 201.5
1885000 225.8
1890000 221.9
1895000 217.9
1900000 213.9
1905000 224.2
1910000 207.9
1915000 3.3
1920000 213.6
1925000 86.3
1930000 153.5
1935000 189.3
1940000 1.2
1945000 209.6
1950000 208.2
1955000 212.2
1960000 178.3
1965000 0.9
1970000 211.1
1975000 217.5
1980000 196.1
1985000 174.9
1990000 226.0
1995000 229.9
2000000 183.6
