5000 0.6
10000 0.9
15000 0.6
20000 0.9
25000 0.8
30000 0.6
35000 1.1
40000 0.8
45000 1.0
50000 0.5
55000 0.8
60000 0.5
65000 1.1
70000 1.0
75000 0.7
80000 1.1
85000 0.8
90000 0.7
95000 1.0
100000 1.2
105000 0.9
110000 0.8
115000 1.2
120000 1.1
125000 1.3
130000 1.9
135000 1.2
140000 1.5
145000 12.8
150000 5.9
155000 1.3
160000 6.9
165000 28.2
170000 33.2
175000 17.8
180000 7.4
185000 29.3
190000 46.2
195000 13.0
200000 30.5
205000 6.0
210000 33.6
215000 33.2
220000 31.3
225000 15.4
230000 0.7
235000 22.6
240000 12.4
245000 13.3
250000 1.0
255000 8.4
260000 20.1
265000 2.3
270000 1.2
275000 22.2
280000 9.2
285000 21.3
290000 26.6
295000 1.2
300000 9.8
305000 0.7
310000 72.2
315000 0.9
320000 0.7
325000 63.9
330000 51.2
335000 7.0
340000 74.2
345000 73.3
350000 55.0
355000 1.2
360000 74.3
365000 71.8
370000 75.2
375000 69.0
380000 73.0
385000 82.5
390000 60.9
395000 80.5
400000 65.8
405000 86.5
410000 90.9
415000 96.8
420000 100.4
425000 94.0
430000 92.6
435000 112.1
440000 105.4
445000 104.6
450000 108.4
455000 113.4
460000 109.5
465000 108.5
470000 110.8
475000 106.1
480000 77.3
485000 90.0
490000 113.7
495000 123.4
500000 138.5
505000 103.0
510000 135.2
515000 153.3
520000 147.5
525000 148.4
530000 148.0
535000 154.1
540000 165.1
545000 169.7
550000 166.6
555000 163.2
560000 148.1
565000 111.3
570000 171.7
575000 162.5
580000 179.1
585000 170.2
590000 192.1
595000 199.5
600000 200.1
605000 179.6
610000 194.7
615000 185.2
620000 178.1
625000 191.9
630000 185.7
635000 174.2
640000 191.5
645000 154.9
650000 194.9
655000 189.2
660000 190.5
665000 193.0
670000 179.1
675000 190.9
680000 191.2
685000 192.9
690000 197.2
695000 175.6
700000 194.6
705000 199.7
710000 202.3
715000 197.7
720000 203.7
725000 154.0
730000 189.7
735000 191.0
740000 206.8
745000 196.7
750000 191.6
755000 195.2
760000 189.9
765000 177.8
770000 197.3
775000 214.6
780000 195.1
785000 193.1
790000 207.3
795000 197.3
800000 195.1
805000 141.2
810000 208.7
815000 200.9
820000 193.0
825000 191.3
830000 180.8
835000 200.5
840000 198.4
845000 208.4
850000 200.0
855000 204.0
860000 193.0
865000 212.1
870000 197.9
875000 210.9
880000 206.7
885000 114.7
890000 200.5
895000 195.6
900000 205.5
905000 206.4
910000 207.1
915000 206.1
920000 198.2
925000 206.7
930000 202.8
935000 193.9
940000 219.0
945000 207.9
950000 201.5
955000 206.7
960000 207.9
965000 170.5
970000 197.0
975000 211.8
980000 1.0
985000 198.1
990000 212.5
995000 199.9
1000000 189.3
1005000 210.0
1010000 200.7
1015000 216.6
1020000 206.1
1025000 203.5
1030000 167.5
1035000 204.6
1040000 96.2
1045000 160.8
1050000 197.5
1055000 229.5
1060000 204.5
1065000 220.2
1070000 217.5
1075000 220.3
1080000 216.1
1085000 209.6
1090000 209.0
1095000 205.1
1100000 212.4
1105000 206.3
1110000 212.6
1115000 213.0
1120000 215.3
1125000 184.8
1130000 203.2
1135000 0.9
1140000 207.7
1145000 212.9
1150000 223.6
1155000 156.7
1160000 214.5
1165000 175.7
1170000 214.7
1175000 206.2
1180000 37.9
1185000 1.4
1190000 229.1
1195000 0.9
1200000 209.8
1205000 193.4
1210000 215.3
1215000 222.8
1220000 227.4
1225000 150.9
1230000 216.3
1235000 230.4
1240000 1.9
1245000 230.5
1250000 0.6
1255000 239.1
1260000 231.5
1265000 1.3
1270000 228.4
1275000 245.7
1280000 238.8
1285000 102.4
1290000 174.3
1295000 0.9
1300000 212.8
1305000 227.5
1310000 224.2
1315000 214.1
1320000 224.2
1325000 212.2
1330000 215.7
1335000 219.4
1340000 152.4
1345000 238.7
1350000 173.5
1355000 189.9
1360000 231.7
1365000 37.1
1370000 155.2
1375000 193.4
1380000 0.6
1385000 227.8
1390000 0.9
1395000 228.1
1400000 235.3
1405000 1.4
1410000 195.7
1415000 235.5
1420000 1.1
1425000 252.5
1430000 16.5
1435000 212.9
1440000 249.9
1445000 78.4
1450000 138.7
1455000 198.7
1460000 230.3
1465000 218.6
1470000 238.8
1475000 227.4
1480000 250.3
1485000 225.6
1490000 230.3
1495000 153.2
1500000 1.1
1505000 36.1
1510000 270.8
1515000 255.9
1520000 39.2
1525000 53.2
1530000 155.2
1535000 181.1
1540000 249.9
1545000 0.8
1550000 261.8
1555000 108.5
1560000 243.3
1565000 1.1
1570000 235.6
1575000 236.5
1580000 71.8
1585000 269.2
1590000 255.6
1595000 217.8
1600000 1.1
1605000 69.9
1610000 123.5
1615000 184.1
1620000 10.3
1625000 218.9
1630000 204.3
1635000 131.7
1640000 0.9
1645000 212.5
1650000 250.9
1655000 245.5
1660000 248.1
1665000 130.4
1670000 0.9
1675000 264.8
1680000 253.1
1685000 95.0
1690000 168.3
1695000 202.8
1700000 252.6
1705000 228.2
1710000 262.3
1715000 247.7
1720000 265.9
1725000 0.9
1730000 56.8
1735000 223.7
1740000 270.1
1745000 272.9
1750000 282.6
1755000 276.0
1760000 270.8
1765000 152.0
1770000 248.3
1775000 102.4
1780000 276.4
1785000 286.5
1790000 273.0
1795000 238.9
1800000 143.1
1805000 250.1
1810000 289.6
1815000 258.3
1820000 272.5
1825000 253.6
1830000 1.9
1835000 254.3
1840000 278.2
1845000 136.2
1850000 202.7
1855000 249.7
1860000 245.9
1865000 269.3
1870000 281.9
1875000 261.3
1880000 290.5
1885000 284.2
1890000 260.8
1895000 287.6
1900000 284.0
1905000 168.6
1910000 266.6
1915000 282.2
1920000 0.9
1925000 102.4
1930000 171.9
1935000 271.5
1940000 243.2
1945000 287.2
1950000 227.9
1955000 281.5
1960000 203.6
1965000 291.3
1970000 286.4
1975000 291.7
1980000 237.6
1985000 272.0
1990000 286.6
1995000 290.0
2000000 295.9
