5000 0.7
10000 1.0
15000 1.0
20000 1.0
25000 0.8
30000 0.6
35000 0.9
40000 0.9
45000 1.0
50000 1.1
55000 0.7
60000 0.6
65000 1.0
70000 1.0
75000 0.8
80000 0.9
85000 0.9
90000 1.1
95000 1.7
100000 0.9
105000 1.0
110000 1.3
115000 2.5
120000 0.9
125000 1.4
130000 1.1
135000 0.8
140000 9.6
145000 13.3
150000 1.0
155000 38.0
160000 36.7
165000 29.7
170000 15.2
175000 40.2
180000 48.5
185000 54.7
190000 9.2
195000 1.5
200000 45.5
205000 47.3
210000 65.3
215000 0.7
220000 0.9
225000 40.5
230000 0.9
235000 0.9
240000 9.6
245000 61.7
250000 18.7
255000 23.2
260000 9.5
265000 1.2
270000 77.7
275000 82.5
280000 92.5
285000 84.5
290000 85.5
295000 92.2
300000 90.0
305000 91.4
310000 84.4
315000 5.9
320000 0.9
325000 88.7
330000 100.2
335000 0.9
340000 101.3
345000 110.8
350000 115.0
355000 110.0
360000 109.2
365000 110.7
370000 117.1
375000 117.4
380000 118.0
385000 112.6
390000 93.2
395000 123.2
400000 114.9
405000 111.3
410000 125.5
415000 124.4
420000 113.7
425000 131.2
430000 134.0
435000 128.4
440000 129.0
445000 128.4
450000 133.3
455000 125.8
460000 136.2
465000 135.4
470000 137.1
475000 136.0
480000 131.3
485000 107.6
490000 138.3
495000 67.7
500000 138.9
505000 143.9
510000 142.5
515000 143.1
520000 151.9
525000 145.3
530000 144.6
535000 139.8
540000 145.9
545000 143.7
550000 146.4
555000 146.3
560000 152.7
565000 105.9
570000 133.0
575000 149.3
580000 152.8
585000 153.8
590000 167.0
595000 156.7
600000 165.4
605000 160.0
610000 173.6
615000 171.1
620000 177.0
625000 170.7
630000 187.1
635000 183.5
640000 180.3
645000 128.5
650000 168.3
655000 168.9
660000 170.4
665000 179.2
670000 184.0
675000 183.3
680000 192.4
685000 187.8
690000 194.8
695000 189.3
700000 203.3
705000 193.8
710000 202.3
715000 193.6
720000 198.9
725000 148.5
730000 185.3
735000 195.8
740000 201.5
745000 200.3
750000 198.9
755000 201.9
760000 205.3
765000 202.5
770000 204.7
775000 208.7
780000 209.4
785000 208.7
790000 211.8
795000 211.8
800000 216.3
805000 154.8
810000 202.5
815000 207.4
820000 213.7
825000 212.6
830000 203.0
835000 212.1
840000 209.8
845000 207.6
850000 209.6
855000 207.1
860000 212.0
865000 209.0
870000 210.3
875000 208.0
880000 214.4
885000 168.7
890000 198.5
895000 205.0
900000 205.2
905000 212.1
910000 215.4
915000 208.1
920000 218.8
925000 216.5
930000 216.6
935000 217.9
940000 216.2
945000 215.5
950000 216.0
955000 224.5
960000 217.6
965000 163.2
970000 211.1
975000 213.7
980000 224.9
985000 226.8
990000 216.7
995000 212.9
1000000 227.2
1005000 210.6
1010000 214.1
1015000 223.4
1020000 219.8
1025000 220.9
1030000 213.3
1035000 214.2
1040000 225.6
1045000 185.5
1050000 221.6
1055000 229.6
1060000 227.2
1065000 227.9
1070000 226.2
1075000 222.7
1080000 228.9
1085000 225.7
1090000 228.4
1095000 230.1
1100000 45.9
1105000 238.4
1110000 246.3
1115000 228.0
1120000 220.4
1125000 166.9
1130000 222.6
1135000 225.6
1140000 227.0
1145000 235.5
1150000 231.2
1155000 229.1
1160000 231.3
1165000 232.5
1170000 239.4
1175000 239.3
1180000 234.9
1185000 229.2
1190000 234.7
1195000 231.8
1200000 243.5
1205000 146.0
1210000 207.1
1215000 225.5
1220000 251.3
1225000 206.2
1230000 1.8
1235000 249.7
1240000 252.2
1245000 0.6
1250000 253.5
1255000 258.4
1260000 263.5
1265000 1.0
1270000 229.4
1275000 242.0
1280000 239.0
1285000 121.2
1290000 231.0
1295000 244.9
1300000 257.0
1305000 266.0
1310000 0.8
1315000 252.8
1320000 249.3
1325000 260.6
1330000 260.7
1335000 251.4
1340000 210.9
1345000 269.5
1350000 138.3
1355000 52.0
1360000 276.7
1365000 73.5
1370000 228.5
1375000 251.6
1380000 247.9
1385000 256.2
1390000 261.2
1395000 256.0
1400000 267.6
1405000 258.2
1410000 264.7
1415000 207.8
1420000 262.1
1425000 4.1
1430000 251.8
1435000 216.4
1440000 265.7
1445000 99.8
1450000 0.9
1455000 227.5
1460000 247.6
1465000 1.6
1470000 267.7
1475000 283.0
1480000 276.3
1485000 290.4
1490000 0.7
1495000 274.3
1500000 286.8
1505000 295.3
1510000 294.7
1515000 278.2
1520000 291.0
1525000 96.6
1530000 181.2
1535000 239.5
1540000 227.6
1545000 273.1
1550000 135.5
1555000 281.9
1560000 287.3
1565000 273.5
1570000 289.5
1575000 290.1
1580000 284.8
1585000 296.2
1590000 280.3
1595000 292.3
1600000 301.3
1605000 106.9
1610000 214.6
1615000 255.4
1620000 246.7
1625000 296.8
1630000 305.2
1635000 306.5
1640000 244.4
1645000 292.5
1650000 279.6
1655000 279.5
1660000 282.8
1665000 312.4
1670000 298.8
1675000 32.1
1680000 1.0
1685000 91.0
1690000 179.6
1695000 230.2
1700000 123.6
1705000 293.7
1710000 255.1
1715000 1.3
1720000 2.3
1725000 252.1
1730000 289.1
1735000 32.6
1740000 301.1
1745000 307.4
1750000 305.9
1755000 1.0
1760000 315.9
1765000 122.2
1770000 199.9
1775000 252.0
1780000 281.0
1785000 296.6
1790000 0.9
1795000 274.6
1800000 267.3
1805000 300.9
1810000 285.1
1815000 325.0
1820000 317.4
1825000 302.4
1830000 323.5
1835000 333.9
1840000 302.8
1845000 109.3
1850000 196.5
1855000 259.8
1860000 46.2
1865000 267.9
1870000 0.9
1875000 306.0
1880000 1.6
1885000 316.4
1890000 34.3
1895000 309.8
1900000 321.5
1905000 322.8
1910000 327.4
1915000 326.2
1920000 327.3
1925000 131.3
1930000 209.0
1935000 264.1
1940000 222.1
1945000 275.2
1950000 276.9
1955000 267.8
1960000 269.6
1965000 0.5
1970000 292.7
1975000 319.9
1980000 277.0
1985000 328.1
1990000 1.1
1995000 328.9
2000000 314.9
