5000 0.9
10000 0.8
15000 0.7
20000 0.9
25000 0.6
30000 0.8
35000 0.9
40000 0.8
45000 1.0
50000 0.6
55000 1.2
60000 1.1
65000 1.0
70000 0.6
75000 1.0
80000 0.8
85000 1.3
90000 0.9
95000 1.4
100000 1.5
105000 1.2
110000 0.8
115000 1.0
120000 1.2
125000 1.2
130000 1.3
135000 1.1
140000 1.5
145000 0.9
150000 1.4
155000 1.1
160000 1.6
165000 1.3
170000 0.8
175000 1.2
180000 1.4
185000 1.2
190000 1.7
195000 1.1
200000 1.7
205000 1.2
210000 1.4
215000 1.7
220000 0.9
225000 4.8
230000 27.2
235000 1.5
240000 1.2
245000 39.4
250000 47.2
255000 42.3
260000 20.8
265000 41.6
270000 15.9
275000 3.3
280000 52.3
285000 52.4
290000 14.3
295000 7.6
300000 1.1
305000 0.7
310000 16.4
315000 7.6
320000 3.8
325000 45.3
330000 69.8
335000 61.9
340000 72.1
345000 79.9
350000 90.0
355000 10.4
360000 83.9
365000 80.2
370000 70.3
375000 27.7
380000 87.0
385000 87.1
390000 88.9
395000 71.6
400000 87.4
405000 88.4
410000 97.6
415000 94.8
420000 95.6
425000 97.5
430000 103.1
435000 94.5
440000 102.4
445000 95.5
450000 112.6
455000 104.4
460000 108.6
465000 109.9
470000 107.9
475000 106.0
480000 104.5
485000 94.5
490000 102.7
495000 112.8
500000 113.7
505000 117.8
510000 110.9
515000 122.2
520000 120.1
525000 113.9
530000 122.9
535000 124.8
540000 128.6
545000 127.1
550000 129.1
555000 123.7
560000 122.2
565000 84.4
570000 115.2
575000 115.0
580000 127.0
585000 110.0
590000 113.3
595000 127.1
600000 132.7
605000 127.1
610000 126.4
615000 137.4
620000 134.7
625000 141.8
630000 139.2
635000 137.6
640000 141.7
645000 77.5
650000 129.5
655000 124.6
660000 135.2
665000 135.7
670000 143.4
675000 142.6
680000 141.3
685000 144.5
690000 145.4
695000 151.2
700000 142.7
705000 142.5
710000 148.1
715000 146.7
720000 148.3
725000 89.8
730000 136.3
735000 149.0
740000 147.6
745000 153.0
750000 158.6
755000 157.5
760000 161.9
765000 161.4
770000 169.5
775000 174.2
780000 170.8
785000 173.1
790000 170.6
795000 169.8
800000 177.3
805000 122.9
810000 156.1
815000 172.8
820000 164.3
825000 168.7
830000 172.3
835000 186.2
840000 183.3
845000 181.9
850000 185.6
855000 186.6
860000 189.7
865000 180.2
870000 190.8
875000 189.7
880000 181.6
885000 127.0
890000 162.1
895000 184.5
900000 180.4
905000 193.4
910000 187.3
915000 187.4
920000 190.5
925000 193.2
930000 190.3
935000 192.6
940000 194.8
945000 199.5
950000 193.0
955000 198.6
960000 187.6
965000 139.1
970000 185.0
975000 185.1
980000 197.1
985000 217.8
990000 212.7
995000 229.7
1000000 223.9
1005000 204.7
1010000 224.0
1015000 209.5
1020000 223.5
1025000 226.1
1030000 225.1
1035000 219.9
1040000 254.5
1045000 104.4
1050000 183.1
1055000 195.7
1060000 237.8
1065000 220.4
1070000 212.4
1075000 239.0
1080000 234.4
1085000 258.8
1090000 233.3
1095000 264.4
1100000 254.8
1105000 271.1
1110000 253.9
1115000 266.3
1120000 249.3
1125000 125.9
1130000 191.3
1135000 228.0
1140000 242.0
1145000 281.0
1150000 244.3
1155000 284.6
1160000 257.2
1165000 259.4
1170000 264.7
1175000 286.0
1180000 285.6
1185000 30.1
1190000 283.0
1195000 293.5
1200000 287.1
1205000 137.1
1210000 216.2
1215000 259.5
1220000 253.6
1225000 297.6
1230000 271.9
1235000 295.4
1240000 290.5
1245000 286.0
1250000 294.3
1255000 283.9
1260000 168.1
1265000 281.0
1270000 208.5
1275000 262.9
1280000 301.1
1285000 100.2
1290000 176.1
1295000 225.9
1300000 265.4
1305000 238.5
1310000 259.3
1315000 297.9
1320000 294.5
1325000 287.9
1330000 291.9
1335000 0.9
1340000 287.5
1345000 285.7
1350000 293.9
1355000 308.1
1360000 308.5
1365000 111.9
1370000 220.5
1375000 231.2
1380000 286.1
1385000 288.1
1390000 297.9
1395000 310.8
1400000 318.3
1405000 315.2
1410000 315.2
1415000 324.1
1420000 324.7
1425000 331.6
1430000 314.0
1435000 0.9
1440000 162.7
1445000 114.9
1450000 228.7
1455000 308.6
1460000 126.5
1465000 320.5
1470000 324.3
1475000 325.4
1480000 295.7
1485000 260.9
1490000 335.5
1495000 334.0
1500000 331.6
1505000 323.0
1510000 334.2
1515000 341.8
1520000 238.1
1525000 126.2
1530000 202.1
1535000 256.2
1540000 320.0
1545000 285.4
1550000 1.2
1555000 301.2
1560000 67.3
1565000 341.4
1570000 330.2
1575000 329.6
1580000 340.9
1585000 4.0
1590000 346.1
1595000 346.9
1600000 308.4
1605000 100.6
1610000 164.3
1615000 278.6
1620000 255.8
1625000 259.2
1630000 278.9
1635000 1.1
1640000 326.8
1645000 330.9
1650000 37.3
1655000 341.5
1660000 309.8
1665000 241.1
1670000 9.9
1675000 346.5
1680000 306.5
1685000 96.6
1690000 199.3
1695000 273.4
1700000 296.7
1705000 326.4
1710000 320.9
1715000 322.7
1720000 322.2
1725000 353.1
1730000 263.8
1735000 310.6
1740000 353.3
1745000 328.6
1750000 357.9
1755000 1.8
1760000 344.9
1765000 97.6
1770000 142.9
1775000 283.5
1780000 294.4
1785000 300.8
1790000 353.3
1795000 315.4
1800000 352.4
1805000 358.1
1810000 342.7
1815000 344.0
1820000 79.7
1825000 365.6
1830000 358.0
1835000 344.1
1840000 332.3
1845000 90.8
1850000 240.8
1855000 271.7
1860000 277.8
1865000 317.1
1870000 221.9
1875000 298.1
1880000 0.8
1885000 327.2
1890000 374.8
1895000 326.0
1900000 326.9
1905000 348.5
1910000 344.3
1915000 3.9
1920000 330.9
1925000 101.4
1930000 195.2
1935000 251.7
1940000 322.6
1945000 1.0
1950000 274.2
1955000 359.2
1960000 343.3
1965000 318.8
1970000 354.8
1975000 1.2
1980000 318.3
1985000 358.0
1990000 356.6
1995000 363.9
2000000 317.9
