5000 0.8
10000 1.0
15000 0.8
20000 0.6
25000 0.9
30000 0.6
35000 0.6
40000 0.3
45000 1.2
50000 0.6
55000 0.5
60000 0.8
65000 0.8
70000 0.5
75000 0.9
80000 0.9
85000 1.0
90000 1.0
95000 0.8
100000 0.8
105000 1.5
110000 1.1
115000 1.0
120000 4.0
125000 2.8
130000 1.2
135000 21.6
140000 9.8
145000 1.2
150000 1.0
155000 3.3
160000 3.5
165000 39.3
170000 35.7
175000 50.5
180000 48.7
185000 48.1
190000 1.0
195000 53.9
200000 57.9
205000 1.0
210000 65.3
215000 66.7
220000 7.8
225000 76.3
230000 67.1
235000 88.1
240000 85.6
245000 78.9
250000 93.3
255000 92.9
260000 95.0
265000 89.7
270000 64.3
275000 101.6
280000 102.4
285000 14.0
290000 95.5
295000 113.2
300000 68.9
305000 108.3
310000 104.0
315000 105.3
320000 110.2
325000 83.8
330000 105.4
335000 114.8
340000 116.9
345000 118.1
350000 115.6
355000 123.7
360000 120.0
365000 123.8
370000 128.8
375000 129.0
380000 127.1
385000 129.1
390000 130.2
395000 134.7
400000 141.3
405000 108.2
410000 121.9
415000 141.9
420000 145.0
425000 156.4
430000 157.1
435000 165.1
440000 169.6
445000 158.1
450000 162.3
455000 166.2
460000 183.0
465000 174.9
470000 177.7
475000 183.6
480000 177.7
485000 120.7
490000 181.4
495000 168.1
500000 179.7
505000 182.4
510000 179.9
515000 184.1
520000 9.9
525000 196.5
530000 198.4
535000 191.7
540000 202.8
545000 191.1
550000 200.6
555000 197.2
560000 178.7
565000 136.0
570000 187.9
575000 191.2
580000 191.4
585000 195.6
590000 183.1
595000 194.3
600000 204.8
605000 214.8
610000 197.1
615000 215.1
620000 203.7
625000 195.6
630000 214.8
635000 201.7
640000 207.1
645000 133.9
650000 196.5
655000 209.9
660000 216.7
665000 227.3
670000 215.4
675000 224.0
680000 219.8
685000 226.5
690000 207.3
695000 215.3
700000 231.0
705000 0.9
710000 220.3
715000 239.9
720000 238.0
725000 134.1
730000 189.1
735000 215.5
740000 220.4
745000 217.9
750000 217.9
755000 212.1
760000 214.7
765000 234.9
770000 245.4
775000 218.4
780000 232.4
785000 260.0
790000 0.9
795000 247.8
800000 234.9
805000 142.3
810000 199.2
815000 200.7
820000 221.5
825000 218.3
830000 215.5
835000 217.9
840000 234.9
845000 236.2
850000 226.0
855000 242.3
860000 239.1
865000 250.1
870000 240.5
875000 264.4
880000 218.8
885000 144.5
890000 234.1
895000 225.1
900000 212.7
905000 259.4
910000 229.0
915000 265.9
920000 236.3
925000 250.3
930000 246.3
935000 224.8
940000 223.6
945000 254.2
950000 257.1
955000 264.5
960000 265.9
965000 139.8
970000 225.1
975000 230.0
980000 214.1
985000 244.0
990000 262.0
995000 239.0
1000000 232.5
1005000 257.1
1010000 244.5
1015000 242.6
1020000 270.1
1025000 260.3
1030000 263.1
1035000 270.7
1040000 272.4
1045000 156.8
1050000 202.6
1055000 248.7
1060000 244.9
1065000 260.8
1070000 243.9
1075000 273.0
1080000 260.4
1085000 281.7
1090000 228.0
1095000 282.4
1100000 275.2
1105000 275.7
1110000 293.5
1115000 281.3
1120000 286.3
1125000 146.4
1130000 206.1
1135000 259.1
1140000 272.7
1145000 290.5
1150000 290.8
1155000 299.3
1160000 302.6
1165000 140.4
1170000 273.3
1175000 278.1
1180000 310.7
1185000 263.0
1190000 2.9
1195000 255.3
1200000 306.3
1205000 83.7
1210000 217.4
1215000 221.6
1220000 267.4
1225000 260.5
1230000 1.1
1235000 221.5
1240000 267.5
1245000 295.6
1250000 292.6
1255000 301.6
1260000 1.1
1265000 307.0
1270000 312.7
1275000 312.8
1280000 323.9
1285000 111.8
1290000 180.3
1295000 240.4
1300000 303.3
1305000 285.5
1310000 305.8
1315000 283.1
1320000 310.3
1325000 317.6
1330000 305.2
1335000 326.4
1340000 333.6
1345000 325.3
1350000 190.9
1355000 329.4
1360000 2.6
1365000 99.0
1370000 214.3
1375000 226.9
1380000 287.0
1385000 289.3
1390000 333.2
1395000 253.8
1400000 339.9
1405000 292.8
1410000 312.9
1415000 0.8
1420000 332.4
1425000 215.3
1430000 270.1
1435000 342.9
1440000 351.8
1445000 112.0
1450000 185.9
1455000 186.5
1460000 300.7
1465000 267.8
1470000 300.7
1475000 336.6
1480000 271.0
1485000 350.7
1490000 322.5
1495000 340.0
1500000 354.9
1505000 332.3
1510000 310.2
1515000 146.8
1520000 65.0
1525000 133.1
1530000 188.6
1535000 263.5
1540000 295.4
1545000 359.3
1550000 316.2
1555000 352.8
1560000 4.3
1565000 351.6
1570000 345.0
1575000 330.8
1580000 350.5
1585000 346.2
1590000 355.5
1595000 1.4
1600000 340.9
1605000 119.8
1610000 156.4
1615000 215.2
1620000 301.0
1625000 330.1
1630000 1.0
1635000 329.6
1640000 343.3
1645000 355.9
1650000 349.3
1655000 347.5
1660000 344.9
1665000 324.7
1670000 336.5
1675000 354.6
1680000 350.5
1685000 84.5
1690000 30.4
1695000 272.2
1700000 3.4
1705000 1.0
1710000 351.6
1715000 306.9
1720000 325.7
1725000 326.4
1730000 372.1
1735000 360.7
1740000 343.4
1745000 151.7
1750000 320.4
1755000 367.3
1760000 356.0
1765000 122.0
1770000 250.2
1775000 251.6
1780000 259.8
1785000 319.5
1790000 327.9
1795000 365.1
1800000 331.3
1805000 329.2
1810000 2.1
1815000 356.4
1820000 0.7
1825000 386.9
1830000 363.1
1835000 283.9
1840000 381.8
1845000 143.7
1850000 1.1
1855000 322.6
1860000 273.3
1865000 355.5
1870000 365.6
1875000 379.9
1880000 329.6
1885000 373.8
1890000 369.6
1895000 367.0
1900000 340.0
1905000 373.6
1910000 374.8
1915000 375.7
1920000 370.2
1925000 141.9
1930000 223.5
1935000 296.3
1940000 316.0
1945000 365.1
1950000 344.8
1955000 351.4
1960000 361.0
1965000 344.0
1970000 381.1
1975000 372.3
1980000 369.4
1985000 383.2
1990000 379.7
1995000 391.1
2000000 373.1
