5000 35.4
10000 0.8
15000 118.3
20000 121.8
25000 151.1
30000 161.8
35000 137.3
40000 150.5
45000 211.4
50000 173.0
55000 129.1
60000 179.3
65000 217.7
70000 43.5
75000 237.1
80000 72.2
85000 390.8
90000 509.3
95000 453.4
100000 505.7
105000 545.6
110000 600.4
115000 656.6
120000 698.3
125000 718.7
130000 732.6
135000 744.6
140000 690.7
145000 778.0
150000 768.5
155000 757.9
160000 785.0
165000 240.5
170000 420.8
175000 744.3
180000 786.5
185000 831.8
190000 821.2
195000 839.9
200000 814.9
205000 847.9
210000 855.9
215000 848.1
220000 844.1
225000 847.1
230000 850.5
235000 861.8
240000 852.9
245000 318.3
250000 804.8
255000 813.2
260000 847.5
265000 861.0
270000 843.8
275000 847.2
280000 828.5
285000 868.6
290000 875.0
295000 878.3
300000 868.7
305000 873.8
310000 875.0
315000 880.3
320000 875.6
325000 393.4
330000 770.0
335000 825.8
340000 863.5
345000 875.8
350000 875.4
355000 873.9
360000 870.8
365000 875.0
370000 875.0
375000 880.2
380000 882.4
385000 883.7
390000 878.7
395000 880.8
400000 871.5
405000 333.4
410000 795.5
415000 745.4
420000 734.9
425000 793.5
430000 884.2
435000 882.0
440000 885.8
445000 890.0
450000 880.2
455000 888.0
460000 885.6
465000 884.8
470000 888.0
475000 878.2
480000 892.5
485000 230.1
490000 683.5
495000 393.1
500000 871.7
505000 887.9
510000 881.2
515000 884.4
520000 871.8
525000 883.3
530000 885.7
535000 882.1
540000 888.2
545000 884.3
550000 889.3
555000 886.5
560000 882.4
565000 342.0
570000 775.6
575000 868.8
580000 872.2
585000 853.1
590000 883.5
595000 853.5
600000 889.2
605000 860.1
610000 889.8
615000 891.8
620000 888.1
625000 885.3
630000 892.8
635000 892.1
640000 884.3
645000 379.9
650000 697.7
655000 842.7
660000 863.4
665000 878.0
670000 872.8
675000 884.1
680000 882.0
685000 887.5
690000 891.6
695000 882.5
700000 887.5
705000 894.5
710000 889.6
715000 892.9
720000 896.1
725000 565.8
730000 828.6
735000 881.4
740000 867.3
745000 855.6
750000 885.0
755000 875.9
760000 887.8
765000 889.4
770000 889.4
775000 886.8
780000 895.0
785000 887.5
790000 894.0
795000 892.7
800000 893.0
805000 131.5
810000 541.1
815000 793.5
820000 886.0
825000 754.4
830000 886.4
835000 878.7
840000 882.7
845000 891.6
850000 870.2
855000 895.0
860000 888.7
865000 892.0
870000 883.8
875000 897.2
880000 886.0
885000 105.6
890000 674.8
895000 868.7
900000 876.8
905000 880.8
910000 789.4
915000 880.5
920000 890.6
925000 890.6
930000 890.2
935000 894.9
940000 896.0
945000 889.9
950000 898.4
955000 895.3
960000 897.8
965000 124.5
970000 636.3
975000 857.1
980000 856.6
985000 882.4
990000 872.0
995000 859.3
1000000 891.5
1005000 892.5
1010000 884.8
1015000 892.7
1020000 893.0
1025000 896.2
1030000 894.7
1035000 895.3
1040000 896.0
1045000 124.7
1050000 789.7
1055000 855.6
1060000 881.4
1065000 888.0
1070000 855.7
1075000 893.0
1080000 787.2
1085000 897.8
1090000 895.4
1095000 897.9
1100000 897.7
1105000 888.8
1110000 827.2
1115000 900.0
1120000 903.5
1125000 88.4
1130000 632.1
1135000 828.0
1140000 875.5
1145000 816.7
1150000 889.1
1155000 890.4
1160000 891.7
1165000 893.8
1170000 893.8
1175000 891.9
1180000 900.3
1185000 898.2
1190000 901.3
1195000 900.2
1200000 901.8
1205000 176.5
1210000 579.4
1215000 850.9
1220000 876.3
1225000 889.9
1230000 889.4
1235000 883.7
1240000 893.4
1245000 889.9
1250000 893.6
1255000 895.0
1260000 889.8
1265000 901.0
1270000 903.2
1275000 901.2
1280000 904.1
1285000 171.8
1290000 43.8
1295000 794.7
1300000 889.0
1305000 883.0
1310000 889.1
1315000 890.9
1320000 901.4
1325000 901.3
1330000 901.0
1335000 900.5
1340000 902.3
1345000 903.4
1350000 899.4
1355000 888.5
1360000 901.8
1365000 83.2
1370000 417.6
1375000 786.7
1380000 791.6
1385000 892.3
1390000 888.8
1395000 895.1
1400000 895.2
1405000 898.3
1410000 903.1
1415000 897.5
1420000 902.6
1425000 901.7
1430000 902.1
1435000 902.2
1440000 901.2
1445000 204.3
1450000 436.3
1455000 696.2
1460000 857.4
1465000 798.3
1470000 887.3
1475000 866.6
1480000 878.0
1485000 890.3
1490000 898.4
1495000 901.6
1500000 902.0
1505000 903.9
1510000 894.9
1515000 903.5
1520000 897.9
1525000 177.5
1530000 750.4
1535000 848.6
1540000 876.3
1545000 872.6
1550000 885.6
1555000 898.1
1560000 873.7
1565000 900.4
1570000 899.7
1575000 897.4
1580000 885.0
1585000 895.4
1590000 903.6
1595000 901.6
1600000 904.3
1605000 133.1
1610000 317.3
1615000 767.7
1620000 836.8
1625000 891.4
1630000 899.7
1635000 899.7
1640000 897.5
1645000 902.2
1650000 900.1
1655000 900.9
1660000 904.5
1665000 903.6
1670000 901.7
1675000 905.6
1680000 893.2
1685000 98.4
1690000 657.2
1695000 335.1
1700000 861.1
1705000 876.3
1710000 898.7
1715000 897.3
1720000 899.4
1725000 888.6
1730000 897.6
1735000 903.3
1740000 898.3
1745000 906.0
1750000 907.4
1755000 902.2
1760000 905.0
1765000 84.7
1770000 444.8
1775000 760.2
1780000 847.8
1785000 768.6
1790000 897.0
1795000 898.8
1800000 902.4
1805000 900.1
1810000 900.8
1815000 900.3
1820000 904.3
1825000 906.1
1830000 905.4
1835000 905.8
1840000 905.5
1845000 148.4
1850000 684.8
1855000 749.3
1860000 884.9
1865000 879.0
1870000 892.3
1875000 894.3
1880000 904.3
1885000 906.9
1890000 867.4
1895000 903.6
1900000 893.7
1905000 905.2
1910000 906.8
1915000 908.1
1920000 907.0
1925000 247.6
1930000 542.6
1935000 880.1
1940000 875.5
1945000 889.7
1950000 897.3
1955000 898.7
1960000 899.9
1965000 898.4
1970000 907.6
1975000 902.5
1980000 904.1
1985000 901.8
1990000 878.8
1995000 887.8
2000000 903.4
