5000 16.0
10000 1.6
15000 67.4
20000 71.6
25000 127.6
30000 194.2
35000 149.1
40000 215.3
45000 186.3
50000 141.0
55000 168.0
60000 96.3
65000 175.6
70000 168.9
75000 161.0
80000 188.8
85000 389.3
90000 335.6
95000 433.1
100000 450.2
105000 532.1
110000 539.9
115000 408.5
120000 498.1
125000 614.5
130000 568.3
135000 631.7
140000 666.3
145000 657.8
150000 665.8
155000 652.7
160000 647.4
165000 406.1
170000 615.7
175000 536.5
180000 618.7
185000 18.2
190000 664.0
195000 736.5
200000 755.9
205000 671.2
210000 680.5
215000 537.8
220000 691.5
225000 709.3
230000 734.4
235000 722.5
240000 765.0
245000 411.5
250000 609.4
255000 648.4
260000 710.4
265000 709.2
270000 751.9
275000 748.7
280000 756.1
285000 726.7
290000 769.2
295000 787.9
300000 781.3
305000 785.6
310000 799.4
315000 769.6
320000 807.2
325000 394.1
330000 620.1
335000 666.3
340000 679.6
345000 775.4
350000 753.1
355000 767.7
360000 783.6
365000 795.3
370000 765.6
375000 769.9
380000 794.3
385000 818.5
390000 822.4
395000 830.0
400000 826.6
405000 287.5
410000 606.8
415000 702.4
420000 734.4
425000 706.7
430000 808.6
435000 765.6
440000 756.4
445000 798.5
450000 820.1
455000 829.2
460000 836.6
465000 848.0
470000 834.2
475000 850.1
480000 819.1
485000 332.5
490000 615.2
495000 675.9
500000 694.2
505000 786.7
510000 733.3
515000 789.8
520000 817.8
525000 806.6
530000 862.0
535000 851.5
540000 855.6
545000 843.7
550000 861.8
555000 827.4
560000 846.1
565000 343.0
570000 620.9
575000 750.8
580000 800.4
585000 820.4
590000 824.6
595000 838.7
600000 850.4
605000 857.3
610000 856.1
615000 856.8
620000 852.6
625000 866.3
630000 859.7
635000 866.9
640000 862.1
645000 383.7
650000 630.6
655000 703.7
660000 763.6
665000 834.8
670000 843.2
675000 832.3
680000 837.6
685000 855.8
690000 847.5
695000 867.0
700000 870.5
705000 870.9
710000 845.7
715000 869.2
720000 875.5
725000 291.4
730000 647.2
735000 784.8
740000 768.0
745000 771.9
750000 751.6
755000 745.0
760000 761.1
765000 847.7
770000 856.9
775000 855.1
780000 863.0
785000 853.6
790000 780.2
795000 870.8
800000 866.5
805000 108.3
810000 674.1
815000 680.7
820000 740.5
825000 791.8
830000 757.0
835000 844.9
840000 831.9
845000 870.3
850000 865.4
855000 865.1
860000 871.7
865000 875.6
870000 873.6
875000 858.3
880000 846.7
885000 303.4
890000 610.9
895000 688.4
900000 808.2
905000 846.1
910000 818.2
915000 847.2
920000 870.2
925000 868.8
930000 857.7
935000 874.7
940000 864.7
945000 869.4
950000 872.0
955000 856.4
960000 871.5
965000 369.3
970000 618.8
975000 793.1
980000 815.7
985000 788.5
990000 798.9
995000 831.4
1000000 869.5
1005000 736.9
1010000 879.6
1015000 873.4
1020000 765.2
1025000 825.4
1030000 872.7
1035000 873.0
1040000 883.0
1045000 350.3
1050000 621.4
1055000 753.5
1060000 843.9
1065000 825.8
1070000 807.1
1075000 827.2
1080000 856.7
1085000 858.5
1090000 859.1
1095000 879.3
1100000 869.0
1105000 885.7
1110000 885.6
1115000 884.6
1120000 823.5
1125000 147.8
1130000 426.8
1135000 694.4
1140000 766.7
1145000 806.6
1150000 791.5
1155000 792.4
1160000 863.2
1165000 871.8
1170000 881.9
1175000 871.5
1180000 878.7
1185000 879.8
1190000 878.2
1195000 885.0
1200000 885.8
1205000 130.0
1210000 433.7
1215000 681.0
1220000 809.6
1225000 764.6
1230000 854.9
1235000 855.2
1240000 867.7
1245000 873.2
1250000 795.4
1255000 882.2
1260000 888.7
1265000 876.2
1270000 889.1
1275000 862.3
1280000 891.8
1285000 76.6
1290000 493.9
1295000 697.0
1300000 784.7
1305000 689.1
1310000 595.0
1315000 751.0
1320000 854.7
1325000 878.9
1330000 883.6
1335000 865.2
1340000 880.7
1345000 881.5
1350000 869.2
1355000 884.8
1360000 885.9
1365000 234.6
1370000 557.6
1375000 720.6
1380000 834.8
1385000 784.4
1390000 855.2
1395000 882.2
1400000 851.9
1405000 876.6
1410000 860.7
1415000 884.4
1420000 889.9
1425000 882.3
1430000 852.7
1435000 876.2
1440000 865.3
1445000 194.3
1450000 601.0
1455000 674.0
1460000 766.3
1465000 853.1
1470000 824.3
1475000 865.5
1480000 866.8
1485000 856.2
1490000 883.5
1495000 879.8
1500000 853.0
1505000 887.3
1510000 890.5
1515000 835.0
1520000 888.9
1525000 136.3
1530000 592.7
1535000 724.2
1540000 752.6
1545000 794.0
1550000 862.6
1555000 855.2
1560000 883.5
1565000 850.4
1570000 882.1
1575000 846.6
1580000 881.3
1585000 888.9
1590000 677.4
1595000 792.6
1600000 892.0
1605000 195.6
1610000 563.9
1615000 721.6
1620000 722.6
1625000 705.5
1630000 867.3
1635000 858.8
1640000 870.0
1645000 849.9
1650000 877.7
1655000 794.4
1660000 867.8
1665000 850.5
1670000 884.6
1675000 894.5
1680000 876.6
1685000 66.3
1690000 504.5
1695000 643.5
1700000 785.2
1705000 817.1
1710000 745.2
1715000 785.8
1720000 852.3
1725000 881.2
1730000 874.2
1735000 886.2
1740000 885.6
1745000 879.9
1750000 892.1
1755000 893.1
1760000 892.6
1765000 108.5
1770000 404.3
1775000 591.9
1780000 721.5
1785000 774.8
1790000 863.5
1795000 814.8
1800000 839.1
1805000 813.2
1810000 863.8
1815000 796.5
1820000 882.5
1825000 872.4
1830000 892.2
1835000 884.2
1840000 892.1
1845000 214.4
1850000 558.6
1855000 724.5
1860000 772.8
1865000 863.1
1870000 834.9
1875000 859.6
1880000 847.9
1885000 881.7
1890000 888.3
1895000 888.1
1900000 839.5
1905000 889.2
1910000 845.5
1915000 891.7
1920000 888.6
1925000 298.7
1930000 550.2
1935000 770.6
1940000 680.8
1945000 760.3
1950000 725.7
1955000 883.4
1960000 856.9
1965000 885.3
1970000 873.5
1975000 886.3
1980000 878.7
1985000 663.0
1990000 885.4
1995000 892.6
2000000 888.9
