5000 24.4
10000 1.8
15000 97.6
20000 90.2
25000 97.4
30000 151.0
35000 145.6
40000 160.2
45000 194.5
50000 212.4
55000 199.4
60000 198.0
65000 186.1
70000 141.5
75000 165.5
80000 228.4
85000 366.0
90000 358.8
95000 354.0
100000 420.6
105000 469.2
110000 499.0
115000 609.0
120000 548.1
125000 607.9
130000 658.8
135000 567.2
140000 605.5
145000 468.8
150000 391.9
155000 702.5
160000 640.5
165000 175.9
170000 747.4
175000 759.8
180000 782.8
185000 820.4
190000 795.2
195000 692.5
200000 810.9
205000 840.5
210000 828.6
215000 853.3
220000 847.2
225000 842.9
230000 830.4
235000 832.3
240000 849.7
245000 428.1
250000 479.3
255000 761.4
260000 836.0
265000 815.2
270000 825.8
275000 852.8
280000 823.5
285000 739.4
290000 869.7
295000 59.3
300000 59.7
305000 48.5
310000 43.5
315000 12.6
320000 67.6
325000 318.5
330000 832.4
335000 818.3
340000 834.6
345000 857.6
350000 884.9
355000 880.2
360000 877.3
365000 873.9
370000 871.8
375000 870.9
380000 888.1
385000 866.1
390000 838.0
395000 892.9
400000 883.7
405000 188.2
410000 794.8
415000 801.4
420000 788.7
425000 865.9
430000 827.7
435000 823.1
440000 872.3
445000 879.7
450000 884.0
455000 885.2
460000 879.1
465000 870.3
470000 890.9
475000 889.8
480000 896.6
485000 159.8
490000 663.2
495000 845.2
500000 888.9
505000 887.5
510000 848.1
515000 889.3
520000 856.0
525000 895.6
530000 887.0
535000 895.4
540000 892.9
545000 892.1
550000 895.5
555000 901.3
560000 895.3
565000 134.4
570000 817.2
575000 833.4
580000 872.8
585000 873.4
590000 889.2
595000 890.9
600000 887.4
605000 884.2
610000 890.9
615000 891.1
620000 878.5
625000 883.4
630000 893.0
635000 821.2
640000 894.9
645000 267.2
650000 840.7
655000 840.3
660000 871.7
665000 885.2
670000 888.0
675000 889.6
680000 892.8
685000 887.7
690000 876.6
695000 892.5
700000 893.2
705000 894.9
710000 899.6
715000 896.0
720000 892.9
725000 266.2
730000 776.6
735000 808.9
740000 863.7
745000 882.7
750000 881.1
755000 888.5
760000 896.7
765000 880.0
770000 891.3
775000 894.2
780000 893.6
785000 899.0
790000 897.4
795000 901.2
800000 899.1
805000 153.5
810000 804.5
815000 877.7
820000 873.1
825000 851.9
830000 890.2
835000 894.6
840000 880.5
845000 899.5
850000 897.0
855000 897.9
860000 900.5
865000 903.5
870000 902.0
875000 886.7
880000 900.9
885000 208.5
890000 788.7
895000 864.2
900000 879.1
905000 888.6
910000 893.5
915000 892.8
920000 884.7
925000 900.4
930000 894.4
935000 899.6
940000 898.1
945000 904.4
950000 899.7
955000 905.3
960000 904.5
965000 201.3
970000 786.8
975000 779.0
980000 851.2
985000 873.8
990000 882.6
995000 893.2
1000000 887.2
1005000 892.3
1010000 900.6
1015000 897.0
1020000 901.9
1025000 904.0
1030000 903.9
1035000 902.9
1040000 905.5
1045000 87.1
1050000 686.2
1055000 870.6
1060000 807.8
1065000 857.7
1070000 884.6
1075000 895.2
1080000 898.0
1085000 901.1
1090000 886.7
1095000 896.8
1100000 905.2
1105000 903.9
1110000 895.8
1115000 909.1
1120000 906.8
1125000 236.9
1130000 775.1
1135000 821.4
1140000 689.9
1145000 825.7
1150000 879.7
1155000 903.6
1160000 838.6
1165000 903.6
1170000 903.6
1175000 903.5
1180000 906.2
1185000 906.4
1190000 908.0
1195000 902.9
1200000 902.6
1205000 81.4
1210000 577.8
1215000 822.5
1220000 843.5
1225000 895.5
1230000 868.4
1235000 811.7
1240000 897.2
1245000 904.4
1250000 905.8
1255000 907.5
1260000 903.3
1265000 908.5
1270000 905.2
1275000 912.6
1280000 911.5
1285000 160.2
1290000 641.4
1295000 642.7
1300000 874.2
1305000 850.1
1310000 897.6
1315000 900.8
1320000 900.3
1325000 906.2
1330000 908.0
1335000 909.7
1340000 905.3
1345000 910.1
1350000 911.5
1355000 909.5
1360000 912.3
1365000 144.1
1370000 575.8
1375000 362.4
1380000 874.9
1385000 892.9
1390000 901.9
1395000 868.7
1400000 889.2
1405000 852.9
1410000 909.8
1415000 898.5
1420000 911.4
1425000 913.1
1430000 906.2
1435000 909.0
1440000 911.6
1445000 69.4
1450000 642.1
1455000 607.9
1460000 733.5
1465000 821.8
1470000 902.7
1475000 828.0
1480000 905.8
1485000 880.2
1490000 901.3
1495000 905.8
1500000 911.3
1505000 849.1
1510000 913.8
1515000 914.0
1520000 912.3
1525000 317.7
1530000 542.4
1535000 768.2
1540000 658.4
1545000 894.0
1550000 902.9
1555000 899.1
1560000 862.7
1565000 908.6
1570000 906.4
1575000 910.9
1580000 904.8
1585000 912.0
1590000 908.3
1595000 913.5
1600000 911.2
1605000 87.0
1610000 753.0
1615000 785.5
1620000 892.4
1625000 579.2
1630000 888.9
1635000 897.4
1640000 907.2
1645000 911.7
1650000 909.0
1655000 886.9
1660000 906.4
1665000 909.7
1670000 911.4
1675000 913.5
1680000 912.4
1685000 114.4
1690000 584.9
1695000 816.6
1700000 839.2
1705000 843.3
1710000 869.0
1715000 899.4
1720000 448.9
1725000 906.8
1730000 631.1
1735000 909.3
1740000 899.2
1745000 909.6
1750000 913.7
1755000 912.2
1760000 914.2
1765000 145.8
1770000 675.7
1775000 731.0
1780000 868.3
1785000 874.4
1790000 895.6
1795000 901.9
1800000 910.4
1805000 909.9
1810000 908.2
1815000 912.1
1820000 909.8
1825000 912.3
1830000 913.1
1835000 912.9
1840000 910.9
1845000 166.9
1850000 711.0
1855000 804.5
1860000 888.2
1865000 898.7
1870000 901.4
1875000 903.2
1880000 905.7
1885000 759.0
1890000 910.4
1895000 912.5
1900000 913.8
1905000 912.3
1910000 913.8
1915000 914.1
1920000 914.8
1925000 117.6
1930000 806.7
1935000 784.8
1940000 797.9
1945000 903.5
1950000 885.3
1955000 907.8
1960000 911.1
1965000 910.2
1970000 912.8
1975000 909.5
1980000 357.7
1985000 912.2
1990000 915.1
1995000 911.6
2000000 894.8
