5000 8.8
10000 2.7
15000 59.3
20000 81.2
25000 94.2
30000 114.3
35000 129.4
40000 124.3
45000 153.7
50000 234.6
55000 72.1
60000 237.3
65000 283.9
70000 149.8
75000 522.8
80000 498.6
85000 255.0
90000 511.6
95000 683.1
100000 637.0
105000 675.3
110000 712.8
115000 717.3
120000 727.9
125000 726.5
130000 703.1
135000 726.2
140000 736.4
145000 746.7
150000 744.5
155000 748.9
160000 773.8
165000 387.0
170000 427.1
175000 751.6
180000 777.9
185000 774.5
190000 792.7
195000 799.7
200000 796.2
205000 750.1
210000 799.4
215000 807.0
220000 823.2
225000 741.0
230000 825.5
235000 830.7
240000 753.6
245000 77.9
250000 364.9
255000 710.9
260000 817.9
265000 817.5
270000 833.7
275000 778.8
280000 829.5
285000 856.5
290000 842.9
295000 844.7
300000 848.3
305000 858.8
310000 871.7
315000 846.4
320000 854.8
325000 418.7
330000 698.4
335000 770.5
340000 733.2
345000 786.8
350000 850.2
355000 854.8
360000 867.1
365000 875.9
370000 877.4
375000 872.9
380000 869.9
385000 867.4
390000 865.8
395000 875.7
400000 876.3
405000 157.0
410000 704.4
415000 804.9
420000 847.0
425000 854.5
430000 791.1
435000 855.4
440000 877.3
445000 874.5
450000 878.6
455000 684.1
460000 867.7
465000 879.4
470000 860.7
475000 782.3
480000 889.2
485000 376.6
490000 651.6
495000 797.5
500000 749.6
505000 877.1
510000 880.6
515000 876.9
520000 888.9
525000 877.4
530000 860.7
535000 882.9
540000 890.5
545000 887.9
550000 893.5
555000 895.9
560000 892.9
565000 285.5
570000 638.4
575000 831.7
580000 840.3
585000 877.9
590000 884.7
595000 846.6
600000 892.0
605000 885.7
610000 891.2
615000 894.9
620000 898.6
625000 896.3
630000 897.0
635000 897.8
640000 896.1
645000 204.4
650000 794.8
655000 682.8
660000 836.4
665000 885.0
670000 888.5
675000 854.5
680000 872.7
685000 880.3
690000 896.6
695000 875.2
700000 890.0
705000 817.5
710000 894.3
715000 890.0
720000 896.5
725000 467.1
730000 827.9
735000 854.8
740000 872.3
745000 878.1
750000 875.4
755000 884.0
760000 893.7
765000 892.5
770000 890.0
775000 894.4
780000 897.3
785000 897.7
790000 899.5
795000 902.0
800000 899.3
805000 172.1
810000 662.1
815000 855.7
820000 805.5
825000 825.8
830000 840.7
835000 869.4
840000 888.2
845000 891.9
850000 895.0
855000 889.3
860000 838.6
865000 891.1
870000 879.2
875000 900.6
880000 894.4
885000 274.1
890000 772.8
895000 842.9
900000 884.0
905000 844.3
910000 888.4
915000 885.9
920000 890.2
925000 893.4
930000 893.9
935000 892.6
940000 886.2
945000 889.5
950000 868.8
955000 899.7
960000 893.1
965000 323.2
970000 814.8
975000 779.4
980000 821.7
985000 875.6
990000 890.5
995000 887.1
1000000 893.6
1005000 888.8
1010000 891.8
1015000 894.9
1020000 891.4
1025000 898.2
1030000 896.0
1035000 898.6
1040000 880.3
1045000 159.4
1050000 767.6
1055000 813.9
1060000 886.2
1065000 866.2
1070000 892.9
1075000 895.6
1080000 889.5
1085000 895.6
1090000 892.7
1095000 900.3
1100000 902.0
1105000 901.5
1110000 904.2
1115000 839.5
1120000 902.2
1125000 86.3
1130000 735.7
1135000 808.4
1140000 874.8
1145000 689.3
1150000 893.0
1155000 670.6
1160000 892.2
1165000 900.8
1170000 899.5
1175000 880.0
1180000 902.7
1185000 903.0
1190000 887.8
1195000 904.1
1200000 906.6
1205000 99.8
1210000 236.4
1215000 769.2
1220000 881.7
1225000 893.8
1230000 884.2
1235000 881.9
1240000 897.6
1245000 898.0
1250000 896.1
1255000 900.4
1260000 903.5
1265000 904.4
1270000 902.3
1275000 904.7
1280000 892.4
1285000 52.5
1290000 470.5
1295000 862.6
1300000 867.4
1305000 891.3
1310000 748.2
1315000 898.4
1320000 892.1
1325000 902.2
1330000 901.9
1335000 901.4
1340000 898.5
1345000 904.2
1350000 904.0
1355000 903.1
1360000 907.2
1365000 249.3
1370000 773.2
1375000 687.3
1380000 888.0
1385000 889.1
1390000 894.7
1395000 897.3
1400000 898.0
1405000 906.8
1410000 903.2
1415000 907.6
1420000 907.8
1425000 908.2
1430000 904.2
1435000 906.6
1440000 910.4
1445000 107.0
1450000 708.1
1455000 848.9
1460000 776.4
1465000 890.0
1470000 899.2
1475000 900.7
1480000 900.6
1485000 896.2
1490000 888.5
1495000 902.8
1500000 906.8
1505000 906.5
1510000 906.7
1515000 901.5
1520000 908.2
1525000 56.1
1530000 662.8
1535000 833.9
1540000 752.8
1545000 784.5
1550000 891.8
1555000 897.2
1560000 901.4
1565000 890.8
1570000 904.5
1575000 904.8
1580000 904.8
1585000 908.1
1590000 903.6
1595000 907.5
1600000 909.9
1605000 83.8
1610000 629.6
1615000 819.5
1620000 844.3
1625000 895.7
1630000 886.9
1635000 898.0
1640000 895.6
1645000 902.5
1650000 898.9
1655000 905.5
1660000 905.9
1665000 905.4
1670000 907.6
1675000 905.3
1680000 909.0
1685000 145.3
1690000 232.1
1695000 869.1
1700000 852.4
1705000 898.1
1710000 881.4
1715000 901.0
1720000 898.4
1725000 904.4
1730000 895.1
1735000 906.4
1740000 898.1
1745000 901.6
1750000 903.1
1755000 901.2
1760000 906.3
1765000 94.6
1770000 783.4
1775000 851.2
1780000 868.5
1785000 872.5
1790000 894.4
1795000 898.4
1800000 890.5
1805000 896.5
1810000 906.7
1815000 904.2
1820000 900.7
1825000 907.7
1830000 910.2
1835000 909.7
1840000 910.6
1845000 120.3
1850000 745.8
1855000 842.6
1860000 888.5
1865000 892.0
1870000 898.1
1875000 899.0
1880000 894.3
1885000 848.9
1890000 906.9
1895000 889.0
1900000 898.1
1905000 906.2
1910000 869.0
1915000 906.3
1920000 910.8
1925000 112.1
1930000 578.5
1935000 776.3
1940000 858.8
1945000 897.8
1950000 903.1
1955000 895.7
1960000 898.5
1965000 908.1
1970000 907.4
1975000 908.1
1980000 907.7
1985000 907.4
1990000 905.8
1995000 906.1
2000000 906.8
