5000 3.3
10000 0.4
15000 82.6
20000 140.7
25000 82.3
30000 91.6
35000 168.6
40000 195.2
45000 219.8
50000 204.6
55000 249.9
60000 300.5
65000 271.3
70000 330.0
75000 251.0
80000 384.3
85000 381.3
90000 302.6
95000 551.7
100000 587.0
105000 555.1
110000 460.5
115000 681.0
120000 709.5
125000 690.0
130000 668.8
135000 758.5
140000 764.1
145000 743.0
150000 774.6
155000 769.6
160000 737.8
165000 147.3
170000 350.7
175000 638.0
180000 803.2
185000 787.4
190000 795.5
195000 810.5
200000 819.9
205000 31.0
210000 83.4
215000 72.2
220000 61.3
225000 93.7
230000 150.0
235000 734.2
240000 762.9
245000 288.2
250000 719.4
255000 766.0
260000 794.5
265000 844.1
270000 793.6
275000 799.7
280000 854.1
285000 851.9
290000 846.6
295000 863.5
300000 866.2
305000 870.3
310000 879.3
315000 880.6
320000 878.7
325000 309.7
330000 620.1
335000 847.0
340000 844.7
345000 861.9
350000 869.3
355000 815.6
360000 859.2
365000 803.5
370000 863.2
375000 875.8
380000 871.4
385000 862.3
390000 887.2
395000 878.6
400000 883.0
405000 555.2
410000 695.7
415000 840.6
420000 853.5
425000 864.6
430000 878.4
435000 871.2
440000 886.3
445000 880.3
450000 886.4
455000 885.1
460000 888.6
465000 889.4
470000 880.7
475000 841.1
480000 893.1
485000 170.4
490000 793.7
495000 844.3
500000 879.3
505000 823.7
510000 882.7
515000 876.2
520000 868.8
525000 882.3
530000 890.3
535000 890.6
540000 887.5
545000 888.1
550000 900.6
555000 892.1
560000 898.2
565000 512.9
570000 837.3
575000 865.0
580000 881.0
585000 890.3
590000 884.1
595000 875.6
600000 890.6
605000 894.3
610000 893.2
615000 869.7
620000 896.8
625000 887.3
630000 899.1
635000 899.1
640000 899.7
645000 256.2
650000 828.2
655000 875.5
660000 805.8
665000 888.8
670000 886.1
675000 888.6
680000 890.3
685000 891.6
690000 899.5
695000 898.7
700000 901.0
705000 901.1
710000 838.5
715000 901.1
720000 895.0
725000 346.9
730000 580.3
735000 869.6
740000 888.1
745000 886.9
750000 888.0
755000 895.9
760000 897.1
765000 903.4
770000 889.3
775000 899.9
780000 902.7
785000 905.0
790000 893.5
795000 902.0
800000 904.4
805000 276.7
810000 783.1
815000 718.8
820000 860.4
825000 892.5
830000 896.9
835000 893.8
840000 893.6
845000 901.5
850000 808.9
855000 902.4
860000 903.7
865000 902.6
870000 903.9
875000 904.5
880000 900.3
885000 442.5
890000 840.2
895000 845.1
900000 802.8
905000 888.1
910000 889.5
915000 903.0
920000 899.8
925000 902.6
930000 903.9
935000 906.7
940000 888.1
945000 904.4
950000 904.6
955000 903.7
960000 885.4
965000 292.1
970000 680.7
975000 767.7
980000 858.7
985000 900.1
990000 897.5
995000 905.2
1000000 900.9
1005000 904.0
1010000 902.3
1015000 904.0
1020000 907.3
1025000 898.0
1030000 903.9
1035000 908.4
1040000 905.1
1045000 314.3
1050000 841.0
1055000 867.7
1060000 897.0
1065000 886.8
1070000 901.4
1075000 876.7
1080000 898.9
1085000 901.8
1090000 905.5
1095000 907.0
1100000 902.3
1105000 908.0
1110000 896.5
1115000 895.8
1120000 911.4
1125000 130.9
1130000 370.9
1135000 308.0
1140000 895.1
1145000 870.6
1150000 898.2
1155000 904.1
1160000 901.7
1165000 900.9
1170000 905.3
1175000 907.3
1180000 908.0
1185000 901.3
1190000 909.1
1195000 908.4
1200000 910.3
1205000 220.2
1210000 481.6
1215000 801.1
1220000 903.7
1225000 896.4
1230000 902.1
1235000 899.5
1240000 906.1
1245000 905.2
1250000 902.9
1255000 907.2
1260000 912.0
1265000 907.8
1270000 899.6
1275000 841.3
1280000 169.5
1285000 49.1
1290000 699.5
1295000 612.3
1300000 821.6
1305000 893.1
1310000 875.7
1315000 832.7
1320000 908.7
1325000 906.9
1330000 903.9
1335000 899.7
1340000 905.4
1345000 911.6
1350000 911.2
1355000 909.8
1360000 910.1
1365000 74.2
1370000 610.3
1375000 870.1
1380000 892.4
1385000 891.9
1390000 899.7
1395000 902.3
1400000 903.3
1405000 815.9
1410000 907.7
1415000 908.9
1420000 907.1
1425000 907.3
1430000 908.7
1435000 906.8
1440000 910.8
1445000 216.8
1450000 592.7
1455000 308.5
1460000 884.1
1465000 886.0
1470000 902.0
1475000 819.8
1480000 907.6
1485000 911.4
1490000 890.5
1495000 911.4
1500000 910.3
1505000 906.4
1510000 905.0
1515000 891.8
1520000 913.2
1525000 169.7
1530000 331.2
1535000 820.7
1540000 899.3
1545000 898.0
1550000 897.5
1555000 868.6
1560000 840.5
1565000 911.6
1570000 912.3
1575000 906.1
1580000 899.2
1585000 907.9
1590000 913.5
1595000 909.9
1600000 909.9
1605000 184.4
1610000 648.9
1615000 799.6
1620000 864.4
1625000 899.7
1630000 903.4
1635000 908.0
1640000 908.1
1645000 902.1
1650000 908.2
1655000 908.7
1660000 776.3
1665000 904.0
1670000 737.0
1675000 911.3
1680000 911.9
1685000 188.7
1690000 790.8
1695000 772.5
1700000 895.5
1705000 901.2
1710000 897.1
1715000 899.6
1720000 907.2
1725000 912.1
1730000 911.6
1735000 912.7
1740000 909.7
1745000 909.3
1750000 793.5
1755000 909.2
1760000 915.5
1765000 120.6
1770000 784.9
1775000 873.2
1780000 902.4
1785000 884.8
1790000 905.5
1795000 797.5
1800000 911.6
1805000 908.4
1810000 911.9
1815000 911.9
1820000 911.5
1825000 911.1
1830000 913.5
1835000 911.5
1840000 911.8
1845000 185.3
1850000 735.8
1855000 847.6
1860000 891.2
1865000 839.8
1870000 904.5
1875000 906.2
1880000 908.6
1885000 912.4
1890000 784.3
1895000 913.2
1900000 915.2
1905000 911.1
1910000 900.1
1915000 907.3
1920000 906.8
1925000 174.1
1930000 210.7
1935000 283.2
1940000 891.7
1945000 901.3
1950000 904.9
1955000 909.3
1960000 910.4
1965000 907.0
1970000 880.5
1975000 913.0
1980000 915.2
1985000 911.8
1990000 913.8
1995000 912.0
2000000 913.1
