5000 300.0
10000 400.0
15000 298.4
20000 36.2
25000 490.1
30000 577.8
35000 257.2
40000 581.2
45000 406.7
50000 665.9
55000 383.5
60000 574.7
65000 788.3
70000 685.7
75000 668.7
80000 781.8
85000 576.1
90000 674.3
95000 675.6
100000 579.1
105000 776.7
110000 778.8
115000 963.6
120000 653.4
125000 959.0
130000 770.4
135000 959.9
140000 782.1
145000 978.7
150000 855.9
155000 884.5
160000 762.8
165000 396.3
170000 390.4
175000 741.7
180000 688.2
185000 753.7
190000 866.1
195000 975.8
200000 858.4
205000 881.3
210000 956.8
215000 774.9
220000 977.4
225000 973.7
230000 860.9
235000 969.2
240000 970.1
245000 975.5
250000 952.2
255000 871.4
260000 967.1
265000 979.7
270000 969.8
275000 785.2
280000 991.4
285000 978.4
290000 982.2
295000 970.1
300000 866.9
305000 878.1
310000 969.0
315000 886.3
320000 968.0
325000 399.8
330000 671.4
335000 672.8
340000 872.1
345000 680.3
350000 860.4
355000 777.6
360000 976.3
365000 974.2
370000 887.5
375000 872.8
380000 877.2
385000 883.6
390000 873.9
395000 887.7
400000 973.1
405000 973.9
410000 989.1
415000 872.8
420000 882.0
425000 787.9
430000 977.4
435000 973.3
440000 978.0
445000 976.0
450000 978.7
455000 970.7
460000 981.3
465000 784.8
470000 978.2
475000 852.3
480000 876.6
485000 414.5
490000 493.0
495000 884.0
500000 911.7
505000 780.1
510000 971.3
515000 765.9
520000 879.0
525000 785.2
530000 782.1
535000 865.8
540000 976.1
545000 975.1
550000 980.7
555000 976.4
560000 983.1
565000 988.3
570000 972.6
575000 972.4
580000 872.9
585000 982.0
590000 881.5
595000 969.2
600000 976.5
605000 958.3
610000 975.8
615000 970.6
620000 986.5
625000 978.1
630000 877.0
635000 972.3
640000 883.2
645000 297.2
650000 832.5
655000 730.5
660000 979.3
665000 878.3
670000 979.9
675000 873.3
680000 884.5
685000 886.5
690000 878.6
695000 984.6
700000 884.5
705000 976.5
710000 783.2
715000 975.5
720000 960.9
725000 875.1
730000 977.0
735000 979.8
740000 978.5
745000 977.9
750000 971.8
755000 985.1
760000 974.9
765000 976.9
770000 879.6
775000 889.7
780000 876.2
785000 871.7
790000 970.9
795000 973.3
800000 975.1
805000 635.0
810000 669.5
815000 848.4
820000 987.3
825000 882.3
830000 872.8
835000 988.0
840000 866.0
845000 977.2
850000 985.1
855000 977.7
860000 977.5
865000 982.6
870000 973.3
875000 976.9
880000 878.3
885000 971.8
890000 874.9
895000 885.6
900000 976.9
905000 979.4
910000 874.9
915000 988.3
920000 991.6
925000 877.1
930000 980.5
935000 884.8
940000 972.5
945000 883.1
950000 981.1
955000 785.3
960000 967.8
965000 236.1
970000 836.9
975000 977.7
980000 965.7
985000 951.8
990000 881.0
995000 978.5
1000000 977.3
1005000 888.4
1010000 982.6
1015000 979.3
1020000 969.1
1025000 988.5
1030000 982.5
1035000 872.2
1040000 886.9
1045000 976.1
1050000 986.8
1055000 986.3
1060000 966.6
1065000 957.3
1070000 976.5
1075000 971.5
1080000 883.3
1085000 985.7
1090000 979.4
1095000 990.2
1100000 990.7
1105000 973.3
1110000 877.2
1115000 978.8
1120000 971.6
1125000 105.4
1130000 639.2
1135000 665.2
1140000 876.3
1145000 597.8
1150000 782.1
1155000 876.4
1160000 878.3
1165000 983.1
1170000 884.1
1175000 975.3
1180000 880.4
1185000 972.1
1190000 868.2
1195000 885.1
1200000 984.9
1205000 982.9
1210000 977.1
1215000 870.4
1220000 979.4
1225000 982.9
1230000 880.4
1235000 978.4
1240000 878.0
1245000 971.5
1250000 978.0
1255000 981.8
1260000 981.0
1265000 879.4
1270000 874.5
1275000 985.1
1280000 881.0
1285000 116.6
1290000 488.3
1295000 767.8
1300000 977.7
1305000 868.3
1310000 755.9
1315000 787.0
1320000 875.1
1325000 878.0
1330000 973.5
1335000 934.9
1340000 979.0
1345000 874.1
1350000 973.3
1355000 882.2
1360000 886.6
1365000 883.9
1370000 975.7
1375000 981.0
1380000 916.2
1385000 886.0
1390000 887.4
1395000 981.5
1400000 986.9
1405000 978.5
1410000 979.8
1415000 986.1
1420000 888.5
1425000 978.8
1430000 886.5
1435000 991.7
1440000 883.5
1445000 516.8
1450000 603.6
1455000 494.5
1460000 691.9
1465000 689.6
1470000 962.1
1475000 779.3
1480000 970.7
1485000 954.6
1490000 988.0
1495000 983.9
1500000 977.4
1505000 983.9
1510000 875.4
1515000 680.8
1520000 983.2
1525000 971.5
1530000 981.5
1535000 979.9
1540000 788.1
1545000 980.9
1550000 980.2
1555000 877.3
1560000 987.3
1565000 981.2
1570000 977.1
1575000 980.8
1580000 980.0
1585000 885.9
1590000 980.3
1595000 986.1
1600000 974.6
1605000 405.3
1610000 778.6
1615000 688.2
1620000 787.2
1625000 870.3
1630000 884.0
1635000 974.9
1640000 986.3
1645000 969.1
1650000 963.7
1655000 966.0
1660000 976.5
1665000 966.8
1670000 873.7
1675000 785.3
1680000 987.2
1685000 881.6
1690000 981.8
1695000 882.4
1700000 881.6
1705000 962.3
1710000 978.9
1715000 879.0
1720000 982.8
1725000 987.0
1730000 872.9
1735000 973.6
1740000 889.0
1745000 973.7
1750000 982.8
1755000 976.8
1760000 975.8
1765000 435.8
1770000 584.5
1775000 773.3
1780000 869.0
1785000 788.7
1790000 786.2
1795000 979.8
1800000 876.6
1805000 886.5
1810000 975.5
1815000 985.1
1820000 977.7
1825000 979.0
1830000 976.6
1835000 973.2
1840000 976.8
1845000 877.2
1850000 986.0
1855000 975.2
1860000 983.6
1865000 970.2
1870000 973.3
1875000 977.7
1880000 982.8
1885000 982.7
1890000 984.6
1895000 976.2
1900000 937.7
1905000 991.8
1910000 982.6
1915000 981.1
1920000 891.5
1925000 979.3
1930000 987.5
1935000 985.2
1940000 975.7
1945000 875.4
1950000 987.8
1955000 974.5
1960000 988.1
1965000 987.3
1970000 945.8
1975000 876.7
1980000 876.7
1985000 987.0
1990000 977.4
1995000 979.9
2000000 984.7
