5000 96.3
10000 0.0
15000 181.9
20000 230.2
25000 351.4
30000 118.5
35000 376.4
40000 390.5
45000 228.0
50000 393.7
55000 627.1
60000 571.0
65000 442.0
70000 694.4
75000 578.6
80000 441.8
85000 656.3
90000 671.3
95000 874.4
100000 855.6
105000 843.6
110000 778.9
115000 911.3
120000 756.7
125000 595.9
130000 676.6
135000 775.5
140000 785.6
145000 877.1
150000 967.7
155000 677.1
160000 849.4
165000 489.9
170000 671.8
175000 490.9
180000 863.8
185000 685.3
190000 490.9
195000 575.4
200000 587.3
205000 780.7
210000 762.8
215000 772.9
220000 781.4
225000 788.8
230000 681.9
235000 956.0
240000 669.2
245000 773.4
250000 880.6
255000 879.2
260000 871.6
265000 978.2
270000 778.5
275000 941.6
280000 979.2
285000 738.7
290000 976.0
295000 767.9
300000 767.6
305000 979.7
310000 779.0
315000 779.0
320000 871.6
325000 502.3
330000 683.6
335000 394.9
340000 780.0
345000 970.1
350000 873.9
355000 974.9
360000 968.9
365000 962.4
370000 865.8
375000 862.9
380000 872.2
385000 979.4
390000 967.4
395000 772.0
400000 975.5
405000 877.3
410000 881.0
415000 971.1
420000 981.8
425000 779.9
430000 979.0
435000 960.4
440000 972.3
445000 879.6
450000 958.1
455000 972.8
460000 877.9
465000 956.0
470000 881.6
475000 969.4
480000 886.3
485000 509.2
490000 880.1
495000 961.5
500000 880.4
505000 870.5
510000 970.2
515000 951.0
520000 832.1
525000 972.8
530000 980.4
535000 879.3
540000 885.1
545000 878.8
550000 975.5
555000 980.7
560000 984.7
565000 972.2
570000 979.5
575000 980.5
580000 978.3
585000 878.0
590000 973.7
595000 977.9
600000 971.6
605000 974.1
610000 978.7
615000 965.7
620000 974.2
625000 976.1
630000 969.3
635000 875.8
640000 980.4
645000 453.3
650000 488.6
655000 878.1
660000 966.8
665000 783.0
670000 972.9
675000 879.4
680000 876.4
685000 886.2
690000 981.3
695000 974.9
700000 980.5
705000 978.1
710000 980.2
715000 970.5
720000 981.5
725000 978.0
730000 985.9
735000 975.7
740000 982.5
745000 968.8
750000 964.2
755000 883.1
760000 983.5
765000 977.2
770000 867.1
775000 978.3
780000 987.0
785000 973.5
790000 987.4
795000 984.4
800000 983.3
805000 178.3
810000 582.3
815000 875.2
820000 878.7
825000 978.1
830000 972.0
835000 972.6
840000 974.8
845000 979.8
850000 882.6
855000 982.9
860000 884.5
865000 876.9
870000 973.5
875000 980.5
880000 976.8
885000 923.9
890000 975.8
895000 987.4
900000 974.2
905000 972.0
910000 971.6
915000 978.5
920000 972.4
925000 979.9
930000 985.9
935000 982.3
940000 982.4
945000 981.9
950000 987.8
955000 977.9
960000 976.3
965000 245.9
970000 969.2
975000 875.1
980000 955.8
985000 973.9
990000 967.0
995000 968.1
1000000 986.8
1005000 969.6
1010000 983.8
1015000 979.3
1020000 978.5
1025000 985.3
1030000 985.1
1035000 984.9
1040000 984.6
1045000 978.1
1050000 987.7
1055000 975.3
1060000 984.3
1065000 984.4
1070000 975.3
1075000 979.9
1080000 983.2
1085000 883.8
1090000 985.1
1095000 980.7
1100000 876.2
1105000 977.9
1110000 980.7
1115000 972.4
1120000 882.4
1125000 95.8
1130000 526.4
1135000 489.5
1140000 579.7
1145000 690.8
1150000 878.6
1155000 882.2
1160000 862.8
1165000 891.6
1170000 874.7
1175000 982.7
1180000 777.0
1185000 983.8
1190000 979.8
1195000 981.2
1200000 977.2
1205000 880.2
1210000 988.8
1215000 982.1
1220000 781.0
1225000 887.7
1230000 981.0
1235000 952.1
1240000 883.8
1245000 961.0
1250000 974.2
1255000 889.3
1260000 978.1
1265000 882.4
1270000 979.4
1275000 979.8
1280000 885.3
1285000 189.5
1290000 667.8
1295000 677.5
1300000 978.8
1305000 783.8
1310000 979.6
1315000 960.7
1320000 888.3
1325000 976.0
1330000 975.1
1335000 783.3
1340000 780.2
1345000 685.5
1350000 890.2
1355000 877.5
1360000 986.6
1365000 888.9
1370000 977.7
1375000 882.6
1380000 986.3
1385000 780.7
1390000 985.3
1395000 978.0
1400000 983.4
1405000 985.0
1410000 979.5
1415000 878.9
1420000 981.1
1425000 977.5
1430000 889.3
1435000 987.1
1440000 977.5
1445000 46.4
1450000 395.7
1455000 593.9
1460000 876.9
1465000 861.3
1470000 968.7
1475000 864.0
1480000 959.7
1485000 881.6
1490000 983.8
1495000 983.2
1500000 981.2
1505000 981.6
1510000 879.5
1515000 984.1
1520000 877.5
1525000 882.8
1530000 967.2
1535000 979.0
1540000 878.6
1545000 879.9
1550000 984.2
1555000 966.1
1560000 880.7
1565000 781.7
1570000 984.0
1575000 977.8
1580000 888.9
1585000 883.4
1590000 980.1
1595000 976.4
1600000 883.5
1605000 425.8
1610000 367.5
1615000 662.9
1620000 785.3
1625000 976.6
1630000 985.7
1635000 974.2
1640000 977.4
1645000 983.9
1650000 871.8
1655000 873.4
1660000 878.1
1665000 975.3
1670000 888.7
1675000 887.7
1680000 885.0
1685000 987.2
1690000 887.2
1695000 886.5
1700000 883.7
1705000 885.8
1710000 978.8
1715000 977.3
1720000 983.7
1725000 983.2
1730000 979.3
1735000 974.1
1740000 988.7
1745000 981.9
1750000 880.1
1755000 981.8
1760000 952.3
1765000 424.1
1770000 372.3
1775000 593.6
1780000 882.6
1785000 882.3
1790000 977.6
1795000 881.9
1800000 871.9
1805000 886.4
1810000 881.0
1815000 981.0
1820000 882.2
1825000 973.7
1830000 884.9
1835000 975.0
1840000 888.4
1845000 885.3
1850000 976.7
1855000 981.4
1860000 980.2
1865000 981.6
1870000 987.2
1875000 982.6
1880000 982.2
1885000 978.5
1890000 974.7
1895000 988.7
1900000 986.8
1905000 886.1
1910000 976.7
1915000 976.6
1920000 882.6
1925000 986.2
1930000 885.4
1935000 784.4
1940000 971.5
1945000 981.2
1950000 983.0
1955000 881.2
1960000 887.4
1965000 978.5
1970000 977.4
1975000 981.6
1980000 785.4
1985000 886.0
1990000 983.5
1995000 983.1
2000000 980.5
