5000 100.0
10000 178.3
15000 99.7
20000 353.3
25000 387.7
30000 484.6
35000 478.7
40000 599.6
45000 563.0
50000 335.7
55000 510.6
60000 615.0
65000 581.9
70000 695.6
75000 771.0
80000 688.2
85000 461.4
90000 955.3
95000 758.1
100000 771.2
105000 834.3
110000 756.4
115000 767.6
120000 774.0
125000 757.8
130000 781.7
135000 855.8
140000 969.5
145000 778.7
150000 958.0
155000 765.8
160000 962.5
165000 186.7
170000 588.0
175000 670.9
180000 860.2
185000 971.8
190000 488.7
195000 888.0
200000 787.4
205000 962.4
210000 960.3
215000 688.8
220000 885.1
225000 979.7
230000 976.3
235000 963.3
240000 872.8
245000 973.7
250000 967.8
255000 922.8
260000 876.6
265000 888.2
270000 960.1
275000 978.2
280000 883.6
285000 968.6
290000 859.7
295000 955.7
300000 971.3
305000 967.2
310000 976.9
315000 965.0
320000 875.2
325000 128.8
330000 471.8
335000 774.1
340000 883.0
345000 882.5
350000 875.2
355000 984.5
360000 879.4
365000 580.7
370000 877.7
375000 983.4
380000 972.8
385000 770.3
390000 971.1
395000 964.8
400000 978.4
405000 965.1
410000 905.5
415000 978.2
420000 866.2
425000 878.8
430000 974.3
435000 759.5
440000 876.9
445000 975.8
450000 769.4
455000 781.9
460000 876.4
465000 969.2
470000 981.1
475000 865.6
480000 979.9
485000 91.5
490000 687.8
495000 779.8
500000 588.5
505000 689.8
510000 873.3
515000 975.7
520000 981.7
525000 965.1
530000 875.0
535000 889.7
540000 975.0
545000 981.0
550000 879.0
555000 887.8
560000 974.6
565000 879.3
570000 976.3
575000 878.1
580000 975.3
585000 874.4
590000 884.8
595000 976.1
600000 974.9
605000 972.1
610000 887.3
615000 979.3
620000 884.2
625000 984.3
630000 970.9
635000 789.5
640000 976.1
645000 388.0
650000 767.6
655000 885.3
660000 876.9
665000 967.6
670000 889.7
675000 884.9
680000 979.5
685000 969.2
690000 884.9
695000 979.5
700000 882.4
705000 881.6
710000 979.9
715000 984.6
720000 876.4
725000 863.9
730000 987.4
735000 967.7
740000 979.3
745000 874.3
750000 971.9
755000 978.2
760000 974.6
765000 977.6
770000 985.2
775000 985.1
780000 981.9
785000 889.7
790000 983.8
795000 981.3
800000 891.6
805000 366.2
810000 803.2
815000 880.4
820000 688.6
825000 877.0
830000 779.0
835000 870.3
840000 815.5
845000 974.0
850000 983.7
855000 974.3
860000 977.1
865000 782.7
870000 988.0
875000 980.4
880000 786.6
885000 953.3
890000 980.3
895000 975.3
900000 982.0
905000 980.2
910000 971.6
915000 987.2
920000 977.9
925000 980.6
930000 988.0
935000 981.7
940000 976.5
945000 985.1
950000 883.4
955000 980.7
960000 982.0
965000 434.7
970000 681.3
975000 940.3
980000 679.5
985000 885.3
990000 889.8
995000 979.4
1000000 977.6
1005000 977.4
1010000 972.3
1015000 967.2
1020000 979.8
1025000 975.4
1030000 988.1
1035000 976.0
1040000 980.7
1045000 980.7
1050000 982.3
1055000 882.9
1060000 980.7
1065000 980.4
1070000 981.4
1075000 986.1
1080000 977.2
1085000 979.3
1090000 979.7
1095000 886.9
1100000 986.5
1105000 980.1
1110000 982.5
1115000 981.1
1120000 984.0
1125000 402.7
1130000 786.1
1135000 757.3
1140000 680.1
1145000 963.7
1150000 978.6
1155000 985.3
1160000 887.7
1165000 779.5
1170000 980.9
1175000 969.5
1180000 882.7
1185000 886.2
1190000 980.9
1195000 878.9
1200000 983.2
1205000 984.9
1210000 976.8
1215000 972.4
1220000 888.4
1225000 890.8
1230000 963.3
1235000 882.7
1240000 991.2
1245000 986.8
1250000 980.7
1255000 892.9
1260000 972.4
1265000 890.9
1270000 982.2
1275000 982.0
1280000 978.3
1285000 521.9
1290000 361.0
1295000 767.1
1300000 987.7
1305000 927.5
1310000 983.5
1315000 966.9
1320000 879.1
1325000 874.9
1330000 779.0
1335000 884.4
1340000 882.4
1345000 972.8
1350000 979.4
1355000 975.7
1360000 883.3
1365000 981.9
1370000 975.7
1375000 983.7
1380000 976.1
1385000 982.2
1390000 968.4
1395000 978.3
1400000 971.0
1405000 868.5
1410000 987.4
1415000 964.1
1420000 977.5
1425000 883.2
1430000 982.7
1435000 882.1
1440000 987.9
1445000 89.9
1450000 491.9
1455000 757.7
1460000 780.7
1465000 875.0
1470000 785.2
1475000 783.9
1480000 880.2
1485000 967.4
1490000 883.8
1495000 881.1
1500000 885.3
1505000 883.8
1510000 973.9
1515000 980.0
1520000 984.4
1525000 885.9
1530000 878.2
1535000 982.9
1540000 875.5
1545000 984.2
1550000 881.8
1555000 980.7
1560000 980.6
1565000 884.4
1570000 979.2
1575000 976.5
1580000 919.9
1585000 836.2
1590000 978.3
1595000 981.5
1600000 980.0
1605000 104.2
1610000 844.7
1615000 883.8
1620000 685.8
1625000 861.8
1630000 871.4
1635000 870.3
1640000 982.7
1645000 884.5
1650000 977.3
1655000 976.1
1660000 874.5
1665000 889.5
1670000 971.0
1675000 883.8
1680000 973.3
1685000 855.1
1690000 970.5
1695000 877.5
1700000 776.0
1705000 787.0
1710000 975.5
1715000 881.6
1720000 978.4
1725000 884.4
1730000 985.9
1735000 989.0
1740000 973.9
1745000 976.4
1750000 972.3
1755000 986.4
1760000 868.8
1765000 175.1
1770000 488.5
1775000 636.0
1780000 980.5
1785000 696.2
1790000 776.5
1795000 889.0
1800000 969.2
1805000 978.2
1810000 976.7
1815000 970.3
1820000 974.9
1825000 973.5
1830000 988.5
1835000 982.8
1840000 882.3
1845000 874.7
1850000 981.5
1855000 977.8
1860000 983.5
1865000 884.0
1870000 879.2
1875000 984.3
1880000 971.1
1885000 931.6
1890000 977.9
1895000 980.3
1900000 981.4
1905000 878.8
1910000 949.9
1915000 984.6
1920000 983.3
1925000 977.8
1930000 989.9
1935000 974.3
1940000 876.9
1945000 884.4
1950000 988.7
1955000 978.4
1960000 887.1
1965000 979.7
1970000 978.2
1975000 974.1
1980000 981.1
1985000 976.4
1990000 983.2
1995000 981.5
2000000 884.1
