5000 200.0
10000 200.0
15000 340.1
20000 1.0
25000 264.7
30000 89.2
35000 456.9
40000 457.5
45000 193.6
50000 395.7
55000 374.3
60000 580.8
65000 571.1
70000 582.9
75000 557.2
80000 292.7
85000 428.2
90000 295.9
95000 892.3
100000 492.4
105000 438.2
110000 676.4
115000 593.5
120000 687.3
125000 855.7
130000 787.8
135000 731.6
140000 771.1
145000 675.4
150000 684.1
155000 683.3
160000 678.9
165000 293.7
170000 299.3
175000 290.8
180000 379.6
185000 593.7
190000 655.0
195000 866.4
200000 866.7
205000 802.1
210000 781.8
215000 779.5
220000 673.1
225000 854.5
230000 790.0
235000 580.3
240000 781.9
245000 972.7
250000 859.7
255000 964.6
260000 685.1
265000 866.7
270000 957.7
275000 880.3
280000 973.4
285000 978.9
290000 768.7
295000 963.4
300000 778.8
305000 666.1
310000 759.6
315000 673.4
320000 980.4
325000 368.1
330000 628.5
335000 781.2
340000 967.7
345000 878.7
350000 859.1
355000 980.1
360000 865.2
365000 881.4
370000 974.3
375000 967.0
380000 975.3
385000 995.0
390000 965.0
395000 780.8
400000 881.8
405000 877.5
410000 981.1
415000 979.9
420000 878.1
425000 980.7
430000 969.7
435000 973.2
440000 869.5
445000 967.4
450000 969.3
455000 976.6
460000 975.4
465000 975.0
470000 976.8
475000 961.5
480000 974.3
485000 113.7
490000 768.6
495000 777.1
500000 879.2
505000 977.4
510000 981.9
515000 873.3
520000 886.1
525000 967.4
530000 974.4
535000 977.1
540000 876.6
545000 965.7
550000 979.1
555000 980.4
560000 969.4
565000 972.4
570000 888.8
575000 887.7
580000 880.1
585000 782.1
590000 979.8
595000 967.4
600000 973.4
605000 977.9
610000 975.6
615000 977.9
620000 971.4
625000 978.0
630000 886.8
635000 977.4
640000 969.2
645000 459.1
650000 785.5
655000 768.2
660000 781.8
665000 981.9
670000 881.3
675000 972.1
680000 979.9
685000 779.3
690000 974.6
695000 984.3
700000 983.3
705000 968.6
710000 970.4
715000 975.4
720000 976.9
725000 975.1
730000 976.7
735000 973.3
740000 976.8
745000 985.6
750000 981.4
755000 884.6
760000 960.6
765000 978.8
770000 971.5
775000 977.6
780000 976.2
785000 883.7
790000 973.3
795000 888.3
800000 983.4
805000 383.9
810000 766.0
815000 680.8
820000 965.2
825000 687.3
830000 970.8
835000 973.2
840000 981.0
845000 975.0
850000 982.4
855000 978.4
860000 876.5
865000 868.1
870000 979.1
875000 875.2
880000 980.0
885000 872.9
890000 881.8
895000 973.7
900000 882.1
905000 976.8
910000 981.2
915000 980.6
920000 984.7
925000 885.1
930000 979.5
935000 983.6
940000 980.9
945000 982.7
950000 968.9
955000 985.8
960000 982.0
965000 483.7
970000 782.2
975000 876.8
980000 876.4
985000 884.3
990000 980.3
995000 975.6
1000000 980.6
1005000 984.1
1010000 974.2
1015000 980.1
1020000 882.7
1025000 977.1
1030000 874.7
1035000 879.7
1040000 983.1
1045000 990.3
1050000 981.1
1055000 980.9
1060000 975.6
1065000 872.3
1070000 883.3
1075000 966.2
1080000 977.0
1085000 980.4
1090000 976.2
1095000 982.8
1100000 969.0
1105000 955.9
1110000 782.1
1115000 887.3
1120000 890.0
1125000 185.4
1130000 660.9
1135000 876.1
1140000 780.0
1145000 886.9
1150000 878.9
1155000 890.1
1160000 978.1
1165000 879.3
1170000 982.1
1175000 978.1
1180000 984.1
1185000 981.3
1190000 978.7
1195000 980.8
1200000 884.7
1205000 985.0
1210000 977.7
1215000 980.6
1220000 982.6
1225000 978.0
1230000 986.7
1235000 879.5
1240000 975.5
1245000 985.1
1250000 691.6
1255000 979.0
1260000 983.9
1265000 879.7
1270000 968.4
1275000 969.5
1280000 975.0
1285000 102.1
1290000 789.3
1295000 679.8
1300000 832.0
1305000 969.4
1310000 857.9
1315000 681.7
1320000 971.6
1325000 934.5
1330000 780.6
1335000 981.2
1340000 976.2
1345000 975.5
1350000 978.7
1355000 984.9
1360000 886.4
1365000 885.7
1370000 977.5
1375000 977.9
1380000 972.5
1385000 974.0
1390000 885.8
1395000 882.4
1400000 972.1
1405000 980.2
1410000 984.0
1415000 877.7
1420000 978.4
1425000 983.2
1430000 984.8
1435000 978.5
1440000 984.7
1445000 185.7
1450000 685.1
1455000 872.7
1460000 875.2
1465000 886.8
1470000 974.4
1475000 680.4
1480000 976.2
1485000 974.7
1490000 973.0
1495000 869.5
1500000 979.0
1505000 924.2
1510000 976.4
1515000 984.4
1520000 928.5
1525000 967.4
1530000 969.2
1535000 880.0
1540000 979.1
1545000 988.2
1550000 974.9
1555000 987.5
1560000 966.0
1565000 979.5
1570000 981.6
1575000 986.6
1580000 984.3
1585000 979.3
1590000 980.1
1595000 940.2
1600000 980.3
1605000 110.7
1610000 285.7
1615000 766.2
1620000 981.1
1625000 592.3
1630000 931.2
1635000 974.9
1640000 978.0
1645000 977.3
1650000 976.0
1655000 974.0
1660000 967.6
1665000 981.3
1670000 988.4
1675000 981.3
1680000 979.0
1685000 982.5
1690000 978.4
1695000 982.6
1700000 976.8
1705000 988.5
1710000 879.4
1715000 888.4
1720000 981.6
1725000 948.4
1730000 981.0
1735000 884.8
1740000 984.2
1745000 978.3
1750000 975.6
1755000 974.7
1760000 983.3
1765000 191.5
1770000 644.3
1775000 774.2
1780000 967.8
1785000 878.8
1790000 869.7
1795000 977.2
1800000 986.6
1805000 991.9
1810000 876.7
1815000 981.9
1820000 977.1
1825000 984.1
1830000 988.4
1835000 981.9
1840000 983.7
1845000 973.0
1850000 981.6
1855000 982.8
1860000 986.7
1865000 983.5
1870000 985.7
1875000 979.8
1880000 982.4
1885000 986.3
1890000 983.8
1895000 986.4
1900000 981.2
1905000 973.6
1910000 980.7
1915000 976.0
1920000 982.4
1925000 983.4
1930000 987.9
1935000 980.1
1940000 983.5
1945000 979.3
1950000 969.2
1955000 884.7
1960000 976.3
1965000 980.3
1970000 983.2
1975000 984.1
1980000 986.5
1985000 975.2
1990000 982.6
1995000 979.5
2000000 990.3
