5000 297.4
10000 300.0
15000 102.8
20000 101.2
25000 290.4
30000 226.8
35000 293.7
40000 486.0
45000 100.0
50000 397.4
55000 433.7
60000 389.2
65000 693.9
70000 718.8
75000 392.8
80000 390.9
85000 577.8
90000 580.5
95000 577.2
100000 769.4
105000 782.6
110000 392.9
115000 667.6
120000 680.2
125000 759.7
130000 770.3
135000 778.8
140000 868.0
145000 684.2
150000 685.1
155000 638.3
160000 645.5
165000 197.4
170000 482.2
175000 494.9
180000 673.1
185000 807.4
190000 972.8
195000 951.6
200000 787.2
205000 818.1
210000 740.4
215000 884.7
220000 894.6
225000 778.1
230000 963.4
235000 974.4
240000 969.7
245000 960.9
250000 979.7
255000 676.4
260000 972.4
265000 968.0
270000 867.7
275000 968.2
280000 974.4
285000 774.1
290000 879.1
295000 879.2
300000 880.0
305000 978.3
310000 971.4
315000 881.3
320000 868.0
325000 228.7
330000 830.5
335000 671.6
340000 887.2
345000 880.6
350000 978.6
355000 873.0
360000 978.2
365000 971.0
370000 944.3
375000 862.1
380000 866.7
385000 969.9
390000 876.3
395000 873.9
400000 980.6
405000 972.3
410000 975.3
415000 985.5
420000 972.9
425000 877.0
430000 979.8
435000 868.6
440000 874.9
445000 877.4
450000 980.0
455000 977.2
460000 886.0
465000 877.8
470000 977.9
475000 780.8
480000 883.6
485000 271.6
490000 584.3
495000 976.1
500000 972.4
505000 785.9
510000 959.3
515000 968.5
520000 981.4
525000 883.3
530000 983.7
535000 886.1
540000 976.1
545000 980.5
550000 783.7
555000 974.1
560000 877.3
565000 878.1
570000 878.4
575000 991.4
580000 980.9
585000 969.5
590000 985.5
595000 975.0
600000 789.2
605000 868.4
610000 976.5
615000 990.3
620000 873.4
625000 879.7
630000 889.5
635000 884.7
640000 978.7
645000 473.1
650000 859.4
655000 876.1
660000 875.3
665000 783.2
670000 862.4
675000 972.2
680000 877.7
685000 887.9
690000 885.1
695000 952.9
700000 891.3
705000 981.8
710000 877.8
715000 977.9
720000 877.4
725000 878.9
730000 774.8
735000 974.9
740000 978.4
745000 875.5
750000 992.7
755000 981.8
760000 987.3
765000 975.6
770000 974.1
775000 885.3
780000 970.6
785000 972.5
790000 968.7
795000 983.1
800000 983.4
805000 405.1
810000 779.0
815000 463.7
820000 878.2
825000 782.9
830000 973.7
835000 968.0
840000 974.8
845000 976.3
850000 972.9
855000 874.7
860000 979.5
865000 957.0
870000 971.3
875000 974.2
880000 970.5
885000 886.0
890000 982.1
895000 970.8
900000 980.1
905000 975.5
910000 978.0
915000 972.5
920000 888.7
925000 982.2
930000 878.5
935000 977.9
940000 982.9
945000 983.9
950000 980.0
955000 879.9
960000 983.1
965000 263.4
970000 681.9
975000 972.0
980000 962.8
985000 974.5
990000 974.7
995000 881.7
1000000 971.0
1005000 979.7
1010000 890.1
1015000 978.3
1020000 980.2
1025000 979.2
1030000 961.8
1035000 979.9
1040000 975.0
1045000 972.0
1050000 985.6
1055000 981.2
1060000 878.5
1065000 975.3
1070000 981.4
1075000 786.0
1080000 983.5
1085000 975.1
1090000 981.9
1095000 970.0
1100000 948.2
1105000 976.8
1110000 877.2
1115000 987.6
1120000 976.4
1125000 262.3
1130000 492.4
1135000 781.4
1140000 778.5
1145000 881.5
1150000 876.4
1155000 874.9
1160000 778.8
1165000 966.6
1170000 874.0
1175000 881.0
1180000 882.2
1185000 884.7
1190000 877.2
1195000 882.8
1200000 789.5
1205000 880.0
1210000 977.0
1215000 978.0
1220000 978.4
1225000 976.9
1230000 881.9
1235000 979.7
1240000 974.6
1245000 982.8
1250000 880.7
1255000 987.1
1260000 873.0
1265000 886.7
1270000 974.2
1275000 972.0
1280000 972.9
1285000 305.2
1290000 596.3
1295000 884.4
1300000 586.4
1305000 682.3
1310000 967.6
1315000 884.5
1320000 786.8
1325000 870.9
1330000 977.7
1335000 978.7
1340000 974.1
1345000 981.3
1350000 971.8
1355000 990.4
1360000 971.9
1365000 878.8
1370000 985.4
1375000 982.0
1380000 981.7
1385000 873.9
1390000 982.2
1395000 983.3
1400000 978.9
1405000 968.9
1410000 884.6
1415000 904.5
1420000 888.7
1425000 980.9
1430000 975.7
1435000 884.1
1440000 975.7
1445000 192.6
1450000 767.3
1455000 488.5
1460000 803.1
1465000 978.7
1470000 974.7
1475000 980.0
1480000 962.9
1485000 578.0
1490000 980.3
1495000 977.6
1500000 882.5
1505000 976.0
1510000 971.2
1515000 962.8
1520000 875.3
1525000 982.6
1530000 973.0
1535000 984.1
1540000 983.1
1545000 968.7
1550000 977.7
1555000 976.3
1560000 884.2
1565000 971.4
1570000 984.8
1575000 884.4
1580000 883.3
1585000 974.9
1590000 790.3
1595000 956.6
1600000 979.6
1605000 495.2
1610000 589.1
1615000 587.2
1620000 678.2
1625000 870.6
1630000 862.3
1635000 781.7
1640000 783.4
1645000 877.4
1650000 980.2
1655000 967.9
1660000 982.1
1665000 893.5
1670000 873.7
1675000 952.9
1680000 876.3
1685000 920.4
1690000 973.8
1695000 878.8
1700000 885.2
1705000 986.4
1710000 980.4
1715000 984.2
1720000 986.2
1725000 988.4
1730000 883.8
1735000 885.9
1740000 985.8
1745000 967.8
1750000 975.0
1755000 898.0
1760000 979.1
1765000 284.4
1770000 463.1
1775000 884.3
1780000 876.9
1785000 984.4
1790000 971.9
1795000 786.5
1800000 886.0
1805000 982.0
1810000 982.0
1815000 985.0
1820000 885.2
1825000 987.3
1830000 978.2
1835000 979.9
1840000 880.9
1845000 878.7
1850000 988.9
1855000 975.8
1860000 881.0
1865000 975.6
1870000 877.2
1875000 972.0
1880000 885.6
1885000 871.8
1890000 935.6
1895000 976.2
1900000 980.9
1905000 974.8
1910000 984.2
1915000 979.8
1920000 987.4
1925000 973.4
1930000 976.8
1935000 971.2
1940000 880.3
1945000 987.9
1950000 979.9
1955000 976.4
1960000 911.4
1965000 972.6
1970000 983.7
1975000 982.6
1980000 967.9
1985000 984.1
1990000 980.0
1995000 986.3
2000000 978.8
