5000 300.0
10000 107.2
15000 191.6
20000 0.0
25000 298.9
30000 223.6
35000 192.3
40000 359.8
45000 383.4
50000 383.1
55000 194.1
60000 394.2
65000 488.8
70000 568.0
75000 391.9
80000 391.3
85000 404.2
90000 575.4
95000 477.7
100000 389.1
105000 549.7
110000 383.4
115000 558.3
120000 458.1
125000 371.7
130000 461.7
135000 469.9
140000 562.2
145000 523.8
150000 835.7
155000 649.9
160000 684.8
165000 580.3
170000 662.5
175000 681.0
180000 520.5
185000 537.3
190000 680.3
195000 678.6
200000 752.8
205000 759.4
210000 475.2
215000 493.2
220000 477.6
225000 560.0
230000 862.6
235000 962.5
240000 868.6
245000 670.4
250000 850.4
255000 729.6
260000 572.6
265000 669.2
270000 577.0
275000 868.7
280000 965.9
285000 971.1
290000 965.3
295000 853.1
300000 680.5
305000 384.0
310000 955.9
315000 873.6
320000 857.9
325000 33.2
330000 198.1
335000 296.2
340000 288.9
345000 677.0
350000 571.5
355000 674.3
360000 875.1
365000 583.3
370000 787.7
375000 872.2
380000 863.7
385000 872.3
390000 667.1
395000 777.2
400000 968.4
405000 863.0
410000 880.2
415000 963.0
420000 775.8
425000 777.0
430000 868.2
435000 864.2
440000 873.9
445000 968.3
450000 969.8
455000 867.4
460000 974.2
465000 870.9
470000 970.8
475000 874.8
480000 959.7
485000 866.1
490000 871.3
495000 980.1
500000 977.0
505000 962.3
510000 877.7
515000 845.8
520000 973.8
525000 975.4
530000 966.7
535000 971.6
540000 968.8
545000 965.1
550000 969.7
555000 853.6
560000 882.0
565000 978.1
570000 969.1
575000 961.5
580000 975.1
585000 880.6
590000 964.0
595000 963.6
600000 875.1
605000 974.5
610000 975.1
615000 766.2
620000 986.2
625000 877.0
630000 872.5
635000 960.0
640000 922.9
645000 53.6
650000 112.1
655000 379.6
660000 543.3
665000 863.7
670000 879.1
675000 965.1
680000 898.1
685000 977.5
690000 963.1
695000 976.6
700000 877.8
705000 772.8
710000 779.7
715000 871.9
720000 861.0
725000 771.7
730000 875.8
735000 870.4
740000 970.3
745000 965.1
750000 975.8
755000 785.4
760000 873.1
765000 960.1
770000 813.4
775000 979.1
780000 969.5
785000 948.5
790000 861.3
795000 864.3
800000 976.1
805000 891.7
810000 871.1
815000 972.7
820000 889.1
825000 909.5
830000 881.7
835000 872.6
840000 879.2
845000 967.5
850000 967.5
855000 972.6
860000 974.0
865000 980.3
870000 973.3
875000 865.5
880000 972.3
885000 978.4
890000 970.0
895000 976.8
900000 974.4
905000 973.9
910000 968.5
915000 978.1
920000 981.7
925000 975.3
930000 881.1
935000 884.1
940000 874.9
945000 971.0
950000 880.3
955000 868.4
960000 974.8
965000 43.5
970000 31.4
975000 355.1
980000 451.9
985000 635.6
990000 780.3
995000 752.8
1000000 872.1
1005000 978.8
1010000 870.1
1015000 782.9
1020000 973.0
1025000 981.5
1030000 976.2
1035000 678.4
1040000 885.2
1045000 910.7
1050000 970.3
1055000 884.1
1060000 968.5
1065000 977.3
1070000 980.0
1075000 884.4
1080000 979.2
1085000 965.2
1090000 775.3
1095000 973.2
1100000 983.6
1105000 971.9
1110000 968.5
1115000 973.7
1120000 980.6
1125000 979.9
1130000 776.4
1135000 981.7
1140000 978.0
1145000 978.6
1150000 967.5
1155000 978.3
1160000 975.0
1165000 977.1
1170000 979.0
1175000 973.7
1180000 876.8
1185000 916.5
1190000 961.8
1195000 767.1
1200000 975.9
1205000 972.7
1210000 959.8
1215000 951.0
1220000 780.9
1225000 984.7
1230000 974.9
1235000 975.9
1240000 884.6
1245000 977.9
1250000 972.5
1255000 973.5
1260000 974.4
1265000 975.8
1270000 962.7
1275000 973.4
1280000 978.1
1285000 5.6
1290000 167.8
1295000 101.1
1300000 455.3
1305000 288.2
1310000 479.1
1315000 574.3
1320000 571.3
1325000 717.2
1330000 744.9
1335000 486.1
1340000 814.7
1345000 670.5
1350000 961.6
1355000 873.3
1360000 775.5
1365000 862.3
1370000 868.1
1375000 679.5
1380000 676.2
1385000 876.4
1390000 778.2
1395000 972.3
1400000 983.5
1405000 973.7
1410000 981.2
1415000 787.5
1420000 884.0
1425000 879.0
1430000 982.3
1435000 984.6
1440000 977.4
1445000 978.3
1450000 980.1
1455000 968.5
1460000 976.6
1465000 871.4
1470000 977.5
1475000 876.3
1480000 963.8
1485000 965.5
1490000 977.4
1495000 975.9
1500000 974.6
1505000 978.2
1510000 965.0
1515000 870.9
1520000 977.0
1525000 974.8
1530000 975.7
1535000 967.2
1540000 981.0
1545000 979.0
1550000 972.9
1555000 977.8
1560000 982.1
1565000 977.9
1570000 880.2
1575000 881.5
1580000 880.6
1585000 970.9
1590000 778.2
1595000 974.1
1600000 882.4
1605000 152.7
1610000 127.6
1615000 17.9
1620000 456.0
1625000 282.4
1630000 397.5
1635000 559.4
1640000 794.0
1645000 866.7
1650000 760.9
1655000 955.2
1660000 773.5
1665000 772.1
1670000 872.1
1675000 965.5
1680000 974.3
1685000 879.1
1690000 876.1
1695000 883.4
1700000 882.5
1705000 972.2
1710000 972.4
1715000 879.4
1720000 968.5
1725000 979.0
1730000 966.5
1735000 977.7
1740000 875.8
1745000 870.7
1750000 978.3
1755000 973.9
1760000 903.5
1765000 685.6
1770000 974.2
1775000 968.0
1780000 875.5
1785000 979.6
1790000 977.5
1795000 980.0
1800000 972.4
1805000 981.4
1810000 970.5
1815000 944.5
1820000 961.3
1825000 876.7
1830000 874.2
1835000 979.0
1840000 971.9
1845000 965.6
1850000 980.7
1855000 976.5
1860000 975.5
1865000 869.7
1870000 964.8
1875000 957.4
1880000 969.4
1885000 879.5
1890000 974.0
1895000 975.9
1900000 880.6
1905000 986.6
1910000 883.0
1915000 881.3
1920000 985.8
1925000 965.6
1930000 983.0
1935000 883.6
1940000 877.4
1945000 978.9
1950000 979.7
1955000 974.3
1960000 985.4
1965000 975.9
1970000 957.8
1975000 970.0
1980000 973.8
1985000 977.2
1990000 982.4
1995000 881.5
2000000 779.5
