5000 95.8
10000 0.0
15000 1.1
20000 7.5
25000 160.8
30000 3.9
35000 326.1
40000 384.1
45000 175.3
50000 252.9
55000 433.1
60000 196.4
65000 191.7
70000 432.4
75000 140.4
80000 371.7
85000 383.7
90000 193.9
95000 608.1
100000 390.9
105000 477.7
110000 647.1
115000 632.7
120000 383.9
125000 855.1
130000 690.1
135000 664.3
140000 652.6
145000 676.2
150000 844.9
155000 907.4
160000 764.5
165000 712.6
170000 628.8
175000 588.6
180000 567.2
185000 866.4
190000 675.4
195000 668.3
200000 858.1
205000 871.3
210000 574.9
215000 963.9
220000 762.2
225000 676.1
230000 849.0
235000 475.0
240000 757.3
245000 765.4
250000 681.2
255000 563.2
260000 772.3
265000 580.4
270000 763.9
275000 751.0
280000 968.2
285000 574.1
290000 962.2
295000 764.9
300000 859.5
305000 871.3
310000 963.0
315000 564.2
320000 864.6
325000 99.7
330000 391.6
335000 142.5
340000 504.2
345000 676.5
350000 868.1
355000 679.8
360000 779.0
365000 948.0
370000 863.3
375000 846.3
380000 667.6
385000 979.0
390000 680.0
395000 672.6
400000 580.9
405000 867.5
410000 774.6
415000 871.1
420000 880.3
425000 972.1
430000 877.3
435000 868.9
440000 850.2
445000 871.9
450000 869.6
455000 874.5
460000 771.6
465000 679.8
470000 873.9
475000 943.0
480000 777.8
485000 876.7
490000 881.3
495000 781.2
500000 877.5
505000 872.5
510000 871.0
515000 774.8
520000 965.3
525000 967.0
530000 879.0
535000 960.7
540000 872.0
545000 869.9
550000 875.8
555000 878.3
560000 979.7
565000 860.6
570000 878.3
575000 971.9
580000 873.9
585000 968.1
590000 967.6
595000 865.5
600000 970.4
605000 961.3
610000 970.2
615000 960.4
620000 955.2
625000 869.4
630000 971.2
635000 961.4
640000 976.1
645000 83.7
650000 125.6
655000 441.2
660000 861.5
665000 860.3
670000 671.2
675000 955.8
680000 767.8
685000 689.0
690000 877.2
695000 674.0
700000 975.9
705000 874.6
710000 877.4
715000 864.0
720000 782.1
725000 970.1
730000 974.8
735000 879.0
740000 979.5
745000 970.7
750000 773.6
755000 873.7
760000 972.9
765000 878.0
770000 964.8
775000 972.9
780000 879.3
785000 972.4
790000 984.0
795000 977.2
800000 973.2
805000 975.0
810000 963.0
815000 971.5
820000 880.3
825000 879.9
830000 873.1
835000 970.4
840000 879.1
845000 882.2
850000 971.9
855000 976.4
860000 977.6
865000 976.0
870000 968.8
875000 784.0
880000 970.9
885000 974.8
890000 870.1
895000 977.1
900000 969.8
905000 968.5
910000 959.0
915000 977.7
920000 972.1
925000 882.5
930000 878.7
935000 977.5
940000 972.5
945000 982.6
950000 982.1
955000 970.5
960000 955.6
965000 67.6
970000 26.5
975000 763.2
980000 613.9
985000 853.6
990000 763.8
995000 950.5
1000000 972.0
1005000 857.6
1010000 670.9
1015000 771.6
1020000 980.6
1025000 975.1
1030000 884.7
1035000 975.4
1040000 972.0
1045000 965.2
1050000 983.3
1055000 968.3
1060000 978.4
1065000 882.2
1070000 870.9
1075000 980.9
1080000 787.3
1085000 882.8
1090000 981.1
1095000 971.5
1100000 977.7
1105000 681.4
1110000 979.0
1115000 969.2
1120000 962.6
1125000 966.9
1130000 979.1
1135000 879.9
1140000 974.0
1145000 979.1
1150000 879.2
1155000 972.8
1160000 775.4
1165000 887.3
1170000 968.8
1175000 980.9
1180000 859.9
1185000 877.7
1190000 875.2
1195000 977.0
1200000 879.7
1205000 868.6
1210000 986.0
1215000 970.2
1220000 972.7
1225000 981.6
1230000 968.3
1235000 973.3
1240000 973.0
1245000 970.5
1250000 976.7
1255000 983.9
1260000 976.4
1265000 973.8
1270000 975.7
1275000 948.6
1280000 981.7
1285000 286.4
1290000 9.6
1295000 303.2
1300000 750.1
1305000 371.8
1310000 684.2
1315000 846.9
1320000 588.3
1325000 771.0
1330000 484.5
1335000 870.4
1340000 972.0
1345000 828.3
1350000 584.2
1355000 870.8
1360000 980.4
1365000 877.4
1370000 981.0
1375000 967.3
1380000 979.2
1385000 940.5
1390000 980.1
1395000 972.1
1400000 976.7
1405000 883.9
1410000 976.1
1415000 873.6
1420000 884.5
1425000 980.0
1430000 980.3
1435000 974.2
1440000 976.8
1445000 879.2
1450000 970.0
1455000 976.4
1460000 983.7
1465000 870.9
1470000 977.7
1475000 873.3
1480000 969.7
1485000 975.8
1490000 981.1
1495000 981.5
1500000 973.2
1505000 979.7
1510000 970.7
1515000 980.1
1520000 877.2
1525000 875.1
1530000 975.4
1535000 977.7
1540000 880.3
1545000 879.3
1550000 974.5
1555000 764.7
1560000 974.5
1565000 974.2
1570000 885.4
1575000 977.9
1580000 783.6
1585000 972.7
1590000 976.7
1595000 869.0
1600000 976.5
1605000 165.1
1610000 23.4
1615000 300.9
1620000 282.0
1625000 494.8
1630000 489.5
1635000 487.5
1640000 880.1
1645000 683.7
1650000 864.9
1655000 684.1
1660000 873.3
1665000 878.2
1670000 965.9
1675000 884.3
1680000 785.7
1685000 970.8
1690000 875.3
1695000 980.8
1700000 783.2
1705000 882.9
1710000 976.9
1715000 959.9
1720000 781.5
1725000 878.9
1730000 975.8
1735000 973.2
1740000 886.8
1745000 874.8
1750000 773.4
1755000 976.7
1760000 874.1
1765000 974.7
1770000 974.6
1775000 979.9
1780000 764.5
1785000 973.6
1790000 972.3
1795000 875.4
1800000 973.9
1805000 974.5
1810000 980.4
1815000 978.7
1820000 879.9
1825000 875.8
1830000 873.1
1835000 971.3
1840000 891.0
1845000 882.8
1850000 971.0
1855000 977.9
1860000 875.7
1865000 979.1
1870000 886.2
1875000 879.0
1880000 978.8
1885000 984.1
1890000 972.4
1895000 686.4
1900000 871.5
1905000 978.3
1910000 875.8
1915000 876.0
1920000 876.0
1925000 982.1
1930000 978.9
1935000 880.2
1940000 972.0
1945000 977.4
1950000 983.6
1955000 960.9
1960000 984.5
1965000 976.1
1970000 971.0
1975000 975.2
1980000 977.9
1985000 980.5
1990000 973.5
1995000 882.6
2000000 883.5
