5000 100.0
10000 100.0
15000 0.3
20000 26.8
25000 184.8
30000 19.3
35000 57.5
40000 345.4
45000 274.8
50000 93.5
55000 189.6
60000 287.2
65000 393.3
70000 581.2
75000 289.0
80000 380.0
85000 269.5
90000 481.8
95000 486.4
100000 482.6
105000 669.0
110000 379.7
115000 484.5
120000 727.8
125000 477.4
130000 481.0
135000 664.1
140000 675.7
145000 572.2
150000 483.6
155000 568.9
160000 586.4
165000 806.6
170000 578.1
175000 759.1
180000 678.7
185000 784.6
190000 850.4
195000 685.8
200000 870.3
205000 864.5
210000 573.2
215000 677.0
220000 768.8
225000 889.9
230000 868.4
235000 865.9
240000 766.2
245000 773.0
250000 756.5
255000 767.8
260000 566.1
265000 853.6
270000 675.4
275000 777.4
280000 770.3
285000 775.5
290000 770.6
295000 751.0
300000 768.4
305000 961.2
310000 969.1
315000 774.5
320000 783.0
325000 101.9
330000 29.2
335000 440.5
340000 393.2
345000 383.9
350000 869.4
355000 865.1
360000 598.3
365000 670.0
370000 875.6
375000 875.1
380000 774.0
385000 761.0
390000 761.1
395000 868.3
400000 780.1
405000 761.3
410000 867.4
415000 963.4
420000 920.4
425000 978.7
430000 877.5
435000 867.8
440000 975.1
445000 963.2
450000 965.1
455000 871.1
460000 869.7
465000 965.2
470000 875.9
475000 974.2
480000 972.5
485000 873.2
490000 778.8
495000 976.3
500000 976.9
505000 971.8
510000 969.5
515000 972.8
520000 978.0
525000 866.7
530000 866.7
535000 884.9
540000 771.6
545000 876.6
550000 968.7
555000 977.7
560000 950.7
565000 978.0
570000 963.1
575000 859.9
580000 979.3
585000 873.1
590000 983.3
595000 978.2
600000 873.0
605000 973.7
610000 884.0
615000 974.0
620000 960.7
625000 978.1
630000 967.5
635000 970.8
640000 872.7
645000 145.3
650000 17.6
655000 602.2
660000 557.3
665000 542.1
670000 878.0
675000 669.6
680000 954.2
685000 656.5
690000 855.9
695000 877.6
700000 955.5
705000 972.3
710000 973.4
715000 878.4
720000 867.7
725000 953.0
730000 787.4
735000 766.6
740000 881.7
745000 774.9
750000 972.5
755000 975.9
760000 846.4
765000 857.9
770000 976.8
775000 981.3
780000 976.0
785000 975.4
790000 973.2
795000 969.1
800000 986.8
805000 971.2
810000 872.8
815000 860.9
820000 971.7
825000 974.5
830000 976.8
835000 965.5
840000 977.2
845000 973.5
850000 877.8
855000 971.8
860000 972.1
865000 877.4
870000 979.2
875000 975.3
880000 878.4
885000 972.8
890000 973.9
895000 978.3
900000 978.8
905000 979.5
910000 870.3
915000 981.8
920000 873.3
925000 778.8
930000 983.8
935000 975.6
940000 772.9
945000 986.6
950000 978.2
955000 884.2
960000 977.0
965000 134.1
970000 183.3
975000 397.6
980000 424.8
985000 777.2
990000 801.3
995000 785.5
1000000 828.2
1005000 866.3
1010000 863.7
1015000 963.4
1020000 880.9
1025000 965.4
1030000 980.4
1035000 968.0
1040000 971.5
1045000 977.4
1050000 777.3
1055000 971.2
1060000 967.5
1065000 973.7
1070000 880.3
1075000 982.2
1080000 879.0
1085000 876.8
1090000 971.6
1095000 790.0
1100000 982.1
1105000 974.6
1110000 880.6
1115000 977.5
1120000 977.2
1125000 971.2
1130000 985.8
1135000 979.7
1140000 876.4
1145000 965.5
1150000 971.7
1155000 981.7
1160000 983.3
1165000 974.7
1170000 883.4
1175000 971.3
1180000 978.3
1185000 977.8
1190000 974.4
1195000 969.9
1200000 884.5
1205000 982.8
1210000 976.1
1215000 976.2
1220000 974.2
1225000 984.9
1230000 976.9
1235000 783.8
1240000 974.1
1245000 887.8
1250000 969.0
1255000 982.1
1260000 975.3
1265000 989.3
1270000 955.0
1275000 975.6
1280000 971.7
1285000 106.4
1290000 27.4
1295000 0.1
1300000 302.9
1305000 478.6
1310000 669.9
1315000 776.4
1320000 667.8
1325000 492.2
1330000 662.8
1335000 884.2
1340000 698.8
1345000 772.6
1350000 876.6
1355000 782.8
1360000 966.4
1365000 878.9
1370000 793.5
1375000 787.3
1380000 781.5
1385000 785.0
1390000 968.2
1395000 877.1
1400000 877.0
1405000 678.0
1410000 978.1
1415000 881.4
1420000 879.1
1425000 879.8
1430000 877.0
1435000 775.8
1440000 983.3
1445000 878.1
1450000 974.1
1455000 965.1
1460000 976.8
1465000 975.7
1470000 980.0
1475000 966.2
1480000 965.3
1485000 866.2
1490000 974.9
1495000 976.0
1500000 980.2
1505000 977.3
1510000 874.9
1515000 867.5
1520000 985.6
1525000 878.5
1530000 979.8
1535000 880.7
1540000 974.0
1545000 981.9
1550000 873.9
1555000 982.5
1560000 975.9
1565000 881.0
1570000 972.2
1575000 875.0
1580000 975.1
1585000 972.3
1590000 975.3
1595000 976.1
1600000 977.4
1605000 164.4
1610000 111.3
1615000 208.1
1620000 195.7
1625000 341.2
1630000 582.1
1635000 776.7
1640000 864.3
1645000 778.6
1650000 866.5
1655000 876.0
1660000 780.8
1665000 778.1
1670000 964.9
1675000 977.6
1680000 976.5
1685000 861.6
1690000 974.9
1695000 969.0
1700000 947.8
1705000 974.2
1710000 873.8
1715000 870.5
1720000 978.0
1725000 972.1
1730000 974.3
1735000 985.7
1740000 877.2
1745000 969.1
1750000 777.5
1755000 984.3
1760000 971.7
1765000 979.6
1770000 970.6
1775000 981.4
1780000 986.1
1785000 984.3
1790000 964.7
1795000 981.4
1800000 968.6
1805000 967.6
1810000 965.9
1815000 972.1
1820000 813.4
1825000 973.7
1830000 980.0
1835000 979.2
1840000 880.3
1845000 950.8
1850000 979.5
1855000 977.7
1860000 982.1
1865000 975.8
1870000 968.1
1875000 982.5
1880000 968.9
1885000 971.5
1890000 975.8
1895000 880.7
1900000 976.3
1905000 875.1
1910000 871.3
1915000 981.8
1920000 973.0
1925000 971.9
1930000 981.8
1935000 976.9
1940000 979.9
1945000 980.0
1950000 986.3
1955000 956.2
1960000 968.2
1965000 873.2
1970000 979.5
1975000 970.2
1980000 974.9
1985000 973.1
1990000 974.8
1995000 977.3
2000000 978.0
