5000 0.0
10000 0.0
15000 275.5
20000 0.4
25000 1.1
30000 99.8
35000 180.2
40000 213.8
45000 0.3
50000 166.0
55000 278.2
60000 189.4
65000 29.5
70000 389.2
75000 96.1
80000 290.7
85000 196.8
90000 385.4
95000 297.3
100000 101.7
105000 5.8
110000 293.4
115000 289.8
120000 491.2
125000 194.6
130000 394.8
135000 289.0
140000 98.4
145000 381.2
150000 297.6
155000 388.3
160000 543.0
165000 584.6
170000 295.7
175000 191.8
180000 96.6
185000 196.7
190000 98.6
195000 677.8
200000 584.5
205000 479.1
210000 757.4
215000 568.5
220000 481.9
225000 286.5
230000 590.1
235000 649.7
240000 758.9
245000 672.3
250000 474.2
255000 764.1
260000 567.6
265000 564.0
270000 663.5
275000 584.4
280000 763.1
285000 680.4
290000 485.5
295000 475.8
300000 776.5
305000 762.8
310000 668.8
315000 477.2
320000 608.3
325000 14.4
330000 195.4
335000 70.4
340000 0.6
345000 100.0
350000 0.0
355000 96.3
360000 100.0
365000 101.3
370000 203.3
375000 379.2
380000 381.9
385000 700.4
390000 483.3
395000 612.2
400000 494.3
405000 486.3
410000 586.1
415000 771.2
420000 776.9
425000 876.1
430000 845.8
435000 769.4
440000 580.0
445000 474.9
450000 770.2
455000 582.0
460000 769.5
465000 863.5
470000 570.3
475000 673.2
480000 676.6
485000 867.1
490000 950.2
495000 773.6
500000 779.8
505000 674.4
510000 782.1
515000 780.2
520000 673.3
525000 862.8
530000 666.4
535000 617.8
540000 961.8
545000 773.6
550000 769.8
555000 774.1
560000 746.2
565000 880.8
570000 861.9
575000 768.5
580000 576.9
585000 770.3
590000 968.6
595000 971.1
600000 771.0
605000 777.4
610000 875.9
615000 964.2
620000 861.2
625000 877.2
630000 874.3
635000 673.1
640000 755.3
645000 108.5
650000 148.7
655000 445.3
660000 690.4
665000 950.4
670000 750.6
675000 869.1
680000 877.5
685000 768.5
690000 872.0
695000 873.1
700000 880.9
705000 949.2
710000 944.2
715000 975.4
720000 965.3
725000 973.6
730000 968.8
735000 776.3
740000 960.6
745000 973.0
750000 908.6
755000 954.4
760000 954.3
765000 783.9
770000 969.9
775000 877.2
780000 976.2
785000 770.1
790000 976.4
795000 968.3
800000 780.3
805000 966.3
810000 964.9
815000 964.0
820000 974.7
825000 872.7
830000 870.7
835000 861.7
840000 972.3
845000 972.4
850000 965.2
855000 876.4
860000 871.5
865000 860.5
870000 877.5
875000 869.4
880000 973.4
885000 957.9
890000 858.4
895000 964.9
900000 971.8
905000 879.8
910000 977.5
915000 980.7
920000 977.4
925000 881.9
930000 976.6
935000 875.7
940000 984.1
945000 977.7
950000 772.2
955000 973.2
960000 972.5
965000 43.3
970000 194.3
975000 373.1
980000 775.7
985000 946.2
990000 771.3
995000 974.4
1000000 860.7
1005000 971.0
1010000 861.0
1015000 966.7
1020000 780.2
1025000 869.7
1030000 880.4
1035000 970.8
1040000 975.7
1045000 981.4
1050000 967.0
1055000 741.1
1060000 971.1
1065000 961.5
1070000 977.7
1075000 975.4
1080000 973.9
1085000 977.9
1090000 971.0
1095000 972.8
1100000 973.5
1105000 969.3
1110000 949.6
1115000 878.7
1120000 781.3
1125000 870.5
1130000 871.5
1135000 981.0
1140000 969.6
1145000 977.9
1150000 972.2
1155000 978.5
1160000 979.1
1165000 875.3
1170000 872.4
1175000 972.1
1180000 977.4
1185000 972.5
1190000 971.6
1195000 975.8
1200000 979.9
1205000 881.7
1210000 968.1
1215000 980.0
1220000 977.8
1225000 977.0
1230000 881.4
1235000 879.4
1240000 975.1
1245000 975.9
1250000 978.4
1255000 962.7
1260000 977.5
1265000 874.3
1270000 969.6
1275000 971.6
1280000 872.4
1285000 13.0
1290000 302.2
1295000 475.0
1300000 869.3
1305000 674.2
1310000 777.2
1315000 954.2
1320000 389.3
1325000 846.4
1330000 677.5
1335000 976.8
1340000 966.6
1345000 869.3
1350000 967.0
1355000 967.3
1360000 976.2
1365000 874.2
1370000 973.8
1375000 973.4
1380000 828.8
1385000 969.0
1390000 978.9
1395000 976.1
1400000 873.0
1405000 857.0
1410000 975.6
1415000 874.2
1420000 973.2
1425000 981.2
1430000 976.8
1435000 974.1
1440000 979.7
1445000 975.8
1450000 883.3
1455000 967.8
1460000 972.3
1465000 974.2
1470000 878.6
1475000 875.0
1480000 873.5
1485000 786.3
1490000 971.0
1495000 965.9
1500000 965.6
1505000 879.5
1510000 779.3
1515000 980.2
1520000 772.6
1525000 870.3
1530000 878.4
1535000 972.2
1540000 976.3
1545000 963.3
1550000 974.1
1555000 974.8
1560000 871.8
1565000 881.6
1570000 974.2
1575000 977.0
1580000 974.1
1585000 973.3
1590000 876.6
1595000 879.2
1600000 968.1
1605000 288.0
1610000 2.0
1615000 215.5
1620000 326.0
1625000 391.3
1630000 793.7
1635000 762.8
1640000 671.3
1645000 863.9
1650000 977.7
1655000 681.4
1660000 866.5
1665000 771.7
1670000 883.7
1675000 878.7
1680000 879.7
1685000 778.3
1690000 975.4
1695000 971.8
1700000 875.2
1705000 883.2
1710000 780.4
1715000 862.7
1720000 863.0
1725000 971.4
1730000 975.3
1735000 980.5
1740000 954.3
1745000 967.0
1750000 959.1
1755000 870.9
1760000 974.8
1765000 968.3
1770000 976.3
1775000 972.9
1780000 952.9
1785000 977.1
1790000 965.3
1795000 973.4
1800000 981.5
1805000 881.7
1810000 978.5
1815000 974.6
1820000 865.8
1825000 978.6
1830000 980.9
1835000 973.4
1840000 978.4
1845000 856.4
1850000 973.3
1855000 976.8
1860000 974.1
1865000 973.0
1870000 981.1
1875000 972.0
1880000 975.9
1885000 972.7
1890000 881.5
1895000 981.8
1900000 872.9
1905000 962.6
1910000 977.8
1915000 974.5
1920000 874.3
1925000 972.6
1930000 879.3
1935000 967.7
1940000 873.7
1945000 950.3
1950000 978.6
1955000 777.8
1960000 976.4
1965000 872.2
1970000 979.3
1975000 975.7
1980000 877.3
1985000 975.3
1990000 879.9
1995000 976.0
2000000 986.3
