5000 0.5
10000 100.0
15000 122.8
20000 3.5
25000 93.7
30000 65.9
35000 169.5
40000 25.5
45000 0.0
50000 198.0
55000 278.2
60000 189.7
65000 355.6
70000 168.8
75000 298.1
80000 0.0
85000 113.8
90000 197.7
95000 208.0
100000 315.9
105000 388.7
110000 294.9
115000 279.9
120000 279.0
125000 281.2
130000 99.7
135000 683.2
140000 579.2
145000 394.0
150000 479.9
155000 738.1
160000 283.7
165000 531.8
170000 220.9
175000 361.9
180000 484.3
185000 475.8
190000 557.2
195000 569.4
200000 683.4
205000 762.0
210000 550.7
215000 849.8
220000 478.1
225000 394.8
230000 572.4
235000 490.9
240000 856.8
245000 672.2
250000 677.1
255000 945.4
260000 583.8
265000 571.4
270000 563.8
275000 953.6
280000 867.3
285000 385.1
290000 853.7
295000 589.9
300000 580.5
305000 681.2
310000 763.4
315000 781.4
320000 670.2
325000 0.7
330000 98.0
335000 96.2
340000 553.1
345000 672.3
350000 707.7
355000 491.9
360000 720.2
365000 584.5
370000 481.0
375000 751.3
380000 394.7
385000 862.6
390000 866.4
395000 772.9
400000 755.3
405000 968.5
410000 765.8
415000 870.7
420000 578.6
425000 964.9
430000 880.1
435000 959.7
440000 745.5
445000 784.6
450000 768.1
455000 779.4
460000 973.2
465000 970.7
470000 872.5
475000 678.5
480000 971.6
485000 857.3
490000 776.7
495000 979.5
500000 969.2
505000 968.1
510000 963.4
515000 960.6
520000 967.7
525000 957.4
530000 857.7
535000 978.8
540000 877.2
545000 962.6
550000 869.6
555000 969.4
560000 980.4
565000 979.8
570000 950.3
575000 886.2
580000 963.1
585000 958.5
590000 883.6
595000 974.3
600000 972.7
605000 867.2
610000 970.8
615000 988.1
620000 967.5
625000 972.6
630000 786.0
635000 855.0
640000 897.4
645000 46.3
650000 81.5
655000 238.1
660000 389.1
665000 971.5
670000 445.9
675000 779.0
680000 964.0
685000 881.2
690000 594.0
695000 865.2
700000 967.2
705000 847.3
710000 675.2
715000 969.7
720000 876.3
725000 670.1
730000 967.4
735000 976.8
740000 881.0
745000 971.2
750000 988.7
755000 972.3
760000 964.9
765000 960.5
770000 966.7
775000 878.4
780000 971.0
785000 964.3
790000 968.6
795000 979.3
800000 976.3
805000 971.1
810000 883.5
815000 869.1
820000 768.4
825000 973.3
830000 969.8
835000 870.5
840000 956.1
845000 963.2
850000 966.5
855000 976.2
860000 974.9
865000 771.5
870000 866.8
875000 681.3
880000 776.3
885000 978.4
890000 973.2
895000 963.2
900000 975.0
905000 864.1
910000 974.8
915000 973.2
920000 974.4
925000 976.1
930000 973.1
935000 978.5
940000 874.9
945000 981.2
950000 968.7
955000 971.4
960000 979.9
965000 23.7
970000 230.8
975000 47.0
980000 209.2
985000 723.5
990000 867.3
995000 677.4
1000000 696.7
1005000 766.4
1010000 877.2
1015000 968.5
1020000 883.2
1025000 778.2
1030000 962.2
1035000 970.7
1040000 851.0
1045000 870.0
1050000 959.3
1055000 975.7
1060000 776.4
1065000 873.9
1070000 984.3
1075000 976.7
1080000 874.2
1085000 967.9
1090000 973.6
1095000 771.1
1100000 783.7
1105000 885.6
1110000 681.2
1115000 974.6
1120000 781.6
1125000 975.4
1130000 974.3
1135000 972.4
1140000 977.2
1145000 977.6
1150000 973.1
1155000 876.9
1160000 968.4
1165000 971.2
1170000 974.9
1175000 973.5
1180000 977.2
1185000 973.8
1190000 776.9
1195000 876.7
1200000 762.6
1205000 966.9
1210000 877.4
1215000 783.3
1220000 872.9
1225000 975.1
1230000 786.1
1235000 965.1
1240000 970.1
1245000 984.1
1250000 973.4
1255000 981.7
1260000 771.5
1265000 980.5
1270000 974.7
1275000 969.9
1280000 876.7
1285000 96.8
1290000 274.0
1295000 344.6
1300000 280.7
1305000 670.8
1310000 577.6
1315000 685.0
1320000 781.3
1325000 692.1
1330000 781.5
1335000 681.0
1340000 970.6
1345000 847.1
1350000 967.3
1355000 981.9
1360000 776.2
1365000 877.5
1370000 959.4
1375000 874.6
1380000 783.4
1385000 864.2
1390000 882.5
1395000 885.0
1400000 971.1
1405000 873.3
1410000 976.5
1415000 871.5
1420000 983.6
1425000 975.0
1430000 970.9
1435000 974.9
1440000 962.3
1445000 967.0
1450000 944.2
1455000 782.1
1460000 889.4
1465000 979.0
1470000 885.6
1475000 974.9
1480000 782.0
1485000 872.6
1490000 888.8
1495000 971.0
1500000 875.4
1505000 972.8
1510000 975.8
1515000 972.4
1520000 875.6
1525000 881.6
1530000 875.5
1535000 884.7
1540000 880.5
1545000 960.7
1550000 881.8
1555000 873.2
1560000 973.5
1565000 775.7
1570000 977.4
1575000 880.3
1580000 783.8
1585000 960.6
1590000 981.6
1595000 877.2
1600000 884.2
1605000 223.2
1610000 91.4
1615000 140.7
1620000 197.3
1625000 196.8
1630000 475.1
1635000 491.0
1640000 680.1
1645000 760.8
1650000 872.7
1655000 861.8
1660000 586.2
1665000 890.9
1670000 770.5
1675000 780.1
1680000 786.6
1685000 880.4
1690000 972.1
1695000 678.6
1700000 779.3
1705000 879.6
1710000 964.2
1715000 977.1
1720000 883.0
1725000 879.2
1730000 879.3
1735000 984.6
1740000 984.7
1745000 964.6
1750000 971.4
1755000 887.0
1760000 878.6
1765000 941.2
1770000 968.6
1775000 981.7
1780000 869.9
1785000 979.6
1790000 972.7
1795000 978.9
1800000 886.0
1805000 883.2
1810000 977.0
1815000 971.8
1820000 980.2
1825000 977.5
1830000 976.7
1835000 981.2
1840000 972.7
1845000 972.4
1850000 985.0
1855000 972.7
1860000 970.4
1865000 878.1
1870000 970.6
1875000 973.1
1880000 981.4
1885000 870.5
1890000 972.4
1895000 975.3
1900000 970.9
1905000 972.1
1910000 982.6
1915000 975.5
1920000 979.0
1925000 969.8
1930000 975.0
1935000 973.4
1940000 975.7
1945000 977.8
1950000 880.5
1955000 874.3
1960000 980.7
1965000 782.1
1970000 975.1
1975000 976.0
1980000 963.5
1985000 951.6
1990000 880.3
1995000 984.1
2000000 973.7
