5000 3.6
10000 4.3
15000 4.9
20000 5.5
25000 4.1
30000 4.2
35000 6.3
40000 3.6
45000 4.7
50000 3.9
55000 3.4
60000 5.2
65000 6.1
70000 6.3
75000 6.3
80000 6.2
85000 6.3
90000 7.3
95000 5.5
100000 4.2
105000 5.1
110000 7.2
115000 6.0
120000 6.3
125000 6.2
130000 7.2
135000 6.5
140000 6.8
145000 4.3
150000 6.8
155000 5.9
160000 6.2
165000 6.3
170000 94.8
175000 18.4
180000 65.0
185000 8.3
190000 52.7
195000 4.4
200000 26.6
205000 62.9
210000 32.0
215000 5.6
220000 7.2
225000 120.2
230000 148.7
235000 5.2
240000 78.0
245000 162.1
250000 190.9
255000 197.7
260000 216.1
265000 231.2
270000 190.0
275000 120.5
280000 162.7
285000 21.7
290000 5.9
295000 91.1
300000 38.9
305000 268.3
310000 234.8
315000 301.4
320000 298.5
325000 83.9
330000 354.4
335000 230.5
340000 319.6
345000 433.6
350000 389.9
355000 411.5
360000 57.6
365000 459.3
370000 438.5
375000 354.9
380000 5.5
385000 499.8
390000 438.5
395000 509.4
400000 480.5
405000 413.6
410000 419.3
415000 479.2
420000 521.8
425000 504.5
430000 534.6
435000 511.6
440000 554.3
445000 519.5
450000 99.9
455000 539.7
460000 470.7
465000 612.3
470000 659.5
475000 554.8
480000 595.2
485000 369.7
490000 582.2
495000 551.6
500000 638.8
505000 619.0
510000 618.3
515000 715.2
520000 673.8
525000 790.9
530000 736.8
535000 748.7
540000 720.8
545000 796.7
550000 835.0
555000 767.5
560000 873.0
565000 507.4
570000 455.7
575000 855.8
580000 807.4
585000 815.4
590000 842.7
595000 878.0
600000 791.6
605000 866.1
610000 754.2
615000 888.4
620000 842.1
625000 753.3
630000 860.4
635000 892.4
640000 897.0
645000 608.5
650000 823.1
655000 887.9
660000 839.2
665000 892.7
670000 887.8
675000 901.7
680000 830.7
685000 904.2
690000 905.2
695000 870.4
700000 899.8
705000 861.9
710000 899.7
715000 906.0
720000 913.2
725000 521.4
730000 851.7
735000 871.5
740000 892.8
745000 855.1
750000 891.5
755000 872.5
760000 747.1
765000 854.5
770000 903.1
775000 891.2
780000 891.7
785000 911.7
790000 894.1
795000 904.8
800000 914.2
805000 533.0
810000 802.7
815000 715.0
820000 744.8
825000 762.5
830000 734.3
835000 897.9
840000 911.1
845000 905.8
850000 907.3
855000 903.5
860000 909.6
865000 878.2
870000 903.1
875000 903.6
880000 909.8
885000 541.7
890000 812.2
895000 754.2
900000 862.2
905000 838.9
910000 833.3
915000 908.4
920000 781.6
925000 901.7
930000 908.4
935000 866.4
940000 897.6
945000 893.0
950000 898.8
955000 894.3
960000 905.5
965000 705.6
970000 628.3
975000 831.4
980000 851.8
985000 881.6
990000 883.4
995000 903.4
1000000 923.7
1005000 866.7
1010000 902.3
1015000 894.8
1020000 900.0
1025000 895.3
1030000 902.5
1035000 911.7
1040000 851.8
1045000 532.7
1050000 728.0
1055000 761.3
1060000 897.6
1065000 886.4
1070000 751.2
1075000 835.4
1080000 873.1
1085000 902.9
1090000 911.4
1095000 902.5
1100000 916.2
1105000 901.8
1110000 855.9
1115000 839.3
1120000 908.4
1125000 669.5
1130000 681.9
1135000 879.9
1140000 878.0
1145000 745.9
1150000 904.2
1155000 897.5
1160000 735.9
1165000 6.3
1170000 874.2
1175000 921.6
1180000 13.9
1185000 850.1
1190000 910.9
1195000 902.9
1200000 746.6
1205000 575.8
1210000 771.2
1215000 810.2
1220000 851.3
1225000 7.5
1230000 900.0
1235000 870.8
1240000 821.2
1245000 798.4
1250000 893.3
1255000 850.3
1260000 5.5
1265000 829.8
1270000 918.5
1275000 3.8
1280000 917.1
1285000 486.8
1290000 794.3
1295000 854.2
1300000 878.7
1305000 890.0
1310000 904.2
1315000 853.1
1320000 829.9
1325000 859.6
1330000 551.3
1335000 881.6
1340000 24.0
1345000 638.2
1350000 848.6
1355000 802.1
1360000 835.4
1365000 526.8
1370000 672.7
1375000 773.5
1380000 723.5
1385000 793.0
1390000 716.6
1395000 775.2
1400000 877.0
1405000 839.8
1410000 886.4
1415000 9.6
1420000 894.6
1425000 665.0
1430000 890.7
1435000 858.2
1440000 408.2
1445000 470.7
1450000 683.1
1455000 756.6
1460000 803.2
1465000 833.4
1470000 409.0
1475000 869.7
1480000 648.5
1485000 818.6
1490000 896.1
1495000 391.3
1500000 891.0
1505000 893.9
1510000 6.2
1515000 911.6
1520000 830.5
1525000 321.7
1530000 598.1
1535000 768.6
1540000 754.8
1545000 3.9
1550000 881.6
1555000 846.3
1560000 873.8
1565000 858.1
1570000 808.0
1575000 737.6
1580000 818.4
1585000 821.0
1590000 872.6
1595000 3.4
1600000 909.4
1605000 294.8
1610000 687.5
1615000 763.4
1620000 841.3
1625000 820.2
1630000 867.8
1635000 898.7
1640000 900.3
1645000 862.3
1650000 840.8
1655000 903.8
1660000 6.6
1665000 597.7
1670000 809.5
1675000 159.6
1680000 902.5
1685000 448.1
1690000 642.7
1695000 674.6
1700000 814.8
1705000 886.1
1710000 764.4
1715000 720.6
1720000 878.9
1725000 888.9
1730000 322.2
1735000 391.7
1740000 918.6
1745000 887.4
1750000 914.7
1755000 553.0
1760000 884.9
1765000 549.6
1770000 687.0
1775000 646.5
1780000 778.5
1785000 782.6
1790000 867.9
1795000 654.3
1800000 826.9
1805000 802.6
1810000 358.3
1815000 778.5
1820000 785.2
1825000 707.7
1830000 874.2
1835000 897.4
1840000 7.8
1845000 442.1
1850000 724.1
1855000 812.6
1860000 777.9
1865000 887.9
1870000 875.8
1875000 854.3
1880000 848.0
1885000 862.8
1890000 828.2
1895000 862.9
1900000 795.5
1905000 878.3
1910000 778.1
1915000 809.7
1920000 862.5
1925000 496.0
1930000 438.5
1935000 801.7
1940000 870.6
1945000 907.7
1950000 285.0
1955000 903.5
1960000 837.5
1965000 892.7
1970000 755.3
1975000 884.0
1980000 586.3
1985000 112.9
1990000 866.1
1995000 910.2
2000000 860.3
