5000 3.4
10000 5.2
15000 4.7
20000 4.4
25000 4.0
30000 2.7
35000 7.1
40000 4.5
45000 5.7
50000 5.0
55000 5.4
60000 4.6
65000 5.4
70000 4.6
75000 10.4
80000 8.7
85000 18.9
90000 64.4
95000 9.2
100000 6.6
105000 123.6
110000 165.4
115000 3.7
120000 30.7
125000 15.2
130000 39.3
135000 5.7
140000 6.3
145000 8.2
150000 8.5
155000 3.8
160000 26.2
165000 137.0
170000 142.4
175000 144.1
180000 57.2
185000 208.3
190000 234.9
195000 49.3
200000 87.7
205000 188.0
210000 116.7
215000 103.0
220000 32.4
225000 4.8
230000 5.5
235000 114.6
240000 5.8
245000 275.3
250000 305.5
255000 313.5
260000 321.8
265000 319.9
270000 363.6
275000 325.8
280000 211.4
285000 268.8
290000 351.0
295000 361.9
300000 238.5
305000 325.2
310000 322.9
315000 12.3
320000 361.9
325000 352.3
330000 409.2
335000 420.6
340000 398.8
345000 404.3
350000 416.6
355000 408.4
360000 436.9
365000 431.8
370000 418.6
375000 419.5
380000 395.5
385000 404.3
390000 439.0
395000 455.3
400000 432.1
405000 459.7
410000 461.5
415000 504.1
420000 471.1
425000 513.2
430000 525.3
435000 522.8
440000 494.0
445000 516.6
450000 508.7
455000 484.2
460000 551.7
465000 531.6
470000 535.9
475000 519.1
480000 560.3
485000 453.0
490000 505.3
495000 560.7
500000 560.9
505000 579.7
510000 511.8
515000 600.0
520000 5.6
525000 571.0
530000 585.4
535000 564.4
540000 584.5
545000 595.5
550000 613.9
555000 611.1
560000 631.6
565000 512.5
570000 530.2
575000 602.8
580000 605.4
585000 590.8
590000 618.7
595000 601.8
600000 654.0
605000 621.0
610000 608.3
615000 706.7
620000 718.9
625000 694.9
630000 768.8
635000 662.5
640000 780.8
645000 516.9
650000 669.5
655000 722.3
660000 634.8
665000 658.7
670000 820.7
675000 820.7
680000 809.5
685000 827.7
690000 839.9
695000 847.2
700000 832.8
705000 815.0
710000 824.8
715000 820.9
720000 867.8
725000 518.7
730000 699.7
735000 808.2
740000 809.9
745000 838.9
750000 788.1
755000 831.2
760000 697.6
765000 859.7
770000 865.4
775000 876.9
780000 869.8
785000 887.2
790000 898.0
795000 878.1
800000 856.5
805000 528.7
810000 789.1
815000 876.6
820000 884.3
825000 883.0
830000 775.9
835000 819.9
840000 798.4
845000 887.1
850000 887.1
855000 876.4
860000 800.0
865000 811.0
870000 898.8
875000 6.4
880000 847.6
885000 604.5
890000 814.2
895000 879.8
900000 878.3
905000 866.4
910000 857.2
915000 851.1
920000 858.8
925000 894.3
930000 885.7
935000 900.8
940000 896.9
945000 874.3
950000 873.4
955000 893.1
960000 889.9
965000 540.8
970000 778.3
975000 741.1
980000 852.3
985000 827.9
990000 785.7
995000 721.7
1000000 720.9
1005000 867.3
1010000 858.5
1015000 828.1
1020000 870.9
1025000 886.0
1030000 886.8
1035000 901.4
1040000 902.1
1045000 740.0
1050000 808.7
1055000 661.7
1060000 813.3
1065000 765.4
1070000 869.1
1075000 884.2
1080000 870.9
1085000 891.0
1090000 880.7
1095000 914.1
1100000 903.6
1105000 797.1
1110000 904.4
1115000 890.1
1120000 898.5
1125000 470.4
1130000 719.4
1135000 877.7
1140000 857.9
1145000 697.2
1150000 817.1
1155000 898.9
1160000 771.4
1165000 886.1
1170000 892.5
1175000 907.5
1180000 897.2
1185000 905.2
1190000 893.7
1195000 904.1
1200000 906.5
1205000 443.6
1210000 801.7
1215000 813.2
1220000 847.5
1225000 4.9
1230000 569.7
1235000 821.8
1240000 797.0
1245000 882.5
1250000 818.4
1255000 863.4
1260000 900.7
1265000 901.7
1270000 6.7
1275000 832.6
1280000 4.8
1285000 430.2
1290000 729.2
1295000 806.5
1300000 794.8
1305000 873.0
1310000 770.8
1315000 863.3
1320000 11.6
1325000 33.4
1330000 884.1
1335000 849.0
1340000 865.1
1345000 872.0
1350000 808.6
1355000 783.4
1360000 877.5
1365000 292.2
1370000 789.1
1375000 732.6
1380000 440.8
1385000 795.0
1390000 837.7
1395000 764.9
1400000 800.9
1405000 903.3
1410000 814.9
1415000 875.6
1420000 844.7
1425000 911.8
1430000 899.2
1435000 7.6
1440000 874.5
1445000 13.9
1450000 553.7
1455000 789.0
1460000 639.9
1465000 861.9
1470000 872.9
1475000 297.1
1480000 716.2
1485000 834.2
1490000 894.0
1495000 869.4
1500000 871.9
1505000 386.1
1510000 867.2
1515000 845.2
1520000 817.2
1525000 316.8
1530000 637.9
1535000 631.4
1540000 788.1
1545000 822.5
1550000 844.8
1555000 893.0
1560000 884.3
1565000 810.6
1570000 335.9
1575000 896.7
1580000 717.4
1585000 900.2
1590000 649.5
1595000 873.3
1600000 912.9
1605000 399.2
1610000 712.6
1615000 731.6
1620000 619.5
1625000 750.7
1630000 868.3
1635000 522.8
1640000 769.3
1645000 855.7
1650000 808.9
1655000 855.1
1660000 865.9
1665000 880.0
1670000 877.8
1675000 899.1
1680000 847.2
1685000 477.2
1690000 572.0
1695000 668.6
1700000 764.2
1705000 839.0
1710000 877.2
1715000 822.2
1720000 6.3
1725000 881.5
1730000 6.6
1735000 873.5
1740000 851.9
1745000 782.7
1750000 910.3
1755000 833.3
1760000 876.2
1765000 334.4
1770000 555.4
1775000 748.1
1780000 654.9
1785000 754.2
1790000 761.3
1795000 872.6
1800000 853.1
1805000 877.1
1810000 359.8
1815000 914.0
1820000 876.2
1825000 731.0
1830000 887.4
1835000 677.5
1840000 804.9
1845000 379.1
1850000 682.9
1855000 698.9
1860000 824.8
1865000 771.0
1870000 757.8
1875000 826.0
1880000 664.1
1885000 820.0
1890000 885.5
1895000 783.2
1900000 857.9
1905000 890.1
1910000 861.2
1915000 843.2
1920000 15.8
1925000 458.8
1930000 731.0
1935000 824.2
1940000 823.6
1945000 828.7
1950000 138.8
1955000 771.7
1960000 8.6
1965000 817.8
1970000 885.6
1975000 891.0
1980000 893.4
1985000 869.5
1990000 862.4
1995000 783.0
2000000 901.8
