5000 4.0
10000 5.7
15000 5.1
20000 4.5
25000 4.3
30000 3.6
35000 4.7
40000 5.4
45000 5.0
50000 5.1
55000 4.1
60000 4.1
65000 5.8
70000 6.4
75000 6.8
80000 8.1
85000 6.2
90000 6.0
95000 7.9
100000 12.9
105000 7.2
110000 7.8
115000 5.5
120000 8.8
125000 9.3
130000 6.1
135000 19.0
140000 9.5
145000 11.3
150000 20.5
155000 28.1
160000 67.3
165000 57.4
170000 68.2
175000 123.5
180000 143.4
185000 130.6
190000 172.3
195000 149.7
200000 118.2
205000 114.1
210000 201.1
215000 201.0
220000 262.0
225000 165.1
230000 211.0
235000 94.6
240000 145.9
245000 199.7
250000 228.0
255000 251.0
260000 247.6
265000 209.3
270000 253.9
275000 174.8
280000 276.3
285000 286.1
290000 268.1
295000 296.1
300000 322.8
305000 234.2
310000 303.9
315000 346.1
320000 252.6
325000 332.2
330000 401.7
335000 438.2
340000 421.7
345000 396.8
350000 415.1
355000 388.6
360000 9.3
365000 454.7
370000 463.3
375000 467.3
380000 408.5
385000 129.8
390000 419.4
395000 510.1
400000 466.8
405000 410.3
410000 506.5
415000 540.7
420000 536.7
425000 557.2
430000 555.7
435000 581.6
440000 625.6
445000 712.5
450000 796.6
455000 809.5
460000 880.0
465000 803.0
470000 851.1
475000 830.1
480000 888.0
485000 662.2
490000 668.1
495000 842.6
500000 782.1
505000 860.2
510000 800.3
515000 872.7
520000 822.2
525000 819.0
530000 836.5
535000 840.3
540000 815.0
545000 886.0
550000 756.0
555000 871.5
560000 768.9
565000 685.5
570000 861.6
575000 904.1
580000 907.7
585000 853.6
590000 877.8
595000 900.4
600000 808.9
605000 880.6
610000 894.6
615000 913.5
620000 879.6
625000 902.5
630000 913.6
635000 902.3
640000 897.6
645000 543.0
650000 867.9
655000 689.1
660000 855.2
665000 867.0
670000 701.9
675000 894.2
680000 900.7
685000 914.3
690000 886.2
695000 909.2
700000 889.7
705000 873.7
710000 910.6
715000 914.0
720000 918.8
725000 723.9
730000 751.1
735000 861.5
740000 848.8
745000 688.1
750000 847.0
755000 875.7
760000 893.2
765000 748.5
770000 887.8
775000 814.6
780000 900.4
785000 892.6
790000 906.1
795000 860.1
800000 902.3
805000 830.9
810000 869.4
815000 841.8
820000 861.7
825000 872.6
830000 905.2
835000 887.3
840000 771.2
845000 910.2
850000 908.2
855000 897.0
860000 897.8
865000 897.9
870000 835.6
875000 892.8
880000 846.1
885000 529.4
890000 677.2
895000 346.5
900000 903.7
905000 880.5
910000 730.6
915000 831.7
920000 817.7
925000 907.2
930000 906.5
935000 911.3
940000 891.0
945000 904.0
950000 895.2
955000 897.1
960000 887.2
965000 768.7
970000 696.1
975000 803.6
980000 811.6
985000 907.8
990000 843.1
995000 878.0
1000000 869.0
1005000 891.5
1010000 895.6
1015000 912.0
1020000 891.8
1025000 928.8
1030000 860.1
1035000 905.4
1040000 877.7
1045000 568.3
1050000 816.4
1055000 834.9
1060000 795.5
1065000 896.8
1070000 870.6
1075000 827.6
1080000 921.1
1085000 751.6
1090000 793.9
1095000 918.7
1100000 868.9
1105000 774.3
1110000 910.7
1115000 892.2
1120000 910.9
1125000 438.5
1130000 852.0
1135000 897.8
1140000 778.7
1145000 786.7
1150000 892.4
1155000 903.3
1160000 886.2
1165000 5.6
1170000 897.8
1175000 4.2
1180000 842.1
1185000 767.6
1190000 914.6
1195000 7.0
1200000 924.4
1205000 436.1
1210000 638.4
1215000 787.6
1220000 647.0
1225000 851.8
1230000 162.2
1235000 698.8
1240000 863.1
1245000 813.6
1250000 856.8
1255000 3.2
1260000 904.9
1265000 874.9
1270000 799.0
1275000 890.2
1280000 720.9
1285000 212.2
1290000 675.9
1295000 723.4
1300000 868.8
1305000 869.0
1310000 19.1
1315000 868.7
1320000 828.9
1325000 673.5
1330000 4.4
1335000 279.9
1340000 42.5
1345000 820.4
1350000 635.3
1355000 891.4
1360000 338.8
1365000 282.5
1370000 635.0
1375000 742.8
1380000 529.9
1385000 818.3
1390000 892.4
1395000 804.6
1400000 808.0
1405000 775.1
1410000 290.0
1415000 790.9
1420000 810.1
1425000 705.9
1430000 911.1
1435000 925.0
1440000 204.0
1445000 244.4
1450000 507.0
1455000 4.5
1460000 608.8
1465000 637.6
1470000 853.9
1475000 826.9
1480000 919.6
1485000 767.5
1490000 849.7
1495000 883.1
1500000 6.2
1505000 6.6
1510000 725.2
1515000 853.4
1520000 901.3
1525000 340.4
1530000 552.4
1535000 685.1
1540000 663.3
1545000 783.7
1550000 825.8
1555000 896.9
1560000 797.8
1565000 835.6
1570000 900.3
1575000 842.0
1580000 5.3
1585000 877.0
1590000 7.8
1595000 766.4
1600000 619.9
1605000 383.4
1610000 710.2
1615000 686.1
1620000 868.0
1625000 771.9
1630000 718.0
1635000 451.8
1640000 888.1
1645000 847.4
1650000 890.0
1655000 475.8
1660000 926.8
1665000 909.4
1670000 881.7
1675000 854.5
1680000 891.4
1685000 396.8
1690000 610.4
1695000 692.6
1700000 728.3
1705000 890.5
1710000 880.8
1715000 885.5
1720000 899.1
1725000 892.4
1730000 882.1
1735000 910.2
1740000 863.0
1745000 861.2
1750000 876.6
1755000 912.9
1760000 174.8
1765000 347.3
1770000 660.7
1775000 778.0
1780000 810.1
1785000 856.2
1790000 881.9
1795000 812.6
1800000 862.0
1805000 904.8
1810000 886.8
1815000 841.3
1820000 8.0
1825000 744.5
1830000 911.3
1835000 817.8
1840000 884.7
1845000 417.6
1850000 548.4
1855000 808.8
1860000 840.1
1865000 792.7
1870000 786.6
1875000 6.6
1880000 896.5
1885000 803.7
1890000 791.4
1895000 870.3
1900000 908.6
1905000 894.2
1910000 906.1
1915000 838.8
1920000 893.9
1925000 471.6
1930000 762.3
1935000 759.0
1940000 827.5
1945000 826.2
1950000 892.1
1955000 842.4
1960000 94.7
1965000 548.8
1970000 886.4
1975000 897.5
1980000 899.9
1985000 96.4
1990000 864.4
1995000 903.9
2000000 901.2
