5000 4.9
10000 4.3
15000 4.5
20000 3.9
25000 4.4
30000 5.0
35000 4.8
40000 5.0
45000 5.3
50000 5.5
55000 5.1
60000 5.4
65000 6.1
70000 3.2
75000 2.5
80000 6.2
85000 6.9
90000 7.5
95000 6.0
100000 4.6
105000 6.7
110000 5.8
115000 6.7
120000 6.4
125000 5.3
130000 8.1
135000 5.8
140000 6.3
145000 6.6
150000 42.6
155000 6.0
160000 10.1
165000 87.2
170000 74.2
175000 7.8
180000 119.8
185000 34.0
190000 153.6
195000 82.9
200000 95.0
205000 121.8
210000 81.6
215000 99.4
220000 120.7
225000 155.9
230000 7.0
235000 5.5
240000 11.2
245000 54.9
250000 128.2
255000 226.2
260000 152.0
265000 119.7
270000 35.3
275000 196.2
280000 216.6
285000 235.8
290000 28.8
295000 35.2
300000 198.9
305000 163.4
310000 27.2
315000 147.8
320000 89.8
325000 250.9
330000 277.4
335000 323.5
340000 275.9
345000 309.2
350000 314.4
355000 6.8
360000 347.8
365000 277.4
370000 303.5
375000 359.3
380000 327.6
385000 354.6
390000 420.8
395000 318.4
400000 408.7
405000 287.6
410000 447.7
415000 422.2
420000 426.2
425000 555.6
430000 544.5
435000 631.7
440000 601.6
445000 632.1
450000 554.7
455000 652.6
460000 691.4
465000 664.4
470000 293.0
475000 566.7
480000 739.1
485000 405.7
490000 588.4
495000 716.0
500000 595.5
505000 708.6
510000 754.7
515000 676.1
520000 709.2
525000 747.3
530000 785.9
535000 811.3
540000 794.1
545000 806.5
550000 743.0
555000 788.5
560000 814.8
565000 550.5
570000 760.7
575000 691.3
580000 771.2
585000 791.4
590000 739.2
595000 819.7
600000 825.2
605000 827.9
610000 807.9
615000 815.2
620000 838.5
625000 842.4
630000 833.2
635000 753.3
640000 803.9
645000 548.6
650000 761.3
655000 717.5
660000 787.2
665000 825.7
670000 803.5
675000 831.2
680000 696.8
685000 814.2
690000 807.6
695000 838.8
700000 707.7
705000 752.2
710000 835.9
715000 810.5
720000 773.8
725000 399.0
730000 532.8
735000 831.9
740000 689.3
745000 755.6
750000 769.4
755000 813.8
760000 817.9
765000 806.3
770000 862.8
775000 845.6
780000 813.9
785000 830.6
790000 870.3
795000 826.9
800000 840.9
805000 343.5
810000 732.1
815000 744.5
820000 752.7
825000 817.7
830000 775.5
835000 795.3
840000 809.6
845000 830.2
850000 836.0
855000 847.6
860000 849.1
865000 856.3
870000 843.0
875000 853.3
880000 843.8
885000 644.7
890000 721.6
895000 752.5
900000 822.2
905000 827.8
910000 674.0
915000 815.6
920000 868.8
925000 851.4
930000 818.6
935000 843.9
940000 850.5
945000 864.6
950000 827.2
955000 877.6
960000 868.6
965000 465.4
970000 823.6
975000 852.9
980000 858.8
985000 843.0
990000 869.5
995000 863.5
1000000 869.6
1005000 839.4
1010000 846.1
1015000 831.4
1020000 859.7
1025000 864.9
1030000 848.7
1035000 856.0
1040000 862.6
1045000 414.5
1050000 659.6
1055000 776.3
1060000 805.0
1065000 847.4
1070000 780.0
1075000 829.9
1080000 859.7
1085000 857.3
1090000 868.4
1095000 870.3
1100000 862.4
1105000 867.5
1110000 863.3
1115000 852.1
1120000 823.8
1125000 411.6
1130000 726.9
1135000 852.7
1140000 788.4
1145000 812.3
1150000 798.0
1155000 843.8
1160000 781.8
1165000 791.7
1170000 834.6
1175000 848.6
1180000 831.6
1185000 687.4
1190000 863.6
1195000 825.9
1200000 743.3
1205000 390.3
1210000 674.4
1215000 655.0
1220000 836.1
1225000 826.5
1230000 863.5
1235000 831.7
1240000 5.7
1245000 862.3
1250000 848.5
1255000 814.9
1260000 6.0
1265000 726.5
1270000 394.3
1275000 808.9
1280000 461.0
1285000 411.6
1290000 773.5
1295000 692.9
1300000 528.5
1305000 138.0
1310000 5.8
1315000 745.3
1320000 665.7
1325000 785.8
1330000 718.2
1335000 821.7
1340000 838.2
1345000 688.8
1350000 877.2
1355000 851.1
1360000 821.5
1365000 274.5
1370000 535.2
1375000 606.3
1380000 609.3
1385000 313.2
1390000 4.9
1395000 27.4
1400000 757.3
1405000 817.1
1410000 752.8
1415000 848.1
1420000 227.5
1425000 779.5
1430000 801.1
1435000 828.6
1440000 530.3
1445000 141.6
1450000 655.8
1455000 743.9
1460000 788.9
1465000 771.6
1470000 5.4
1475000 682.8
1480000 791.8
1485000 5.9
1490000 807.0
1495000 838.1
1500000 839.7
1505000 788.5
1510000 764.8
1515000 848.6
1520000 713.6
1525000 288.4
1530000 690.5
1535000 668.1
1540000 795.9
1545000 563.8
1550000 848.5
1555000 778.0
1560000 634.0
1565000 682.4
1570000 837.9
1575000 757.8
1580000 804.3
1585000 782.1
1590000 850.6
1595000 770.8
1600000 878.3
1605000 288.3
1610000 590.5
1615000 759.8
1620000 833.9
1625000 5.8
1630000 760.2
1635000 833.1
1640000 734.8
1645000 5.6
1650000 460.8
1655000 845.1
1660000 705.8
1665000 826.5
1670000 812.6
1675000 858.4
1680000 749.7
1685000 341.6
1690000 520.9
1695000 827.6
1700000 652.0
1705000 752.9
1710000 858.5
1715000 845.9
1720000 820.4
1725000 839.5
1730000 721.3
1735000 724.8
1740000 777.8
1745000 663.4
1750000 868.2
1755000 828.6
1760000 784.5
1765000 380.1
1770000 676.0
1775000 780.2
1780000 697.1
1785000 840.4
1790000 736.2
1795000 647.3
1800000 831.7
1805000 816.1
1810000 843.4
1815000 874.2
1820000 878.5
1825000 857.2
1830000 855.4
1835000 886.2
1840000 852.1
1845000 361.0
1850000 688.0
1855000 661.0
1860000 320.5
1865000 862.6
1870000 845.3
1875000 724.4
1880000 854.3
1885000 831.4
1890000 888.1
1895000 803.6
1900000 868.2
1905000 869.5
1910000 870.0
1915000 869.2
1920000 789.2
1925000 493.8
1930000 796.4
1935000 708.2
1940000 863.3
1945000 870.8
1950000 899.8
1955000 838.3
1960000 826.4
1965000 803.9
1970000 781.7
1975000 806.3
1980000 884.3
1985000 883.5
1990000 875.3
1995000 879.3
2000000 468.5
