5000 4.2
10000 5.5
15000 4.1
20000 4.3
25000 5.7
30000 3.5
35000 3.4
40000 3.2
45000 6.7
50000 3.9
55000 4.3
60000 4.3
65000 7.3
70000 5.4
75000 6.0
80000 6.8
85000 4.1
90000 6.6
95000 5.6
100000 5.1
105000 6.0
110000 5.6
115000 6.3
120000 8.1
125000 4.6
130000 6.4
135000 5.7
140000 5.0
145000 11.4
150000 13.8
155000 9.3
160000 29.4
165000 23.9
170000 81.8
175000 72.6
180000 150.6
185000 135.4
190000 36.8
195000 151.6
200000 6.4
205000 134.6
210000 137.5
215000 137.7
220000 39.4
225000 106.1
230000 136.4
235000 146.7
240000 177.7
245000 176.0
250000 219.4
255000 232.3
260000 248.3
265000 235.2
270000 220.3
275000 242.9
280000 205.4
285000 4.6
290000 287.5
295000 233.5
300000 222.4
305000 289.7
310000 240.2
315000 4.5
320000 377.3
325000 330.8
330000 409.1
335000 382.3
340000 408.4
345000 273.2
350000 151.0
355000 392.7
360000 300.0
365000 368.1
370000 374.9
375000 422.8
380000 423.3
385000 462.2
390000 432.4
395000 483.6
400000 398.8
405000 383.6
410000 463.9
415000 537.4
420000 552.2
425000 532.5
430000 579.2
435000 637.6
440000 682.1
445000 651.8
450000 751.5
455000 679.6
460000 751.4
465000 739.2
470000 745.1
475000 11.2
480000 842.3
485000 595.9
490000 809.6
495000 839.1
500000 802.0
505000 872.5
510000 833.7
515000 751.8
520000 876.3
525000 815.5
530000 793.0
535000 749.3
540000 381.0
545000 879.5
550000 870.7
555000 812.2
560000 865.1
565000 650.8
570000 824.5
575000 784.5
580000 861.0
585000 865.7
590000 730.0
595000 865.2
600000 849.6
605000 807.6
610000 874.1
615000 880.7
620000 847.7
625000 857.5
630000 847.1
635000 875.7
640000 870.7
645000 819.3
650000 703.2
655000 881.8
660000 794.7
665000 797.6
670000 845.0
675000 864.1
680000 856.8
685000 776.2
690000 780.6
695000 826.5
700000 861.7
705000 774.9
710000 877.1
715000 4.3
720000 822.1
725000 697.3
730000 777.6
735000 886.6
740000 820.1
745000 879.5
750000 860.6
755000 845.4
760000 874.5
765000 893.6
770000 857.0
775000 894.3
780000 903.3
785000 881.9
790000 867.7
795000 894.6
800000 890.9
805000 701.9
810000 839.2
815000 892.9
820000 791.7
825000 846.9
830000 899.4
835000 893.7
840000 901.3
845000 913.8
850000 886.3
855000 905.2
860000 904.6
865000 911.4
870000 875.0
875000 897.0
880000 902.7
885000 505.8
890000 838.2
895000 812.6
900000 855.7
905000 845.1
910000 879.7
915000 864.0
920000 895.8
925000 879.2
930000 900.6
935000 824.4
940000 891.0
945000 850.2
950000 841.2
955000 871.2
960000 905.4
965000 733.0
970000 830.0
975000 824.3
980000 819.2
985000 877.7
990000 876.1
995000 848.3
1000000 815.9
1005000 644.8
1010000 918.5
1015000 904.7
1020000 875.5
1025000 883.6
1030000 917.6
1035000 843.3
1040000 887.0
1045000 664.2
1050000 780.6
1055000 786.9
1060000 850.9
1065000 816.6
1070000 772.6
1075000 820.3
1080000 893.0
1085000 848.0
1090000 913.0
1095000 6.6
1100000 779.8
1105000 886.6
1110000 913.3
1115000 902.4
1120000 875.3
1125000 786.4
1130000 880.1
1135000 891.5
1140000 901.9
1145000 874.8
1150000 876.0
1155000 6.3
1160000 771.9
1165000 701.1
1170000 887.2
1175000 4.4
1180000 763.9
1185000 758.4
1190000 824.0
1195000 877.2
1200000 694.0
1205000 533.5
1210000 736.7
1215000 619.1
1220000 872.3
1225000 792.1
1230000 835.0
1235000 763.4
1240000 142.1
1245000 903.2
1250000 859.1
1255000 888.1
1260000 610.9
1265000 897.0
1270000 811.5
1275000 6.5
1280000 792.8
1285000 585.1
1290000 609.9
1295000 350.9
1300000 783.0
1305000 865.7
1310000 909.3
1315000 855.3
1320000 4.2
1325000 841.9
1330000 721.9
1335000 815.8
1340000 745.0
1345000 878.1
1350000 621.0
1355000 4.6
1360000 644.6
1365000 242.8
1370000 698.9
1375000 714.1
1380000 763.4
1385000 656.9
1390000 668.4
1395000 723.2
1400000 457.5
1405000 891.1
1410000 821.3
1415000 731.6
1420000 748.6
1425000 904.9
1430000 822.2
1435000 904.2
1440000 809.7
1445000 224.5
1450000 689.1
1455000 539.7
1460000 702.7
1465000 50.7
1470000 881.5
1475000 5.2
1480000 823.4
1485000 809.7
1490000 849.2
1495000 872.7
1500000 758.1
1505000 787.1
1510000 9.1
1515000 874.1
1520000 875.9
1525000 393.4
1530000 483.7
1535000 668.9
1540000 797.7
1545000 884.6
1550000 856.5
1555000 863.0
1560000 870.3
1565000 871.9
1570000 838.4
1575000 893.3
1580000 602.0
1585000 886.7
1590000 819.1
1595000 373.5
1600000 627.3
1605000 388.0
1610000 608.6
1615000 767.2
1620000 746.2
1625000 877.5
1630000 737.1
1635000 808.3
1640000 5.5
1645000 880.2
1650000 794.0
1655000 911.3
1660000 921.3
1665000 877.9
1670000 897.8
1675000 622.2
1680000 916.9
1685000 452.1
1690000 720.8
1695000 743.2
1700000 734.2
1705000 620.8
1710000 863.7
1715000 829.3
1720000 819.3
1725000 874.0
1730000 841.0
1735000 898.0
1740000 383.1
1745000 924.4
1750000 872.4
1755000 883.9
1760000 888.4
1765000 467.6
1770000 675.6
1775000 804.6
1780000 902.9
1785000 793.1
1790000 930.2
1795000 827.3
1800000 909.8
1805000 594.1
1810000 889.1
1815000 832.1
1820000 806.7
1825000 908.1
1830000 913.7
1835000 914.3
1840000 890.9
1845000 482.9
1850000 799.2
1855000 828.8
1860000 884.3
1865000 857.6
1870000 904.0
1875000 895.9
1880000 110.0
1885000 903.1
1890000 6.7
1895000 900.3
1900000 915.7
1905000 752.8
1910000 901.4
1915000 886.7
1920000 3.2
1925000 459.4
1930000 708.5
1935000 860.5
1940000 861.3
1945000 724.7
1950000 825.4
1955000 895.0
1960000 902.9
1965000 838.5
1970000 893.6
1975000 919.2
1980000 922.3
1985000 799.9
1990000 898.7
1995000 918.9
2000000 832.5
