5000 0.9
10000 1.1
15000 1.2
20000 1.4
25000 1.1
30000 1.1
35000 1.5
40000 1.2
45000 1.3
50000 0.9
55000 0.8
60000 1.1
65000 1.5
70000 1.7
75000 2.6
80000 1.6
85000 1.4
90000 2.7
95000 1.6
100000 1.4
105000 2.7
110000 2.3
115000 1.9
120000 1.8
125000 1.6
130000 1.9
135000 2.3
140000 1.8
145000 1.3
150000 2.6
155000 1.8
160000 5.0
165000 0.9
170000 3.4
175000 8.1
180000 7.5
185000 1.7
190000 1.6
195000 1.4
200000 16.8
205000 10.5
210000 17.8
215000 40.0
220000 16.5
225000 13.0
230000 29.5
235000 2.1
240000 33.1
245000 44.4
250000 69.5
255000 49.2
260000 82.8
265000 118.2
270000 67.3
275000 12.5
280000 34.0
285000 143.2
290000 122.8
295000 148.5
300000 114.9
305000 1.7
310000 151.9
315000 157.7
320000 192.5
325000 0.7
330000 150.5
335000 141.2
340000 204.2
345000 282.5
350000 267.4
355000 190.9
360000 280.9
365000 273.7
370000 317.4
375000 320.9
380000 318.5
385000 332.9
390000 331.1
395000 351.5
400000 362.0
405000 365.3
410000 329.4
415000 384.5
420000 356.4
425000 373.2
430000 13.0
435000 390.9
440000 386.7
445000 370.5
450000 382.1
455000 397.9
460000 391.0
465000 382.6
470000 375.3
475000 396.7
480000 420.7
485000 420.2
490000 414.9
495000 412.5
500000 430.1
505000 408.9
510000 432.6
515000 425.2
520000 427.6
525000 424.9
530000 444.8
535000 427.3
540000 446.8
545000 456.4
550000 458.1
555000 1.0
560000 418.2
565000 479.0
570000 463.0
575000 462.6
580000 472.6
585000 468.8
590000 479.4
595000 483.2
600000 479.6
605000 481.5
610000 480.9
615000 495.7
620000 482.5
625000 483.7
630000 470.2
635000 486.4
640000 480.0
645000 5.5
650000 197.6
655000 279.2
660000 433.2
665000 449.7
670000 359.6
675000 480.0
680000 484.0
685000 482.9
690000 499.0
695000 465.9
700000 494.9
705000 495.7
710000 505.9
715000 504.7
720000 513.8
725000 519.6
730000 495.5
735000 498.0
740000 530.1
745000 517.8
750000 522.6
755000 515.6
760000 523.2
765000 531.2
770000 526.6
775000 526.0
780000 529.1
785000 523.1
790000 541.1
795000 527.0
800000 545.2
805000 546.9
810000 549.2
815000 539.0
820000 539.9
825000 544.1
830000 541.1
835000 550.2
840000 543.2
845000 551.3
850000 548.4
855000 554.2
860000 564.2
865000 552.9
870000 556.3
875000 551.3
880000 555.6
885000 544.6
890000 560.5
895000 555.8
900000 552.9
905000 559.3
910000 563.3
915000 567.3
920000 556.7
925000 561.4
930000 561.4
935000 563.9
940000 567.4
945000 576.1
950000 570.3
955000 565.3
960000 570.5
965000 0.5
970000 172.7
975000 267.3
980000 443.7
985000 481.1
990000 516.0
995000 533.5
1000000 531.7
1005000 535.3
1010000 552.6
1015000 557.0
1020000 553.5
1025000 567.4
1030000 575.9
1035000 551.4
1040000 568.7
1045000 563.7
1050000 505.4
1055000 557.5
1060000 562.3
1065000 578.1
1070000 574.4
1075000 579.3
1080000 574.7
1085000 577.6
1090000 578.6
1095000 580.3
1100000 571.5
1105000 580.2
1110000 584.0
1115000 576.7
1120000 588.1
1125000 577.0
1130000 588.1
1135000 586.8
1140000 589.5
1145000 583.5
1150000 584.3
1155000 582.2
1160000 579.0
1165000 590.9
1170000 574.0
1175000 585.5
1180000 576.6
1185000 583.6
1190000 588.8
1195000 588.4
1200000 582.1
1205000 589.0
1210000 583.9
1215000 593.9
1220000 587.8
1225000 576.6
1230000 599.6
1235000 594.1
1240000 601.2
1245000 592.1
1250000 603.7
1255000 600.4
1260000 601.6
1265000 597.2
1270000 591.3
1275000 589.9
1280000 595.3
1285000 1.5
1290000 187.1
1295000 278.2
1300000 412.4
1305000 493.3
1310000 449.3
1315000 504.7
1320000 535.3
1325000 517.0
1330000 572.2
1335000 566.2
1340000 582.3
1345000 578.0
1350000 583.7
1355000 589.2
1360000 591.0
1365000 599.9
1370000 597.0
1375000 605.3
1380000 591.5
1385000 569.4
1390000 596.1
1395000 599.9
1400000 609.7
1405000 614.0
1410000 623.4
1415000 615.7
1420000 603.0
1425000 607.0
1430000 602.3
1435000 534.3
1440000 603.2
1445000 616.3
1450000 599.9
1455000 619.4
1460000 622.4
1465000 614.3
1470000 606.1
1475000 627.5
1480000 617.2
1485000 620.9
1490000 607.3
1495000 630.6
1500000 628.6
1505000 620.2
1510000 606.1
1515000 613.8
1520000 616.5
1525000 629.6
1530000 627.9
1535000 623.4
1540000 606.1
1545000 620.6
1550000 619.9
1555000 628.2
1560000 623.4
1565000 627.6
1570000 619.8
1575000 631.0
1580000 621.0
1585000 639.3
1590000 630.4
1595000 641.8
1600000 637.4
1605000 0.8
1610000 7.5
1615000 266.5
1620000 368.7
1625000 420.1
1630000 459.4
1635000 512.2
1640000 527.4
1645000 540.6
1650000 555.9
1655000 578.0
1660000 574.9
1665000 601.5
1670000 606.7
1675000 617.7
1680000 603.0
1685000 613.9
1690000 595.9
1695000 605.2
1700000 606.6
1705000 631.7
1710000 625.3
1715000 627.5
1720000 610.6
1725000 629.0
1730000 639.8
1735000 648.6
1740000 637.5
1745000 633.0
1750000 630.2
1755000 630.8
1760000 635.0
1765000 627.5
1770000 618.1
1775000 612.0
1780000 626.7
1785000 623.5
1790000 642.5
1795000 631.9
1800000 339.4
1805000 622.2
1810000 629.2
1815000 632.0
1820000 646.5
1825000 644.9
1830000 644.1
1835000 633.9
1840000 642.1
1845000 645.4
1850000 641.9
1855000 631.4
1860000 636.4
1865000 510.0
1870000 583.4
1875000 1.7
1880000 1.6
1885000 475.5
1890000 603.9
1895000 596.5
1900000 607.8
1905000 629.2
1910000 613.4
1915000 639.6
1920000 646.5
1925000 600.7
1930000 636.1
1935000 648.2
1940000 630.1
1945000 639.8
1950000 647.2
1955000 651.5
1960000 636.6
1965000 655.4
1970000 644.6
1975000 633.4
1980000 641.2
1985000 2.8
1990000 2.5
1995000 574.6
2000000 623.8
