5000 0.8
10000 1.2
15000 1.1
20000 1.4
25000 1.2
30000 0.6
35000 1.5
40000 1.1
45000 1.2
50000 1.1
55000 1.0
60000 1.1
65000 1.9
70000 1.4
75000 1.9
80000 1.6
85000 1.3
90000 1.5
95000 1.2
100000 1.3
105000 76.2
110000 1.7
115000 26.6
120000 132.1
125000 163.7
130000 1.1
135000 119.1
140000 2.0
145000 146.2
150000 90.9
155000 92.5
160000 193.5
165000 157.9
170000 160.7
175000 73.4
180000 220.3
185000 169.3
190000 182.4
195000 68.0
200000 235.7
205000 2.2
210000 245.1
215000 243.6
220000 52.8
225000 248.2
230000 242.9
235000 272.1
240000 279.4
245000 275.9
250000 271.0
255000 314.2
260000 299.5
265000 283.5
270000 296.0
275000 279.4
280000 322.0
285000 309.7
290000 11.6
295000 346.0
300000 343.8
305000 363.4
310000 362.1
315000 365.2
320000 341.3
325000 13.2
330000 153.1
335000 361.0
340000 398.3
345000 434.0
350000 428.8
355000 427.4
360000 451.0
365000 450.9
370000 445.4
375000 441.6
380000 447.4
385000 451.5
390000 448.5
395000 460.7
400000 463.2
405000 474.1
410000 455.0
415000 473.9
420000 481.9
425000 470.1
430000 476.5
435000 478.3
440000 495.6
445000 484.0
450000 484.6
455000 482.8
460000 496.5
465000 477.8
470000 501.5
475000 485.7
480000 508.4
485000 490.1
490000 509.5
495000 493.9
500000 508.8
505000 495.9
510000 517.9
515000 526.4
520000 508.0
525000 525.5
530000 521.6
535000 523.0
540000 514.4
545000 514.8
550000 515.8
555000 532.5
560000 530.5
565000 543.6
570000 527.6
575000 541.6
580000 543.2
585000 539.3
590000 534.9
595000 543.8
600000 550.3
605000 555.6
610000 546.3
615000 556.7
620000 182.4
625000 551.5
630000 550.9
635000 547.2
640000 561.4
645000 11.3
650000 328.8
655000 452.6
660000 510.2
665000 529.7
670000 549.9
675000 550.6
680000 556.4
685000 554.9
690000 593.8
695000 569.2
700000 573.8
705000 551.8
710000 579.1
715000 579.8
720000 596.2
725000 569.8
730000 593.0
735000 574.7
740000 584.5
745000 593.8
750000 595.3
755000 591.7
760000 584.1
765000 576.3
770000 589.4
775000 595.0
780000 571.5
785000 593.8
790000 605.5
795000 615.6
800000 599.7
805000 603.6
810000 613.4
815000 602.0
820000 607.9
825000 611.4
830000 613.0
835000 594.4
840000 608.3
845000 599.2
850000 601.4
855000 604.9
860000 617.1
865000 607.2
870000 618.7
875000 622.4
880000 624.5
885000 624.0
890000 625.2
895000 632.8
900000 619.1
905000 607.9
910000 619.8
915000 631.1
920000 633.8
925000 619.8
930000 620.3
935000 636.0
940000 620.7
945000 632.2
950000 603.3
955000 623.9
960000 639.4
965000 12.4
970000 222.1
975000 512.1
980000 502.6
985000 552.5
990000 589.4
995000 568.9
1000000 589.9
1005000 592.6
1010000 591.1
1015000 610.0
1020000 588.9
1025000 622.4
1030000 613.6
1035000 621.4
1040000 610.0
1045000 585.1
1050000 628.9
1055000 606.1
1060000 631.0
1065000 644.9
1070000 636.8
1075000 615.6
1080000 630.0
1085000 644.3
1090000 647.3
1095000 652.4
1100000 652.2
1105000 636.3
1110000 640.0
1115000 641.9
1120000 646.4
1125000 651.0
1130000 650.6
1135000 647.3
1140000 639.5
1145000 629.1
1150000 640.6
1155000 637.9
1160000 647.1
1165000 651.1
1170000 660.4
1175000 656.7
1180000 650.2
1185000 661.4
1190000 657.5
1195000 647.3
1200000 653.5
1205000 649.7
1210000 652.9
1215000 656.2
1220000 654.6
1225000 666.4
1230000 661.7
1235000 648.2
1240000 659.4
1245000 647.7
1250000 664.1
1255000 657.1
1260000 643.3
1265000 666.5
1270000 660.8
1275000 673.9
1280000 662.5
1285000 3.5
1290000 49.9
1295000 385.5
1300000 533.5
1305000 566.2
1310000 588.2
1315000 592.7
1320000 7.4
1325000 582.0
1330000 16.9
1335000 598.0
1340000 638.5
1345000 637.2
1350000 660.6
1355000 643.3
1360000 650.4
1365000 660.2
1370000 678.1
1375000 662.4
1380000 671.8
1385000 662.3
1390000 666.5
1395000 678.6
1400000 672.4
1405000 680.7
1410000 689.5
1415000 662.6
1420000 670.9
1425000 683.8
1430000 675.2
1435000 36.3
1440000 664.6
1445000 684.7
1450000 684.9
1455000 682.0
1460000 677.8
1465000 694.0
1470000 693.6
1475000 675.0
1480000 693.0
1485000 699.0
1490000 687.7
1495000 697.0
1500000 688.1
1505000 700.6
1510000 686.4
1515000 712.9
1520000 706.2
1525000 704.6
1530000 701.4
1535000 689.0
1540000 694.3
1545000 706.4
1550000 703.7
1555000 697.6
1560000 709.0
1565000 704.2
1570000 696.4
1575000 702.0
1580000 689.4
1585000 701.2
1590000 711.6
1595000 708.2
1600000 694.3
1605000 26.4
1610000 75.4
1615000 265.6
1620000 499.5
1625000 557.4
1630000 624.9
1635000 611.8
1640000 602.3
1645000 640.6
1650000 662.8
1655000 600.7
1660000 672.1
1665000 678.9
1670000 693.2
1675000 679.4
1680000 655.9
1685000 651.5
1690000 670.0
1695000 686.9
1700000 667.1
1705000 679.3
1710000 663.3
1715000 654.6
1720000 685.7
1725000 675.4
1730000 723.5
1735000 703.4
1740000 728.7
1745000 714.3
1750000 646.0
1755000 700.9
1760000 721.7
1765000 740.7
1770000 750.9
1775000 751.7
1780000 730.7
1785000 748.3
1790000 750.9
1795000 730.3
1800000 762.8
1805000 773.5
1810000 758.9
1815000 779.9
1820000 762.1
1825000 768.8
1830000 781.8
1835000 758.4
1840000 765.6
1845000 797.7
1850000 790.8
1855000 774.3
1860000 819.0
1865000 787.4
1870000 820.3
1875000 834.9
1880000 804.2
1885000 802.5
1890000 737.5
1895000 825.9
1900000 845.2
1905000 831.7
1910000 822.6
1915000 838.3
1920000 723.3
1925000 548.3
1930000 835.5
1935000 850.7
1940000 799.9
1945000 820.2
1950000 843.8
1955000 832.2
1960000 863.7
1965000 858.1
1970000 858.9
1975000 867.8
1980000 828.3
1985000 847.8
1990000 842.9
1995000 826.3
2000000 843.1
