5000 1.0
10000 1.1
15000 1.0
20000 1.3
25000 1.0
30000 0.9
35000 1.0
40000 1.3
45000 1.5
50000 1.2
55000 1.2
60000 1.1
65000 1.4
70000 2.1
75000 1.6
80000 1.2
85000 1.5
90000 2.0
95000 2.3
100000 1.7
105000 1.6
110000 1.9
115000 1.5
120000 1.9
125000 2.1
130000 2.4
135000 1.5
140000 1.9
145000 1.8
150000 2.1
155000 1.4
160000 2.0
165000 1.9
170000 1.7
175000 2.4
180000 1.8
185000 2.9
190000 2.2
195000 2.7
200000 1.9
205000 1.7
210000 3.2
215000 1.7
220000 2.0
225000 2.6
230000 1.9
235000 2.4
240000 1.9
245000 2.5
250000 3.1
255000 2.7
260000 3.0
265000 2.3
270000 2.0
275000 2.2
280000 2.5
285000 1.9
290000 2.4
295000 2.2
300000 2.9
305000 2.7
310000 2.2
315000 1.9
320000 2.4
325000 1.3
330000 1.2
335000 8.3
340000 52.8
345000 171.4
350000 169.1
355000 198.5
360000 200.7
365000 246.3
370000 243.6
375000 274.0
380000 277.3
385000 310.9
390000 306.9
395000 325.1
400000 319.7
405000 358.9
410000 366.5
415000 189.1
420000 395.1
425000 381.8
430000 405.0
435000 398.7
440000 418.2
445000 425.4
450000 406.4
455000 1.2
460000 432.0
465000 453.2
470000 445.3
475000 444.7
480000 430.9
485000 442.1
490000 453.6
495000 453.8
500000 452.2
505000 451.4
510000 465.0
515000 298.6
520000 471.0
525000 450.9
530000 463.3
535000 474.1
540000 467.6
545000 482.9
550000 488.5
555000 466.8
560000 496.5
565000 484.6
570000 492.9
575000 484.5
580000 492.8
585000 488.5
590000 503.6
595000 490.2
600000 504.3
605000 509.0
610000 495.6
615000 1.9
620000 505.5
625000 509.5
630000 517.4
635000 524.2
640000 503.4
645000 1.4
650000 185.3
655000 425.0
660000 452.0
665000 503.7
670000 486.5
675000 493.4
680000 520.3
685000 515.6
690000 527.0
695000 524.4
700000 537.3
705000 551.6
710000 538.9
715000 535.7
720000 543.9
725000 542.9
730000 553.2
735000 547.3
740000 554.8
745000 555.2
750000 551.1
755000 569.0
760000 572.0
765000 566.8
770000 511.7
775000 568.6
780000 574.3
785000 567.9
790000 570.8
795000 565.9
800000 568.7
805000 585.8
810000 580.9
815000 572.5
820000 577.5
825000 577.4
830000 576.5
835000 575.1
840000 577.0
845000 587.0
850000 596.5
855000 574.0
860000 575.9
865000 573.6
870000 585.9
875000 592.2
880000 587.1
885000 585.7
890000 596.8
895000 599.3
900000 585.8
905000 586.4
910000 582.4
915000 584.4
920000 586.9
925000 591.8
930000 599.0
935000 591.6
940000 604.7
945000 611.7
950000 598.1
955000 596.6
960000 599.9
965000 0.9
970000 248.6
975000 389.9
980000 473.2
985000 538.1
990000 553.2
995000 559.4
1000000 561.8
1005000 552.5
1010000 588.0
1015000 597.5
1020000 588.7
1025000 578.8
1030000 580.3
1035000 610.0
1040000 606.2
1045000 600.5
1050000 622.3
1055000 603.7
1060000 621.0
1065000 614.0
1070000 605.0
1075000 618.6
1080000 624.8
1085000 636.8
1090000 635.6
1095000 628.7
1100000 624.5
1105000 624.1
1110000 606.4
1115000 616.4
1120000 610.6
1125000 611.0
1130000 629.4
1135000 636.7
1140000 619.4
1145000 610.9
1150000 640.9
1155000 647.8
1160000 623.9
1165000 646.2
1170000 660.4
1175000 641.7
1180000 623.4
1185000 647.0
1190000 637.5
1195000 630.8
1200000 626.0
1205000 658.8
1210000 670.9
1215000 641.2
1220000 632.8
1225000 628.4
1230000 643.9
1235000 623.6
1240000 643.4
1245000 675.8
1250000 645.9
1255000 664.7
1260000 653.2
1265000 688.0
1270000 659.1
1275000 658.5
1280000 676.0
1285000 0.9
1290000 218.4
1295000 399.1
1300000 519.4
1305000 502.3
1310000 596.2
1315000 603.1
1320000 594.4
1325000 605.3
1330000 642.5
1335000 654.9
1340000 650.9
1345000 691.8
1350000 659.5
1355000 672.4
1360000 621.7
1365000 690.5
1370000 675.5
1375000 709.0
1380000 733.5
1385000 712.3
1390000 736.1
1395000 739.8
1400000 756.1
1405000 772.1
1410000 805.9
1415000 783.6
1420000 810.4
1425000 801.2
1430000 789.1
1435000 822.3
1440000 829.5
1445000 754.8
1450000 820.8
1455000 780.4
1460000 816.2
1465000 837.3
1470000 814.7
1475000 821.3
1480000 839.3
1485000 810.6
1490000 815.2
1495000 822.8
1500000 840.4
1505000 811.8
1510000 817.1
1515000 444.7
1520000 807.7
1525000 795.4
1530000 755.9
1535000 817.1
1540000 837.8
1545000 823.9
1550000 847.9
1555000 850.6
1560000 844.6
1565000 828.2
1570000 848.7
1575000 811.7
1580000 836.1
1585000 851.2
1590000 823.1
1595000 850.2
1600000 843.8
1605000 1.1
1610000 37.9
1615000 316.7
1620000 394.9
1625000 539.2
1630000 682.9
1635000 684.6
1640000 737.4
1645000 735.5
1650000 797.7
1655000 791.6
1660000 828.2
1665000 839.7
1670000 442.8
1675000 3.0
1680000 744.5
1685000 838.4
1690000 831.7
1695000 820.0
1700000 818.0
1705000 852.4
1710000 808.5
1715000 843.1
1720000 848.9
1725000 862.2
1730000 853.2
1735000 854.9
1740000 856.4
1745000 842.6
1750000 771.6
1755000 848.3
1760000 860.2
1765000 843.0
1770000 838.9
1775000 755.9
1780000 854.1
1785000 839.8
1790000 843.7
1795000 858.6
1800000 860.4
1805000 857.1
1810000 866.7
1815000 867.4
1820000 862.9
1825000 860.6
1830000 856.5
1835000 860.5
1840000 864.7
1845000 860.0
1850000 871.5
1855000 865.3
1860000 865.0
1865000 871.3
1870000 867.2
1875000 827.2
1880000 851.6
1885000 866.4
1890000 866.3
1895000 862.2
1900000 865.1
1905000 859.6
1910000 864.0
1915000 847.5
1920000 865.3
1925000 862.2
1930000 865.0
1935000 868.6
1940000 854.5
1945000 872.7
1950000 868.4
1955000 866.3
1960000 863.2
1965000 863.7
1970000 872.5
1975000 866.8
1980000 869.2
1985000 872.4
1990000 861.2
1995000 866.2
2000000 872.9
