5000 1.3
10000 0.9
15000 0.9
20000 1.2
25000 1.0
30000 1.2
35000 1.2
40000 1.4
45000 1.1
50000 1.4
55000 1.9
60000 1.6
65000 1.5
70000 1.6
75000 1.1
80000 1.3
85000 1.2
90000 1.3
95000 1.9
100000 2.5
105000 1.3
110000 2.2
115000 1.6
120000 4.0
125000 8.9
130000 1.8
135000 7.4
140000 3.1
145000 2.5
150000 14.9
155000 50.8
160000 58.5
165000 2.7
170000 31.8
175000 142.8
180000 6.6
185000 166.6
190000 177.7
195000 158.4
200000 167.9
205000 184.5
210000 133.3
215000 175.6
220000 174.0
225000 199.1
230000 194.6
235000 240.7
240000 9.3
245000 243.2
250000 245.0
255000 246.9
260000 241.8
265000 251.8
270000 2.0
275000 296.3
280000 258.4
285000 217.5
290000 134.0
295000 271.3
300000 302.8
305000 315.8
310000 316.0
315000 298.0
320000 305.4
325000 2.9
330000 40.3
335000 145.4
340000 326.8
345000 364.2
350000 376.2
355000 382.6
360000 328.4
365000 364.2
370000 411.4
375000 411.4
380000 412.8
385000 419.8
390000 432.6
395000 425.1
400000 425.4
405000 415.5
410000 426.3
415000 462.5
420000 464.9
425000 457.7
430000 466.6
435000 452.4
440000 472.7
445000 480.4
450000 469.7
455000 483.8
460000 469.6
465000 480.6
470000 482.1
475000 495.8
480000 494.4
485000 506.4
490000 495.3
495000 494.2
500000 495.2
505000 498.1
510000 506.9
515000 501.3
520000 506.8
525000 512.5
530000 515.6
535000 512.4
540000 521.2
545000 546.6
550000 518.3
555000 528.6
560000 506.6
565000 508.3
570000 537.0
575000 534.5
580000 524.6
585000 526.1
590000 530.0
595000 552.2
600000 539.6
605000 546.4
610000 546.2
615000 482.3
620000 546.8
625000 542.2
630000 537.5
635000 543.6
640000 546.4
645000 3.3
650000 226.6
655000 369.3
660000 462.9
665000 488.9
670000 486.4
675000 513.5
680000 557.4
685000 532.1
690000 575.7
695000 549.3
700000 554.0
705000 553.9
710000 576.5
715000 584.3
720000 577.2
725000 596.9
730000 579.2
735000 592.8
740000 583.5
745000 605.6
750000 581.1
755000 598.0
760000 580.6
765000 604.8
770000 609.5
775000 600.5
780000 593.3
785000 606.1
790000 612.4
795000 615.7
800000 604.8
805000 616.6
810000 603.3
815000 602.7
820000 613.2
825000 601.8
830000 613.4
835000 596.6
840000 600.5
845000 615.5
850000 613.3
855000 614.5
860000 608.1
865000 617.5
870000 615.3
875000 605.5
880000 619.8
885000 616.6
890000 614.3
895000 611.8
900000 626.6
905000 604.8
910000 633.9
915000 625.9
920000 638.9
925000 623.5
930000 636.5
935000 633.9
940000 631.3
945000 635.3
950000 653.4
955000 640.6
960000 646.5
965000 53.3
970000 136.4
975000 273.0
980000 447.8
985000 552.6
990000 552.6
995000 559.7
1000000 592.6
1005000 575.3
1010000 579.4
1015000 586.1
1020000 611.3
1025000 600.0
1030000 598.3
1035000 622.4
1040000 634.7
1045000 631.1
1050000 649.1
1055000 635.5
1060000 626.1
1065000 610.4
1070000 656.2
1075000 639.8
1080000 660.8
1085000 667.4
1090000 661.1
1095000 654.7
1100000 673.6
1105000 682.6
1110000 672.0
1115000 665.5
1120000 680.4
1125000 686.8
1130000 676.0
1135000 682.0
1140000 695.9
1145000 698.3
1150000 692.5
1155000 696.4
1160000 703.5
1165000 671.3
1170000 677.4
1175000 680.9
1180000 704.0
1185000 696.2
1190000 718.8
1195000 732.3
1200000 700.6
1205000 706.9
1210000 738.8
1215000 712.9
1220000 694.0
1225000 716.7
1230000 746.1
1235000 720.9
1240000 738.0
1245000 741.1
1250000 735.3
1255000 743.7
1260000 775.2
1265000 771.5
1270000 760.5
1275000 801.9
1280000 787.5
1285000 1.6
1290000 60.5
1295000 320.3
1300000 383.3
1305000 545.6
1310000 652.5
1315000 617.5
1320000 684.9
1325000 721.8
1330000 674.6
1335000 728.8
1340000 705.2
1345000 763.7
1350000 757.3
1355000 732.9
1360000 743.9
1365000 778.3
1370000 837.8
1375000 809.0
1380000 827.6
1385000 834.7
1390000 832.5
1395000 787.7
1400000 848.4
1405000 841.6
1410000 835.7
1415000 817.9
1420000 836.3
1425000 858.4
1430000 846.0
1435000 856.9
1440000 845.0
1445000 864.4
1450000 855.5
1455000 868.6
1460000 861.9
1465000 850.2
1470000 862.3
1475000 827.6
1480000 869.2
1485000 861.0
1490000 872.6
1495000 876.4
1500000 784.8
1505000 869.3
1510000 880.7
1515000 869.2
1520000 878.7
1525000 868.7
1530000 885.0
1535000 876.2
1540000 875.5
1545000 879.6
1550000 878.9
1555000 877.4
1560000 878.6
1565000 875.7
1570000 885.2
1575000 437.8
1580000 1.7
1585000 1.5
1590000 2.3
1595000 1.6
1600000 1.8
1605000 2.0
1610000 77.9
1615000 204.7
1620000 328.2
1625000 506.9
1630000 630.7
1635000 664.0
1640000 799.9
1645000 818.7
1650000 855.7
1655000 864.9
1660000 878.7
1665000 874.7
1670000 840.1
1675000 866.4
1680000 874.6
1685000 866.3
1690000 880.6
1695000 833.3
1700000 885.1
1705000 874.9
1710000 881.5
1715000 880.9
1720000 877.1
1725000 881.4
1730000 885.2
1735000 883.7
1740000 878.8
1745000 892.0
1750000 894.3
1755000 884.2
1760000 879.0
1765000 875.2
1770000 889.1
1775000 883.2
1780000 882.4
1785000 879.3
1790000 882.3
1795000 887.6
1800000 881.7
1805000 874.3
1810000 890.5
1815000 890.3
1820000 878.3
1825000 891.4
1830000 891.0
1835000 897.7
1840000 888.6
1845000 873.7
1850000 886.1
1855000 886.7
1860000 879.2
1865000 896.3
1870000 788.4
1875000 865.2
1880000 886.9
1885000 882.1
1890000 887.0
1895000 897.2
1900000 893.7
1905000 883.0
1910000 890.6
1915000 880.0
1920000 886.7
1925000 870.2
1930000 895.0
1935000 891.5
1940000 894.0
1945000 86.4
1950000 895.0
1955000 2.7
1960000 414.7
1965000 898.0
1970000 898.7
1975000 896.9
1980000 897.5
1985000 900.1
1990000 899.0
1995000 895.8
2000000 891.1
