5000 1.2
10000 1.3
15000 1.1
20000 1.1
25000 1.3
30000 0.8
35000 1.1
40000 0.8
45000 3.5
50000 0.9
55000 1.3
60000 1.1
65000 1.4
70000 1.6
75000 1.5
80000 1.6
85000 1.3
90000 1.4
95000 1.4
100000 1.4
105000 1.7
110000 1.3
115000 1.5
120000 1.9
125000 1.4
130000 1.5
135000 1.4
140000 1.7
145000 2.1
150000 1.0
155000 15.3
160000 1.7
165000 2.7
170000 1.5
175000 1.2
180000 5.2
185000 2.2
190000 32.5
195000 18.2
200000 58.9
205000 47.5
210000 55.6
215000 93.8
220000 31.1
225000 127.7
230000 139.4
235000 148.4
240000 114.4
245000 148.4
250000 165.8
255000 180.9
260000 105.3
265000 170.2
270000 179.1
275000 189.4
280000 11.8
285000 156.4
290000 15.5
295000 156.3
300000 96.0
305000 92.8
310000 76.4
315000 146.3
320000 14.4
325000 1.8
330000 132.9
335000 164.9
340000 221.8
345000 257.1
350000 260.1
355000 259.4
360000 259.1
365000 262.0
370000 269.9
375000 305.0
380000 288.2
385000 286.1
390000 292.3
395000 276.6
400000 325.0
405000 303.7
410000 312.5
415000 329.0
420000 334.1
425000 352.6
430000 342.5
435000 321.0
440000 348.2
445000 359.3
450000 372.3
455000 248.2
460000 372.7
465000 377.6
470000 365.9
475000 366.4
480000 396.7
485000 375.5
490000 399.4
495000 394.9
500000 388.8
505000 394.0
510000 405.7
515000 409.3
520000 415.0
525000 396.9
530000 414.0
535000 413.3
540000 425.7
545000 435.5
550000 419.9
555000 372.2
560000 436.0
565000 433.3
570000 426.3
575000 447.7
580000 432.2
585000 448.3
590000 444.4
595000 443.0
600000 438.5
605000 437.0
610000 444.2
615000 428.0
620000 460.2
625000 439.1
630000 451.8
635000 456.4
640000 443.9
645000 2.0
650000 171.5
655000 285.0
660000 365.8
665000 450.7
670000 457.0
675000 480.0
680000 426.8
685000 454.1
690000 475.1
695000 474.1
700000 481.2
705000 468.8
710000 462.9
715000 479.4
720000 490.9
725000 470.1
730000 491.5
735000 484.9
740000 491.0
745000 490.8
750000 494.3
755000 498.2
760000 495.9
765000 508.7
770000 486.5
775000 510.1
780000 494.2
785000 507.4
790000 495.5
795000 506.3
800000 506.9
805000 522.4
810000 520.9
815000 536.9
820000 517.3
825000 522.1
830000 531.0
835000 519.6
840000 530.1
845000 537.5
850000 538.4
855000 525.2
860000 539.2
865000 530.3
870000 537.9
875000 547.8
880000 517.7
885000 532.8
890000 537.4
895000 523.0
900000 530.5
905000 540.0
910000 530.3
915000 550.2
920000 546.8
925000 539.3
930000 554.5
935000 532.8
940000 542.9
945000 557.8
950000 546.3
955000 556.9
960000 544.1
965000 4.3
970000 161.5
975000 384.3
980000 428.7
985000 473.1
990000 491.7
995000 509.9
1000000 511.1
1005000 510.2
1010000 521.3
1015000 534.9
1020000 548.4
1025000 556.0
1030000 556.0
1035000 567.3
1040000 563.6
1045000 562.3
1050000 556.9
1055000 580.0
1060000 561.8
1065000 587.2
1070000 557.1
1075000 590.5
1080000 578.4
1085000 555.2
1090000 568.8
1095000 583.0
1100000 543.5
1105000 572.6
1110000 572.8
1115000 587.8
1120000 592.3
1125000 584.1
1130000 597.0
1135000 587.4
1140000 621.3
1145000 603.6
1150000 600.8
1155000 606.9
1160000 573.7
1165000 603.0
1170000 603.6
1175000 609.2
1180000 617.4
1185000 611.8
1190000 591.7
1195000 599.5
1200000 589.5
1205000 619.7
1210000 604.3
1215000 607.8
1220000 595.1
1225000 585.0
1230000 620.1
1235000 619.6
1240000 624.5
1245000 608.1
1250000 616.1
1255000 593.8
1260000 619.5
1265000 626.8
1270000 622.9
1275000 597.1
1280000 556.8
1285000 1.7
1290000 44.0
1295000 344.4
1300000 440.4
1305000 497.6
1310000 540.9
1315000 578.2
1320000 582.5
1325000 560.0
1330000 571.1
1335000 600.6
1340000 2.7
1345000 537.4
1350000 604.9
1355000 613.8
1360000 601.5
1365000 599.1
1370000 606.9
1375000 644.3
1380000 611.7
1385000 629.2
1390000 637.1
1395000 621.6
1400000 648.8
1405000 645.7
1410000 654.6
1415000 665.0
1420000 648.7
1425000 674.5
1430000 662.6
1435000 681.7
1440000 738.2
1445000 718.4
1450000 740.2
1455000 757.4
1460000 720.8
1465000 792.9
1470000 737.1
1475000 713.3
1480000 742.4
1485000 768.9
1490000 812.4
1495000 751.3
1500000 725.4
1505000 768.9
1510000 761.7
1515000 764.3
1520000 808.3
1525000 786.8
1530000 782.4
1535000 810.7
1540000 790.4
1545000 775.5
1550000 806.1
1555000 826.2
1560000 780.8
1565000 838.1
1570000 802.6
1575000 823.0
1580000 746.5
1585000 809.5
1590000 795.2
1595000 819.8
1600000 828.0
1605000 2.3
1610000 88.3
1615000 196.5
1620000 338.7
1625000 411.2
1630000 581.7
1635000 699.5
1640000 737.9
1645000 718.1
1650000 682.1
1655000 704.2
1660000 813.2
1665000 733.7
1670000 804.4
1675000 767.3
1680000 840.6
1685000 844.5
1690000 850.5
1695000 837.6
1700000 825.6
1705000 793.0
1710000 840.7
1715000 837.2
1720000 855.6
1725000 839.8
1730000 847.9
1735000 837.3
1740000 855.9
1745000 860.4
1750000 858.6
1755000 861.3
1760000 866.2
1765000 855.8
1770000 873.0
1775000 847.2
1780000 854.6
1785000 869.3
1790000 866.8
1795000 870.4
1800000 865.7
1805000 876.4
1810000 872.8
1815000 874.6
1820000 859.1
1825000 781.1
1830000 885.1
1835000 871.7
1840000 787.8
1845000 876.5
1850000 870.8
1855000 867.8
1860000 872.4
1865000 867.2
1870000 874.0
1875000 768.0
1880000 878.1
1885000 874.6
1890000 878.0
1895000 890.1
1900000 882.3
1905000 865.6
1910000 876.5
1915000 872.4
1920000 873.0
1925000 1.7
1930000 1.2
1935000 1.6
1940000 2.0
1945000 6.8
1950000 447.8
1955000 856.3
1960000 859.7
1965000 871.3
1970000 866.0
1975000 872.9
1980000 864.9
1985000 870.2
1990000 891.5
1995000 320.1
2000000 842.1
