5000 199.8
10000 254.3
15000 141.7
20000 12.9
25000 110.6
30000 10.7
35000 232.8
40000 148.9
45000 48.0
50000 192.0
55000 11.0
60000 210.3
65000 82.6
70000 152.7
75000 19.5
80000 84.6
85000 29.2
90000 76.5
95000 132.4
100000 67.5
105000 185.9
110000 61.7
115000 226.7
120000 298.1
125000 369.2
130000 221.7
135000 325.1
140000 35.5
145000 109.2
150000 298.8
155000 190.0
160000 18.8
165000 99.0
170000 201.9
175000 464.4
180000 143.4
185000 330.0
190000 304.2
195000 98.3
200000 91.9
205000 80.7
210000 351.3
215000 275.5
220000 217.2
225000 268.3
230000 195.5
235000 48.5
240000 235.0
245000 93.9
250000 273.9
255000 270.6
260000 264.0
265000 102.2
270000 367.8
275000 169.7
280000 379.0
285000 199.3
290000 173.4
295000 379.4
300000 182.7
305000 344.8
310000 353.1
315000 340.6
320000 381.0
325000 167.8
330000 318.0
335000 111.3
340000 111.8
345000 339.8
350000 148.7
355000 310.5
360000 393.9
365000 277.3
370000 282.9
375000 295.5
380000 542.7
385000 283.9
390000 450.9
395000 402.4
400000 376.8
405000 212.8
410000 276.3
415000 416.2
420000 304.3
425000 421.1
430000 110.8
435000 184.2
440000 495.2
445000 91.2
450000 232.5
455000 170.5
460000 184.8
465000 204.8
470000 450.8
475000 90.9
480000 114.9
485000 190.9
490000 428.7
495000 336.6
500000 210.3
505000 17.7
510000 181.4
515000 208.2
520000 152.9
525000 207.6
530000 366.0
535000 492.1
540000 138.5
545000 309.7
550000 91.4
555000 49.8
560000 140.5
565000 428.0
570000 478.8
575000 409.0
580000 402.0
585000 564.5
590000 337.3
595000 188.5
600000 658.0
605000 403.9
610000 256.8
615000 246.1
620000 511.3
625000 304.3
630000 172.9
635000 295.9
640000 342.8
645000 147.8
650000 500.2
655000 289.7
660000 396.7
665000 66.4
670000 382.2
675000 383.3
680000 403.9
685000 159.1
690000 463.6
695000 93.7
700000 149.4
705000 421.2
710000 459.4
715000 531.2
720000 364.5
725000 344.0
730000 118.9
735000 112.6
740000 317.2
745000 393.2
750000 208.5
755000 461.8
760000 242.5
765000 495.8
770000 459.2
775000 160.4
780000 90.9
785000 293.2
790000 436.0
795000 297.3
800000 218.0
805000 108.1
810000 186.6
815000 229.0
820000 283.3
825000 127.7
830000 365.6
835000 327.5
840000 415.0
845000 364.9
850000 315.9
855000 303.7
860000 11.5
865000 243.1
870000 242.4
875000 111.5
880000 184.1
885000 321.2
890000 315.4
895000 111.5
900000 108.6
905000 408.3
910000 207.7
915000 246.6
920000 339.7
925000 374.7
930000 297.8
935000 103.1
940000 286.2
945000 267.2
950000 171.5
955000 413.2
960000 313.2
965000 267.6
970000 108.1
975000 249.5
980000 459.8
985000 457.9
990000 208.7
995000 166.9
1000000 403.8
1005000 166.8
1010000 224.4
1015000 402.2
1020000 612.9
1025000 359.2
1030000 259.1
1035000 185.1
1040000 371.6
1045000 210.9
1050000 465.5
1055000 252.8
1060000 365.4
1065000 116.8
1070000 204.7
1075000 465.7
1080000 336.6
1085000 196.6
1090000 339.7
1095000 530.4
1100000 471.2
1105000 471.8
1110000 195.3
1115000 122.6
1120000 300.3
1125000 271.7
1130000 282.6
1135000 371.7
1140000 260.4
1145000 160.4
1150000 153.9
1155000 201.3
1160000 357.7
1165000 313.6
1170000 174.1
1175000 302.8
1180000 168.3
1185000 120.4
1190000 42.7
1195000 348.4
1200000 347.0
1205000 553.0
1210000 359.5
1215000 473.6
1220000 308.7
1225000 306.8
1230000 384.9
1235000 418.8
1240000 273.8
1245000 287.7
1250000 490.2
1255000 119.7
1260000 97.5
1265000 213.9
1270000 72.1
1275000 337.2
1280000 575.6
1285000 62.7
1290000 158.2
1295000 297.6
1300000 452.1
1305000 561.4
1310000 287.5
1315000 217.1
1320000 350.7
1325000 201.8
1330000 303.3
1335000 297.0
1340000 295.1
1345000 195.7
1350000 462.1
1355000 276.7
1360000 209.7
1365000 219.2
1370000 428.9
1375000 301.6
1380000 475.6
1385000 341.3
1390000 499.9
1395000 214.5
1400000 233.0
1405000 167.6
1410000 259.0
1415000 452.0
1420000 415.3
1425000 560.5
1430000 279.1
1435000 309.5
1440000 282.8
1445000 105.1
1450000 192.9
1455000 113.6
1460000 358.3
1465000 279.1
1470000 534.4
1475000 203.2
1480000 356.6
1485000 202.0
1490000 257.6
1495000 407.5
1500000 370.3
1505000 187.5
1510000 335.6
1515000 175.5
1520000 355.3
1525000 465.0
1530000 181.8
1535000 416.9
1540000 308.5
1545000 372.0
1550000 247.3
1555000 163.5
1560000 111.2
1565000 547.9
1570000 154.6
1575000 99.0
1580000 9.7
1585000 262.1
1590000 109.5
1595000 251.7
1600000 349.5
1605000 218.1
1610000 184.6
1615000 441.6
1620000 212.0
1625000 272.2
1630000 275.5
1635000 134.6
1640000 304.0
1645000 343.1
1650000 446.1
1655000 207.5
1660000 260.2
1665000 401.6
1670000 382.4
1675000 374.6
1680000 669.7
1685000 201.9
1690000 267.2
1695000 308.3
1700000 237.5
1705000 300.7
1710000 593.4
1715000 216.8
1720000 356.3
1725000 328.6
1730000 450.4
1735000 430.6
1740000 399.5
1745000 253.5
1750000 335.2
1755000 164.7
1760000 198.9
1765000 417.9
1770000 331.9
1775000 191.8
1780000 504.9
1785000 372.4
1790000 188.6
1795000 390.8
1800000 472.5
1805000 477.6
1810000 393.1
1815000 298.4
1820000 398.2
1825000 353.7
1830000 134.5
1835000 406.0
1840000 538.8
1845000 512.4
1850000 211.0
1855000 143.8
1860000 471.2
1865000 22.7
1870000 334.9
1875000 250.6
1880000 297.4
1885000 643.5
1890000 189.7
1895000 281.1
1900000 412.7
1905000 279.7
1910000 427.2
1915000 229.5
1920000 239.1
1925000 358.3
1930000 397.2
1935000 431.0
1940000 225.2
1945000 250.8
1950000 396.3
1955000 200.8
1960000 209.3
1965000 207.0
1970000 50.2
1975000 539.9
1980000 391.8
1985000 474.9
1990000 347.4
1995000 115.2
2000000 9.5
