5000 234.6
10000 118.8
15000 212.9
20000 56.1
25000 78.8
30000 106.0
35000 31.3
40000 239.7
45000 178.4
50000 97.0
55000 117.9
60000 122.4
65000 154.0
70000 96.9
75000 200.6
80000 112.1
85000 102.9
90000 126.6
95000 98.7
100000 341.8
105000 212.3
110000 310.0
115000 228.7
120000 151.6
125000 148.8
130000 217.6
135000 129.1
140000 92.6
145000 328.1
150000 184.3
155000 225.2
160000 306.1
165000 113.4
170000 284.4
175000 116.1
180000 214.3
185000 273.6
190000 118.9
195000 144.9
200000 161.1
205000 194.9
210000 155.1
215000 195.5
220000 286.4
225000 185.0
230000 295.5
235000 13.6
240000 372.3
245000 340.6
250000 166.8
255000 359.0
260000 160.4
265000 100.4
270000 495.2
275000 181.9
280000 286.6
285000 175.0
290000 547.2
295000 239.1
300000 298.3
305000 267.2
310000 148.7
315000 229.8
320000 272.3
325000 256.6
330000 117.6
335000 460.2
340000 206.6
345000 490.2
350000 235.0
355000 392.5
360000 298.8
365000 204.5
370000 387.2
375000 373.7
380000 291.6
385000 381.0
390000 283.0
395000 244.8
400000 231.4
405000 108.3
410000 168.9
415000 151.5
420000 223.6
425000 140.4
430000 214.6
435000 395.4
440000 323.4
445000 247.6
450000 248.5
455000 395.4
460000 277.6
465000 502.3
470000 466.9
475000 302.1
480000 341.9
485000 299.9
490000 202.9
495000 311.0
500000 196.1
505000 113.7
510000 388.0
515000 192.6
520000 284.6
525000 381.0
530000 300.8
535000 393.6
540000 480.9
545000 373.2
550000 419.7
555000 108.1
560000 631.0
565000 425.0
570000 364.3
575000 451.5
580000 274.7
585000 244.5
590000 340.3
595000 371.2
600000 276.6
605000 366.9
610000 364.6
615000 341.7
620000 401.5
625000 351.1
630000 394.2
635000 80.4
640000 223.3
645000 276.8
650000 298.3
655000 188.3
660000 566.6
665000 369.9
670000 286.1
675000 107.8
680000 592.5
685000 260.8
690000 587.1
695000 79.8
700000 285.2
705000 168.5
710000 316.8
715000 125.9
720000 181.2
725000 312.0
730000 16.7
735000 271.6
740000 471.7
745000 346.8
750000 72.4
755000 539.2
760000 394.7
765000 300.5
770000 403.0
775000 219.3
780000 489.5
785000 245.3
790000 280.9
795000 228.0
800000 217.9
805000 365.7
810000 533.5
815000 378.5
820000 273.2
825000 371.0
830000 82.4
835000 450.8
840000 201.0
845000 189.4
850000 458.4
855000 327.4
860000 256.3
865000 317.9
870000 270.7
875000 331.8
880000 165.6
885000 181.4
890000 388.9
895000 461.0
900000 120.1
905000 231.2
910000 409.1
915000 363.1
920000 267.0
925000 97.4
930000 143.7
935000 170.4
940000 298.2
945000 382.7
950000 314.7
955000 389.2
960000 213.4
965000 166.9
970000 136.2
975000 283.3
980000 21.8
985000 306.3
990000 344.9
995000 210.4
1000000 244.3
1005000 108.9
1010000 515.5
1015000 487.0
1020000 104.2
1025000 277.0
1030000 201.3
1035000 281.0
1040000 200.4
1045000 206.8
1050000 106.9
1055000 433.1
1060000 475.2
1065000 350.2
1070000 379.7
1075000 255.8
1080000 112.9
1085000 227.3
1090000 301.9
1095000 184.4
1100000 234.6
1105000 285.0
1110000 200.8
1115000 525.2
1120000 512.9
1125000 440.2
1130000 252.2
1135000 192.4
1140000 107.7
1145000 116.7
1150000 284.5
1155000 12.4
1160000 345.0
1165000 342.2
1170000 307.0
1175000 180.4
1180000 98.1
1185000 278.8
1190000 411.2
1195000 354.9
1200000 469.3
1205000 361.4
1210000 111.5
1215000 307.1
1220000 281.0
1225000 343.6
1230000 395.7
1235000 334.7
1240000 359.2
1245000 185.5
1250000 109.3
1255000 69.7
1260000 274.9
1265000 477.9
1270000 272.3
1275000 319.3
1280000 452.8
1285000 356.5
1290000 229.4
1295000 287.7
1300000 368.4
1305000 480.1
1310000 203.5
1315000 568.3
1320000 114.5
1325000 324.8
1330000 273.4
1335000 470.5
1340000 348.3
1345000 318.4
1350000 531.0
1355000 131.2
1360000 483.0
1365000 292.2
1370000 364.4
1375000 275.1
1380000 396.6
1385000 476.2
1390000 115.3
1395000 270.9
1400000 386.9
1405000 621.2
1410000 381.7
1415000 416.5
1420000 608.8
1425000 347.4
1430000 622.8
1435000 292.9
1440000 343.2
1445000 293.9
1450000 318.8
1455000 458.6
1460000 257.5
1465000 520.1
1470000 350.9
1475000 239.9
1480000 295.6
1485000 265.0
1490000 293.0
1495000 248.3
1500000 388.5
1505000 200.2
1510000 340.3
1515000 165.7
1520000 364.6
1525000 312.4
1530000 167.9
1535000 500.6
1540000 127.0
1545000 420.0
1550000 163.0
1555000 358.3
1560000 448.0
1565000 207.6
1570000 260.7
1575000 310.7
1580000 416.9
1585000 304.0
1590000 157.3
1595000 187.9
1600000 556.0
1605000 232.2
1610000 139.3
1615000 284.6
1620000 195.5
1625000 378.0
1630000 357.5
1635000 252.9
1640000 199.4
1645000 414.0
1650000 459.7
1655000 260.6
1660000 271.0
1665000 274.4
1670000 290.2
1675000 522.3
1680000 333.6
1685000 74.2
1690000 262.9
1695000 256.2
1700000 175.7
1705000 340.9
1710000 379.0
1715000 286.0
1720000 360.0
1725000 385.0
1730000 424.9
1735000 140.3
1740000 168.0
1745000 470.7
1750000 487.8
1755000 208.2
1760000 131.2
1765000 461.7
1770000 431.3
1775000 152.8
1780000 14.9
1785000 237.9
1790000 118.3
1795000 214.4
1800000 114.2
1805000 433.5
1810000 448.9
1815000 339.5
1820000 538.0
1825000 359.0
1830000 248.1
1835000 107.2
1840000 477.5
1845000 202.1
1850000 485.0
1855000 281.4
1860000 399.6
1865000 113.7
1870000 435.7
1875000 294.8
1880000 301.4
1885000 332.0
1890000 22.5
1895000 436.0
1900000 398.3
1905000 445.6
1910000 205.5
1915000 62.4
1920000 226.0
1925000 335.2
1930000 94.8
1935000 376.2
1940000 465.3
1945000 291.5
1950000 91.2
1955000 277.8
1960000 297.0
1965000 420.2
1970000 348.8
1975000 272.8
1980000 304.7
1985000 260.1
1990000 192.7
1995000 431.5
2000000 334.4
