5000 74.9
10000 87.6
15000 178.6
20000 29.9
25000 233.6
30000 109.1
35000 135.6
40000 259.4
45000 290.1
50000 194.6
55000 178.2
60000 124.2
65000 162.7
70000 130.8
75000 352.7
80000 13.4
85000 150.9
90000 95.2
95000 209.8
100000 99.9
105000 228.2
110000 149.5
115000 300.9
120000 21.4
125000 430.1
130000 111.4
135000 234.2
140000 607.6
145000 230.7
150000 86.1
155000 273.7
160000 60.2
165000 103.4
170000 126.2
175000 171.6
180000 317.2
185000 295.0
190000 82.0
195000 367.3
200000 358.6
205000 199.5
210000 235.9
215000 177.1
220000 232.3
225000 350.9
230000 255.7
235000 431.6
240000 205.7
245000 19.7
250000 70.7
255000 192.5
260000 180.7
265000 475.6
270000 280.9
275000 302.6
280000 140.3
285000 358.6
290000 271.7
295000 320.2
300000 217.0
305000 456.7
310000 86.6
315000 173.3
320000 543.4
325000 234.5
330000 332.6
335000 199.1
340000 221.7
345000 347.6
350000 221.9
355000 339.1
360000 208.4
365000 279.3
370000 108.1
375000 313.1
380000 398.5
385000 111.8
390000 329.2
395000 340.4
400000 87.7
405000 475.6
410000 162.3
415000 658.6
420000 540.3
425000 314.4
430000 302.8
435000 209.4
440000 221.7
445000 294.3
450000 184.6
455000 192.9
460000 450.1
465000 66.5
470000 338.6
475000 297.6
480000 15.4
485000 303.6
490000 383.5
495000 125.5
500000 10.0
505000 30.5
510000 308.8
515000 499.6
520000 292.6
525000 207.1
530000 342.9
535000 363.9
540000 258.0
545000 152.9
550000 478.2
555000 322.9
560000 497.8
565000 294.9
570000 105.3
575000 390.7
580000 175.7
585000 292.8
590000 166.5
595000 258.8
600000 211.7
605000 506.1
610000 228.7
615000 336.7
620000 123.2
625000 237.2
630000 290.9
635000 386.8
640000 197.5
645000 197.0
650000 336.2
655000 110.5
660000 267.0
665000 228.7
670000 208.6
675000 362.1
680000 491.5
685000 192.0
690000 408.5
695000 424.1
700000 227.1
705000 430.8
710000 82.0
715000 453.8
720000 509.7
725000 543.3
730000 205.1
735000 218.5
740000 384.0
745000 376.6
750000 287.0
755000 378.8
760000 366.1
765000 257.9
770000 194.0
775000 589.0
780000 177.9
785000 245.8
790000 464.8
795000 205.8
800000 161.3
805000 378.3
810000 310.3
815000 348.4
820000 210.2
825000 188.2
830000 338.6
835000 429.3
840000 712.4
845000 110.2
850000 154.6
855000 303.7
860000 311.2
865000 378.5
870000 205.9
875000 108.6
880000 449.5
885000 447.7
890000 9.5
895000 446.6
900000 396.7
905000 552.3
910000 326.7
915000 353.5
920000 343.3
925000 391.6
930000 289.2
935000 148.3
940000 438.2
945000 189.6
950000 110.2
955000 184.0
960000 302.3
965000 270.8
970000 166.0
975000 445.9
980000 436.4
985000 145.3
990000 346.1
995000 78.2
1000000 369.9
1005000 208.3
1010000 314.1
1015000 467.0
1020000 391.0
1025000 523.5
1030000 329.5
1035000 475.7
1040000 439.6
1045000 275.3
1050000 178.7
1055000 371.4
1060000 143.1
1065000 208.1
1070000 579.4
1075000 111.5
1080000 322.2
1085000 464.3
1090000 202.5
1095000 304.9
1100000 89.3
1105000 211.2
1110000 275.8
1115000 108.8
1120000 212.0
1125000 346.8
1130000 370.8
1135000 432.3
1140000 100.1
1145000 237.3
1150000 275.4
1155000 225.6
1160000 394.8
1165000 390.6
1170000 381.2
1175000 370.9
1180000 437.2
1185000 200.3
1190000 239.7
1195000 659.1
1200000 238.0
1205000 377.7
1210000 327.0
1215000 412.3
1220000 195.4
1225000 377.6
1230000 203.5
1235000 286.9
1240000 711.4
1245000 303.9
1250000 443.3
1255000 346.5
1260000 327.8
1265000 241.8
1270000 255.6
1275000 338.0
1280000 405.9
1285000 72.7
1290000 90.0
1295000 84.4
1300000 437.0
1305000 473.2
1310000 152.3
1315000 270.7
1320000 213.6
1325000 217.8
1330000 305.5
1335000 490.2
1340000 427.7
1345000 318.0
1350000 489.2
1355000 207.2
1360000 202.1
1365000 140.0
1370000 195.7
1375000 117.9
1380000 157.1
1385000 449.1
1390000 206.8
1395000 600.5
1400000 384.1
1405000 472.6
1410000 194.4
1415000 338.3
1420000 236.6
1425000 477.1
1430000 197.8
1435000 273.0
1440000 483.0
1445000 356.7
1450000 344.2
1455000 494.2
1460000 420.5
1465000 276.2
1470000 519.0
1475000 70.0
1480000 295.9
1485000 410.8
1490000 211.3
1495000 183.1
1500000 398.5
1505000 411.7
1510000 262.4
1515000 353.8
1520000 641.0
1525000 238.9
1530000 403.5
1535000 394.8
1540000 224.2
1545000 291.4
1550000 236.6
1555000 117.0
1560000 490.4
1565000 343.2
1570000 447.7
1575000 229.5
1580000 468.0
1585000 259.8
1590000 396.2
1595000 234.4
1600000 325.1
1605000 38.0
1610000 97.5
1615000 513.0
1620000 294.3
1625000 15.6
1630000 445.4
1635000 197.8
1640000 541.2
1645000 271.3
1650000 475.6
1655000 271.6
1660000 313.3
1665000 403.7
1670000 349.1
1675000 194.0
1680000 199.5
1685000 280.9
1690000 392.1
1695000 400.5
1700000 268.7
1705000 284.3
1710000 181.2
1715000 285.4
1720000 497.8
1725000 268.5
1730000 203.5
1735000 521.7
1740000 468.4
1745000 514.5
1750000 538.4
1755000 275.4
1760000 231.8
1765000 195.4
1770000 331.5
1775000 372.1
1780000 339.3
1785000 527.3
1790000 295.2
1795000 119.0
1800000 327.4
1805000 150.0
1810000 271.3
1815000 371.2
1820000 11.2
1825000 177.0
1830000 497.1
1835000 111.4
1840000 390.1
1845000 264.7
1850000 228.9
1855000 305.8
1860000 86.1
1865000 112.7
1870000 387.3
1875000 289.5
1880000 401.9
1885000 382.0
1890000 450.8
1895000 337.5
1900000 422.7
1905000 374.6
1910000 381.6
1915000 392.8
1920000 429.9
1925000 425.2
1930000 248.7
1935000 163.8
1940000 413.7
1945000 363.2
1950000 354.7
1955000 341.1
1960000 278.9
1965000 208.8
1970000 279.2
1975000 281.1
1980000 310.9
1985000 373.6
1990000 38.2
1995000 210.2
2000000 246.8
