5000 87.3
10000 216.3
15000 230.6
20000 287.6
25000 361.7
30000 273.8
35000 257.3
40000 130.4
45000 157.6
50000 423.9
55000 175.1
60000 243.2
65000 346.2
70000 282.5
75000 104.3
80000 187.6
85000 346.9
90000 107.1
95000 109.4
100000 110.5
105000 68.3
110000 237.4
115000 215.3
120000 64.5
125000 298.8
130000 193.9
135000 203.4
140000 233.9
145000 212.6
150000 143.9
155000 311.9
160000 262.5
165000 192.8
170000 404.5
175000 196.0
180000 349.2
185000 365.6
190000 219.6
195000 386.3
200000 97.6
205000 211.3
210000 329.2
215000 71.2
220000 179.7
225000 300.1
230000 282.2
235000 214.2
240000 107.4
245000 115.8
250000 58.4
255000 261.5
260000 349.4
265000 244.7
270000 261.8
275000 422.2
280000 58.3
285000 243.0
290000 205.4
295000 193.0
300000 232.9
305000 394.0
310000 355.2
315000 473.1
320000 162.9
325000 72.5
330000 372.2
335000 488.1
340000 466.6
345000 218.5
350000 73.2
355000 221.0
360000 364.7
365000 398.0
370000 110.1
375000 275.2
380000 310.5
385000 360.8
390000 109.9
395000 197.1
400000 115.6
405000 272.7
410000 206.1
415000 444.5
420000 274.3
425000 610.9
430000 443.3
435000 286.6
440000 293.1
445000 176.4
450000 102.4
455000 389.2
460000 88.4
465000 289.0
470000 18.9
475000 381.6
480000 285.5
485000 436.0
490000 262.0
495000 483.3
500000 270.9
505000 312.7
510000 414.0
515000 397.4
520000 385.1
525000 229.8
530000 401.9
535000 297.9
540000 375.3
545000 559.9
550000 287.9
555000 259.7
560000 215.2
565000 278.7
570000 174.2
575000 353.2
580000 417.1
585000 251.4
590000 380.9
595000 312.0
600000 266.0
605000 309.5
610000 441.3
615000 9.7
620000 303.6
625000 117.2
630000 110.4
635000 280.7
640000 339.3
645000 78.6
650000 144.2
655000 195.4
660000 202.8
665000 182.9
670000 538.6
675000 112.1
680000 75.7
685000 108.6
690000 311.3
695000 208.7
700000 433.8
705000 469.0
710000 174.5
715000 161.9
720000 264.5
725000 390.1
730000 326.1
735000 396.4
740000 303.2
745000 246.7
750000 111.1
755000 424.8
760000 423.0
765000 387.5
770000 340.2
775000 212.6
780000 446.9
785000 534.1
790000 177.0
795000 219.8
800000 352.4
805000 285.4
810000 402.5
815000 358.5
820000 277.7
825000 363.3
830000 589.0
835000 187.7
840000 46.3
845000 284.3
850000 160.8
855000 396.6
860000 306.5
865000 290.4
870000 199.2
875000 411.8
880000 354.1
885000 9.8
890000 242.4
895000 119.9
900000 325.4
905000 351.7
910000 450.8
915000 147.9
920000 206.3
925000 260.5
930000 169.2
935000 451.7
940000 150.0
945000 378.9
950000 271.3
955000 112.0
960000 322.7
965000 383.9
970000 203.0
975000 243.3
980000 450.0
985000 258.3
990000 113.9
995000 355.7
1000000 306.4
1005000 125.8
1010000 396.5
1015000 188.6
1020000 214.0
1025000 462.2
1030000 362.2
1035000 111.0
1040000 435.0
1045000 384.5
1050000 96.0
1055000 367.6
1060000 112.0
1065000 377.1
1070000 88.3
1075000 299.5
1080000 292.3
1085000 166.7
1090000 161.4
1095000 129.0
1100000 283.7
1105000 534.8
1110000 387.7
1115000 418.6
1120000 401.5
1125000 298.8
1130000 491.1
1135000 279.0
1140000 284.0
1145000 192.3
1150000 341.6
1155000 473.5
1160000 220.3
1165000 394.4
1170000 329.0
1175000 459.9
1180000 349.1
1185000 235.5
1190000 309.3
1195000 442.2
1200000 299.4
1205000 242.5
1210000 447.5
1215000 408.9
1220000 290.1
1225000 401.9
1230000 345.9
1235000 273.2
1240000 237.2
1245000 326.9
1250000 116.8
1255000 300.5
1260000 492.8
1265000 468.7
1270000 298.4
1275000 409.4
1280000 444.9
1285000 185.1
1290000 206.1
1295000 321.6
1300000 315.3
1305000 180.4
1310000 171.3
1315000 215.1
1320000 164.0
1325000 21.3
1330000 214.3
1335000 309.6
1340000 466.2
1345000 531.3
1350000 619.8
1355000 311.9
1360000 237.9
1365000 535.9
1370000 295.6
1375000 295.6
1380000 356.1
1385000 250.0
1390000 400.9
1395000 359.8
1400000 410.5
1405000 250.8
1410000 218.3
1415000 236.9
1420000 248.7
1425000 367.0
1430000 308.0
1435000 488.3
1440000 306.2
1445000 54.0
1450000 447.4
1455000 232.9
1460000 434.1
1465000 233.2
1470000 189.0
1475000 251.7
1480000 129.3
1485000 361.3
1490000 210.2
1495000 329.5
1500000 299.3
1505000 209.7
1510000 268.7
1515000 208.6
1520000 167.7
1525000 438.6
1530000 366.3
1535000 518.5
1540000 432.8
1545000 206.6
1550000 89.7
1555000 460.7
1560000 284.9
1565000 428.9
1570000 329.5
1575000 398.6
1580000 103.0
1585000 353.9
1590000 209.0
1595000 372.3
1600000 235.8
1605000 177.0
1610000 304.3
1615000 566.8
1620000 202.4
1625000 238.7
1630000 269.1
1635000 454.9
1640000 377.8
1645000 496.4
1650000 194.8
1655000 163.5
1660000 371.7
1665000 213.3
1670000 438.1
1675000 346.7
1680000 285.0
1685000 443.7
1690000 478.4
1695000 160.1
1700000 205.5
1705000 431.2
1710000 389.0
1715000 277.1
1720000 275.9
1725000 285.9
1730000 187.2
1735000 407.9
1740000 230.4
1745000 375.3
1750000 228.9
1755000 206.2
1760000 108.9
1765000 204.6
1770000 149.2
1775000 176.9
1780000 278.4
1785000 194.7
1790000 300.8
1795000 348.4
1800000 232.4
1805000 163.1
1810000 214.9
1815000 356.0
1820000 140.2
1825000 196.8
1830000 297.3
1835000 331.4
1840000 382.1
1845000 456.0
1850000 366.2
1855000 414.0
1860000 206.8
1865000 349.1
1870000 257.4
1875000 207.3
1880000 443.7
1885000 371.4
1890000 322.9
1895000 488.1
1900000 252.2
1905000 72.6
1910000 162.1
1915000 372.0
1920000 342.0
1925000 189.0
1930000 355.7
1935000 395.7
1940000 486.4
1945000 260.6
1950000 473.5
1955000 485.3
1960000 304.3
1965000 183.6
1970000 234.0
1975000 372.2
1980000 684.9
1985000 178.1
1990000 222.8
1995000 279.9
2000000 370.0
