5000 180.6
10000 285.2
15000 190.7
20000 163.2
25000 18.3
30000 253.7
35000 64.8
40000 18.4
45000 44.0
50000 75.2
55000 104.0
60000 237.5
65000 250.7
70000 177.0
75000 70.1
80000 54.9
85000 34.1
90000 87.3
95000 16.8
100000 253.3
105000 20.6
110000 111.7
115000 189.4
120000 108.5
125000 305.6
130000 21.8
135000 114.5
140000 214.6
145000 242.9
150000 87.0
155000 59.2
160000 385.6
165000 106.0
170000 146.6
175000 143.1
180000 113.6
185000 162.3
190000 200.5
195000 223.0
200000 256.7
205000 275.8
210000 221.8
215000 448.0
220000 107.9
225000 221.8
230000 16.7
235000 317.5
240000 265.9
245000 215.3
250000 301.2
255000 473.5
260000 197.6
265000 125.9
270000 295.2
275000 190.9
280000 112.6
285000 344.9
290000 187.3
295000 226.2
300000 231.1
305000 361.5
310000 308.8
315000 207.7
320000 165.3
325000 122.0
330000 380.8
335000 375.1
340000 272.0
345000 194.9
350000 287.1
355000 202.2
360000 455.1
365000 348.3
370000 300.5
375000 152.2
380000 348.7
385000 75.6
390000 206.4
395000 36.5
400000 391.1
405000 238.0
410000 131.4
415000 380.5
420000 234.2
425000 296.5
430000 196.4
435000 300.9
440000 171.4
445000 340.8
450000 468.6
455000 307.5
460000 463.4
465000 208.9
470000 360.1
475000 218.4
480000 39.2
485000 283.6
490000 434.5
495000 307.4
500000 385.3
505000 399.1
510000 45.6
515000 299.1
520000 288.8
525000 170.5
530000 205.7
535000 199.8
540000 428.8
545000 265.5
550000 368.2
555000 180.6
560000 255.4
565000 277.2
570000 333.5
575000 342.4
580000 104.0
585000 311.2
590000 278.3
595000 201.4
600000 236.6
605000 130.9
610000 122.3
615000 208.0
620000 275.2
625000 195.2
630000 128.6
635000 523.1
640000 124.9
645000 228.3
650000 307.2
655000 278.9
660000 352.2
665000 457.7
670000 101.8
675000 23.5
680000 13.5
685000 445.9
690000 356.1
695000 198.8
700000 337.5
705000 156.1
710000 259.0
715000 452.9
720000 168.1
725000 229.4
730000 383.3
735000 272.4
740000 395.9
745000 112.5
750000 260.3
755000 344.0
760000 386.8
765000 264.7
770000 336.3
775000 329.8
780000 376.7
785000 186.7
790000 244.2
795000 311.9
800000 368.0
805000 236.9
810000 186.0
815000 474.1
820000 150.5
825000 76.8
830000 624.8
835000 285.7
840000 494.8
845000 473.2
850000 504.0
855000 84.9
860000 305.2
865000 592.2
870000 222.4
875000 525.8
880000 107.4
885000 381.7
890000 293.4
895000 323.4
900000 412.2
905000 261.1
910000 294.3
915000 274.1
920000 229.7
925000 193.1
930000 288.4
935000 307.7
940000 412.3
945000 449.4
950000 275.0
955000 301.4
960000 267.5
965000 214.6
970000 149.2
975000 238.2
980000 248.2
985000 302.5
990000 210.0
995000 536.7
1000000 371.4
1005000 46.4
1010000 415.7
1015000 172.1
1020000 422.6
1025000 304.1
1030000 357.0
1035000 205.2
1040000 458.3
1045000 566.9
1050000 452.9
1055000 298.3
1060000 500.7
1065000 170.0
1070000 536.9
1075000 521.1
1080000 268.0
1085000 318.1
1090000 761.8
1095000 312.8
1100000 282.9
1105000 538.7
1110000 362.1
1115000 257.4
1120000 371.8
1125000 323.0
1130000 356.3
1135000 381.4
1140000 163.1
1145000 283.8
1150000 280.8
1155000 142.2
1160000 111.4
1165000 445.1
1170000 370.7
1175000 442.2
1180000 114.1
1185000 359.7
1190000 488.2
1195000 457.4
1200000 147.5
1205000 343.0
1210000 242.7
1215000 556.3
1220000 450.0
1225000 468.8
1230000 382.3
1235000 196.9
1240000 306.2
1245000 235.1
1250000 471.6
1255000 521.3
1260000 556.5
1265000 585.5
1270000 387.8
1275000 298.2
1280000 474.8
1285000 197.4
1290000 323.0
1295000 495.4
1300000 204.4
1305000 139.5
1310000 394.2
1315000 171.7
1320000 319.4
1325000 499.9
1330000 377.6
1335000 358.3
1340000 118.1
1345000 441.5
1350000 293.6
1355000 300.8
1360000 212.8
1365000 242.7
1370000 274.5
1375000 199.1
1380000 186.7
1385000 596.9
1390000 378.3
1395000 163.7
1400000 255.7
1405000 163.1
1410000 403.6
1415000 341.5
1420000 350.7
1425000 388.8
1430000 284.3
1435000 27.4
1440000 266.0
1445000 257.5
1450000 232.4
1455000 227.9
1460000 321.3
1465000 238.6
1470000 309.1
1475000 341.2
1480000 117.1
1485000 458.4
1490000 140.3
1495000 213.6
1500000 211.7
1505000 303.8
1510000 321.9
1515000 605.9
1520000 432.3
1525000 442.5
1530000 399.8
1535000 189.3
1540000 208.1
1545000 219.9
1550000 205.2
1555000 321.9
1560000 398.3
1565000 270.7
1570000 36.4
1575000 572.7
1580000 394.9
1585000 290.4
1590000 451.7
1595000 344.6
1600000 208.4
1605000 78.4
1610000 196.3
1615000 203.7
1620000 399.1
1625000 334.4
1630000 101.0
1635000 314.5
1640000 317.8
1645000 265.8
1650000 274.4
1655000 563.2
1660000 115.6
1665000 374.9
1670000 291.8
1675000 200.9
1680000 284.9
1685000 339.9
1690000 463.0
1695000 333.3
1700000 245.4
1705000 342.4
1710000 255.8
1715000 471.1
1720000 175.8
1725000 399.5
1730000 338.5
1735000 378.5
1740000 206.8
1745000 339.0
1750000 446.8
1755000 384.9
1760000 471.2
1765000 138.7
1770000 136.9
1775000 451.4
1780000 300.7
1785000 642.3
1790000 116.3
1795000 492.6
1800000 572.1
1805000 339.5
1810000 466.0
1815000 303.3
1820000 429.1
1825000 220.2
1830000 359.3
1835000 481.5
1840000 436.3
1845000 250.1
1850000 256.6
1855000 521.4
1860000 383.2
1865000 228.9
1870000 214.3
1875000 202.9
1880000 230.7
1885000 187.7
1890000 209.4
1895000 364.7
1900000 337.1
1905000 445.4
1910000 330.0
1915000 473.9
1920000 532.0
1925000 394.6
1930000 160.2
1935000 95.7
1940000 660.4
1945000 295.2
1950000 415.8
1955000 133.7
1960000 428.8
1965000 189.1
1970000 394.0
1975000 311.6
1980000 328.6
1985000 305.4
1990000 494.8
1995000 510.3
2000000 350.8
