5000 0.6
10000 0.8
15000 1.0
20000 1.1
25000 0.8
30000 0.8
35000 1.1
40000 0.8
45000 0.8
50000 1.0
55000 0.7
60000 0.8
65000 1.1
70000 1.1
75000 1.2
80000 1.0
85000 1.0
90000 1.6
95000 1.1
100000 1.0
105000 0.9
110000 1.1
115000 1.1
120000 1.3
125000 4.0
130000 1.2
135000 1.8
140000 1.6
145000 1.2
150000 3.1
155000 1.1
160000 1.3
165000 1.7
170000 7.5
175000 16.8
180000 21.9
185000 16.0
190000 6.9
195000 3.5
200000 2.0
205000 15.0
210000 23.4
215000 32.9
220000 5.0
225000 47.2
230000 36.2
235000 44.5
240000 41.8
245000 35.0
250000 50.1
255000 1.1
260000 61.6
265000 5.3
270000 60.3
275000 1.3
280000 0.7
285000 1.1
290000 20.8
295000 68.1
300000 70.1
305000 69.3
310000 1.1
315000 71.5
320000 1.0
325000 0.6
330000 19.5
335000 68.8
340000 67.3
345000 86.1
350000 85.9
355000 93.0
360000 84.4
365000 90.2
370000 97.4
375000 15.4
380000 100.3
385000 80.9
390000 99.3
395000 98.7
400000 105.8
405000 107.9
410000 111.3
415000 112.9
420000 115.0
425000 116.9
430000 121.0
435000 110.7
440000 120.0
445000 119.4
450000 118.3
455000 123.3
460000 127.0
465000 126.1
470000 93.7
475000 76.1
480000 135.0
485000 125.4
490000 131.4
495000 139.6
500000 140.8
505000 145.5
510000 138.1
515000 149.6
520000 150.0
525000 146.7
530000 146.4
535000 1.4
540000 97.6
545000 122.4
550000 152.6
555000 157.3
560000 146.3
565000 155.7
570000 157.5
575000 158.3
580000 157.4
585000 152.5
590000 160.9
595000 158.1
600000 154.3
605000 154.6
610000 150.7
615000 152.8
620000 156.2
625000 150.7
630000 136.9
635000 138.1
640000 149.3
645000 1.8
650000 26.2
655000 69.7
660000 113.5
665000 118.3
670000 140.9
675000 145.8
680000 148.4
685000 152.1
690000 154.6
695000 160.7
700000 166.8
705000 164.4
710000 167.8
715000 167.4
720000 158.3
725000 164.0
730000 153.2
735000 154.4
740000 156.9
745000 154.7
750000 168.8
755000 165.6
760000 159.9
765000 164.4
770000 162.8
775000 156.0
780000 175.1
785000 166.5
790000 153.1
795000 24.7
800000 169.8
805000 170.8
810000 173.2
815000 171.2
820000 164.6
825000 30.1
830000 166.0
835000 175.5
840000 174.9
845000 177.2
850000 172.8
855000 171.2
860000 170.0
865000 179.8
870000 179.5
875000 175.4
880000 179.8
885000 181.4
890000 177.9
895000 182.8
900000 177.3
905000 180.7
910000 181.2
915000 179.4
920000 177.2
925000 173.6
930000 181.0
935000 183.5
940000 180.6
945000 180.1
950000 179.3
955000 179.4
960000 190.2
965000 1.0
970000 13.6
975000 63.5
980000 115.0
985000 120.8
990000 144.9
995000 166.2
1000000 171.0
1005000 164.0
1010000 172.7
1015000 181.1
1020000 176.4
1025000 182.1
1030000 23.2
1035000 193.6
1040000 183.9
1045000 191.2
1050000 189.4
1055000 191.0
1060000 172.2
1065000 189.4
1070000 184.4
1075000 0.7
1080000 183.9
1085000 1.1
1090000 189.9
1095000 185.6
1100000 186.9
1105000 182.2
1110000 186.3
1115000 177.5
1120000 81.6
1125000 183.4
1130000 195.7
1135000 196.9
1140000 189.9
1145000 192.5
1150000 191.9
1155000 186.6
1160000 190.2
1165000 189.7
1170000 195.8
1175000 189.1
1180000 197.4
1185000 193.0
1190000 193.3
1195000 198.1
1200000 196.3
1205000 198.2
1210000 203.2
1215000 196.9
1220000 201.6
1225000 203.2
1230000 204.3
1235000 1.1
1240000 0.9
1245000 186.1
1250000 0.8
1255000 13.2
1260000 34.7
1265000 51.4
1270000 197.4
1275000 179.7
1280000 201.4
1285000 0.7
1290000 16.2
1295000 50.8
1300000 92.8
1305000 137.0
1310000 148.1
1315000 179.5
1320000 172.8
1325000 156.1
1330000 1.0
1335000 1.6
1340000 82.3
1345000 157.7
1350000 161.2
1355000 187.8
1360000 182.4
1365000 0.8
1370000 0.8
1375000 5.5
1380000 167.5
1385000 172.0
1390000 193.4
1395000 192.3
1400000 206.6
1405000 193.4
1410000 192.5
1415000 199.0
1420000 198.3
1425000 1.4
1430000 201.3
1435000 202.3
1440000 188.3
1445000 0.8
1450000 6.0
1455000 215.0
1460000 106.2
1465000 191.8
1470000 190.2
1475000 202.6
1480000 205.9
1485000 196.6
1490000 205.3
1495000 1.6
1500000 192.8
1505000 204.3
1510000 185.4
1515000 139.3
1520000 207.5
1525000 211.8
1530000 205.8
1535000 195.5
1540000 208.3
1545000 205.9
1550000 217.3
1555000 214.0
1560000 208.4
1565000 217.2
1570000 210.7
1575000 197.3
1580000 213.1
1585000 7.0
1590000 217.4
1595000 221.2
1600000 209.2
1605000 1.1
1610000 2.2
1615000 63.6
1620000 87.7
1625000 112.2
1630000 138.2
1635000 164.9
1640000 186.3
1645000 206.6
1650000 194.3
1655000 196.6
1660000 204.3
1665000 219.1
1670000 212.5
1675000 210.1
1680000 157.6
1685000 207.2
1690000 223.0
1695000 170.9
1700000 216.5
1705000 209.5
1710000 199.1
1715000 215.0
1720000 217.8
1725000 24.3
1730000 228.8
1735000 223.3
1740000 215.1
1745000 219.2
1750000 229.8
1755000 215.2
1760000 199.7
1765000 221.8
1770000 194.9
1775000 211.2
1780000 0.8
1785000 31.7
1790000 5.6
1795000 211.5
1800000 211.1
1805000 232.8
1810000 228.4
1815000 226.0
1820000 0.7
1825000 0.7
1830000 1.1
1835000 215.8
1840000 214.9
1845000 218.2
1850000 221.8
1855000 1.2
1860000 133.8
1865000 145.9
1870000 234.3
1875000 7.6
1880000 223.1
1885000 233.8
1890000 213.4
1895000 229.6
1900000 224.3
1905000 227.9
1910000 233.1
1915000 229.7
1920000 226.2
1925000 244.6
1930000 240.0
1935000 236.5
1940000 244.4
1945000 238.5
1950000 237.7
1955000 245.2
1960000 226.5
1965000 234.1
1970000 243.4
1975000 236.4
1980000 241.5
1985000 245.3
1990000 248.4
1995000 253.8
2000000 241.4
