5000 0.6
10000 0.9
15000 0.8
20000 0.8
25000 0.7
30000 0.4
35000 1.2
40000 0.8
45000 0.9
50000 0.6
55000 0.8
60000 0.6
65000 1.1
70000 1.0
75000 1.2
80000 1.1
85000 0.7
90000 1.0
95000 1.3
100000 0.8
105000 0.8
110000 0.7
115000 0.7
120000 0.8
125000 1.1
130000 0.7
135000 1.1
140000 1.7
145000 1.1
150000 1.6
155000 1.5
160000 1.1
165000 1.4
170000 1.5
175000 1.3
180000 1.2
185000 1.4
190000 1.3
195000 1.5
200000 2.8
205000 1.3
210000 1.1
215000 1.3
220000 8.6
225000 1.2
230000 0.7
235000 1.5
240000 0.9
245000 7.1
250000 33.3
255000 33.9
260000 38.2
265000 39.3
270000 2.9
275000 36.0
280000 52.7
285000 0.9
290000 42.7
295000 58.3
300000 2.8
305000 57.3
310000 62.4
315000 66.9
320000 63.0
325000 0.9
330000 4.4
335000 62.5
340000 82.3
345000 87.2
350000 71.8
355000 87.0
360000 80.2
365000 92.8
370000 98.4
375000 100.5
380000 100.6
385000 105.6
390000 99.1
395000 100.1
400000 106.2
405000 107.7
410000 109.8
415000 109.3
420000 108.2
425000 112.9
430000 110.7
435000 113.0
440000 112.8
445000 111.3
450000 118.7
455000 115.0
460000 120.3
465000 118.7
470000 115.0
475000 125.1
480000 123.8
485000 124.0
490000 125.6
495000 124.2
500000 126.2
505000 126.3
510000 127.8
515000 125.7
520000 128.4
525000 127.1
530000 0.9
535000 126.0
540000 129.6
545000 129.4
550000 131.8
555000 132.5
560000 135.2
565000 131.4
570000 136.3
575000 138.5
580000 143.0
585000 141.2
590000 141.1
595000 146.0
600000 142.2
605000 143.5
610000 143.5
615000 141.2
620000 143.7
625000 145.1
630000 147.0
635000 147.2
640000 145.9
645000 1.4
650000 49.7
655000 102.0
660000 118.9
665000 134.1
670000 138.9
675000 146.0
680000 144.7
685000 147.4
690000 154.5
695000 159.8
700000 150.0
705000 148.6
710000 156.9
715000 153.7
720000 147.8
725000 148.5
730000 154.0
735000 156.7
740000 147.3
745000 153.4
750000 153.6
755000 153.3
760000 158.9
765000 157.0
770000 149.8
775000 151.2
780000 150.7
785000 150.0
790000 152.7
795000 153.7
800000 152.9
805000 152.4
810000 154.1
815000 150.4
820000 150.3
825000 151.2
830000 161.0
835000 149.9
840000 152.9
845000 151.8
850000 155.1
855000 153.1
860000 156.2
865000 162.4
870000 158.2
875000 155.5
880000 156.2
885000 160.5
890000 157.1
895000 158.0
900000 161.4
905000 160.0
910000 158.5
915000 157.4
920000 159.8
925000 156.9
930000 161.6
935000 84.8
940000 163.8
945000 154.2
950000 160.7
955000 154.8
960000 159.9
965000 1.0
970000 57.4
975000 94.3
980000 130.3
985000 126.7
990000 153.7
995000 132.6
1000000 138.0
1005000 145.4
1010000 170.1
1015000 162.7
1020000 152.6
1025000 166.2
1030000 151.9
1035000 145.8
1040000 163.0
1045000 165.0
1050000 166.3
1055000 152.9
1060000 168.4
1065000 163.0
1070000 163.3
1075000 156.1
1080000 159.1
1085000 151.1
1090000 174.7
1095000 153.7
1100000 159.9
1105000 153.7
1110000 171.4
1115000 169.9
1120000 164.8
1125000 171.5
1130000 165.7
1135000 168.8
1140000 160.1
1145000 155.6
1150000 156.8
1155000 154.1
1160000 176.1
1165000 157.1
1170000 170.9
1175000 172.9
1180000 167.6
1185000 155.4
1190000 176.0
1195000 181.7
1200000 154.1
1205000 185.0
1210000 163.5
1215000 175.1
1220000 172.4
1225000 0.5
1230000 1.7
1235000 67.9
1240000 2.5
1245000 154.5
1250000 180.2
1255000 169.8
1260000 182.4
1265000 177.3
1270000 182.7
1275000 185.6
1280000 188.0
1285000 0.7
1290000 4.3
1295000 42.1
1300000 3.8
1305000 118.8
1310000 138.5
1315000 146.0
1320000 98.6
1325000 120.4
1330000 169.7
1335000 177.3
1340000 171.0
1345000 171.6
1350000 165.6
1355000 164.1
1360000 186.3
1365000 177.6
1370000 177.3
1375000 173.2
1380000 177.2
1385000 165.3
1390000 179.8
1395000 175.0
1400000 29.6
1405000 50.6
1410000 181.5
1415000 189.8
1420000 182.0
1425000 186.8
1430000 185.3
1435000 181.3
1440000 182.4
1445000 184.6
1450000 120.0
1455000 159.5
1460000 182.4
1465000 194.2
1470000 188.3
1475000 189.6
1480000 180.8
1485000 1.1
1490000 155.3
1495000 184.6
1500000 85.6
1505000 195.6
1510000 0.6
1515000 178.8
1520000 165.5
1525000 177.2
1530000 183.8
1535000 170.8
1540000 185.6
1545000 197.9
1550000 188.7
1555000 193.0
1560000 184.8
1565000 166.3
1570000 174.2
1575000 199.9
1580000 199.2
1585000 197.5
1590000 45.2
1595000 190.3
1600000 190.9
1605000 0.8
1610000 21.2
1615000 77.5
1620000 84.4
1625000 112.5
1630000 130.9
1635000 146.5
1640000 147.9
1645000 170.0
1650000 186.7
1655000 184.6
1660000 188.1
1665000 191.7
1670000 186.9
1675000 185.0
1680000 179.6
1685000 184.3
1690000 180.7
1695000 192.4
1700000 195.3
1705000 181.0
1710000 198.1
1715000 182.1
1720000 185.8
1725000 182.8
1730000 193.2
1735000 196.0
1740000 194.2
1745000 206.3
1750000 0.7
1755000 6.0
1760000 180.4
1765000 176.9
1770000 173.0
1775000 177.3
1780000 201.0
1785000 196.8
1790000 183.9
1795000 21.7
1800000 192.0
1805000 188.8
1810000 209.2
1815000 216.8
1820000 210.3
1825000 217.1
1830000 210.0
1835000 185.2
1840000 218.1
1845000 202.2
1850000 35.4
1855000 201.9
1860000 191.2
1865000 209.5
1870000 187.4
1875000 0.6
1880000 196.9
1885000 209.1
1890000 189.3
1895000 218.7
1900000 203.0
1905000 190.0
1910000 210.0
1915000 191.6
1920000 200.6
1925000 198.2
1930000 192.0
1935000 184.8
1940000 220.7
1945000 233.4
1950000 194.4
1955000 187.9
1960000 196.2
1965000 201.2
1970000 188.3
1975000 198.7
1980000 203.6
1985000 187.5
1990000 169.9
1995000 226.9
2000000 187.6
