5000 0.7
10000 0.8
15000 0.9
20000 1.0
25000 0.9
30000 0.7
35000 0.8
40000 0.9
45000 0.9
50000 1.1
55000 1.1
60000 0.8
65000 1.1
70000 1.1
75000 1.1
80000 1.0
85000 0.8
90000 1.0
95000 1.1
100000 0.7
105000 1.0
110000 1.6
115000 1.6
120000 1.2
125000 1.2
130000 1.2
135000 0.9
140000 16.2
145000 3.9
150000 1.3
155000 5.3
160000 9.2
165000 1.4
170000 1.0
175000 7.2
180000 16.4
185000 8.3
190000 6.0
195000 18.3
200000 10.9
205000 18.0
210000 22.0
215000 6.7
220000 32.4
225000 1.1
230000 1.0
235000 13.9
240000 19.2
245000 19.0
250000 28.4
255000 8.4
260000 0.8
265000 19.0
270000 21.0
275000 46.1
280000 53.2
285000 3.8
290000 1.1
295000 0.9
300000 46.0
305000 4.6
310000 57.8
315000 56.1
320000 15.9
325000 0.7
330000 12.0
335000 62.2
340000 62.7
345000 74.6
350000 77.7
355000 73.9
360000 76.6
365000 95.8
370000 84.4
375000 87.1
380000 89.0
385000 85.4
390000 90.9
395000 91.2
400000 99.1
405000 91.3
410000 96.7
415000 100.2
420000 103.8
425000 101.0
430000 97.9
435000 14.8
440000 108.5
445000 106.6
450000 111.5
455000 112.3
460000 105.7
465000 107.1
470000 107.8
475000 109.4
480000 112.3
485000 113.5
490000 116.5
495000 113.9
500000 115.4
505000 116.8
510000 119.7
515000 107.6
520000 117.9
525000 119.8
530000 121.9
535000 124.3
540000 123.2
545000 122.0
550000 121.8
555000 121.2
560000 121.9
565000 120.7
570000 127.9
575000 125.1
580000 130.0
585000 123.8
590000 127.6
595000 121.6
600000 126.4
605000 127.5
610000 128.0
615000 135.0
620000 130.8
625000 132.2
630000 128.1
635000 130.9
640000 128.6
645000 0.9
650000 22.3
655000 78.0
660000 105.3
665000 116.7
670000 123.9
675000 136.4
680000 126.2
685000 136.4
690000 137.6
695000 154.0
700000 141.7
705000 138.9
710000 158.7
715000 155.1
720000 148.1
725000 152.6
730000 167.8
735000 168.6
740000 161.9
745000 170.7
750000 169.6
755000 167.7
760000 167.6
765000 170.8
770000 167.4
775000 174.6
780000 175.4
785000 165.1
790000 176.3
795000 175.0
800000 173.7
805000 174.2
810000 174.4
815000 176.2
820000 177.0
825000 171.6
830000 179.4
835000 176.6
840000 157.9
845000 176.8
850000 174.5
855000 170.0
860000 174.2
865000 176.4
870000 179.1
875000 172.6
880000 182.0
885000 1.0
890000 134.7
895000 183.5
900000 168.4
905000 183.1
910000 180.3
915000 175.8
920000 171.1
925000 184.4
930000 187.9
935000 187.1
940000 184.3
945000 190.7
950000 191.7
955000 192.6
960000 187.4
965000 0.6
970000 49.0
975000 89.2
980000 122.8
985000 137.8
990000 152.0
995000 168.1
1000000 157.9
1005000 178.1
1010000 184.9
1015000 168.5
1020000 164.1
1025000 174.7
1030000 190.3
1035000 183.2
1040000 185.4
1045000 177.0
1050000 188.5
1055000 190.6
1060000 189.1
1065000 184.5
1070000 188.2
1075000 176.3
1080000 188.5
1085000 186.2
1090000 186.4
1095000 195.9
1100000 184.6
1105000 186.3
1110000 191.9
1115000 56.1
1120000 193.0
1125000 191.5
1130000 188.1
1135000 188.3
1140000 186.9
1145000 187.9
1150000 189.3
1155000 185.3
1160000 189.2
1165000 191.6
1170000 190.8
1175000 195.0
1180000 190.0
1185000 188.0
1190000 192.6
1195000 4.0
1200000 193.0
1205000 194.7
1210000 194.2
1215000 192.5
1220000 195.9
1225000 190.0
1230000 192.4
1235000 0.6
1240000 0.9
1245000 25.7
1250000 194.6
1255000 192.8
1260000 193.4
1265000 194.3
1270000 60.7
1275000 166.0
1280000 188.5
1285000 0.9
1290000 31.6
1295000 48.5
1300000 105.9
1305000 121.0
1310000 137.4
1315000 169.6
1320000 170.1
1325000 166.1
1330000 179.6
1335000 156.4
1340000 182.5
1345000 2.6
1350000 144.3
1355000 187.3
1360000 196.0
1365000 188.7
1370000 188.9
1375000 196.6
1380000 193.2
1385000 175.9
1390000 195.6
1395000 199.5
1400000 1.4
1405000 1.2
1410000 178.3
1415000 1.1
1420000 154.1
1425000 0.9
1430000 186.5
1435000 194.6
1440000 79.6
1445000 194.7
1450000 193.3
1455000 196.7
1460000 195.8
1465000 193.2
1470000 136.8
1475000 192.4
1480000 195.3
1485000 206.2
1490000 196.1
1495000 195.7
1500000 172.6
1505000 186.3
1510000 191.9
1515000 198.7
1520000 196.7
1525000 192.9
1530000 192.1
1535000 1.4
1540000 187.1
1545000 198.2
1550000 185.6
1555000 199.6
1560000 7.6
1565000 197.3
1570000 198.6
1575000 192.2
1580000 200.4
1585000 196.9
1590000 194.3
1595000 194.5
1600000 200.8
1605000 9.2
1610000 4.1
1615000 69.9
1620000 77.9
1625000 90.9
1630000 141.1
1635000 143.0
1640000 182.7
1645000 173.0
1650000 168.9
1655000 192.3
1660000 192.3
1665000 196.6
1670000 192.8
1675000 189.1
1680000 193.2
1685000 170.9
1690000 191.7
1695000 192.0
1700000 178.4
1705000 196.7
1710000 161.9
1715000 1.0
1720000 192.2
1725000 195.1
1730000 198.8
1735000 1.3
1740000 139.8
1745000 195.7
1750000 184.7
1755000 203.5
1760000 183.6
1765000 199.6
1770000 194.7
1775000 197.0
1780000 191.4
1785000 187.2
1790000 190.6
1795000 190.8
1800000 201.0
1805000 187.7
1810000 1.1
1815000 149.7
1820000 1.8
1825000 192.7
1830000 203.6
1835000 190.2
1840000 184.8
1845000 166.7
1850000 192.7
1855000 179.6
1860000 179.8
1865000 177.4
1870000 0.7
1875000 166.7
1880000 99.3
1885000 180.3
1890000 161.5
1895000 171.0
1900000 188.8
1905000 173.4
1910000 176.3
1915000 181.8
1920000 195.2
1925000 171.0
1930000 177.0
1935000 186.2
1940000 172.1
1945000 183.6
1950000 135.7
1955000 172.4
1960000 159.7
1965000 194.9
1970000 178.7
1975000 67.6
1980000 0.9
1985000 1.4
1990000 192.2
1995000 180.0
2000000 191.8
