5000 0.9
10000 0.6
15000 0.7
20000 0.7
25000 0.7
30000 1.0
35000 0.9
40000 1.0
45000 0.9
50000 1.0
55000 1.0
60000 0.9
65000 1.0
70000 0.7
75000 0.9
80000 0.9
85000 1.0
90000 1.1
95000 1.2
100000 1.1
105000 1.2
110000 1.0
115000 1.0
120000 1.0
125000 1.2
130000 1.2
135000 0.9
140000 1.3
145000 1.9
150000 1.2
155000 1.7
160000 1.2
165000 1.0
170000 2.9
175000 1.1
180000 1.6
185000 0.9
190000 1.0
195000 1.0
200000 8.4
205000 10.9
210000 24.1
215000 7.3
220000 31.9
225000 31.0
230000 39.2
235000 9.7
240000 49.6
245000 42.3
250000 49.6
255000 43.1
260000 47.7
265000 10.3
270000 48.1
275000 5.3
280000 41.0
285000 48.7
290000 0.9
295000 78.0
300000 75.7
305000 91.3
310000 7.1
315000 29.8
320000 82.1
325000 0.7
330000 27.4
335000 28.4
340000 103.0
345000 87.3
350000 97.7
355000 91.9
360000 106.9
365000 111.1
370000 107.1
375000 103.5
380000 119.5
385000 118.6
390000 115.0
395000 119.7
400000 124.8
405000 124.8
410000 123.4
415000 130.9
420000 125.2
425000 130.2
430000 129.6
435000 131.6
440000 136.8
445000 139.6
450000 136.7
455000 132.0
460000 135.0
465000 142.5
470000 140.6
475000 141.8
480000 141.8
485000 1.3
490000 139.1
495000 143.8
500000 147.1
505000 135.0
510000 132.8
515000 144.6
520000 145.5
525000 148.7
530000 149.6
535000 146.9
540000 150.7
545000 151.0
550000 150.5
555000 151.9
560000 149.4
565000 155.4
570000 154.4
575000 157.9
580000 151.1
585000 158.8
590000 162.1
595000 158.2
600000 160.3
605000 158.8
610000 159.8
615000 163.2
620000 14.5
625000 148.6
630000 164.8
635000 165.9
640000 168.0
645000 0.6
650000 61.1
655000 125.2
660000 139.3
665000 155.2
670000 157.8
675000 156.4
680000 159.6
685000 148.0
690000 168.6
695000 168.0
700000 169.2
705000 167.4
710000 178.3
715000 171.4
720000 174.4
725000 171.7
730000 172.8
735000 172.8
740000 170.7
745000 159.1
750000 171.1
755000 178.1
760000 169.8
765000 174.1
770000 173.5
775000 180.8
780000 175.8
785000 172.2
790000 179.5
795000 176.3
800000 181.2
805000 181.1
810000 173.9
815000 181.8
820000 183.7
825000 180.9
830000 177.5
835000 182.7
840000 180.3
845000 182.1
850000 182.7
855000 183.1
860000 183.3
865000 183.3
870000 181.5
875000 183.3
880000 189.8
885000 185.6
890000 184.3
895000 190.0
900000 184.3
905000 184.6
910000 187.2
915000 184.3
920000 186.9
925000 181.9
930000 182.4
935000 186.9
940000 185.2
945000 186.5
950000 186.4
955000 186.7
960000 179.4
965000 0.7
970000 38.6
975000 119.6
980000 151.7
985000 154.3
990000 177.2
995000 177.6
1000000 173.6
1005000 176.6
1010000 182.0
1015000 164.5
1020000 186.5
1025000 186.3
1030000 192.8
1035000 188.3
1040000 170.9
1045000 192.0
1050000 185.5
1055000 188.1
1060000 188.5
1065000 187.5
1070000 185.3
1075000 188.1
1080000 182.6
1085000 192.8
1090000 189.3
1095000 193.8
1100000 191.3
1105000 191.2
1110000 197.7
1115000 190.9
1120000 192.4
1125000 194.5
1130000 197.7
1135000 204.3
1140000 198.9
1145000 200.7
1150000 196.7
1155000 197.5
1160000 198.4
1165000 194.9
1170000 196.5
1175000 200.0
1180000 197.2
1185000 201.4
1190000 200.4
1195000 203.1
1200000 196.8
1205000 201.4
1210000 202.8
1215000 200.9
1220000 201.0
1225000 200.1
1230000 200.9
1235000 199.8
1240000 202.7
1245000 203.2
1250000 206.2
1255000 199.7
1260000 200.6
1265000 204.4
1270000 202.6
1275000 204.3
1280000 200.6
1285000 1.0
1290000 8.6
1295000 70.7
1300000 111.1
1305000 161.7
1310000 167.7
1315000 185.7
1320000 189.8
1325000 196.9
1330000 191.3
1335000 194.7
1340000 196.3
1345000 204.1
1350000 194.8
1355000 195.4
1360000 204.6
1365000 205.8
1370000 198.9
1375000 208.7
1380000 205.8
1385000 186.8
1390000 205.4
1395000 208.1
1400000 213.0
1405000 208.8
1410000 1.1
1415000 49.7
1420000 191.3
1425000 205.7
1430000 208.2
1435000 213.9
1440000 211.4
1445000 210.0
1450000 217.0
1455000 214.1
1460000 212.9
1465000 215.0
1470000 210.8
1475000 215.8
1480000 10.8
1485000 210.8
1490000 219.1
1495000 218.9
1500000 210.7
1505000 215.8
1510000 3.1
1515000 187.1
1520000 214.1
1525000 218.1
1530000 217.1
1535000 210.7
1540000 220.7
1545000 206.5
1550000 219.7
1555000 212.3
1560000 216.6
1565000 223.0
1570000 200.3
1575000 217.6
1580000 220.1
1585000 218.5
1590000 220.6
1595000 10.2
1600000 193.7
1605000 1.3
1610000 8.5
1615000 110.6
1620000 133.7
1625000 162.0
1630000 165.8
1635000 185.4
1640000 189.0
1645000 206.2
1650000 208.8
1655000 101.7
1660000 191.8
1665000 197.5
1670000 200.1
1675000 208.5
1680000 205.0
1685000 212.1
1690000 219.9
1695000 198.0
1700000 215.2
1705000 67.5
1710000 209.6
1715000 218.3
1720000 194.6
1725000 216.8
1730000 215.2
1735000 224.5
1740000 218.6
1745000 220.2
1750000 222.7
1755000 224.3
1760000 217.7
1765000 217.0
1770000 221.5
1775000 220.1
1780000 207.4
1785000 221.6
1790000 225.6
1795000 229.1
1800000 227.3
1805000 13.1
1810000 228.7
1815000 229.3
1820000 226.4
1825000 6.0
1830000 167.8
1835000 221.6
1840000 223.4
1845000 226.9
1850000 231.5
1855000 232.8
1860000 199.3
1865000 227.6
1870000 232.4
1875000 226.8
1880000 227.1
1885000 229.8
1890000 230.2
1895000 228.9
1900000 229.6
1905000 229.6
1910000 223.4
1915000 230.2
1920000 225.1
1925000 232.1
1930000 228.6
1935000 231.0
1940000 232.8
1945000 230.1
1950000 232.7
1955000 231.5
1960000 233.4
1965000 230.7
1970000 231.7
1975000 232.0
1980000 231.3
1985000 233.3
1990000 233.6
1995000 184.0
2000000 231.1
