5000 0.8
10000 0.9
15000 0.8
20000 0.7
25000 1.0
30000 0.6
35000 0.6
40000 0.7
45000 1.1
50000 0.7
55000 0.7
60000 0.6
65000 0.7
70000 1.0
75000 0.8
80000 1.4
85000 0.9
90000 1.0
95000 1.2
100000 0.9
105000 0.9
110000 1.2
115000 0.8
120000 1.5
125000 5.1
130000 7.0
135000 6.6
140000 32.9
145000 1.0
150000 0.8
155000 0.9
160000 1.1
165000 12.0
170000 1.3
175000 0.8
180000 2.4
185000 23.8
190000 40.8
195000 47.6
200000 46.5
205000 44.0
210000 51.7
215000 65.1
220000 20.7
225000 2.3
230000 36.9
235000 64.7
240000 61.4
245000 65.9
250000 77.1
255000 74.0
260000 57.4
265000 44.5
270000 57.7
275000 81.6
280000 78.7
285000 83.5
290000 81.3
295000 82.1
300000 72.6
305000 70.9
310000 87.0
315000 81.6
320000 84.2
325000 1.2
330000 57.0
335000 89.2
340000 92.0
345000 98.9
350000 103.1
355000 103.8
360000 105.8
365000 98.6
370000 110.5
375000 111.2
380000 112.3
385000 107.9
390000 108.6
395000 111.3
400000 110.5
405000 116.5
410000 105.6
415000 119.7
420000 117.3
425000 120.4
430000 120.4
435000 123.9
440000 114.6
445000 122.5
450000 121.9
455000 125.9
460000 125.9
465000 126.2
470000 130.2
475000 126.7
480000 129.0
485000 126.3
490000 133.8
495000 132.3
500000 18.2
505000 128.5
510000 132.2
515000 135.2
520000 135.0
525000 133.5
530000 136.0
535000 134.3
540000 131.5
545000 132.3
550000 133.4
555000 135.4
560000 131.8
565000 141.5
570000 139.8
575000 138.1
580000 137.3
585000 136.8
590000 143.6
595000 137.6
600000 140.5
605000 138.9
610000 140.2
615000 139.8
620000 143.5
625000 143.3
630000 145.2
635000 140.4
640000 142.5
645000 1.2
650000 38.7
655000 87.9
660000 124.5
665000 128.5
670000 143.6
675000 137.4
680000 143.3
685000 142.3
690000 144.9
695000 146.4
700000 145.8
705000 149.0
710000 152.6
715000 151.6
720000 150.6
725000 154.4
730000 154.5
735000 152.0
740000 152.3
745000 153.7
750000 153.6
755000 154.2
760000 151.4
765000 152.3
770000 156.5
775000 157.2
780000 157.0
785000 159.5
790000 158.6
795000 162.3
800000 163.3
805000 156.3
810000 161.0
815000 167.9
820000 169.3
825000 169.1
830000 167.8
835000 168.6
840000 170.8
845000 169.4
850000 177.1
855000 174.6
860000 182.6
865000 173.9
870000 177.5
875000 181.0
880000 178.2
885000 184.4
890000 184.2
895000 178.1
900000 182.6
905000 181.8
910000 183.1
915000 179.9
920000 179.0
925000 177.6
930000 182.2
935000 56.7
940000 193.0
945000 175.9
950000 179.6
955000 179.3
960000 190.3
965000 0.8
970000 6.5
975000 100.4
980000 115.4
985000 145.8
990000 162.8
995000 171.5
1000000 182.5
1005000 189.2
1010000 192.3
1015000 200.6
1020000 178.6
1025000 187.3
1030000 193.1
1035000 185.7
1040000 197.5
1045000 179.7
1050000 192.3
1055000 196.4
1060000 194.3
1065000 191.6
1070000 198.8
1075000 139.0
1080000 199.3
1085000 190.5
1090000 195.9
1095000 183.6
1100000 197.8
1105000 194.7
1110000 201.3
1115000 202.5
1120000 197.8
1125000 200.8
1130000 202.2
1135000 205.5
1140000 205.9
1145000 207.9
1150000 212.4
1155000 208.3
1160000 196.9
1165000 199.6
1170000 205.7
1175000 206.2
1180000 212.8
1185000 206.6
1190000 208.6
1195000 207.9
1200000 215.2
1205000 202.5
1210000 104.1
1215000 7.9
1220000 209.9
1225000 218.4
1230000 216.7
1235000 218.9
1240000 219.6
1245000 216.1
1250000 217.3
1255000 219.6
1260000 220.6
1265000 223.2
1270000 218.9
1275000 219.1
1280000 221.7
1285000 0.8
1290000 1.5
1295000 19.9
1300000 133.3
1305000 148.7
1310000 172.3
1315000 193.8
1320000 217.5
1325000 200.0
1330000 218.2
1335000 91.8
1340000 30.4
1345000 210.5
1350000 226.7
1355000 219.1
1360000 219.1
1365000 217.7
1370000 0.6
1375000 221.4
1380000 230.9
1385000 231.3
1390000 223.6
1395000 227.0
1400000 232.4
1405000 239.2
1410000 235.3
1415000 229.4
1420000 226.6
1425000 229.8
1430000 213.6
1435000 209.5
1440000 200.7
1445000 242.1
1450000 231.7
1455000 207.1
1460000 231.8
1465000 186.0
1470000 244.5
1475000 8.6
1480000 228.9
1485000 4.9
1490000 241.5
1495000 234.9
1500000 1.5
1505000 220.6
1510000 228.4
1515000 6.6
1520000 227.8
1525000 242.2
1530000 235.4
1535000 189.0
1540000 232.6
1545000 236.8
1550000 242.0
1555000 234.2
1560000 198.4
1565000 249.3
1570000 241.8
1575000 217.9
1580000 169.9
1585000 239.6
1590000 239.0
1595000 253.2
1600000 253.1
1605000 1.5
1610000 1.8
1615000 80.3
1620000 85.3
1625000 130.1
1630000 136.6
1635000 158.5
1640000 170.7
1645000 200.3
1650000 191.9
1655000 223.3
1660000 182.6
1665000 112.4
1670000 118.2
1675000 239.0
1680000 34.4
1685000 217.0
1690000 244.2
1695000 229.5
1700000 236.8
1705000 242.9
1710000 242.7
1715000 241.7
1720000 231.6
1725000 234.3
1730000 217.5
1735000 240.3
1740000 233.7
1745000 6.8
1750000 224.4
1755000 241.3
1760000 242.6
1765000 242.5
1770000 251.1
1775000 253.5
1780000 253.3
1785000 256.6
1790000 247.2
1795000 20.3
1800000 5.9
1805000 0.7
1810000 12.2
1815000 251.7
1820000 253.6
1825000 247.8
1830000 256.0
1835000 257.2
1840000 0.7
1845000 251.4
1850000 249.7
1855000 263.8
1860000 260.3
1865000 259.3
1870000 262.7
1875000 230.4
1880000 263.8
1885000 257.6
1890000 257.0
1895000 260.9
1900000 256.7
1905000 255.7
1910000 249.3
1915000 251.1
1920000 263.0
1925000 252.8
1930000 263.2
1935000 258.4
1940000 265.5
1945000 264.0
1950000 257.3
1955000 264.4
1960000 251.2
1965000 1.3
1970000 259.8
1975000 266.4
1980000 268.6
1985000 253.6
1990000 2.1
1995000 274.8
2000000 276.8
