5000 3.5
10000 3.6
15000 6.2
20000 7.1
25000 6.0
30000 6.1
35000 7.5
40000 5.6
45000 4.9
50000 4.6
55000 4.9
60000 5.7
65000 6.1
70000 7.1
75000 5.5
80000 5.7
85000 5.9
90000 6.2
95000 6.3
100000 5.7
105000 5.1
110000 6.0
115000 6.0
120000 6.7
125000 6.1
130000 6.4
135000 6.7
140000 6.4
145000 5.8
150000 5.7
155000 7.2
160000 7.3
165000 5.8
170000 6.2
175000 5.5
180000 4.7
185000 7.6
190000 7.1
195000 6.2
200000 8.3
205000 5.8
210000 7.5
215000 7.2
220000 7.3
225000 8.0
230000 7.1
235000 6.6
240000 5.9
245000 7.8
250000 7.0
255000 7.2
260000 7.4
265000 7.1
270000 7.1
275000 6.1
280000 7.0
285000 6.9
290000 6.6
295000 6.6
300000 7.7
305000 7.0
310000 7.2
315000 7.7
320000 6.3
325000 4.9
330000 8.2
335000 7.2
340000 7.7
345000 7.8
350000 7.2
355000 7.4
360000 6.0
365000 6.6
370000 8.4
375000 7.2
380000 7.7
385000 7.3
390000 7.0
395000 6.6
400000 7.3
405000 8.1
410000 7.8
415000 7.6
420000 8.4
425000 7.6
430000 9.4
435000 7.5
440000 9.0
445000 7.6
450000 7.6
455000 8.0
460000 7.1
465000 7.7
470000 8.2
475000 8.1
480000 8.8
485000 6.4
490000 7.1
495000 8.0
500000 7.8
505000 8.8
510000 7.1
515000 7.2
520000 9.0
525000 8.3
530000 6.7
535000 9.0
540000 7.5
545000 8.8
550000 7.8
555000 7.4
560000 7.5
565000 8.9
570000 8.0
575000 7.8
580000 8.4
585000 6.1
590000 8.8
595000 8.5
600000 9.4
605000 9.1
610000 6.7
615000 7.8
620000 9.1
625000 8.2
630000 8.8
635000 8.2
640000 7.3
645000 8.9
650000 8.8
655000 8.8
660000 7.8
665000 7.8
670000 7.7
675000 7.5
680000 7.7
685000 8.8
690000 8.1
695000 7.5
700000 7.3
705000 8.4
710000 9.0
715000 6.0
720000 8.3
725000 8.4
730000 8.7
735000 8.4
740000 8.2
745000 7.5
750000 9.3
755000 7.9
760000 8.1
765000 8.2
770000 6.7
775000 7.0
780000 8.0
785000 7.3
790000 9.5
795000 8.8
800000 7.8
805000 8.3
810000 6.0
815000 7.3
820000 7.5
825000 8.0
830000 6.7
835000 7.4
840000 7.5
845000 8.3
850000 7.7
855000 7.5
860000 8.0
865000 6.7
870000 8.2
875000 8.5
880000 7.9
885000 8.6
890000 8.6
895000 7.8
900000 7.4
905000 8.8
910000 7.6
915000 9.5
920000 6.8
925000 7.1
930000 8.3
935000 7.7
940000 7.0
945000 8.6
950000 7.8
955000 7.0
960000 7.8
965000 5.8
970000 9.0
975000 7.0
980000 7.6
985000 8.3
990000 9.2
995000 9.0
1000000 8.9
