5000 3.4
10000 4.0
15000 3.9
20000 6.1
25000 5.3
30000 3.7
35000 8.1
40000 4.5
45000 3.8
50000 4.8
55000 6.4
60000 5.4
65000 6.7
70000 94.2
75000 186.6
80000 206.4
85000 221.3
90000 208.6
95000 231.5
100000 278.1
105000 249.0
110000 277.7
115000 303.5
120000 308.7
125000 321.2
130000 356.7
135000 338.4
140000 265.6
145000 365.6
150000 388.5
155000 398.8
160000 433.2
165000 428.4
170000 436.8
175000 451.9
180000 436.4
185000 429.9
190000 436.0
195000 447.0
200000 410.8
205000 458.9
210000 462.4
215000 472.2
220000 481.5
225000 493.8
230000 496.5
235000 490.9
240000 451.0
245000 484.5
250000 495.3
255000 519.0
260000 516.1
265000 531.6
270000 510.1
275000 512.3
280000 536.1
285000 543.7
290000 526.6
295000 539.7
300000 531.8
305000 539.3
310000 547.3
315000 568.8
320000 563.5
325000 575.2
330000 552.1
335000 543.5
340000 555.7
345000 574.8
350000 565.6
355000 577.1
360000 556.6
365000 550.4
370000 546.7
375000 563.0
380000 567.8
385000 564.1
390000 568.0
395000 569.8
400000 579.3
405000 578.3
410000 589.6
415000 592.1
420000 605.3
425000 601.1
430000 598.0
435000 591.5
440000 619.9
445000 621.7
450000 615.5
455000 666.3
460000 643.1
465000 638.1
470000 656.6
475000 645.0
480000 646.1
485000 723.8
490000 702.6
495000 726.6
500000 687.4
505000 731.4
510000 746.2
515000 765.4
520000 772.0
525000 790.5
530000 801.4
535000 773.7
540000 797.5
545000 821.7
550000 810.7
555000 801.1
560000 828.9
565000 782.0
570000 837.4
575000 856.5
580000 849.9
585000 830.4
590000 839.2
595000 820.3
600000 841.7
605000 850.1
610000 838.5
615000 838.3
620000 809.5
625000 842.3
630000 802.6
635000 802.0
640000 815.6
645000 857.0
650000 814.2
655000 832.4
660000 836.8
665000 840.9
670000 815.3
675000 828.7
680000 865.7
685000 828.8
690000 848.7
695000 856.6
700000 820.4
705000 827.5
710000 839.8
715000 828.3
720000 851.8
725000 834.0
730000 847.6
735000 839.0
740000 847.2
745000 848.6
750000 802.9
755000 827.9
760000 828.9
765000 821.3
770000 816.3
775000 734.3
780000 826.9
785000 834.9
790000 812.3
795000 839.8
800000 815.8
805000 811.3
810000 837.2
815000 779.2
820000 765.4
825000 840.5
830000 834.2
835000 848.3
840000 765.4
845000 855.8
850000 781.4
855000 788.6
860000 799.8
865000 755.9
870000 710.2
875000 810.0
880000 831.1
885000 775.0
890000 809.3
895000 802.1
900000 727.6
905000 720.4
910000 744.2
915000 728.4
920000 704.4
925000 801.9
930000 800.5
935000 839.6
940000 846.4
945000 828.4
950000 819.3
955000 826.6
960000 834.7
965000 868.8
970000 821.5
975000 838.3
980000 811.8
985000 819.3
990000 816.7
995000 826.2
1000000 819.8
