5000 3.7
10000 5.6
15000 3.3
20000 3.4
25000 6.8
30000 9.2
35000 5.9
40000 5.3
45000 5.1
50000 5.5
55000 6.4
60000 6.0
65000 5.2
70000 6.2
75000 6.4
80000 7.8
85000 6.3
90000 6.6
95000 6.5
100000 7.4
105000 8.1
110000 5.0
115000 5.7
120000 6.9
125000 6.0
130000 5.1
135000 6.4
140000 6.4
145000 6.3
150000 6.9
155000 7.7
160000 5.7
165000 7.2
170000 7.2
175000 7.6
180000 5.7
185000 5.2
190000 6.7
195000 7.6
200000 7.7
205000 6.1
210000 7.2
215000 7.3
220000 6.5
225000 7.2
230000 6.0
235000 6.4
240000 7.2
245000 6.7
250000 8.1
255000 7.5
260000 6.4
265000 6.8
270000 6.3
275000 7.5
280000 7.2
285000 6.6
290000 6.7
295000 6.2
300000 6.3
305000 6.6
310000 7.3
315000 7.3
320000 6.7
325000 8.0
330000 7.4
335000 6.8
340000 5.8
345000 7.1
350000 6.4
355000 5.9
360000 8.1
365000 7.5
370000 7.0
375000 7.3
380000 7.3
385000 7.1
390000 8.2
395000 7.0
400000 7.9
405000 7.3
410000 7.2
415000 7.2
420000 8.0
425000 7.4
430000 7.4
435000 8.1
440000 7.9
445000 6.9
450000 7.3
455000 7.7
460000 7.1
465000 7.8
470000 7.4
475000 8.9
480000 7.2
485000 8.7
490000 9.0
495000 6.8
500000 7.3
505000 5.6
510000 7.7
515000 8.0
520000 8.6
525000 7.5
530000 8.0
535000 8.2
540000 7.3
545000 7.0
550000 8.3
555000 8.5
560000 8.2
565000 9.2
570000 8.5
575000 8.6
580000 7.6
585000 6.4
590000 8.3
595000 8.3
600000 8.2
605000 9.6
610000 7.8
615000 21.9
620000 22.1
625000 21.0
630000 22.4
635000 49.6
640000 34.9
645000 34.1
650000 36.7
655000 33.1
660000 55.8
665000 95.2
670000 87.6
675000 90.0
680000 55.5
685000 106.6
690000 94.3
695000 52.2
700000 40.2
705000 77.4
710000 45.6
715000 76.1
720000 96.2
725000 106.0
730000 107.6
735000 106.2
740000 143.3
745000 180.0
750000 152.0
755000 115.0
760000 196.8
765000 186.2
770000 218.2
775000 205.3
780000 214.4
785000 170.2
790000 190.8
795000 171.0
800000 264.2
805000 196.2
810000 202.3
815000 255.0
820000 234.6
825000 245.7
830000 244.7
835000 269.5
840000 207.5
845000 235.2
850000 277.1
855000 207.6
860000 272.3
865000 226.2
870000 286.4
875000 290.0
880000 316.1
885000 301.5
890000 328.3
895000 308.0
900000 303.0
905000 300.9
910000 322.1
915000 395.1
920000 353.0
925000 4.2
930000 6.5
935000 17.0
940000 303.3
945000 384.5
950000 365.6
955000 403.2
960000 337.0
965000 408.3
970000 343.6
975000 426.6
980000 391.3
985000 431.3
990000 465.8
995000 450.4
1000000 469.9
