5000 2.7
10000 4.2
15000 4.7
20000 6.7
25000 6.1
30000 4.5
35000 6.5
40000 6.0
45000 6.0
50000 4.4
55000 3.8
60000 5.4
65000 5.5
70000 12.8
75000 31.6
80000 185.2
85000 188.3
90000 199.1
95000 233.8
100000 277.9
105000 275.8
110000 307.4
115000 290.6
120000 290.6
125000 312.0
130000 321.2
135000 361.0
140000 298.4
145000 373.6
150000 7.2
155000 5.8
160000 357.2
165000 379.3
170000 359.8
175000 430.9
180000 482.5
185000 481.3
190000 497.7
195000 520.2
200000 537.3
205000 582.7
210000 546.7
215000 552.5
220000 607.7
225000 541.9
230000 630.3
235000 596.2
240000 696.8
245000 710.5
250000 740.3
255000 697.0
260000 761.5
265000 777.2
270000 764.5
275000 753.9
280000 800.8
285000 771.1
290000 813.0
295000 747.1
300000 821.0
305000 844.5
310000 826.7
315000 801.8
320000 851.7
325000 779.0
330000 847.9
335000 855.3
340000 842.0
345000 864.2
350000 841.6
355000 818.6
360000 855.1
365000 844.5
370000 838.9
375000 847.9
380000 861.0
385000 860.0
390000 834.9
395000 857.1
400000 861.0
405000 872.7
410000 810.1
415000 884.0
420000 850.4
425000 876.9
430000 865.3
435000 855.1
440000 854.9
445000 866.1
450000 879.9
455000 894.8
460000 850.2
465000 878.7
470000 880.1
475000 887.6
480000 886.3
485000 867.5
490000 888.4
495000 872.3
500000 830.3
505000 859.6
510000 845.1
515000 817.1
520000 878.1
525000 843.0
530000 857.1
535000 861.7
540000 895.8
545000 872.8
550000 871.9
555000 886.4
560000 867.6
565000 894.0
570000 871.0
575000 876.2
580000 876.4
585000 887.8
590000 875.8
595000 864.2
600000 886.2
605000 900.8
610000 877.9
615000 886.4
620000 881.7
625000 828.4
630000 887.0
635000 895.0
640000 880.2
645000 852.3
650000 895.5
655000 820.7
660000 897.3
665000 897.8
670000 832.7
675000 863.1
680000 894.6
685000 824.0
690000 823.9
695000 890.2
700000 863.5
705000 880.2
710000 901.1
715000 886.9
720000 901.0
725000 902.0
730000 873.4
735000 890.7
740000 893.6
745000 898.5
750000 710.4
755000 892.9
760000 868.8
765000 813.8
770000 885.6
775000 875.9
780000 889.7
785000 885.4
790000 898.9
795000 877.2
800000 886.1
805000 900.0
810000 897.3
815000 804.6
820000 888.6
825000 892.9
830000 885.1
835000 897.1
840000 903.6
845000 882.2
850000 867.9
855000 892.3
860000 855.4
865000 876.9
870000 893.1
875000 878.8
880000 904.3
885000 893.0
890000 896.2
895000 889.2
900000 884.2
905000 868.8
910000 886.2
915000 893.6
920000 888.6
925000 866.6
930000 787.3
935000 874.4
940000 890.3
945000 866.9
950000 895.1
955000 894.5
960000 878.9
965000 888.9
970000 875.9
975000 883.6
980000 899.4
985000 878.4
990000 880.3
995000 865.0
1000000 887.1
