5000 4.2
10000 4.9
15000 5.2
20000 4.0
25000 6.0
30000 7.1
35000 6.9
40000 7.7
45000 4.9
50000 6.8
55000 40.9
60000 111.4
65000 74.0
70000 145.2
75000 206.0
80000 201.4
85000 234.0
90000 223.6
95000 234.1
100000 207.9
105000 200.7
110000 269.4
115000 20.3
120000 94.9
125000 5.6
130000 29.4
135000 9.9
140000 87.8
145000 26.4
150000 4.5
155000 4.2
160000 5.4
165000 6.9
170000 3.5
175000 8.3
180000 199.6
185000 260.4
190000 285.1
195000 351.8
200000 325.1
205000 347.3
210000 374.8
215000 384.0
220000 368.5
225000 399.3
230000 435.2
235000 411.0
240000 414.8
245000 409.4
250000 408.6
255000 411.8
260000 429.3
265000 400.8
270000 447.7
275000 410.0
280000 445.2
285000 473.1
290000 483.0
295000 447.7
300000 471.0
305000 483.8
310000 473.0
315000 488.7
320000 496.4
325000 486.3
330000 478.6
335000 481.8
340000 504.1
345000 502.9
350000 468.8
355000 487.2
360000 499.1
365000 494.4
370000 497.7
375000 513.2
380000 513.0
385000 493.7
390000 521.6
395000 521.0
400000 505.1
405000 511.0
410000 519.3
415000 510.3
420000 528.5
425000 529.9
430000 531.0
435000 513.2
440000 525.2
445000 533.5
450000 544.4
455000 525.3
460000 518.3
465000 535.1
470000 538.5
475000 547.4
480000 531.0
485000 533.7
490000 513.4
495000 543.6
500000 558.7
505000 548.4
510000 540.2
515000 553.8
520000 557.2
525000 570.2
530000 545.3
535000 556.9
540000 547.0
545000 570.6
550000 568.6
555000 569.5
560000 550.8
565000 560.3
570000 561.0
575000 564.4
580000 567.3
585000 591.6
590000 576.2
595000 587.4
600000 586.2
605000 586.8
610000 575.5
615000 590.4
620000 591.1
625000 601.7
630000 605.8
635000 605.9
640000 598.5
645000 615.8
650000 594.4
655000 612.4
660000 597.1
665000 597.8
670000 611.2
675000 607.9
680000 599.4
685000 588.6
690000 601.9
695000 597.4
700000 618.7
705000 620.9
710000 598.2
715000 603.8
720000 625.5
725000 621.6
730000 615.9
735000 632.9
740000 634.1
745000 633.9
750000 621.8
755000 630.3
760000 622.7
765000 614.8
770000 624.6
775000 647.6
780000 629.0
785000 642.2
790000 647.6
795000 628.7
800000 642.4
805000 640.4
810000 648.4
815000 627.5
820000 642.4
825000 646.8
830000 625.3
835000 658.6
840000 670.4
845000 633.1
850000 664.5
855000 654.9
860000 694.5
865000 684.3
870000 684.0
875000 667.1
880000 680.9
885000 684.8
890000 709.0
895000 738.2
900000 680.5
905000 701.3
910000 731.7
915000 678.3
920000 773.4
925000 679.9
930000 683.4
935000 721.5
940000 685.5
945000 700.6
950000 741.4
955000 704.7
960000 795.7
965000 683.0
970000 758.0
975000 711.4
980000 710.2
985000 724.1
990000 726.9
995000 757.5
1000000 769.1
