5000 5.2
10000 4.3
15000 3.4
20000 2.8
25000 6.5
30000 7.3
35000 6.0
40000 4.7
45000 4.3
50000 6.8
55000 6.8
60000 6.6
65000 19.2
70000 34.9
75000 169.8
80000 284.6
85000 308.8
90000 279.4
95000 335.2
100000 229.8
105000 335.5
110000 384.3
115000 327.8
120000 350.3
125000 350.9
130000 385.8
135000 412.6
140000 404.7
145000 410.3
150000 378.4
155000 424.7
160000 423.4
165000 455.1
170000 447.7
175000 461.0
180000 473.2
185000 470.4
190000 500.3
195000 492.7
200000 465.1
205000 496.7
210000 518.1
215000 525.7
220000 462.2
225000 507.5
230000 532.0
235000 537.4
240000 527.5
245000 517.0
250000 547.1
255000 532.8
260000 562.6
265000 555.5
270000 558.6
275000 562.6
280000 568.9
285000 571.8
290000 576.4
295000 568.4
300000 559.6
305000 574.7
310000 585.9
315000 587.2
320000 579.3
325000 506.4
330000 600.5
335000 613.8
340000 593.7
345000 596.3
350000 605.0
355000 607.2
360000 613.4
365000 602.6
370000 610.7
375000 627.0
380000 622.3
385000 645.9
390000 639.4
395000 679.4
400000 633.6
405000 623.3
410000 673.2
415000 648.6
420000 643.2
425000 709.7
430000 657.2
435000 734.9
440000 654.9
445000 681.2
450000 741.8
455000 733.9
460000 828.1
465000 793.7
470000 802.1
475000 789.1
480000 851.2
485000 816.0
490000 808.4
495000 831.0
500000 851.8
505000 828.9
510000 851.7
515000 865.9
520000 810.7
525000 867.1
530000 887.5
535000 888.1
540000 882.9
545000 894.1
550000 895.5
555000 880.9
560000 847.1
565000 904.5
570000 862.5
575000 903.6
580000 899.0
585000 897.7
590000 894.5
595000 911.3
600000 911.8
605000 909.4
610000 899.1
615000 902.1
620000 907.3
625000 892.8
630000 907.7
635000 913.5
640000 896.3
645000 889.4
650000 898.8
655000 904.2
660000 914.5
665000 884.6
670000 889.3
675000 909.3
680000 898.5
685000 906.2
690000 916.0
695000 906.4
700000 902.9
705000 912.6
710000 886.8
715000 914.4
720000 889.7
725000 819.3
730000 905.2
735000 906.1
740000 904.4
745000 918.7
750000 895.7
755000 893.8
760000 901.9
765000 915.6
770000 906.3
775000 909.3
780000 910.9
785000 902.4
790000 903.1
795000 910.5
800000 921.0
805000 913.9
810000 900.4
815000 904.2
820000 911.2
825000 908.8
830000 911.1
835000 916.7
840000 887.4
845000 913.1
850000 888.9
855000 900.7
860000 903.5
865000 912.6
870000 893.3
875000 913.8
880000 894.9
885000 923.2
890000 914.5
895000 896.0
900000 917.2
905000 915.7
910000 915.3
915000 922.0
920000 920.1
925000 915.3
930000 909.8
935000 911.1
940000 915.1
945000 895.8
950000 912.2
955000 917.8
960000 913.0
965000 915.7
970000 892.6
975000 920.8
980000 915.4
985000 910.0
990000 914.3
995000 910.8
1000000 910.3
