5000 3.6
10000 3.8
15000 3.5
20000 5.3
25000 5.1
30000 4.0
35000 3.4
40000 3.5
45000 4.4
50000 3.8
55000 4.0
60000 6.6
65000 5.6
70000 4.8
75000 3.8
80000 5.7
85000 5.2
90000 6.9
95000 16.0
100000 14.8
105000 18.5
110000 14.9
115000 20.8
120000 20.6
125000 27.4
130000 31.5
135000 6.7
140000 21.6
145000 95.9
150000 150.7
155000 163.5
160000 197.6
165000 211.7
170000 209.7
175000 185.2
180000 231.9
185000 249.6
190000 249.3
195000 263.5
200000 258.4
205000 278.8
210000 248.4
215000 239.9
220000 273.9
225000 271.8
230000 295.4
235000 298.7
240000 309.6
245000 293.4
250000 307.5
255000 328.0
260000 345.2
265000 333.9
270000 344.5
275000 339.3
280000 371.1
285000 356.9
290000 387.2
295000 381.7
300000 374.0
305000 386.1
310000 394.0
315000 416.0
320000 370.7
325000 414.2
330000 416.3
335000 407.9
340000 409.9
345000 421.6
350000 404.8
355000 421.0
360000 426.6
365000 449.7
370000 415.9
375000 429.7
380000 441.9
385000 449.1
390000 457.9
395000 445.2
400000 454.0
405000 452.7
410000 438.0
415000 440.1
420000 455.6
425000 451.0
430000 466.7
435000 476.0
440000 461.0
445000 464.4
450000 459.0
455000 472.9
460000 465.5
465000 473.5
470000 486.8
475000 466.6
480000 475.2
485000 468.2
490000 453.5
495000 444.0
500000 462.5
505000 470.2
510000 474.4
515000 468.2
520000 469.0
525000 473.8
530000 466.3
535000 476.6
540000 475.8
545000 452.0
550000 465.1
555000 466.7
560000 462.3
565000 485.1
570000 474.4
575000 474.7
580000 483.9
585000 491.6
590000 461.9
595000 473.7
600000 492.7
605000 498.7
610000 512.8
615000 489.1
620000 498.4
625000 490.7
630000 497.4
635000 498.9
640000 491.4
645000 491.9
650000 498.5
655000 489.0
660000 500.9
665000 517.2
670000 516.9
675000 526.1
680000 513.2
685000 531.5
690000 524.8
695000 529.0
700000 547.7
705000 528.5
710000 519.8
715000 549.7
720000 537.1
725000 559.5
730000 542.2
735000 526.3
740000 560.1
745000 530.3
750000 520.1
755000 522.4
760000 519.2
765000 531.1
770000 530.7
775000 567.1
780000 560.8
785000 538.6
790000 552.7
795000 557.7
800000 548.7
805000 559.1
810000 570.8
815000 568.3
820000 584.1
825000 547.9
830000 546.5
835000 612.7
840000 572.0
845000 556.2
850000 597.3
855000 566.0
860000 567.9
865000 568.4
870000 583.9
875000 633.6
880000 613.2
885000 582.7
890000 595.6
895000 575.9
900000 603.2
905000 605.5
910000 602.1
915000 585.0
920000 688.9
925000 607.8
930000 629.1
935000 631.1
940000 609.1
945000 561.3
950000 606.8
955000 685.1
960000 622.7
965000 651.5
970000 666.9
975000 691.8
980000 759.7
985000 657.4
990000 659.6
995000 688.6
1000000 716.9
