5000 3.6
10000 3.5
15000 4.6
20000 5.3
25000 5.2
30000 5.7
35000 6.8
40000 7.1
45000 5.6
50000 5.1
55000 5.4
60000 6.8
65000 4.0
70000 6.6
75000 5.4
80000 6.9
85000 5.7
90000 5.5
95000 6.1
100000 5.5
105000 6.3
110000 6.6
115000 6.4
120000 7.1
125000 7.4
130000 5.6
135000 6.1
140000 5.8
145000 6.1
150000 5.9
155000 6.6
160000 5.8
165000 5.9
170000 5.9
175000 7.0
180000 7.1
185000 7.0
190000 7.3
195000 7.5
200000 6.7
205000 7.0
210000 7.7
215000 6.8
220000 5.5
225000 5.4
230000 6.9
235000 5.9
240000 8.6
245000 8.7
250000 7.3
255000 6.0
260000 6.6
265000 7.0
270000 7.1
275000 6.8
280000 8.2
285000 7.8
290000 7.9
295000 6.3
300000 7.4
305000 7.0
310000 7.0
315000 7.0
320000 5.8
325000 7.3
330000 6.0
335000 6.3
340000 5.9
345000 7.4
350000 6.0
355000 8.7
360000 8.0
365000 8.5
370000 8.2
375000 7.1
380000 6.9
385000 6.6
390000 7.8
395000 8.3
400000 7.1
405000 6.8
410000 7.3
415000 6.7
420000 5.2
425000 8.3
430000 7.4
435000 6.9
440000 8.1
445000 7.2
450000 8.1
455000 6.5
460000 8.9
465000 7.6
470000 8.1
475000 8.5
480000 6.9
485000 8.3
490000 7.5
495000 6.9
500000 6.7
505000 8.2
510000 7.9
515000 6.3
520000 7.7
525000 7.1
530000 6.6
535000 7.8
540000 7.2
545000 7.5
550000 8.1
555000 8.1
560000 7.4
565000 7.7
570000 6.3
575000 7.3
580000 7.8
585000 5.9
590000 7.6
595000 5.6
600000 7.3
605000 6.6
610000 7.4
615000 7.5
620000 7.3
625000 7.5
630000 7.3
635000 6.8
640000 7.1
645000 8.5
650000 7.2
655000 6.8
660000 7.4
665000 8.0
670000 8.4
675000 8.0
680000 6.9
685000 7.5
690000 8.5
695000 8.2
700000 7.7
705000 5.8
710000 5.2
715000 6.8
720000 8.1
725000 7.0
730000 6.8
735000 7.2
740000 8.0
745000 8.2
750000 6.1
755000 6.9
760000 7.5
765000 6.8
770000 8.2
775000 7.1
780000 7.5
785000 5.5
790000 6.8
795000 8.6
800000 11.2
805000 6.4
810000 8.1
815000 7.3
820000 8.6
825000 8.1
830000 7.4
835000 8.2
840000 8.1
845000 7.9
850000 7.9
855000 7.5
860000 8.1
865000 7.5
870000 8.6
875000 7.1
880000 8.3
885000 8.0
890000 6.6
895000 8.0
900000 8.1
905000 6.9
910000 6.6
915000 6.7
920000 8.4
925000 9.2
930000 8.4
935000 7.4
940000 7.7
945000 7.6
950000 9.3
955000 7.5
960000 8.1
965000 8.6
970000 8.5
975000 8.3
980000 7.7
985000 8.1
990000 7.7
995000 6.7
1000000 6.8
