5000 3.2
10000 4.0
15000 5.6
20000 6.2
25000 5.3
30000 4.2
35000 6.3
40000 5.0
45000 5.4
50000 5.4
55000 5.2
60000 5.6
65000 5.7
70000 5.3
75000 7.7
80000 16.3
85000 18.1
90000 57.1
95000 154.2
100000 184.2
105000 269.6
110000 282.1
115000 288.3
120000 304.7
125000 325.5
130000 301.9
135000 312.1
140000 330.9
145000 348.2
150000 333.7
155000 363.5
160000 356.2
165000 370.7
170000 368.4
175000 374.2
180000 385.3
185000 400.4
190000 421.6
195000 345.5
200000 442.9
205000 420.5
210000 463.8
215000 431.5
220000 419.9
225000 424.0
230000 447.6
235000 455.8
240000 443.0
245000 427.2
250000 427.9
255000 434.1
260000 452.4
265000 461.0
270000 456.7
275000 469.8
280000 451.3
285000 472.1
290000 461.6
295000 454.5
300000 473.0
305000 474.3
310000 469.3
315000 475.1
320000 470.7
325000 467.6
330000 475.4
335000 473.9
340000 478.3
345000 466.8
350000 462.0
355000 476.1
360000 481.1
365000 489.0
370000 488.3
375000 493.0
380000 510.8
385000 507.9
390000 517.8
395000 525.1
400000 535.1
405000 514.9
410000 514.7
415000 533.8
420000 522.1
425000 517.0
430000 539.6
435000 540.2
440000 534.7
445000 543.9
450000 550.2
455000 536.2
460000 548.5
465000 531.7
470000 570.1
475000 572.7
480000 522.2
485000 550.9
490000 548.9
495000 564.3
500000 553.5
505000 577.2
510000 592.8
515000 593.4
520000 593.7
525000 579.7
530000 589.2
535000 580.9
540000 589.2
545000 609.0
550000 573.8
555000 596.6
560000 566.5
565000 594.7
570000 615.6
575000 617.9
580000 597.2
585000 611.2
590000 605.5
595000 618.6
600000 655.7
605000 716.7
610000 731.3
615000 747.9
620000 607.5
625000 696.5
630000 690.5
635000 727.8
640000 748.0
645000 798.6
650000 767.0
655000 765.7
660000 818.9
665000 834.7
670000 758.9
675000 687.8
680000 803.8
685000 803.7
690000 781.2
695000 793.6
700000 808.4
705000 820.3
710000 784.6
715000 801.8
720000 758.7
725000 772.5
730000 775.5
735000 824.2
740000 810.9
745000 834.1
750000 765.0
755000 810.4
760000 792.1
765000 831.5
770000 793.3
775000 829.0
780000 855.0
785000 854.7
790000 824.4
795000 870.9
800000 827.4
805000 834.5
810000 762.9
815000 857.1
820000 878.8
825000 780.9
830000 822.3
835000 874.0
840000 827.0
845000 832.6
850000 795.1
855000 784.5
860000 835.5
865000 831.5
870000 825.2
875000 830.2
880000 863.5
885000 843.4
890000 850.0
895000 851.4
900000 869.6
905000 853.3
910000 819.3
915000 878.1
920000 890.1
925000 851.8
930000 887.1
935000 874.0
940000 871.2
945000 847.8
950000 886.7
955000 878.6
960000 855.7
965000 882.9
970000 865.1
975000 866.3
980000 884.5
985000 853.7
990000 885.6
995000 896.9
1000000 876.4
