5000 4.6
10000 5.4
15000 4.2
20000 5.8
25000 5.5
30000 7.1
35000 5.4
40000 5.2
45000 4.6
50000 7.4
55000 6.0
60000 4.6
65000 5.8
70000 5.4
75000 6.3
80000 7.1
85000 6.7
90000 5.6
95000 5.9
100000 6.1
105000 4.8
110000 6.2
115000 7.4
120000 6.0
125000 5.2
130000 6.1
135000 4.7
140000 5.8
145000 5.5
150000 6.1
155000 6.3
160000 6.1
165000 7.0
170000 6.0
175000 5.6
180000 6.1
185000 6.2
190000 7.0
195000 6.1
200000 6.5
205000 7.1
210000 6.3
215000 6.2
220000 7.2
225000 6.8
230000 5.1
235000 5.1
240000 5.4
245000 6.8
250000 6.6
255000 5.7
260000 7.2
265000 7.1
270000 6.1
275000 8.1
280000 6.5
285000 7.0
290000 6.4
295000 7.2
300000 7.1
305000 5.6
310000 5.8
315000 4.8
320000 6.0
325000 5.9
330000 5.6
335000 7.7
340000 5.9
345000 5.0
350000 6.7
355000 8.5
360000 6.6
365000 7.8
370000 5.8
375000 7.5
380000 7.5
385000 8.0
390000 6.9
395000 7.2
400000 6.4
405000 7.8
410000 7.9
415000 8.3
420000 6.6
425000 6.8
430000 6.0
435000 7.2
440000 7.0
445000 6.4
450000 6.6
455000 7.1
460000 7.6
465000 8.1
470000 6.5
475000 7.4
480000 6.5
485000 7.1
490000 6.1
495000 7.2
500000 9.0
505000 6.8
510000 7.1
515000 6.1
520000 6.5
525000 6.5
530000 7.7
535000 7.4
540000 6.3
545000 8.1
550000 7.3
555000 7.6
560000 7.4
565000 6.7
570000 9.0
575000 6.2
580000 8.1
585000 6.7
590000 7.8
595000 7.7
600000 5.5
605000 8.1
610000 8.6
615000 6.9
620000 8.0
625000 6.6
630000 6.9
635000 7.3
640000 8.4
645000 6.5
650000 7.5
655000 8.3
660000 8.2
665000 8.0
670000 6.5
675000 6.8
680000 7.5
685000 7.6
690000 7.3
695000 8.1
700000 8.5
705000 7.1
710000 6.0
715000 5.9
720000 7.3
725000 6.9
730000 6.2
735000 8.3
740000 7.5
745000 7.3
750000 7.6
755000 7.2
760000 7.4
765000 8.1
770000 7.7
775000 8.1
780000 7.3
785000 6.7
790000 6.9
795000 7.7
800000 7.5
805000 6.7
810000 7.8
815000 6.1
820000 6.0
825000 7.4
830000 6.1
835000 7.3
840000 6.3
845000 7.5
850000 7.7
855000 6.4
860000 7.6
865000 7.8
870000 6.5
875000 7.9
880000 6.6
885000 8.4
890000 7.3
895000 6.1
900000 7.1
905000 7.5
910000 5.9
915000 6.3
920000 6.5
925000 8.1
930000 6.3
935000 7.9
940000 8.1
945000 7.8
950000 7.0
955000 7.5
960000 8.6
965000 8.1
970000 8.1
975000 7.3
980000 8.2
985000 7.1
990000 7.6
995000 8.3
1000000 7.9
