5000 4.4
10000 4.3
15000 5.8
20000 4.2
25000 6.1
30000 5.3
35000 7.7
40000 7.2
45000 5.0
50000 5.5
55000 7.2
60000 5.5
65000 7.4
70000 4.7
75000 6.0
80000 126.9
85000 147.9
90000 262.6
95000 272.1
100000 288.5
105000 278.6
110000 341.3
115000 355.2
120000 370.5
125000 355.2
130000 375.5
135000 399.2
140000 403.1
145000 374.9
150000 394.4
155000 378.1
160000 402.1
165000 427.0
170000 390.9
175000 420.6
180000 425.8
185000 421.1
190000 426.8
195000 462.7
200000 446.9
205000 437.2
210000 459.9
215000 444.9
220000 452.6
225000 461.9
230000 484.1
235000 474.9
240000 486.4
245000 472.0
250000 499.1
255000 486.1
260000 477.9
265000 509.9
270000 511.4
275000 500.5
280000 487.1
285000 512.2
290000 544.0
295000 537.3
300000 553.6
305000 530.5
310000 550.9
315000 569.1
320000 540.3
325000 561.3
330000 611.1
335000 555.2
340000 700.9
345000 647.1
350000 632.9
355000 689.3
360000 610.1
365000 684.0
370000 741.7
375000 675.2
380000 732.5
385000 736.9
390000 763.7
395000 759.2
400000 678.3
405000 715.9
410000 735.0
415000 749.2
420000 733.7
425000 733.8
430000 787.3
435000 796.0
440000 774.9
445000 752.3
450000 757.7
455000 762.1
460000 821.8
465000 775.1
470000 780.5
475000 808.2
480000 817.3
485000 750.5
490000 828.5
495000 764.2
500000 822.6
505000 730.6
510000 818.7
515000 833.6
520000 771.1
525000 768.8
530000 809.8
535000 829.4
540000 787.9
545000 751.9
550000 839.0
555000 733.6
560000 781.6
565000 839.2
570000 790.8
575000 831.9
580000 815.8
585000 749.2
590000 816.5
595000 825.5
600000 850.3
605000 832.0
610000 847.9
615000 861.1
620000 830.8
625000 820.6
630000 825.9
635000 851.7
640000 805.3
645000 806.5
650000 865.3
655000 853.5
660000 795.7
665000 840.1
670000 835.7
675000 834.7
680000 816.3
685000 808.1
690000 763.0
695000 741.3
700000 808.1
705000 867.8
710000 848.3
715000 841.3
720000 810.8
725000 845.0
730000 814.0
735000 821.6
740000 833.2
745000 854.2
750000 852.0
755000 855.1
760000 801.2
765000 810.2
770000 811.4
775000 848.5
780000 835.3
785000 854.9
790000 758.5
795000 835.9
800000 816.0
805000 844.9
810000 866.2
815000 822.6
820000 846.0
825000 875.8
830000 846.8
835000 838.2
840000 827.2
845000 833.0
850000 843.2
855000 850.8
860000 851.9
865000 817.5
870000 857.3
875000 866.6
880000 852.1
885000 867.4
890000 807.5
895000 794.5
900000 827.8
905000 844.9
910000 814.5
915000 852.3
920000 834.1
925000 757.2
930000 808.5
935000 845.0
940000 879.6
945000 844.5
950000 778.7
955000 846.2
960000 775.5
965000 826.0
970000 832.4
975000 802.7
980000 812.3
985000 839.0
990000 846.9
995000 823.6
1000000 847.8
