5000 4.0
10000 4.7
15000 3.8
20000 5.3
25000 6.6
30000 4.0
35000 5.6
40000 6.0
45000 5.6
50000 6.4
55000 7.2
60000 5.1
65000 6.1
70000 5.9
75000 5.1
80000 6.2
85000 7.8
90000 9.7
95000 7.3
100000 11.8
105000 11.0
110000 17.9
115000 40.5
120000 24.0
125000 28.3
130000 30.5
135000 49.2
140000 9.3
145000 34.2
150000 42.0
155000 39.3
160000 13.0
165000 31.3
170000 11.8
175000 20.7
180000 90.4
185000 44.2
190000 7.8
195000 41.6
200000 7.5
205000 31.3
210000 31.2
215000 69.8
220000 55.1
225000 32.3
230000 121.6
235000 13.0
240000 27.3
245000 24.1
250000 57.8
255000 37.6
260000 32.4
265000 17.3
270000 43.9
275000 26.5
280000 67.2
285000 54.9
290000 52.9
295000 5.6
300000 14.4
305000 7.1
310000 37.7
315000 61.6
320000 120.9
325000 74.0
330000 10.2
335000 100.8
340000 59.8
345000 204.5
350000 247.0
355000 203.1
360000 271.6
365000 221.9
370000 328.1
375000 344.2
380000 243.8
385000 235.0
390000 344.8
395000 363.0
400000 366.7
405000 370.2
410000 531.1
415000 393.6
420000 397.5
425000 410.4
430000 419.9
435000 428.9
440000 534.2
445000 490.2
450000 636.3
455000 597.1
460000 511.3
465000 589.9
470000 635.3
475000 527.3
480000 597.6
485000 632.5
490000 406.0
495000 707.3
500000 540.2
505000 752.1
510000 532.8
515000 449.5
520000 656.6
525000 703.4
530000 684.1
535000 674.5
540000 751.9
545000 736.7
550000 577.4
555000 702.4
560000 677.5
565000 669.0
570000 762.2
575000 705.5
580000 792.2
585000 635.3
590000 739.9
595000 775.6
600000 798.3
605000 778.9
610000 793.7
615000 802.9
620000 799.7
625000 812.7
630000 824.0
635000 816.0
640000 746.0
645000 760.6
650000 699.9
655000 824.1
660000 643.6
665000 710.1
670000 818.4
675000 735.4
680000 815.3
685000 757.8
690000 759.0
695000 832.4
700000 700.2
705000 664.7
710000 804.1
715000 766.0
720000 806.9
725000 683.8
730000 736.2
735000 622.4
740000 572.2
745000 833.4
750000 734.7
755000 691.3
760000 837.2
765000 851.4
770000 664.3
775000 863.3
780000 582.2
785000 854.9
790000 781.3
795000 606.3
800000 850.7
805000 684.8
810000 812.0
815000 671.0
820000 773.7
825000 545.2
830000 767.4
835000 404.6
840000 750.3
845000 588.0
850000 431.0
855000 440.9
860000 417.9
865000 511.6
870000 521.5
875000 599.3
880000 604.9
885000 345.8
890000 597.8
895000 583.8
900000 457.3
905000 239.6
910000 508.2
915000 483.7
920000 696.1
925000 701.6
930000 332.1
935000 410.2
940000 600.7
945000 687.8
950000 784.3
955000 537.1
960000 550.7
965000 554.8
970000 648.4
975000 17.8
980000 537.3
985000 434.4
990000 507.2
995000 861.1
1000000 865.6
