5000 6.0
10000 5.0
15000 5.2
20000 5.6
25000 5.4
30000 5.5
35000 5.3
40000 5.2
45000 5.9
50000 6.3
55000 5.7
60000 5.1
65000 6.4
70000 7.8
75000 5.5
80000 7.6
85000 34.3
90000 24.1
95000 41.5
100000 114.2
105000 167.0
110000 199.5
115000 224.4
120000 179.6
125000 240.9
130000 323.1
135000 308.1
140000 327.0
145000 345.6
150000 334.7
155000 367.2
160000 314.1
165000 376.8
170000 377.5
175000 418.7
180000 401.7
185000 420.7
190000 406.2
195000 436.3
200000 396.4
205000 426.8
210000 434.3
215000 403.2
220000 417.9
225000 408.9
230000 446.5
235000 454.1
240000 456.2
245000 431.6
250000 431.5
255000 415.8
260000 449.6
265000 434.1
270000 464.5
275000 468.0
280000 494.5
285000 478.1
290000 470.6
295000 456.0
300000 499.6
305000 455.9
310000 483.7
315000 478.2
320000 506.6
325000 504.3
330000 477.6
335000 530.1
340000 529.8
345000 536.5
350000 483.6
355000 524.4
360000 551.6
365000 510.1
370000 530.1
375000 508.7
380000 542.0
385000 562.6
390000 547.9
395000 544.3
400000 525.0
405000 557.9
410000 564.5
415000 553.3
420000 537.5
425000 563.5
430000 522.7
435000 566.3
440000 563.9
445000 579.2
450000 558.8
455000 576.8
460000 578.4
465000 577.5
470000 512.9
475000 557.4
480000 608.0
485000 590.3
490000 601.8
495000 632.9
500000 599.2
505000 651.2
510000 636.8
515000 643.5
520000 630.4
525000 640.5
530000 652.8
535000 649.0
540000 641.6
545000 641.1
550000 764.3
555000 771.3
560000 681.4
565000 673.2
570000 675.1
575000 752.0
580000 727.9
585000 744.9
590000 713.9
595000 717.6
600000 747.7
605000 783.8
610000 753.7
615000 816.2
620000 783.4
625000 809.0
630000 741.2
635000 822.1
640000 837.1
645000 837.4
650000 777.2
655000 838.1
660000 830.5
665000 841.0
670000 865.4
675000 785.1
680000 793.8
685000 810.8
690000 787.7
695000 841.7
700000 821.3
705000 841.2
710000 843.9
715000 857.5
720000 862.1
725000 824.1
730000 822.1
735000 840.1
740000 874.4
745000 877.4
750000 815.6
755000 873.6
760000 872.5
765000 867.6
770000 819.2
775000 864.1
780000 850.4
785000 809.3
790000 865.2
795000 843.2
800000 851.0
805000 849.8
810000 879.9
815000 889.4
820000 877.9
825000 875.0
830000 859.5
835000 891.2
840000 866.4
845000 882.2
850000 870.9
855000 864.8
860000 867.8
865000 862.0
870000 865.0
875000 895.5
880000 846.5
885000 889.5
890000 857.7
895000 880.3
900000 890.4
905000 877.9
910000 855.2
915000 886.9
920000 894.4
925000 887.8
930000 890.4
935000 873.6
940000 888.6
945000 859.1
950000 869.4
955000 903.9
960000 855.7
965000 860.8
970000 857.5
975000 882.7
980000 905.4
985000 882.5
990000 875.8
995000 868.3
1000000 896.2
