5000 4.9
10000 3.5
15000 4.2
20000 5.4
25000 4.8
30000 5.9
35000 3.7
40000 4.2
45000 4.5
50000 5.7
55000 6.4
60000 5.4
65000 6.4
70000 5.2
75000 4.2
80000 4.8
85000 5.2
90000 5.6
95000 6.6
100000 64.9
105000 176.1
110000 178.6
115000 266.3
120000 273.7
125000 235.4
130000 266.2
135000 289.3
140000 327.9
145000 341.0
150000 401.4
155000 386.7
160000 403.2
165000 440.2
170000 398.5
175000 425.9
180000 460.6
185000 447.7
190000 443.5
195000 472.6
200000 452.6
205000 466.2
210000 485.4
215000 491.3
220000 494.6
225000 470.6
230000 492.9
235000 512.9
240000 508.5
245000 530.8
250000 514.6
255000 531.8
260000 547.0
265000 539.5
270000 531.7
275000 569.1
280000 554.6
285000 559.1
290000 554.2
295000 619.6
300000 771.7
305000 608.3
310000 589.7
315000 625.7
320000 610.0
325000 591.6
330000 737.8
335000 731.8
340000 718.6
345000 695.1
350000 801.0
355000 775.5
360000 677.0
365000 634.2
370000 722.5
375000 730.7
380000 755.0
385000 760.8
390000 741.7
395000 771.9
400000 801.3
405000 846.4
410000 830.3
415000 821.3
420000 821.3
425000 852.3
430000 838.7
435000 817.1
440000 839.8
445000 842.0
450000 855.0
455000 827.9
460000 828.4
465000 837.1
470000 850.7
475000 851.4
480000 851.9
485000 828.1
490000 846.0
495000 862.3
500000 868.3
505000 843.5
510000 851.4
515000 860.9
520000 872.8
525000 867.5
530000 855.0
535000 859.6
540000 852.1
545000 869.2
550000 868.3
555000 861.7
560000 850.1
565000 830.9
570000 861.3
575000 875.8
580000 868.6
585000 858.4
590000 876.1
595000 886.8
600000 865.5
605000 871.4
610000 891.2
615000 882.1
620000 890.3
625000 800.4
630000 890.0
635000 867.1
640000 850.9
645000 887.4
650000 877.9
655000 849.2
660000 866.8
665000 716.5
670000 871.7
675000 886.2
680000 865.4
685000 861.0
690000 855.0
695000 863.9
700000 876.4
705000 881.2
710000 873.3
715000 869.6
720000 871.1
725000 889.1
730000 877.2
735000 798.5
740000 882.6
745000 886.8
750000 894.4
755000 885.8
760000 878.7
765000 850.7
770000 870.1
775000 890.2
780000 871.1
785000 887.1
790000 889.2
795000 876.5
800000 892.3
805000 890.9
810000 897.5
815000 886.2
820000 893.3
825000 894.8
830000 879.4
835000 885.0
840000 895.8
845000 881.2
850000 896.9
855000 890.2
860000 900.0
865000 884.3
870000 888.1
875000 888.4
880000 894.2
885000 902.3
890000 901.1
895000 867.2
900000 899.7
905000 893.5
910000 883.2
915000 896.3
920000 781.2
925000 875.8
930000 869.2
935000 895.5
940000 856.2
945000 862.2
950000 903.2
955000 892.3
960000 890.5
965000 876.5
970000 895.8
975000 903.2
980000 899.3
985000 900.7
990000 867.6
995000 900.5
1000000 860.3
