5000 4.6
10000 5.9
15000 5.0
20000 4.1
25000 5.8
30000 4.3
35000 2.3
40000 3.1
45000 5.6
50000 3.4
55000 4.2
60000 4.5
65000 6.7
70000 5.7
75000 6.1
80000 7.1
85000 5.5
90000 6.3
95000 6.6
100000 9.7
105000 7.1
110000 14.2
115000 7.0
120000 25.9
125000 120.6
130000 123.7
135000 148.7
140000 236.7
145000 202.6
150000 276.1
155000 322.9
160000 332.4
165000 369.8
170000 343.9
175000 359.3
180000 446.4
185000 421.7
190000 379.6
195000 459.4
200000 462.4
205000 485.9
210000 498.1
215000 454.6
220000 536.3
225000 543.3
230000 472.3
235000 516.4
240000 578.8
245000 598.7
250000 639.4
255000 626.2
260000 715.0
265000 675.5
270000 735.1
275000 846.5
280000 823.4
285000 843.4
290000 862.7
295000 849.0
300000 857.5
305000 800.7
310000 860.6
315000 852.2
320000 839.6
325000 789.2
330000 784.4
335000 869.1
340000 865.2
345000 865.4
350000 820.9
355000 836.6
360000 698.7
365000 782.5
370000 674.1
375000 750.2
380000 843.3
385000 671.4
390000 795.6
395000 831.6
400000 761.9
405000 863.7
410000 843.3
415000 798.7
420000 805.3
425000 791.7
430000 830.1
435000 888.6
440000 885.4
445000 865.7
450000 886.4
455000 871.6
460000 890.9
465000 857.2
470000 884.4
475000 872.3
480000 889.7
485000 874.8
490000 892.0
495000 886.8
500000 891.7
505000 894.5
510000 891.6
515000 885.3
520000 891.6
525000 879.9
530000 897.6
535000 893.1
540000 897.5
545000 887.9
550000 888.8
555000 892.8
560000 893.1
565000 878.3
570000 852.5
575000 892.1
580000 892.2
585000 891.4
590000 897.0
595000 894.8
600000 880.2
605000 896.0
610000 888.7
615000 877.1
620000 899.7
625000 889.4
630000 4.7
635000 5.1
640000 5.8
645000 5.1
650000 3.7
655000 4.7
660000 3.0
665000 4.2
670000 3.3
675000 4.2
680000 4.5
685000 2.7
690000 2.3
695000 4.1
700000 4.5
705000 3.6
710000 3.1
715000 3.7
720000 4.7
725000 5.2
730000 4.9
735000 5.6
740000 4.1
745000 6.3
750000 5.6
755000 6.5
760000 4.8
765000 5.9
770000 5.7
775000 5.4
780000 5.4
785000 7.1
790000 4.7
795000 4.9
800000 6.4
805000 4.6
810000 5.1
815000 5.9
820000 4.4
825000 5.7
830000 7.2
835000 5.7
840000 6.4
845000 6.7
850000 4.8
855000 4.5
860000 5.3
865000 6.0
870000 5.7
875000 4.6
880000 5.3
885000 4.0
890000 4.9
895000 4.3
900000 5.0
905000 5.5
910000 7.1
915000 4.7
920000 6.6
925000 3.7
930000 6.6
935000 4.3
940000 6.1
945000 6.5
950000 5.4
955000 5.7
960000 7.7
965000 5.8
970000 5.3
975000 5.4
980000 5.6
985000 5.4
990000 5.8
995000 4.6
1000000 7.3
