5000 4.3
10000 4.5
15000 4.5
20000 3.4
25000 3.8
30000 5.9
35000 5.0
40000 4.7
45000 5.2
50000 6.9
55000 5.5
60000 7.0
65000 8.9
70000 4.2
75000 6.6
80000 6.5
85000 5.6
90000 6.0
95000 7.0
100000 6.2
105000 7.1
110000 6.1
115000 8.6
120000 10.5
125000 10.7
130000 63.6
135000 78.2
140000 118.5
145000 142.6
150000 142.2
155000 157.7
160000 210.3
165000 211.6
170000 218.3
175000 239.3
180000 255.4
185000 256.3
190000 252.5
195000 313.3
200000 289.1
205000 271.8
210000 169.3
215000 349.7
220000 348.1
225000 349.8
230000 341.4
235000 358.4
240000 381.3
245000 387.3
250000 374.0
255000 387.0
260000 374.4
265000 372.1
270000 390.4
275000 399.8
280000 383.8
285000 408.8
290000 418.6
295000 406.5
300000 434.7
305000 419.9
310000 451.2
315000 440.0
320000 440.4
325000 473.8
330000 448.9
335000 467.9
340000 470.2
345000 447.9
350000 463.4
355000 460.0
360000 487.5
365000 476.3
370000 493.5
375000 508.7
380000 501.4
385000 505.6
390000 481.3
395000 496.4
400000 500.1
405000 508.2
410000 497.8
415000 519.6
420000 520.8
425000 518.9
430000 525.7
435000 523.1
440000 528.8
445000 522.7
450000 535.0
455000 535.4
460000 527.2
465000 478.7
470000 550.5
475000 462.2
480000 533.9
485000 534.8
490000 549.8
495000 537.3
500000 539.2
505000 560.6
510000 554.0
515000 555.1
520000 561.8
525000 487.8
530000 444.5
535000 508.2
540000 562.7
545000 566.3
550000 502.2
555000 564.6
560000 564.2
565000 566.5
570000 559.5
575000 563.6
580000 565.6
585000 560.3
590000 567.2
595000 555.8
600000 515.2
605000 569.5
610000 555.2
615000 558.1
620000 569.8
625000 567.8
630000 581.4
635000 582.2
640000 573.2
645000 583.8
650000 588.1
655000 567.6
660000 573.8
665000 582.4
670000 601.8
675000 568.4
680000 565.8
685000 579.2
690000 582.3
695000 583.7
700000 588.3
705000 584.6
710000 597.3
715000 596.5
720000 602.3
725000 593.2
730000 611.2
735000 586.9
740000 597.8
745000 616.9
750000 604.1
755000 561.5
760000 626.5
765000 660.6
770000 670.5
775000 675.4
780000 661.0
785000 663.5
790000 688.0
795000 712.9
800000 702.7
805000 763.9
810000 688.9
815000 748.1
820000 683.4
825000 736.9
830000 717.8
835000 683.4
840000 754.9
845000 733.2
850000 733.1
855000 737.1
860000 739.9
865000 757.8
870000 756.0
875000 713.4
880000 757.6
885000 794.5
890000 738.3
895000 759.0
900000 735.7
905000 792.4
910000 779.2
915000 792.0
920000 708.0
925000 792.4
930000 774.4
935000 808.7
940000 793.1
945000 820.5
950000 788.1
955000 848.6
960000 819.6
965000 835.5
970000 816.7
975000 845.3
980000 796.8
985000 800.4
990000 784.3
995000 811.1
1000000 682.9
