5000 2.8
10000 5.1
15000 4.4
20000 5.2
25000 4.3
30000 5.4
35000 4.4
40000 6.0
45000 4.6
50000 5.7
55000 4.5
60000 7.4
65000 6.2
70000 6.7
75000 4.4
80000 5.2
85000 6.0
90000 5.8
95000 64.2
100000 115.1
105000 115.0
110000 155.4
115000 172.3
120000 191.3
125000 194.0
130000 209.1
135000 197.8
140000 155.7
145000 213.0
150000 212.7
155000 226.1
160000 220.9
165000 224.8
170000 169.7
175000 207.8
180000 255.6
185000 244.5
190000 254.9
195000 297.5
200000 305.3
205000 320.4
210000 293.0
215000 303.5
220000 332.8
225000 327.1
230000 216.2
235000 256.5
240000 275.9
245000 309.9
250000 325.9
255000 243.4
260000 227.2
265000 246.4
270000 282.0
275000 315.3
280000 348.5
285000 365.8
290000 332.4
295000 364.4
300000 380.0
305000 364.3
310000 374.5
315000 394.2
320000 380.9
325000 382.2
330000 386.3
335000 379.8
340000 369.0
345000 376.9
350000 381.9
355000 399.4
360000 378.6
365000 390.2
370000 378.4
375000 406.3
380000 386.4
385000 390.2
390000 395.8
395000 396.8
400000 400.1
405000 408.9
410000 399.4
415000 396.0
420000 402.0
425000 408.8
430000 409.9
435000 406.8
440000 407.7
445000 410.0
450000 414.8
455000 413.2
460000 420.5
465000 408.5
470000 411.9
475000 411.5
480000 406.4
485000 424.4
490000 417.9
495000 415.3
500000 426.3
505000 413.4
510000 426.7
515000 432.4
520000 421.3
525000 436.1
530000 432.3
535000 422.8
540000 436.6
545000 429.8
550000 432.0
555000 433.9
560000 438.0
565000 436.5
570000 443.9
575000 428.1
580000 433.3
585000 438.4
590000 437.7
595000 439.4
600000 441.3
605000 418.7
610000 450.9
615000 437.4
620000 452.8
625000 440.0
630000 439.0
635000 447.8
640000 443.5
645000 444.7
650000 444.7
655000 448.6
660000 443.4
665000 449.6
670000 450.5
675000 449.0
680000 449.4
685000 451.8
690000 446.6
695000 453.2
700000 461.8
705000 461.1
710000 456.7
715000 456.9
720000 463.7
725000 464.7
730000 462.6
735000 463.7
740000 466.7
745000 463.7
750000 463.7
755000 463.5
760000 467.7
765000 465.2
770000 468.2
775000 468.7
780000 470.0
785000 465.1
790000 458.6
795000 468.5
800000 468.9
805000 468.1
810000 470.3
815000 469.8
820000 468.2
825000 463.1
830000 473.7
835000 460.5
840000 471.7
845000 474.0
850000 466.6
855000 472.0
860000 463.3
865000 477.3
870000 470.2
875000 469.6
880000 482.9
885000 467.1
890000 472.2
895000 466.7
900000 473.8
905000 473.7
910000 480.4
915000 473.8
920000 468.9
925000 477.0
930000 474.8
935000 474.1
940000 490.7
945000 481.8
950000 472.9
955000 475.7
960000 477.0
965000 482.4
970000 476.8
975000 485.9
980000 489.7
985000 482.4
990000 482.6
995000 480.2
1000000 474.7
