5000 3.8
10000 7.1
15000 5.0
20000 3.5
25000 5.0
30000 5.2
35000 5.8
40000 4.9
45000 5.2
50000 6.9
55000 5.4
60000 6.3
65000 6.4
70000 7.0
75000 5.9
80000 5.9
85000 5.1
90000 5.5
95000 9.4
100000 8.1
105000 29.3
110000 116.3
115000 101.0
120000 173.9
125000 259.4
130000 237.9
135000 312.3
140000 277.2
145000 309.3
150000 358.7
155000 326.0
160000 399.7
165000 414.6
170000 243.9
175000 400.4
180000 281.5
185000 378.8
190000 334.0
195000 165.5
200000 315.8
205000 13.5
210000 241.1
215000 342.0
220000 128.3
225000 346.4
230000 254.7
235000 315.3
240000 5.0
245000 258.7
250000 297.0
255000 408.8
260000 233.0
265000 211.5
270000 294.6
275000 288.6
280000 382.7
285000 456.5
290000 391.4
295000 234.8
300000 440.8
305000 390.8
310000 242.2
315000 397.1
320000 274.0
325000 283.6
330000 410.9
335000 615.7
340000 448.7
345000 440.6
350000 314.6
355000 461.1
360000 543.6
365000 316.7
370000 474.2
375000 439.6
380000 624.6
385000 654.0
390000 350.7
395000 353.7
400000 567.7
405000 564.6
410000 637.6
415000 592.4
420000 477.7
425000 661.8
430000 63.6
435000 86.2
440000 5.8
445000 6.4
450000 4.0
455000 5.6
460000 2.6
465000 4.8
470000 5.2
475000 6.1
480000 6.2
485000 5.1
490000 4.5
495000 24.7
500000 4.5
505000 5.6
510000 4.4
515000 6.4
520000 5.4
525000 5.3
530000 4.8
535000 3.5
540000 4.0
545000 5.5
550000 3.8
555000 4.2
560000 3.5
565000 5.6
570000 7.1
575000 6.1
580000 7.3
585000 5.6
590000 3.9
595000 5.7
600000 7.2
605000 3.9
610000 4.9
615000 7.0
620000 4.2
625000 5.5
630000 5.0
635000 6.6
640000 4.2
645000 5.4
650000 5.9
655000 5.1
660000 4.7
665000 5.8
670000 6.0
675000 5.3
680000 4.7
685000 5.3
690000 5.5
695000 5.2
700000 6.5
705000 14.7
710000 17.6
715000 23.4
720000 12.3
725000 19.0
730000 24.3
735000 7.3
740000 23.2
745000 17.3
750000 141.1
755000 15.7
760000 55.5
765000 6.6
770000 31.4
775000 28.1
780000 143.1
785000 37.7
790000 85.3
795000 103.5
800000 96.5
805000 4.9
810000 7.2
815000 23.8
820000 63.4
825000 6.4
830000 7.0
835000 179.4
840000 425.7
845000 303.9
850000 363.8
855000 4.5
860000 4.8
865000 204.6
870000 119.9
875000 411.1
880000 450.9
885000 199.1
890000 509.7
895000 296.0
900000 7.2
905000 782.2
910000 579.4
915000 751.4
920000 637.9
925000 674.9
930000 685.5
935000 720.5
940000 748.4
945000 546.9
950000 713.0
955000 685.1
960000 744.8
965000 794.5
970000 6.2
975000 563.9
980000 798.9
985000 625.9
990000 766.4
995000 542.0
1000000 682.9
