5000 4.8
10000 4.3
15000 6.3
20000 4.9
25000 5.3
30000 5.8
35000 6.4
40000 3.5
45000 6.3
50000 3.5
55000 6.1
60000 6.8
65000 7.5
70000 4.0
75000 6.8
80000 5.1
85000 5.2
90000 6.5
95000 5.6
100000 5.8
105000 5.1
110000 5.9
115000 6.5
120000 5.4
125000 5.4
130000 6.0
135000 7.5
140000 6.3
145000 6.1
150000 7.2
155000 5.8
160000 7.0
165000 7.5
170000 5.0
175000 6.3
180000 6.3
185000 6.0
190000 6.3
195000 7.6
200000 6.7
205000 6.0
210000 7.6
215000 7.5
220000 5.3
225000 6.9
230000 6.8
235000 7.0
240000 6.9
245000 5.9
250000 7.0
255000 5.9
260000 6.2
265000 7.3
270000 6.7
275000 5.4
280000 6.0
285000 7.0
290000 7.3
295000 7.4
300000 7.0
305000 6.5
310000 6.8
315000 7.6
320000 6.3
325000 7.1
330000 6.6
335000 7.3
340000 6.9
345000 7.3
350000 6.5
355000 5.5
360000 6.3
365000 6.9
370000 6.5
375000 7.3
380000 5.2
385000 6.5
390000 7.4
395000 6.9
400000 7.1
405000 7.8
410000 7.9
415000 6.4
420000 7.5
425000 7.5
430000 6.4
435000 7.2
440000 8.4
445000 7.9
450000 7.5
455000 7.2
460000 7.8
465000 7.2
470000 7.5
475000 7.2
480000 7.8
485000 6.2
490000 7.1
495000 6.9
500000 6.7
505000 6.9
510000 7.3
515000 7.0
520000 6.2
525000 7.2
530000 5.8
535000 7.2
540000 5.8
545000 7.9
550000 7.3
555000 6.6
560000 7.0
565000 7.4
570000 6.9
575000 6.1
580000 7.9
585000 7.7
590000 6.5
595000 7.6
600000 7.6
605000 7.9
610000 6.9
615000 6.0
620000 8.1
625000 7.8
630000 7.1
635000 8.0
640000 7.0
645000 5.5
650000 6.8
655000 4.8
660000 6.7
665000 6.0
670000 7.3
675000 6.8
680000 7.7
685000 7.4
690000 7.1
695000 7.3
700000 6.8
705000 6.9
710000 6.4
715000 7.4
720000 7.3
725000 7.4
730000 7.7
735000 7.7
740000 7.7
745000 7.1
750000 8.4
755000 6.8
760000 7.5
765000 7.2
770000 7.2
775000 6.8
780000 7.9
785000 7.3
790000 6.0
795000 8.0
800000 8.8
805000 6.8
810000 7.8
815000 7.1
820000 8.2
825000 6.4
830000 7.8
835000 7.4
840000 8.2
845000 6.4
850000 7.3
855000 5.5
860000 7.3
865000 6.9
870000 6.8
875000 6.3
880000 8.9
885000 8.4
890000 6.8
895000 8.7
900000 6.6
905000 6.0
910000 8.1
915000 8.3
920000 6.8
925000 6.8
930000 5.3
935000 6.1
940000 7.5
945000 7.7
950000 7.7
955000 7.4
960000 7.9
965000 6.8
970000 6.8
975000 7.1
980000 7.4
985000 8.1
990000 7.8
995000 7.9
1000000 7.3
