5000 5.6
10000 3.4
15000 4.2
20000 7.5
25000 7.7
30000 3.8
35000 8.5
40000 6.3
45000 6.2
50000 4.1
55000 6.4
60000 54.9
65000 148.4
70000 182.8
75000 227.8
80000 317.9
85000 328.1
90000 323.8
95000 374.7
100000 367.9
105000 389.5
110000 409.4
115000 416.9
120000 425.8
125000 401.1
130000 425.8
135000 465.3
140000 489.7
145000 490.8
150000 466.7
155000 39.8
160000 501.8
165000 519.3
170000 480.6
175000 506.4
180000 514.4
185000 502.8
190000 525.0
195000 508.4
200000 529.2
205000 548.7
210000 539.3
215000 565.9
220000 563.1
225000 549.0
230000 571.8
235000 574.7
240000 564.4
245000 555.5
250000 585.3
255000 571.2
260000 562.7
265000 520.0
270000 582.0
275000 594.8
280000 605.4
285000 595.3
290000 601.4
295000 611.4
300000 611.6
305000 620.2
310000 604.6
315000 614.8
320000 625.7
325000 627.3
330000 600.2
335000 620.8
340000 610.3
345000 621.8
350000 611.0
355000 616.8
360000 619.2
365000 627.7
370000 617.5
375000 618.0
380000 610.3
385000 629.2
390000 624.3
395000 628.6
400000 643.5
405000 579.9
410000 638.8
415000 642.4
420000 643.7
425000 652.1
430000 655.4
435000 616.4
440000 612.1
445000 650.9
450000 666.1
455000 641.9
460000 656.5
465000 664.8
470000 680.8
475000 658.8
480000 672.4
485000 654.6
490000 675.1
495000 691.8
500000 742.5
505000 691.6
510000 701.6
515000 687.5
520000 718.5
525000 700.7
530000 699.3
535000 705.6
540000 740.1
545000 770.2
550000 740.6
555000 742.9
560000 751.8
565000 779.7
570000 703.8
575000 749.0
580000 704.8
585000 738.0
590000 747.5
595000 752.7
600000 832.6
605000 779.8
610000 838.6
615000 744.2
620000 779.7
625000 744.3
630000 807.7
635000 810.0
640000 820.4
645000 845.8
650000 838.9
655000 865.1
660000 854.7
665000 842.3
670000 788.3
675000 868.6
680000 841.6
685000 849.9
690000 856.9
695000 860.1
700000 843.8
705000 854.9
710000 860.0
715000 856.3
720000 806.0
725000 834.3
730000 865.3
735000 830.1
740000 833.2
745000 845.6
750000 831.0
755000 853.9
760000 828.1
765000 810.9
770000 840.5
775000 837.7
780000 857.5
785000 857.2
790000 868.8
795000 876.7
800000 878.8
805000 866.2
810000 862.9
815000 869.4
820000 872.9
825000 873.1
830000 868.7
835000 881.4
840000 872.5
845000 878.9
850000 875.7
855000 872.8
860000 880.9
865000 882.5
870000 871.7
875000 884.2
880000 873.9
885000 880.4
890000 865.7
895000 845.2
900000 872.1
905000 874.7
910000 870.2
915000 880.7
920000 872.5
925000 880.1
930000 875.7
935000 874.5
940000 861.0
945000 878.9
950000 845.4
955000 887.3
960000 873.1
965000 857.1
970000 815.8
975000 880.8
980000 873.6
985000 872.6
990000 834.6
995000 870.6
1000000 874.6
