5000 0.6
10000 0.8
15000 1.0
20000 1.0
25000 0.7
30000 0.8
35000 1.0
40000 0.8
45000 0.8
50000 0.6
55000 0.4
60000 0.6
65000 0.7
70000 0.6
75000 1.0
80000 0.6
85000 0.7
90000 0.7
95000 0.5
100000 0.5
105000 1.0
110000 1.4
115000 1.0
120000 1.2
125000 1.0
130000 1.3
135000 0.7
140000 0.7
145000 1.0
150000 1.1
155000 0.8
160000 0.7
165000 1.1
170000 0.9
175000 0.7
180000 1.5
185000 1.5
190000 1.2
195000 1.6
200000 2.1
205000 25.3
210000 38.5
215000 5.0
220000 0.7
225000 44.0
230000 8.3
235000 27.2
240000 4.5
245000 5.7
250000 4.7
255000 17.5
260000 41.6
265000 4.9
270000 54.2
275000 57.5
280000 12.3
285000 67.6
290000 79.7
295000 63.4
300000 1.4
305000 64.4
310000 72.8
315000 20.4
320000 59.5
325000 73.5
330000 73.7
335000 63.4
340000 18.5
345000 87.9
350000 94.3
355000 95.2
360000 22.0
365000 100.6
370000 92.4
375000 105.2
380000 96.8
385000 108.7
390000 93.6
395000 103.8
400000 98.5
405000 105.5
410000 99.5
415000 110.4
420000 110.4
425000 108.6
430000 111.5
435000 108.2
440000 108.8
445000 112.6
450000 113.1
455000 96.5
460000 109.3
465000 122.3
470000 125.4
475000 125.1
480000 117.8
485000 125.6
490000 121.5
495000 120.3
500000 104.2
505000 133.6
510000 122.9
515000 140.7
520000 127.0
525000 139.7
530000 136.2
535000 143.3
540000 138.3
545000 139.6
550000 140.2
555000 150.3
560000 153.2
565000 153.6
570000 148.4
575000 152.2
580000 154.4
585000 147.9
590000 155.3
595000 154.8
600000 155.4
605000 152.2
610000 154.4
615000 161.7
620000 160.9
625000 153.2
630000 156.7
635000 155.5
640000 151.1
645000 154.2
650000 156.8
655000 171.2
660000 157.3
665000 151.7
670000 166.0
675000 156.5
680000 168.2
685000 133.8
690000 149.3
695000 151.8
700000 171.5
705000 165.1
710000 172.7
715000 173.2
720000 186.5
725000 169.0
730000 163.0
735000 162.9
740000 162.1
745000 173.3
750000 191.6
755000 196.1
760000 165.3
765000 181.4
770000 182.8
775000 186.1
780000 169.7
785000 178.2
790000 162.9
795000 179.4
800000 178.5
805000 160.7
810000 183.1
815000 187.1
820000 192.3
825000 197.3
830000 192.0
835000 195.2
840000 197.8
845000 187.0
850000 191.8
855000 188.0
860000 194.9
865000 180.4
870000 196.6
875000 204.2
880000 205.4
885000 190.5
890000 214.7
895000 206.0
900000 213.8
905000 186.8
910000 203.8
915000 216.7
920000 207.0
925000 199.1
930000 217.4
935000 217.9
940000 215.1
945000 194.2
950000 208.1
955000 219.2
960000 222.7
965000 192.5
970000 207.6
975000 210.7
980000 227.6
985000 192.3
990000 211.2
995000 218.6
1000000 227.4
1005000 215.0
1010000 234.8
1015000 231.5
1020000 231.9
1025000 217.4
1030000 221.6
1035000 237.9
1040000 240.4
1045000 221.3
1050000 218.7
1055000 230.2
1060000 228.2
1065000 229.6
1070000 230.5
1075000 241.1
1080000 222.9
1085000 219.2
1090000 233.4
1095000 253.2
1100000 246.5
1105000 215.0
1110000 234.1
1115000 251.4
1120000 249.0
1125000 216.3
1130000 236.2
1135000 237.9
1140000 251.7
1145000 205.7
1150000 244.5
1155000 249.0
1160000 259.3
1165000 254.3
1170000 265.3
1175000 258.7
1180000 245.9
1185000 241.6
1190000 260.6
1195000 246.2
1200000 256.5
1205000 236.6
1210000 255.5
1215000 257.2
1220000 216.1
1225000 256.9
1230000 252.4
1235000 0.9
1240000 272.1
1245000 209.2
1250000 0.8
1255000 263.3
1260000 0.9
1265000 217.7
1270000 271.1
1275000 159.3
1280000 276.2
1285000 222.4
1290000 249.1
1295000 234.1
1300000 277.1
1305000 243.2
1310000 249.4
1315000 2.4
1320000 279.5
1325000 241.6
1330000 268.2
1335000 288.9
1340000 293.6
1345000 244.1
1350000 280.1
1355000 289.6
1360000 282.2
1365000 260.2
1370000 108.9
1375000 16.3
1380000 267.4
1385000 270.3
1390000 285.5
1395000 168.7
1400000 288.5
1405000 268.6
1410000 269.4
1415000 282.8
1420000 278.6
1425000 257.7
1430000 265.8
1435000 288.3
1440000 2.0
1445000 272.9
1450000 300.2
1455000 1.3
1460000 312.8
1465000 273.7
1470000 279.4
1475000 292.0
1480000 1.9
1485000 233.5
1490000 279.4
1495000 308.5
1500000 306.4
1505000 228.0
1510000 305.7
1515000 273.6
1520000 292.5
1525000 216.3
1530000 280.3
1535000 300.7
1540000 1.4
1545000 224.8
1550000 298.1
1555000 318.5
1560000 312.4
1565000 254.3
1570000 271.1
1575000 298.1
1580000 317.2
1585000 272.9
1590000 261.6
1595000 299.3
1600000 298.7
1605000 274.8
1610000 312.8
1615000 312.7
1620000 305.3
1625000 283.6
1630000 268.8
1635000 304.2
1640000 316.7
1645000 265.1
1650000 304.8
1655000 1.8
1660000 329.9
1665000 280.9
1670000 330.4
1675000 325.9
1680000 270.1
1685000 301.8
1690000 289.9
1695000 313.2
1700000 343.2
1705000 318.1
1710000 291.6
1715000 326.5
1720000 320.5
1725000 272.8
1730000 309.4
1735000 335.2
1740000 351.5
1745000 213.3
1750000 332.2
1755000 336.9
1760000 332.6
1765000 293.0
1770000 112.0
1775000 270.0
1780000 334.0
1785000 279.2
1790000 308.8
1795000 315.9
1800000 324.2
1805000 247.8
1810000 323.3
1815000 338.3
1820000 344.2
1825000 254.4
1830000 315.5
1835000 346.2
1840000 331.7
1845000 265.7
1850000 339.5
1855000 111.6
1860000 354.6
1865000 329.6
1870000 0.8
1875000 328.6
1880000 340.7
1885000 255.2
1890000 316.2
1895000 325.7
1900000 351.0
1905000 269.9
1910000 332.8
1915000 334.8
1920000 347.7
1925000 273.3
1930000 341.1
1935000 351.7
1940000 325.5
1945000 302.4
1950000 279.7
1955000 339.5
1960000 349.8
1965000 282.7
1970000 317.9
1975000 337.2
1980000 310.3
1985000 301.2
1990000 328.8
1995000 314.1
2000000 359.9
