5000 0.6
10000 0.8
15000 0.7
20000 0.8
25000 0.8
30000 0.5
35000 1.1
40000 0.6
45000 0.8
50000 0.5
55000 0.5
60000 0.6
65000 0.9
70000 0.9
75000 0.8
80000 1.0
85000 0.7
90000 0.7
95000 0.7
100000 1.0
105000 1.0
110000 0.7
115000 0.6
120000 1.4
125000 1.2
130000 0.8
135000 1.2
140000 1.7
145000 2.4
150000 1.0
155000 0.9
160000 1.2
165000 1.2
170000 0.9
175000 0.8
180000 0.6
185000 15.0
190000 10.6
195000 2.2
200000 43.7
205000 26.7
210000 30.5
215000 30.5
220000 0.8
225000 42.7
230000 53.9
235000 54.9
240000 28.9
245000 44.5
250000 58.0
255000 45.1
260000 38.2
265000 45.3
270000 39.2
275000 61.2
280000 37.3
285000 61.0
290000 60.6
295000 0.8
300000 39.0
305000 81.8
310000 64.4
315000 76.4
320000 13.0
325000 88.0
330000 95.5
335000 7.2
340000 75.4
345000 90.2
350000 90.3
355000 89.8
360000 94.0
365000 95.2
370000 87.5
375000 91.2
380000 5.9
385000 94.0
390000 96.9
395000 94.7
400000 97.8
405000 107.2
410000 103.0
415000 105.8
420000 112.0
425000 109.5
430000 107.8
435000 112.4
440000 102.6
445000 109.6
450000 113.3
455000 104.1
460000 109.8
465000 107.9
470000 113.0
475000 110.7
480000 110.2
485000 120.1
490000 124.9
495000 122.1
500000 123.9
505000 129.0
510000 122.0
515000 124.6
520000 126.0
525000 127.7
530000 133.5
535000 136.1
540000 133.1
545000 127.0
550000 133.6
555000 147.1
560000 142.2
565000 135.1
570000 142.7
575000 151.0
580000 150.6
585000 168.4
590000 172.4
595000 160.1
600000 170.5
605000 169.0
610000 184.1
615000 191.9
620000 190.2
625000 181.9
630000 197.4
635000 200.8
640000 205.5
645000 199.0
650000 205.1
655000 214.7
660000 216.6
665000 214.4
670000 199.9
675000 229.8
680000 235.0
685000 221.5
690000 236.5
695000 232.1
700000 236.0
705000 235.7
710000 247.9
715000 255.9
720000 253.4
725000 219.3
730000 230.8
735000 256.6
740000 260.7
745000 214.7
750000 230.3
755000 220.2
760000 0.8
765000 237.6
770000 265.1
775000 262.0
780000 278.7
785000 257.1
790000 260.6
795000 259.8
800000 250.3
805000 222.7
810000 260.1
815000 268.4
820000 273.9
825000 249.2
830000 247.8
835000 275.1
840000 278.5
845000 250.9
850000 246.0
855000 280.0
860000 281.7
865000 259.0
870000 286.2
875000 314.3
880000 297.7
885000 287.7
890000 269.9
895000 277.4
900000 315.3
905000 254.3
910000 280.9
915000 304.6
920000 297.9
925000 237.1
930000 300.6
935000 279.6
940000 309.9
945000 239.7
950000 298.7
955000 323.3
960000 316.5
965000 287.5
970000 288.2
975000 297.4
980000 292.2
985000 271.4
990000 301.9
995000 116.3
1000000 311.1
1005000 297.9
1010000 324.1
1015000 336.9
1020000 327.0
1025000 294.4
1030000 333.5
1035000 298.9
1040000 317.2
1045000 312.9
1050000 304.4
1055000 324.8
1060000 344.6
1065000 259.7
1070000 330.8
1075000 339.2
1080000 344.8
1085000 277.8
1090000 323.2
1095000 340.6
1100000 363.5
1105000 310.2
1110000 337.7
1115000 368.2
1120000 327.8
1125000 344.8
1130000 358.9
1135000 345.0
1140000 1.0
1145000 295.3
1150000 339.6
1155000 350.3
1160000 359.7
1165000 307.9
1170000 327.6
1175000 349.3
1180000 369.1
1185000 22.7
1190000 0.9
1195000 345.8
1200000 354.4
1205000 293.1
1210000 367.1
1215000 369.0
1220000 362.0
1225000 283.0
1230000 324.5
1235000 320.9
1240000 372.8
1245000 299.7
1250000 364.5
1255000 348.7
1260000 372.5
1265000 320.1
1270000 378.5
1275000 380.4
1280000 391.7
1285000 271.4
1290000 353.1
1295000 354.1
1300000 394.8
1305000 236.9
1310000 328.2
1315000 364.9
1320000 393.7
1325000 294.5
1330000 334.0
1335000 320.3
1340000 343.6
1345000 299.2
1350000 345.8
1355000 0.9
1360000 1.5
1365000 281.3
1370000 1.0
1375000 329.7
1380000 401.0
1385000 283.0
1390000 353.7
1395000 5.8
1400000 1.2
1405000 333.2
1410000 350.7
1415000 389.9
1420000 379.9
1425000 105.4
1430000 300.9
1435000 367.2
1440000 396.0
1445000 327.1
1450000 332.1
1455000 2.4
1460000 396.9
1465000 13.6
1470000 360.7
1475000 340.2
1480000 1.0
1485000 271.5
1490000 338.8
1495000 0.7
1500000 389.8
1505000 328.3
1510000 339.5
1515000 377.0
1520000 1.1
1525000 325.9
1530000 381.7
1535000 372.8
1540000 243.2
1545000 308.7
1550000 343.3
1555000 369.3
1560000 352.1
1565000 293.1
1570000 354.0
1575000 379.5
1580000 374.1
1585000 304.2
1590000 318.0
1595000 365.5
1600000 337.1
1605000 275.6
1610000 346.6
1615000 393.2
1620000 411.9
1625000 283.4
1630000 347.1
1635000 0.8
1640000 389.0
1645000 307.9
1650000 357.4
1655000 396.0
1660000 376.3
1665000 303.5
1670000 353.7
1675000 373.0
1680000 0.8
1685000 298.5
1690000 396.5
1695000 378.3
1700000 422.5
1705000 298.0
1710000 295.0
1715000 69.9
1720000 412.4
1725000 290.1
1730000 371.5
1735000 372.6
1740000 280.5
1745000 339.4
1750000 391.0
1755000 404.9
1760000 439.5
1765000 349.8
1770000 33.4
1775000 360.2
1780000 432.7
1785000 290.6
1790000 311.8
1795000 378.1
1800000 387.4
1805000 313.7
1810000 378.4
1815000 410.9
1820000 155.8
1825000 287.7
1830000 358.3
1835000 380.0
1840000 411.0
1845000 309.7
1850000 408.5
1855000 287.8
1860000 418.3
1865000 292.6
1870000 0.7
1875000 406.0
1880000 412.7
1885000 359.8
1890000 408.4
1895000 437.5
1900000 281.0
1905000 342.1
1910000 364.7
1915000 342.8
1920000 437.6
1925000 288.6
1930000 336.0
1935000 371.5
1940000 391.7
1945000 347.0
1950000 354.6
1955000 380.2
1960000 442.3
1965000 287.5
1970000 373.0
1975000 210.5
1980000 377.0
1985000 305.3
1990000 421.3
1995000 428.8
2000000 422.8
