5000 0.7
10000 0.9
15000 1.0
20000 0.9
25000 0.9
30000 0.7
35000 0.8
40000 0.7
45000 0.9
50000 0.7
55000 0.6
60000 0.5
65000 0.8
70000 1.6
75000 1.0
80000 1.0
85000 0.5
90000 0.6
95000 0.9
100000 1.1
105000 0.9
110000 0.7
115000 1.1
120000 1.5
125000 1.4
130000 1.2
135000 0.5
140000 1.0
145000 0.9
150000 1.7
155000 1.0
160000 1.1
165000 1.2
170000 3.3
175000 4.8
180000 3.2
185000 40.3
190000 16.0
195000 15.1
200000 0.7
205000 35.8
210000 2.8
215000 7.6
220000 37.7
225000 57.6
230000 15.5
235000 47.9
240000 40.9
245000 48.3
250000 50.6
255000 32.9
260000 50.2
265000 64.7
270000 47.8
275000 62.7
280000 63.5
285000 77.3
290000 39.6
295000 70.6
300000 67.1
305000 86.0
310000 21.1
315000 79.5
320000 85.8
325000 91.6
330000 59.9
335000 90.4
340000 0.8
345000 103.5
350000 105.5
355000 93.9
360000 106.1
365000 101.8
370000 90.6
375000 94.5
380000 98.1
385000 114.6
390000 110.7
395000 108.7
400000 114.3
405000 109.4
410000 109.6
415000 113.3
420000 114.2
425000 115.6
430000 116.5
435000 114.7
440000 121.9
445000 128.6
450000 132.5
455000 123.6
460000 128.7
465000 131.1
470000 34.0
475000 132.4
480000 130.4
485000 133.6
490000 134.5
495000 137.2
500000 137.0
505000 139.2
510000 131.0
515000 135.2
520000 137.5
525000 141.2
530000 140.8
535000 141.6
540000 148.9
545000 143.1
550000 148.9
555000 148.4
560000 149.4
565000 145.9
570000 152.8
575000 152.5
580000 153.5
585000 143.5
590000 156.8
595000 159.1
600000 161.0
605000 162.5
610000 159.4
615000 160.1
620000 161.2
625000 162.2
630000 163.0
635000 158.5
640000 165.6
645000 154.8
650000 159.2
655000 162.9
660000 165.0
665000 166.2
670000 163.9
675000 168.4
680000 173.3
685000 168.8
690000 166.4
695000 166.3
700000 169.8
705000 161.0
710000 164.2
715000 170.5
720000 167.3
725000 160.2
730000 171.5
735000 172.0
740000 174.3
745000 167.2
750000 169.5
755000 172.2
760000 174.2
765000 168.0
770000 173.9
775000 178.4
780000 175.2
785000 176.6
790000 175.2
795000 172.0
800000 176.5
805000 174.0
810000 176.4
815000 174.2
820000 179.2
825000 166.2
830000 173.0
835000 176.3
840000 181.9
845000 171.4
850000 179.1
855000 178.8
860000 184.5
865000 173.4
870000 176.9
875000 177.9
880000 184.6
885000 179.1
890000 182.5
895000 179.6
900000 175.3
905000 175.0
910000 165.1
915000 182.1
920000 183.8
925000 159.0
930000 184.8
935000 183.2
940000 181.3
945000 169.6
950000 183.9
955000 186.7
960000 189.3
965000 176.6
970000 181.1
975000 182.7
980000 188.4
985000 182.2
990000 188.1
995000 185.6
1000000 184.3
1005000 174.2
1010000 182.2
1015000 186.6
1020000 188.6
1025000 175.8
1030000 188.0
1035000 187.8
1040000 191.7
1045000 178.3
1050000 189.3
1055000 187.4
1060000 191.6
1065000 172.3
1070000 187.1
1075000 187.3
1080000 188.6
1085000 174.8
1090000 185.6
1095000 192.2
1100000 186.0
1105000 175.0
1110000 189.5
1115000 193.8
1120000 190.7
1125000 190.6
1130000 193.3
1135000 188.5
1140000 190.7
1145000 186.3
1150000 190.1
1155000 194.4
1160000 192.8
1165000 180.3
1170000 186.5
1175000 0.9
1180000 187.6
1185000 185.3
1190000 195.0
1195000 196.3
1200000 190.1
1205000 186.4
1210000 189.0
1215000 188.2
1220000 192.9
1225000 188.5
1230000 193.9
1235000 189.2
1240000 197.7
1245000 191.3
1250000 185.3
1255000 194.9
1260000 200.9
1265000 182.7
1270000 158.1
1275000 192.6
1280000 191.0
1285000 192.9
1290000 197.8
1295000 193.3
1300000 199.2
1305000 179.3
1310000 196.4
1315000 185.9
1320000 185.1
1325000 187.1
1330000 191.5
1335000 193.4
1340000 177.8
1345000 183.5
1350000 183.1
1355000 195.6
1360000 192.5
1365000 184.4
1370000 191.6
1375000 189.7
1380000 194.1
1385000 176.3
1390000 192.9
1395000 1.1
1400000 189.0
1405000 182.0
1410000 193.2
1415000 191.2
1420000 197.8
1425000 187.7
1430000 199.6
1435000 196.4
1440000 200.2
1445000 174.5
1450000 2.3
1455000 166.3
1460000 1.4
1465000 187.3
1470000 170.8
1475000 146.0
1480000 204.1
1485000 188.4
1490000 197.7
1495000 202.5
1500000 203.0
1505000 184.2
1510000 196.1
1515000 2.9
1520000 125.5
1525000 185.5
1530000 195.8
1535000 195.5
1540000 1.3
1545000 191.8
1550000 184.8
1555000 204.1
1560000 198.0
1565000 12.9
1570000 201.6
1575000 202.8
1580000 203.6
1585000 185.1
1590000 204.8
1595000 202.2
1600000 190.0
1605000 186.7
1610000 190.2
1615000 186.4
1620000 0.7
1625000 191.9
1630000 209.5
1635000 205.1
1640000 202.9
1645000 190.4
1650000 202.3
1655000 210.4
1660000 214.5
1665000 202.7
1670000 57.5
1675000 207.1
1680000 216.9
1685000 212.6
1690000 211.4
1695000 225.2
1700000 172.9
1705000 217.1
1710000 193.7
1715000 217.3
1720000 230.4
1725000 216.1
1730000 221.3
1735000 235.0
1740000 238.5
1745000 225.7
1750000 227.5
1755000 238.5
1760000 208.5
1765000 218.0
1770000 247.3
1775000 243.2
1780000 240.4
1785000 236.7
1790000 249.7
1795000 238.7
1800000 232.8
1805000 236.6
1810000 255.4
1815000 264.3
1820000 265.9
1825000 253.5
1830000 245.7
1835000 255.9
1840000 262.6
1845000 228.2
1850000 265.7
1855000 261.4
1860000 244.7
1865000 265.6
1870000 257.0
1875000 266.7
1880000 266.8
1885000 243.8
1890000 276.5
1895000 262.0
1900000 269.4
1905000 253.5
1910000 271.0
1915000 179.7
1920000 255.2
1925000 199.6
1930000 254.4
1935000 257.3
1940000 269.7
1945000 259.1
1950000 276.9
1955000 286.4
1960000 275.5
1965000 239.3
1970000 269.6
1975000 162.0
1980000 280.1
1985000 239.0
1990000 264.7
1995000 282.6
2000000 226.1
