5000 0.9
10000 0.8
15000 0.6
20000 0.8
25000 0.6
30000 0.9
35000 0.8
40000 0.9
45000 0.8
50000 0.7
55000 0.9
60000 0.7
65000 0.8
70000 0.9
75000 0.6
80000 0.8
85000 0.8
90000 0.6
95000 0.8
100000 0.6
105000 0.5
110000 0.9
115000 0.5
120000 0.5
125000 0.9
130000 0.6
135000 0.5
140000 1.0
145000 0.8
150000 1.1
155000 1.0
160000 0.8
165000 1.4
170000 0.6
175000 15.8
180000 1.2
185000 0.9
190000 10.8
195000 13.4
200000 14.2
205000 13.0
210000 29.3
215000 30.5
220000 53.3
225000 46.7
230000 70.2
235000 9.8
240000 1.1
245000 58.5
250000 73.3
255000 65.4
260000 57.3
265000 76.2
270000 52.4
275000 83.2
280000 65.9
285000 89.5
290000 92.3
295000 85.1
300000 95.9
305000 90.6
310000 97.0
315000 1.7
320000 92.0
325000 102.2
330000 109.0
335000 104.4
340000 105.9
345000 107.9
350000 110.2
355000 106.1
360000 114.9
365000 115.9
370000 119.2
375000 115.6
380000 112.9
385000 30.3
390000 47.0
395000 116.0
400000 132.6
405000 134.3
410000 126.7
415000 128.7
420000 126.9
425000 121.2
430000 125.2
435000 120.5
440000 135.3
445000 134.3
450000 130.3
455000 138.1
460000 134.6
465000 145.3
470000 145.8
475000 139.7
480000 147.8
485000 134.6
490000 145.1
495000 149.8
500000 153.3
505000 138.3
510000 145.8
515000 148.6
520000 156.2
525000 146.5
530000 147.7
535000 149.7
540000 156.5
545000 150.7
550000 150.1
555000 148.2
560000 152.8
565000 151.1
570000 153.7
575000 152.1
580000 151.3
585000 141.2
590000 164.3
595000 158.9
600000 153.8
605000 155.6
610000 155.0
615000 164.1
620000 165.8
625000 156.9
630000 138.8
635000 161.2
640000 163.2
645000 136.5
650000 160.8
655000 164.9
660000 153.8
665000 155.0
670000 166.9
675000 166.9
680000 170.9
685000 164.0
690000 175.5
695000 172.5
700000 173.9
705000 159.5
710000 162.6
715000 173.6
720000 174.3
725000 160.8
730000 169.7
735000 164.6
740000 178.7
745000 169.4
750000 175.0
755000 188.9
760000 0.9
765000 159.1
770000 183.4
775000 194.4
780000 172.0
785000 166.2
790000 177.5
795000 184.8
800000 174.1
805000 159.1
810000 189.9
815000 199.3
820000 189.9
825000 175.8
830000 205.9
835000 205.4
840000 193.0
845000 201.6
850000 194.0
855000 193.0
860000 211.9
865000 195.0
870000 207.8
875000 204.4
880000 212.9
885000 195.1
890000 214.4
895000 217.4
900000 216.3
905000 212.8
910000 213.5
915000 0.8
920000 221.5
925000 216.2
930000 151.1
935000 219.5
940000 216.7
945000 221.3
950000 228.9
955000 227.2
960000 226.6
965000 217.9
970000 206.2
975000 227.4
980000 226.3
985000 220.1
990000 222.8
995000 189.8
1000000 224.9
1005000 229.1
1010000 218.4
1015000 229.4
1020000 220.8
1025000 233.3
1030000 229.3
1035000 225.8
1040000 236.1
1045000 233.0
1050000 236.3
1055000 227.8
1060000 230.6
1065000 213.3
1070000 221.8
1075000 239.6
1080000 230.3
1085000 223.3
1090000 220.6
1095000 235.1
1100000 223.9
1105000 236.5
1110000 241.8
1115000 1.3
1120000 231.7
1125000 22.1
1130000 232.4
1135000 231.7
1140000 222.8
1145000 240.7
1150000 222.1
1155000 223.7
1160000 226.8
1165000 218.6
1170000 236.5
1175000 231.6
1180000 1.1
1185000 199.9
1190000 216.9
1195000 231.0
1200000 234.0
1205000 0.9
1210000 240.2
1215000 228.2
1220000 227.3
1225000 231.9
1230000 1.2
1235000 218.1
1240000 232.4
1245000 224.6
1250000 220.4
1255000 229.7
1260000 125.2
1265000 1.2
1270000 218.9
1275000 0.9
1280000 1.1
1285000 12.2
1290000 1.0
1295000 231.2
1300000 124.1
1305000 223.0
1310000 230.2
1315000 189.2
1320000 121.6
1325000 210.5
1330000 227.5
1335000 224.1
1340000 14.0
1345000 97.7
1350000 205.3
1355000 11.7
1360000 136.7
1365000 237.1
1370000 235.9
1375000 229.2
1380000 0.9
1385000 227.9
1390000 217.7
1395000 124.5
1400000 236.8
1405000 240.6
1410000 248.5
1415000 261.0
1420000 245.8
1425000 167.6
1430000 229.3
1435000 0.9
1440000 223.9
1445000 224.2
1450000 227.0
1455000 232.2
1460000 235.9
1465000 210.7
1470000 1.0
1475000 130.4
1480000 22.2
1485000 215.4
1490000 261.8
1495000 253.5
1500000 224.0
1505000 71.4
1510000 234.7
1515000 24.6
1520000 235.0
1525000 249.2
1530000 249.6
1535000 8.1
1540000 244.7
1545000 236.3
1550000 0.7
1555000 265.8
1560000 267.7
1565000 210.9
1570000 0.8
1575000 274.5
1580000 256.9
1585000 253.5
1590000 1.3
1595000 133.8
1600000 1.0
1605000 255.1
1610000 264.0
1615000 291.0
1620000 290.4
1625000 245.1
1630000 267.3
1635000 255.4
1640000 285.9
1645000 268.3
1650000 265.7
1655000 256.9
1660000 7.9
1665000 234.7
1670000 214.9
1675000 290.2
1680000 272.6
1685000 229.4
1690000 248.3
1695000 126.4
1700000 85.9
1705000 259.6
1710000 0.8
1715000 1.5
1720000 0.7
1725000 229.8
1730000 275.9
1735000 260.1
1740000 1.0
1745000 241.4
1750000 286.7
1755000 286.3
1760000 284.3
1765000 220.2
1770000 52.7
1775000 297.0
1780000 217.7
1785000 229.3
1790000 281.9
1795000 295.3
1800000 266.2
1805000 264.0
1810000 269.7
1815000 239.7
1820000 0.7
1825000 243.8
1830000 287.8
1835000 291.2
1840000 299.6
1845000 269.5
1850000 255.9
1855000 281.1
1860000 62.2
1865000 257.6
1870000 304.4
1875000 302.8
1880000 240.2
1885000 254.9
1890000 316.5
1895000 264.0
1900000 310.8
1905000 273.9
1910000 289.9
1915000 308.4
1920000 42.6
1925000 299.3
1930000 307.7
1935000 1.3
1940000 312.8
1945000 270.0
1950000 285.3
1955000 309.0
1960000 235.5
1965000 24.6
1970000 275.7
1975000 190.2
1980000 263.4
1985000 267.0
1990000 288.0
1995000 272.2
2000000 315.0
