5000 0.8
10000 0.9
15000 0.9
20000 0.8
25000 1.0
30000 0.5
35000 0.4
40000 0.6
45000 0.9
50000 0.4
55000 0.5
60000 0.6
65000 1.0
70000 0.6
75000 1.0
80000 0.6
85000 0.7
90000 0.5
95000 0.8
100000 0.6
105000 0.8
110000 0.6
115000 0.7
120000 1.1
125000 0.8
130000 1.2
135000 0.4
140000 0.7
145000 1.3
150000 1.0
155000 0.8
160000 0.9
165000 1.5
170000 0.9
175000 1.1
180000 1.4
185000 1.1
190000 1.4
195000 1.2
200000 4.5
205000 1.4
210000 1.5
215000 1.3
220000 1.0
225000 1.3
230000 1.7
235000 0.5
240000 2.7
245000 15.3
250000 14.4
255000 5.6
260000 1.2
265000 41.3
270000 33.2
275000 26.4
280000 46.3
285000 60.3
290000 61.9
295000 71.2
300000 38.6
305000 34.0
310000 9.6
315000 64.7
320000 82.7
325000 73.9
330000 92.5
335000 60.6
340000 78.4
345000 99.7
350000 107.1
355000 113.9
360000 25.8
365000 109.1
370000 116.3
375000 104.9
380000 119.5
385000 123.8
390000 122.6
395000 123.2
400000 123.9
405000 133.5
410000 133.8
415000 120.7
420000 124.5
425000 139.7
430000 131.3
435000 119.9
440000 137.1
445000 146.6
450000 140.9
455000 147.5
460000 151.0
465000 125.7
470000 153.1
475000 84.3
480000 153.7
485000 148.9
490000 155.3
495000 160.2
500000 157.4
505000 163.9
510000 163.8
515000 167.8
520000 166.5
525000 168.3
530000 167.7
535000 176.5
540000 176.8
545000 177.2
550000 180.4
555000 175.7
560000 180.0
565000 171.5
570000 182.8
575000 184.2
580000 183.8
585000 177.0
590000 188.4
595000 184.2
600000 188.5
605000 188.3
610000 183.7
615000 190.5
620000 195.2
625000 194.5
630000 192.8
635000 198.4
640000 211.4
645000 195.2
650000 200.7
655000 199.4
660000 200.0
665000 185.8
670000 190.4
675000 198.1
680000 200.2
685000 197.4
690000 207.3
695000 205.9
700000 206.9
705000 205.9
710000 196.0
715000 209.6
720000 204.7
725000 195.1
730000 212.4
735000 218.2
740000 211.2
745000 203.0
750000 208.1
755000 219.1
760000 212.1
765000 210.9
770000 212.3
775000 214.9
780000 213.1
785000 211.9
790000 213.1
795000 229.0
800000 228.2
805000 215.1
810000 221.3
815000 223.8
820000 224.7
825000 213.0
830000 218.1
835000 219.9
840000 206.8
845000 206.4
850000 222.8
855000 217.2
860000 221.1
865000 212.1
870000 220.5
875000 219.7
880000 197.9
885000 213.4
890000 217.6
895000 222.3
900000 225.7
905000 204.0
910000 227.4
915000 219.4
920000 228.4
925000 216.2
930000 224.8
935000 230.5
940000 220.8
945000 215.5
950000 227.7
955000 223.6
960000 233.4
965000 213.7
970000 216.0
975000 225.6
980000 224.2
985000 211.1
990000 216.8
995000 220.1
1000000 228.0
1005000 220.0
1010000 219.8
1015000 227.1
1020000 227.5
1025000 212.8
1030000 230.0
1035000 221.4
1040000 221.8
1045000 221.3
1050000 224.0
1055000 231.5
1060000 233.2
1065000 218.1
1070000 232.6
1075000 230.7
1080000 231.1
1085000 228.9
1090000 222.9
1095000 233.9
1100000 239.4
1105000 222.1
1110000 234.9
1115000 232.2
1120000 238.2
1125000 225.0
1130000 230.2
1135000 242.1
1140000 238.6
1145000 226.2
1150000 238.6
1155000 246.0
1160000 236.7
1165000 226.1
1170000 219.2
1175000 237.2
1180000 238.6
1185000 225.6
1190000 233.8
1195000 234.0
1200000 243.6
1205000 228.8
1210000 243.3
1215000 245.0
1220000 239.4
1225000 232.3
1230000 235.5
1235000 244.6
1240000 246.1
1245000 221.4
1250000 237.3
1255000 1.1
1260000 236.1
1265000 233.3
1270000 245.0
1275000 238.3
1280000 12.6
1285000 229.2
1290000 222.5
1295000 239.6
1300000 247.1
1305000 233.5
1310000 250.2
1315000 237.1
1320000 249.5
1325000 229.6
1330000 248.6
1335000 254.4
1340000 254.1
1345000 202.7
1350000 252.0
1355000 249.2
1360000 259.0
1365000 209.8
1370000 250.8
1375000 241.7
1380000 240.3
1385000 240.9
1390000 250.7
1395000 202.4
1400000 246.9
1405000 248.0
1410000 250.0
1415000 252.9
1420000 247.6
1425000 236.2
1430000 246.5
1435000 251.5
1440000 246.2
1445000 238.6
1450000 250.5
1455000 253.0
1460000 239.1
1465000 242.9
1470000 246.7
1475000 153.3
1480000 90.7
1485000 236.2
1490000 201.7
1495000 259.1
1500000 257.4
1505000 238.7
1510000 242.0
1515000 250.1
1520000 258.1
1525000 248.7
1530000 253.6
1535000 256.3
1540000 248.0
1545000 243.0
1550000 255.5
1555000 258.0
1560000 255.1
1565000 237.4
1570000 253.4
1575000 255.2
1580000 4.1
1585000 249.3
1590000 260.3
1595000 241.4
1600000 232.9
1605000 212.2
1610000 254.7
1615000 260.0
1620000 247.2
1625000 239.5
1630000 254.6
1635000 240.0
1640000 1.1
1645000 235.7
1650000 253.6
1655000 258.8
1660000 241.2
1665000 233.7
1670000 253.8
1675000 252.4
1680000 259.2
1685000 221.8
1690000 254.9
1695000 259.1
1700000 267.6
1705000 248.4
1710000 259.1
1715000 262.2
1720000 262.5
1725000 246.6
1730000 263.7
1735000 259.9
1740000 262.9
1745000 240.3
1750000 261.4
1755000 260.9
1760000 1.1
1765000 259.4
1770000 259.1
1775000 259.4
1780000 260.8
1785000 250.6
1790000 258.6
1795000 260.7
1800000 260.7
1805000 244.7
1810000 261.8
1815000 261.2
1820000 229.6
1825000 236.0
1830000 254.4
1835000 256.1
1840000 254.8
1845000 257.5
1850000 265.1
1855000 267.7
1860000 272.5
1865000 249.8
1870000 265.4
1875000 244.0
1880000 265.6
1885000 244.9
1890000 238.0
1895000 229.9
1900000 260.9
1905000 245.4
1910000 271.9
1915000 270.0
1920000 260.9
1925000 240.7
1930000 261.5
1935000 272.5
1940000 254.6
1945000 259.9
1950000 202.4
1955000 269.2
1960000 274.5
1965000 247.3
1970000 263.3
1975000 269.2
1980000 265.3
1985000 249.6
1990000 263.7
1995000 266.5
2000000 275.2
