5000 133.5
10000 153.6
15000 444.2
20000 533.8
25000 855.9
30000 785.1
35000 850.6
40000 876.7
45000 926.4
50000 850.4
55000 768.9
60000 863.0
65000 890.0
70000 862.4
75000 879.3
80000 898.6
85000 949.8
90000 941.8
95000 831.6
100000 916.3
105000 961.3
110000 970.7
115000 941.9
120000 927.5
125000 907.0
130000 912.4
135000 839.2
140000 764.8
145000 770.9
150000 936.6
155000 952.9
160000 969.4
165000 975.5
170000 969.8
175000 968.7
180000 969.4
185000 968.0
190000 952.6
195000 963.5
200000 963.3
205000 959.7
210000 980.1
215000 956.0
220000 968.5
225000 980.3
230000 970.3
235000 979.0
240000 964.5
245000 976.5
250000 987.5
255000 973.0
260000 986.1
265000 965.1
270000 971.8
275000 981.9
280000 986.6
285000 970.7
290000 975.4
295000 984.0
300000 980.3
305000 986.9
310000 987.0
315000 992.9
320000 974.7
325000 988.9
330000 982.2
335000 955.6
340000 991.2
345000 981.7
350000 986.9
355000 961.3
360000 989.9
365000 982.9
370000 984.2
375000 980.1
380000 977.6
385000 970.7
390000 980.7
395000 983.4
400000 987.0
405000 988.2
410000 981.8
415000 984.5
420000 989.4
425000 982.4
430000 990.9
435000 987.6
440000 986.8
445000 973.8
450000 984.6
455000 993.0
460000 993.7
465000 985.9
470000 974.3
475000 985.1
480000 985.8
485000 977.2
490000 988.8
495000 984.1
500000 982.9
505000 988.2
510000 988.2
515000 986.2
520000 986.3
525000 986.2
530000 988.2
535000 984.4
540000 986.2
545000 988.7
550000 977.3
555000 980.6
560000 982.8
565000 990.5
570000 982.7
575000 986.2
580000 989.1
585000 988.9
590000 988.9
595000 990.3
600000 989.4
605000 993.1
610000 985.7
615000 993.3
620000 985.9
625000 986.6
630000 954.3
635000 983.4
640000 992.4
645000 990.4
650000 991.3
655000 991.0
660000 982.3
665000 991.9
670000 988.8
675000 986.4
680000 992.2
685000 986.9
690000 990.4
695000 992.6
700000 964.3
705000 987.7
710000 985.8
715000 988.0
720000 993.5
725000 988.5
730000 984.2
735000 988.5
740000 989.1
745000 989.9
750000 985.8
755000 986.6
760000 987.6
765000 989.3
770000 994.6
775000 989.0
780000 987.7
785000 992.6
790000 991.9
795000 990.7
800000 990.8
805000 985.7
810000 988.7
815000 994.6
820000 985.2
825000 995.7
830000 991.4
835000 991.5
840000 984.5
845000 990.5
850000 990.7
855000 991.2
860000 986.0
865000 988.3
870000 984.7
875000 984.6
880000 991.4
885000 989.0
890000 987.9
895000 982.0
900000 985.0
905000 987.1
910000 988.7
915000 991.8
920000 983.8
925000 996.6
930000 982.2
935000 987.4
940000 987.0
945000 986.6
950000 983.2
955000 993.1
960000 988.4
965000 985.8
970000 990.6
975000 983.4
980000 990.5
985000 988.9
990000 988.2
995000 991.1
1000000 992.6
1005000 985.9
1010000 992.0
1015000 990.1
1020000 989.2
1025000 990.3
1030000 987.0
1035000 988.0
1040000 988.3
