5000 113.2
10000 148.9
15000 400.2
20000 557.9
25000 929.0
30000 911.8
35000 927.3
40000 922.0
45000 735.3
50000 919.7
55000 858.3
60000 743.9
65000 893.3
70000 774.0
75000 492.6
80000 901.0
85000 889.2
90000 944.6
95000 954.6
100000 942.1
105000 960.6
110000 970.2
115000 778.4
120000 893.0
125000 937.3
130000 922.2
135000 961.1
140000 977.8
145000 895.6
150000 953.0
155000 962.4
160000 951.9
165000 978.3
170000 967.9
175000 952.4
180000 976.1
185000 960.0
190000 981.0
195000 975.0
200000 635.8
205000 973.1
210000 964.7
215000 976.3
220000 964.5
225000 975.7
230000 970.2
235000 972.0
240000 981.3
245000 991.4
250000 979.4
255000 980.9
260000 977.3
265000 979.3
270000 975.5
275000 964.3
280000 976.9
285000 966.9
290000 973.7
295000 974.3
300000 976.1
305000 976.1
310000 956.9
315000 979.0
320000 976.2
325000 985.3
330000 984.6
335000 974.8
340000 982.3
345000 984.8
350000 994.2
355000 992.8
360000 985.7
365000 980.7
370000 983.4
375000 980.2
380000 987.1
385000 976.8
390000 985.4
395000 975.5
400000 990.8
405000 989.1
410000 987.6
415000 991.7
420000 987.7
425000 988.7
430000 984.3
435000 986.1
440000 983.4
445000 985.5
450000 983.3
455000 987.8
460000 981.0
465000 979.2
470000 980.2
475000 983.2
480000 982.2
485000 985.4
490000 977.4
495000 988.1
500000 992.6
505000 981.1
510000 987.3
515000 979.4
520000 987.1
525000 981.7
530000 980.7
535000 983.0
540000 989.9
545000 985.6
550000 989.0
555000 991.5
560000 971.6
565000 986.4
570000 990.0
575000 988.2
580000 987.2
585000 985.4
590000 989.9
595000 988.0
600000 985.5
605000 990.8
610000 986.8
615000 977.2
620000 983.4
625000 988.6
630000 984.2
635000 983.2
640000 986.8
645000 989.9
650000 987.2
655000 985.1
660000 991.3
665000 958.8
670000 990.7
675000 983.6
680000 992.6
685000 991.4
690000 983.8
695000 988.9
700000 984.2
705000 988.6
710000 991.5
715000 990.2
720000 987.7
725000 980.8
730000 985.5
735000 988.7
740000 986.3
745000 988.0
750000 989.2
755000 989.9
760000 980.9
765000 992.1
770000 989.1
775000 987.5
780000 985.4
785000 987.2
790000 989.7
795000 990.8
800000 991.4
805000 991.5
810000 992.1
815000 990.4
820000 985.9
825000 987.8
830000 990.9
835000 984.5
840000 990.6
845000 984.4
850000 991.9
855000 991.9
860000 992.9
865000 993.9
870000 988.6
875000 997.1
880000 987.2
885000 951.4
890000 993.1
895000 987.3
900000 986.8
905000 992.7
910000 991.4
915000 992.9
920000 987.5
925000 986.0
930000 993.5
935000 988.8
940000 990.2
945000 980.3
950000 982.3
955000 993.6
960000 979.5
965000 992.6
970000 988.5
975000 988.0
980000 966.1
985000 979.5
990000 990.5
995000 991.3
1000000 987.9
1005000 989.1
1010000 982.1
1015000 979.2
1020000 991.9
1025000 989.1
1030000 982.5
1035000 987.6
1040000 991.0
1045000 976.3
1050000 990.6
1055000 985.3
1060000 993.3
1065000 991.6
1070000 990.7
1075000 993.0
1080000 993.4
1085000 994.1
1090000 987.9
1095000 989.1
1100000 994.4
1105000 985.1
1110000 986.9
1115000 989.9
1120000 985.5
1125000 941.6
1130000 979.3
1135000 984.0
1140000 980.5
1145000 990.1
1150000 995.1
1155000 979.8
1160000 991.2
1165000 979.8
1170000 989.3
1175000 987.8
1180000 992.9
1185000 988.2
1190000 986.0
1195000 992.3
1200000 988.7
1205000 981.4
1210000 978.0
1215000 932.4
1220000 983.5
1225000 991.6
1230000 971.6
1235000 989.9
1240000 992.3
1245000 990.7
1250000 989.3
1255000 988.5
1260000 989.3
1265000 984.6
1270000 991.0
1275000 987.6
1280000 991.2
1285000 984.4
1290000 981.4
1295000 987.2
1300000 989.9
1305000 985.5
1310000 994.0
1315000 990.5
1320000 990.9
1325000 984.4
1330000 969.6
1335000 985.4
1340000 976.1
1345000 989.3
1350000 986.8
1355000 992.8
1360000 988.4
1365000 991.9
1370000 980.5
1375000 985.6
1380000 993.6
1385000 992.6
1390000 988.9
1395000 990.7
1400000 988.0
1405000 986.2
1410000 992.9
1415000 991.8
1420000 986.3
1425000 993.6
1430000 986.8
1435000 994.2
1440000 987.1
1445000 984.2
1450000 979.9
1455000 987.2
1460000 987.9
1465000 988.3
1470000 990.1
1475000 983.2
1480000 985.7
1485000 989.1
1490000 990.6
1495000 994.7
1500000 988.1
1505000 986.3
1510000 986.8
1515000 988.9
1520000 986.2
1525000 981.7
1530000 929.5
1535000 986.5
1540000 985.4
1545000 985.4
1550000 992.5
1555000 985.6
1560000 991.6
1565000 984.6
1570000 980.9
1575000 985.6
1580000 993.0
1585000 993.2
1590000 983.3
1595000 979.9
1600000 987.4
1605000 968.3
1610000 988.4
1615000 986.2
1620000 985.3
1625000 996.4
1630000 989.9
1635000 991.3
1640000 993.4
1645000 994.4
1650000 993.8
1655000 990.5
1660000 993.2
1665000 991.8
1670000 984.6
1675000 988.5
1680000 985.9
1685000 991.4
1690000 988.6
1695000 991.9
1700000 982.0
1705000 980.9
1710000 990.6
1715000 988.6
1720000 988.1
1725000 989.9
1730000 990.8
1735000 985.8
1740000 996.2
1745000 983.2
1750000 986.3
1755000 991.9
1760000 989.7
1765000 985.5
1770000 989.0
1775000 989.4
1780000 994.2
1785000 984.4
1790000 990.7
1795000 989.8
1800000 988.0
1805000 993.4
1810000 992.6
1815000 993.9
1820000 988.4
1825000 986.4
1830000 986.6
1835000 989.8
1840000 983.5
1845000 981.3
1850000 989.2
1855000 992.1
1860000 992.3
1865000 989.6
1870000 991.9
1875000 997.6
1880000 984.5
1885000 990.0
1890000 990.2
1895000 989.7
1900000 992.0
1905000 991.2
1910000 988.0
1915000 990.6
1920000 986.2
1925000 985.2
1930000 987.3
1935000 989.1
1940000 978.7
1945000 986.0
1950000 986.9
1955000 990.6
1960000 988.4
1965000 992.8
1970000 990.8
1975000 991.9
1980000 985.9
1985000 981.5
1990000 994.7
1995000 983.9
2000000 990.6
