5000 136.4
10000 162.3
15000 321.3
20000 504.4
25000 448.8
30000 645.9
35000 677.0
40000 852.8
45000 839.8
50000 879.0
55000 936.8
60000 925.5
65000 904.9
70000 876.7
75000 941.9
80000 914.6
85000 968.0
90000 969.4
95000 975.3
100000 974.0
105000 973.5
110000 968.6
115000 926.7
120000 974.4
125000 949.0
130000 964.0
135000 959.8
140000 952.2
145000 985.2
150000 967.1
155000 963.0
160000 946.2
165000 978.0
170000 968.4
175000 976.2
180000 983.6
185000 984.9
190000 977.7
195000 981.0
200000 984.8
205000 975.5
210000 980.6
215000 975.5
220000 976.7
225000 981.9
230000 982.4
235000 973.2
240000 972.8
245000 974.1
250000 983.5
255000 986.6
260000 970.5
265000 975.9
270000 972.8
275000 978.0
280000 981.6
285000 980.7
290000 987.9
295000 981.8
300000 976.5
305000 982.7
310000 987.5
315000 974.5
320000 983.8
325000 985.3
330000 986.1
335000 982.5
340000 983.3
345000 983.3
350000 983.5
355000 974.2
360000 986.3
365000 985.4
370000 974.0
375000 978.9
380000 990.7
385000 979.4
390000 980.5
395000 985.3
400000 982.3
405000 989.2
410000 982.6
415000 981.0
420000 973.3
425000 985.0
430000 994.2
435000 979.2
440000 980.1
445000 984.8
450000 989.5
455000 986.2
460000 983.7
465000 983.5
470000 986.7
475000 990.5
480000 975.9
485000 988.8
490000 986.8
495000 894.0
500000 986.7
505000 980.1
510000 979.5
515000 982.9
520000 991.8
525000 983.5
530000 980.9
535000 967.3
540000 980.2
545000 985.9
550000 991.7
555000 977.6
560000 985.2
565000 977.2
570000 992.1
575000 993.9
580000 980.9
585000 986.1
590000 984.1
595000 990.5
600000 990.7
605000 987.9
610000 989.7
615000 984.1
620000 988.8
625000 991.9
630000 986.8
635000 973.6
640000 987.8
645000 987.7
650000 990.7
655000 989.8
660000 985.4
665000 991.0
670000 990.7
675000 987.2
680000 995.8
685000 989.7
690000 990.2
695000 985.4
700000 983.9
705000 986.3
710000 986.9
715000 978.8
720000 993.4
725000 985.4
730000 986.7
735000 989.4
740000 986.9
745000 991.4
750000 985.7
755000 987.7
760000 994.4
765000 988.2
770000 991.6
775000 989.7
780000 988.3
785000 989.0
790000 980.9
795000 985.7
800000 989.5
805000 985.7
810000 987.9
815000 985.1
820000 980.7
825000 988.8
830000 989.9
835000 989.2
840000 992.9
845000 981.1
850000 989.9
855000 997.8
860000 988.4
865000 990.4
870000 985.2
875000 991.8
880000 990.5
885000 991.7
890000 992.0
895000 997.2
900000 987.8
905000 987.1
910000 979.0
915000 985.6
920000 990.5
925000 988.5
930000 993.7
935000 993.3
940000 991.5
945000 990.4
950000 990.4
955000 987.0
960000 986.3
965000 987.6
970000 990.8
975000 987.9
980000 991.4
985000 987.3
990000 993.3
995000 982.5
1000000 991.5
1005000 990.8
1010000 992.7
1015000 994.1
1020000 982.7
1025000 991.2
1030000 992.2
1035000 985.9
1040000 988.4
1045000 968.8
1050000 990.6
1055000 987.9
1060000 989.0
1065000 979.1
1070000 984.2
1075000 989.1
1080000 990.8
1085000 989.0
1090000 978.6
1095000 988.9
1100000 993.1
1105000 989.5
1110000 994.4
1115000 991.7
1120000 981.6
1125000 987.8
1130000 994.1
1135000 989.6
1140000 968.3
1145000 984.5
1150000 991.4
1155000 990.3
1160000 991.3
1165000 988.8
1170000 985.8
1175000 988.5
1180000 987.7
1185000 989.5
1190000 987.4
1195000 990.0
1200000 991.8
1205000 975.5
1210000 989.0
1215000 988.2
1220000 996.0
1225000 977.0
1230000 985.4
1235000 983.5
1240000 991.0
1245000 988.6
1250000 991.1
1255000 990.8
1260000 990.6
1265000 987.2
1270000 985.4
1275000 984.8
1280000 990.1
1285000 971.4
1290000 986.8
1295000 937.7
1300000 991.8
1305000 994.2
1310000 985.1
1315000 985.7
1320000 994.3
1325000 989.8
1330000 989.9
1335000 993.5
1340000 992.5
1345000 981.7
1350000 981.1
1355000 991.6
1360000 988.5
1365000 981.4
1370000 980.5
1375000 981.7
1380000 996.9
1385000 993.0
1390000 994.4
1395000 981.5
1400000 994.1
1405000 985.8
1410000 984.5
1415000 985.9
1420000 989.8
1425000 988.6
1430000 985.9
1435000 986.6
1440000 987.3
1445000 984.3
1450000 975.6
1455000 987.6
1460000 989.5
1465000 982.2
1470000 996.5
1475000 993.2
1480000 989.5
1485000 988.4
1490000 993.3
1495000 989.1
1500000 991.3
1505000 992.4
1510000 992.6
1515000 991.8
1520000 987.8
1525000 985.6
1530000 986.3
1535000 994.4
1540000 991.6
1545000 992.8
1550000 939.1
1555000 988.6
1560000 989.2
1565000 982.0
1570000 991.9
1575000 990.1
1580000 984.5
1585000 986.6
1590000 985.1
1595000 988.2
1600000 982.5
1605000 979.8
1610000 986.2
1615000 989.5
1620000 991.9
1625000 991.2
1630000 988.7
1635000 989.9
1640000 987.3
1645000 988.6
1650000 989.3
1655000 987.5
1660000 984.9
1665000 988.1
1670000 990.0
1675000 983.4
1680000 989.9
1685000 984.7
1690000 978.3
1695000 986.6
1700000 984.3
1705000 986.1
1710000 992.5
1715000 990.4
1720000 989.7
1725000 989.8
1730000 986.6
1735000 983.7
1740000 992.0
1745000 988.3
1750000 989.3
1755000 997.1
1760000 983.0
1765000 978.0
1770000 984.3
1775000 991.1
1780000 991.9
1785000 987.1
1790000 986.5
1795000 993.6
1800000 993.8
1805000 986.3
1810000 982.0
1815000 989.9
1820000 988.7
1825000 990.3
1830000 994.4
1835000 983.4
1840000 993.2
1845000 980.4
1850000 990.7
1855000 985.4
1860000 986.7
1865000 996.1
1870000 990.9
1875000 975.8
1880000 988.1
1885000 987.8
1890000 983.6
1895000 988.6
1900000 988.8
1905000 987.3
1910000 986.1
1915000 989.2
1920000 993.4
1925000 992.4
1930000 986.3
1935000 989.3
1940000 989.7
1945000 991.9
1950000 994.3
1955000 990.6
1960000 985.0
1965000 996.0
1970000 971.7
1975000 991.3
1980000 990.8
1985000 989.4
1990000 988.3
1995000 990.6
2000000 990.7
