5000 96.5
10000 106.9
15000 162.3
20000 447.3
25000 705.9
30000 779.0
35000 796.8
40000 847.8
45000 856.3
50000 728.2
55000 919.1
60000 934.3
65000 540.0
70000 891.4
75000 941.2
80000 882.4
85000 868.6
90000 967.6
95000 962.3
100000 959.4
105000 956.1
110000 904.2
115000 970.8
120000 942.9
125000 956.4
130000 955.1
135000 937.1
140000 952.6
145000 969.5
150000 952.1
155000 932.7
160000 948.5
165000 987.2
170000 968.2
175000 977.5
180000 967.0
185000 973.3
190000 974.4
195000 977.4
200000 970.3
205000 974.4
210000 962.3
215000 971.3
220000 984.7
225000 969.7
230000 965.4
235000 968.9
240000 964.0
245000 982.9
250000 986.5
255000 980.2
260000 988.6
265000 982.4
270000 982.3
275000 978.5
280000 981.7
285000 982.7
290000 972.1
295000 983.0
300000 983.3
305000 981.1
310000 968.2
315000 972.8
320000 979.0
325000 984.4
330000 988.6
335000 979.0
340000 985.8
345000 982.6
350000 989.8
355000 991.0
360000 989.0
365000 992.7
370000 980.0
375000 989.8
380000 978.8
385000 985.5
390000 987.2
395000 991.4
400000 988.7
405000 987.1
410000 985.7
415000 991.8
420000 991.4
425000 987.4
430000 985.8
435000 986.9
440000 993.5
445000 980.2
450000 981.8
455000 991.5
460000 993.9
465000 979.9
470000 987.9
475000 976.9
480000 974.5
485000 983.8
490000 985.2
495000 989.4
500000 989.1
505000 990.3
510000 984.4
515000 981.0
520000 987.1
525000 989.6
530000 994.9
535000 985.4
540000 987.8
545000 987.9
550000 984.0
555000 990.0
560000 989.6
565000 986.9
570000 990.9
575000 985.1
580000 989.8
585000 991.3
590000 988.4
595000 988.5
600000 992.2
605000 990.0
610000 992.2
615000 992.0
620000 985.8
625000 987.7
630000 994.9
635000 981.4
640000 987.0
645000 987.8
650000 983.8
655000 990.3
660000 990.0
665000 986.0
670000 993.3
675000 991.3
680000 986.2
685000 983.6
690000 995.7
695000 984.3
700000 984.8
705000 992.9
710000 988.1
715000 991.6
720000 990.4
725000 983.3
730000 980.8
735000 993.9
740000 989.5
745000 988.7
750000 989.6
755000 983.6
760000 984.3
765000 991.9
770000 991.2
775000 984.4
780000 982.1
785000 986.2
790000 980.7
795000 992.6
800000 982.5
805000 989.2
810000 988.4
815000 990.0
820000 978.1
825000 989.3
830000 987.6
835000 991.1
840000 981.5
845000 988.2
850000 992.6
855000 990.0
860000 984.4
865000 991.7
870000 992.9
875000 991.6
880000 991.8
885000 986.4
890000 991.3
895000 988.4
900000 990.8
905000 994.3
910000 984.0
915000 986.4
920000 987.8
925000 996.9
930000 988.3
935000 994.0
940000 991.7
945000 993.6
950000 988.3
955000 990.2
960000 985.1
965000 932.4
970000 989.7
975000 986.0
980000 987.1
985000 992.3
990000 987.2
995000 986.9
1000000 984.0
1005000 991.5
1010000 992.6
1015000 994.9
1020000 993.6
1025000 990.8
1030000 993.3
1035000 980.7
1040000 992.6
1045000 966.8
1050000 983.7
1055000 983.4
1060000 990.9
1065000 991.9
1070000 995.1
1075000 985.8
1080000 993.8
1085000 990.2
1090000 985.8
1095000 993.6
1100000 993.1
1105000 993.6
1110000 990.6
1115000 989.1
1120000 984.9
1125000 988.7
1130000 989.0
1135000 991.4
1140000 984.5
1145000 987.9
1150000 988.0
1155000 993.3
1160000 993.4
1165000 990.0
1170000 985.1
1175000 992.1
1180000 992.1
1185000 985.8
1190000 990.0
1195000 988.5
1200000 987.9
1205000 966.3
1210000 937.7
1215000 945.5
1220000 987.2
1225000 987.1
1230000 994.6
1235000 987.2
1240000 991.0
1245000 989.3
1250000 978.9
1255000 989.0
1260000 988.0
1265000 990.8
1270000 993.8
1275000 985.8
1280000 993.6
1285000 986.4
1290000 899.6
1295000 994.1
1300000 989.6
1305000 988.5
1310000 994.1
1315000 988.6
1320000 988.5
1325000 980.1
1330000 987.6
1335000 898.6
1340000 985.5
1345000 985.1
1350000 990.5
1355000 987.6
1360000 983.2
1365000 851.1
1370000 993.7
1375000 988.0
1380000 994.5
1385000 988.7
1390000 979.2
1395000 985.4
1400000 997.0
1405000 987.8
1410000 987.4
1415000 991.7
1420000 987.2
1425000 985.0
1430000 987.5
1435000 989.3
1440000 994.8
1445000 984.4
1450000 989.8
1455000 986.5
1460000 990.1
1465000 986.7
1470000 992.8
1475000 992.5
1480000 990.3
1485000 985.4
1490000 992.6
1495000 983.9
1500000 991.3
1505000 995.3
1510000 987.8
1515000 978.0
1520000 993.6
1525000 976.9
1530000 987.4
1535000 993.4
1540000 987.0
1545000 989.5
1550000 990.6
1555000 991.4
1560000 981.1
1565000 987.3
1570000 987.2
1575000 983.3
1580000 991.8
1585000 989.8
1590000 992.8
1595000 990.1
1600000 984.1
1605000 856.4
1610000 984.6
1615000 985.7
1620000 991.7
1625000 989.1
1630000 990.1
1635000 988.7
1640000 987.9
1645000 986.7
1650000 990.5
1655000 989.9
1660000 993.9
1665000 991.7
1670000 989.3
1675000 989.2
1680000 982.8
1685000 982.9
1690000 989.2
1695000 988.1
1700000 995.7
1705000 992.8
1710000 989.7
1715000 995.5
1720000 988.8
1725000 989.9
1730000 991.1
1735000 986.7
1740000 985.6
1745000 993.5
1750000 989.3
1755000 991.9
1760000 987.9
1765000 982.2
1770000 982.4
1775000 989.4
1780000 992.7
1785000 983.7
1790000 986.6
1795000 986.6
1800000 987.7
1805000 992.5
1810000 985.4
1815000 992.3
1820000 989.7
1825000 988.6
1830000 987.5
1835000 988.1
1840000 985.6
1845000 934.2
1850000 974.0
1855000 990.9
1860000 985.5
1865000 990.6
1870000 991.7
1875000 984.2
1880000 991.1
1885000 989.2
1890000 993.9
1895000 987.9
1900000 988.3
1905000 981.8
1910000 986.9
1915000 988.6
1920000 991.7
1925000 983.3
1930000 988.8
1935000 993.4
1940000 987.8
1945000 989.0
1950000 986.1
1955000 993.0
1960000 986.8
1965000 980.9
1970000 986.7
1975000 987.0
1980000 988.5
1985000 990.3
1990000 984.4
1995000 994.3
2000000 990.1
