5000 105.1
10000 144.5
15000 353.6
20000 370.5
25000 504.8
30000 785.8
35000 816.4
40000 865.9
45000 895.7
50000 912.9
55000 853.4
60000 894.4
65000 891.2
70000 920.2
75000 561.7
80000 909.5
85000 949.4
90000 926.2
95000 934.8
100000 967.4
105000 805.5
110000 910.3
115000 964.5
120000 967.5
125000 898.4
130000 941.4
135000 947.6
140000 961.2
145000 947.0
150000 960.3
155000 962.8
160000 968.3
165000 972.6
170000 926.1
175000 970.4
180000 963.3
185000 980.7
190000 910.3
195000 959.2
200000 973.5
205000 953.8
210000 951.5
215000 976.1
220000 973.4
225000 960.3
230000 859.6
235000 962.7
240000 977.0
245000 966.3
250000 981.2
255000 973.0
260000 981.6
265000 976.2
270000 989.2
275000 978.1
280000 986.8
285000 989.2
290000 890.9
295000 900.1
300000 989.2
305000 977.6
310000 989.7
315000 981.5
320000 980.6
325000 942.6
330000 991.4
335000 978.5
340000 986.3
345000 978.9
350000 982.8
355000 980.6
360000 982.9
365000 980.7
370000 992.8
375000 989.7
380000 977.6
385000 986.1
390000 991.6
395000 971.9
400000 804.6
405000 913.1
410000 984.3
415000 987.8
420000 976.3
425000 982.8
430000 984.7
435000 978.2
440000 984.1
445000 991.2
450000 975.5
455000 981.9
460000 981.2
465000 987.6
470000 985.3
475000 988.3
480000 980.9
485000 980.6
490000 987.8
495000 989.2
500000 985.9
505000 981.8
510000 980.7
515000 991.9
520000 991.6
525000 986.7
530000 990.4
535000 984.7
540000 988.2
545000 978.3
550000 984.9
555000 982.9
560000 990.8
565000 992.7
570000 985.3
575000 992.4
580000 993.5
585000 988.1
590000 989.4
595000 992.1
600000 992.3
605000 987.9
610000 984.5
615000 981.6
620000 989.4
625000 988.1
630000 987.9
635000 992.3
640000 990.5
645000 988.2
650000 993.9
655000 980.6
660000 989.5
665000 989.0
670000 991.3
675000 985.2
680000 991.5
685000 989.3
690000 983.9
695000 989.0
700000 984.7
705000 991.3
710000 987.5
715000 981.8
720000 993.2
725000 986.3
730000 990.7
735000 988.1
740000 992.0
745000 991.1
750000 989.3
755000 991.4
760000 987.8
765000 985.8
770000 990.7
775000 985.3
780000 988.1
785000 985.6
790000 991.8
795000 984.5
800000 983.2
805000 989.6
810000 990.1
815000 987.1
820000 987.5
825000 993.2
830000 989.8
835000 981.3
840000 996.2
845000 987.4
850000 982.9
855000 987.0
860000 985.6
865000 986.7
870000 991.6
875000 988.5
880000 985.8
885000 988.8
890000 987.4
895000 989.8
900000 996.1
905000 991.6
910000 991.8
915000 991.8
920000 991.6
925000 991.8
930000 983.0
935000 992.0
940000 986.8
945000 990.5
950000 989.7
955000 996.8
960000 990.0
965000 988.4
970000 992.4
975000 991.8
980000 989.6
985000 988.1
990000 987.6
995000 992.1
1000000 988.8
1005000 992.3
1010000 988.0
1015000 977.5
1020000 985.5
1025000 992.3
1030000 988.8
1035000 984.7
1040000 987.7
1045000 985.1
1050000 988.2
1055000 993.5
1060000 991.8
1065000 992.3
1070000 988.5
1075000 987.5
1080000 989.0
1085000 985.1
1090000 991.4
1095000 988.0
1100000 993.5
1105000 989.2
1110000 990.4
1115000 992.9
1120000 988.7
1125000 981.5
1130000 991.4
1135000 983.8
1140000 988.9
1145000 992.0
1150000 989.0
1155000 985.1
1160000 989.1
1165000 991.3
1170000 991.4
1175000 997.6
1180000 993.4
1185000 996.3
1190000 993.4
1195000 989.6
1200000 986.7
1205000 987.0
1210000 987.7
1215000 977.3
1220000 914.1
1225000 921.6
1230000 989.7
1235000 988.1
1240000 976.9
1245000 992.7
1250000 991.0
1255000 988.6
1260000 993.5
1265000 963.6
1270000 989.8
1275000 985.2
1280000 989.9
1285000 990.3
1290000 980.1
1295000 972.2
1300000 987.1
1305000 989.7
1310000 982.7
1315000 992.7
1320000 987.6
1325000 939.8
1330000 993.0
1335000 995.1
1340000 987.4
1345000 992.1
1350000 989.4
1355000 989.6
1360000 988.5
1365000 992.0
1370000 988.0
1375000 989.7
1380000 987.6
1385000 985.2
1390000 988.5
1395000 983.0
1400000 988.4
1405000 989.3
1410000 940.3
1415000 984.2
1420000 993.5
1425000 989.4
1430000 986.4
1435000 988.5
1440000 982.4
1445000 978.3
1450000 982.9
1455000 983.1
1460000 986.8
1465000 992.3
1470000 987.7
1475000 991.5
1480000 989.9
1485000 990.5
1490000 991.9
1495000 989.6
1500000 991.0
1505000 992.8
1510000 980.4
1515000 983.0
1520000 987.2
1525000 984.5
1530000 989.5
1535000 935.0
1540000 989.1
1545000 930.4
1550000 978.4
1555000 993.2
1560000 990.1
1565000 989.6
1570000 989.6
1575000 986.1
1580000 988.3
1585000 990.4
1590000 995.5
1595000 991.2
1600000 924.3
1605000 987.6
1610000 985.4
1615000 992.0
1620000 979.1
1625000 984.4
1630000 977.1
1635000 990.5
1640000 988.8
1645000 986.9
1650000 994.5
1655000 993.5
1660000 990.9
1665000 989.9
1670000 991.7
1675000 986.1
1680000 985.7
1685000 988.6
1690000 983.8
1695000 991.4
1700000 994.1
1705000 988.9
1710000 980.5
1715000 989.9
1720000 990.9
1725000 992.8
1730000 993.5
1735000 986.8
1740000 988.7
1745000 989.1
1750000 993.5
1755000 989.8
1760000 990.6
1765000 980.5
1770000 988.1
1775000 985.2
1780000 990.4
1785000 990.1
1790000 995.9
1795000 988.8
1800000 985.6
1805000 992.9
1810000 991.7
1815000 992.3
1820000 990.2
1825000 992.8
1830000 990.5
1835000 990.5
1840000 989.1
1845000 796.6
1850000 987.2
1855000 979.2
1860000 978.9
1865000 983.9
1870000 994.2
1875000 929.3
1880000 994.1
1885000 990.8
1890000 986.5
1895000 924.7
1900000 924.3
1905000 989.9
1910000 990.8
1915000 988.4
1920000 992.5
1925000 988.8
1930000 991.8
1935000 983.9
1940000 987.4
1945000 989.2
1950000 989.5
1955000 995.6
1960000 994.8
1965000 988.3
1970000 995.6
1975000 989.7
1980000 987.5
1985000 993.5
1990000 988.2
1995000 994.4
2000000 990.6
