5000 44.2
10000 262.5
15000 68.3
20000 63.4
25000 169.5
30000 63.2
35000 109.3
40000 54.9
45000 213.1
50000 60.7
55000 55.6
60000 138.2
65000 66.6
70000 213.0
75000 190.5
80000 19.0
85000 54.1
90000 172.0
95000 128.4
100000 145.9
105000 150.7
110000 153.1
115000 152.8
120000 158.1
125000 171.8
130000 173.1
135000 153.4
140000 165.8
145000 191.7
150000 253.3
155000 173.2
160000 190.5
165000 588.4
170000 778.7
175000 726.9
180000 870.1
185000 789.8
190000 529.0
195000 873.6
200000 935.2
205000 943.8
210000 893.5
215000 902.9
220000 927.1
225000 902.2
230000 690.2
235000 834.6
240000 891.0
245000 855.6
250000 913.9
255000 922.2
260000 895.2
265000 799.2
270000 902.1
275000 888.9
280000 774.3
285000 847.5
290000 911.0
295000 932.3
300000 897.0
305000 808.4
310000 882.3
315000 869.5
320000 872.6
325000 674.4
330000 949.3
335000 915.5
340000 887.7
345000 890.7
350000 885.8
355000 904.5
360000 856.6
365000 748.8
370000 878.9
375000 920.8
380000 920.8
385000 850.1
390000 890.3
395000 873.8
400000 897.2
405000 844.4
410000 924.9
415000 814.4
420000 922.0
425000 820.8
430000 915.9
435000 883.4
440000 904.9
445000 902.3
450000 854.3
455000 884.5
460000 896.6
465000 929.7
470000 940.4
475000 892.1
480000 916.9
485000 947.3
490000 934.7
495000 955.3
500000 946.3
505000 963.0
510000 938.7
515000 883.6
520000 927.7
525000 921.1
530000 914.5
535000 885.5
540000 928.6
545000 899.9
550000 911.1
555000 932.1
560000 926.8
565000 948.7
570000 955.6
575000 942.7
580000 942.0
585000 899.7
590000 956.1
595000 925.4
600000 970.7
605000 942.8
610000 934.4
615000 937.2
620000 941.8
625000 904.8
630000 949.5
635000 927.0
640000 931.6
645000 948.2
650000 954.2
655000 968.1
660000 945.8
665000 939.4
670000 954.5
675000 946.5
680000 955.3
685000 952.2
690000 959.3
695000 951.2
700000 935.3
705000 877.8
710000 935.2
715000 954.3
720000 895.7
725000 950.2
730000 961.1
735000 938.2
740000 941.4
745000 932.3
750000 945.1
755000 946.6
760000 949.3
765000 965.9
770000 948.8
775000 939.4
780000 953.7
785000 944.3
790000 947.9
795000 948.7
800000 904.7
805000 947.7
810000 933.7
815000 964.2
820000 948.9
825000 965.3
830000 959.4
835000 960.4
840000 950.2
845000 951.1
850000 968.1
855000 951.5
860000 949.3
865000 944.1
870000 953.4
875000 946.6
880000 958.2
885000 953.8
890000 955.4
895000 964.0
900000 956.5
905000 952.5
910000 965.2
915000 957.3
920000 941.0
925000 971.8
930000 949.0
935000 966.3
940000 953.8
945000 959.0
950000 945.3
955000 937.1
960000 879.8
965000 934.5
970000 952.1
975000 967.9
980000 965.4
985000 949.0
990000 956.2
995000 958.2
1000000 948.5
1005000 973.0
1010000 944.4
1015000 962.8
1020000 943.2
1025000 970.9
1030000 961.6
1035000 981.7
1040000 973.2
1045000 935.6
1050000 953.7
1055000 963.5
1060000 970.2
1065000 956.0
1070000 946.1
1075000 956.5
1080000 956.4
1085000 942.6
1090000 967.0
1095000 954.6
1100000 944.5
1105000 928.9
1110000 958.2
1115000 962.6
1120000 958.5
1125000 923.2
1130000 956.3
1135000 952.8
1140000 945.1
1145000 937.6
1150000 944.9
1155000 940.4
1160000 958.7
1165000 937.9
1170000 949.0
1175000 944.7
1180000 894.8
1185000 950.8
1190000 949.1
1195000 921.3
1200000 932.0
1205000 910.5
1210000 948.3
1215000 892.1
1220000 959.2
1225000 971.7
1230000 846.3
1235000 961.7
1240000 936.0
1245000 922.9
1250000 927.1
1255000 925.9
1260000 931.4
1265000 936.4
1270000 946.0
1275000 895.8
1280000 932.9
1285000 944.4
1290000 944.3
1295000 949.3
1300000 924.9
1305000 963.5
1310000 948.9
1315000 951.0
1320000 965.2
1325000 928.6
1330000 955.1
1335000 956.9
1340000 941.2
1345000 955.2
1350000 967.1
1355000 931.3
1360000 886.8
1365000 897.7
1370000 917.8
1375000 943.8
1380000 942.9
1385000 954.0
1390000 950.1
1395000 952.5
1400000 928.8
1405000 954.3
1410000 953.6
1415000 938.7
1420000 961.1
1425000 932.7
1430000 967.5
1435000 965.2
1440000 954.5
1445000 878.1
1450000 948.4
1455000 945.1
1460000 941.2
1465000 950.6
1470000 962.2
1475000 936.1
1480000 955.9
1485000 945.0
1490000 937.8
1495000 961.3
1500000 967.8
1505000 938.0
1510000 956.4
1515000 928.0
1520000 932.1
1525000 915.8
1530000 933.5
1535000 963.5
1540000 966.1
1545000 960.5
1550000 960.1
1555000 935.5
1560000 957.2
1565000 942.3
1570000 953.2
1575000 949.7
1580000 966.7
1585000 954.0
1590000 964.8
1595000 953.5
1600000 948.8
1605000 932.5
1610000 912.8
1615000 964.4
1620000 913.4
1625000 956.5
1630000 944.8
1635000 943.0
1640000 949.7
1645000 946.4
1650000 948.9
1655000 960.4
1660000 938.8
1665000 953.4
1670000 953.6
1675000 950.0
1680000 918.2
1685000 922.7
1690000 960.1
1695000 956.0
1700000 951.2
1705000 959.2
1710000 972.0
1715000 964.0
1720000 977.0
1725000 971.4
1730000 962.2
1735000 983.0
1740000 944.4
1745000 967.2
1750000 940.2
1755000 953.7
1760000 944.4
1765000 944.1
1770000 954.6
1775000 930.1
1780000 964.8
1785000 944.9
1790000 948.4
1795000 948.2
1800000 955.8
1805000 925.1
1810000 925.5
1815000 953.7
1820000 950.2
1825000 936.9
1830000 943.8
1835000 945.9
1840000 938.7
1845000 951.3
1850000 942.5
1855000 961.2
1860000 953.8
1865000 971.9
1870000 962.6
1875000 973.9
1880000 963.4
1885000 954.3
1890000 964.4
1895000 947.5
1900000 948.2
1905000 955.4
1910000 957.2
1915000 947.1
1920000 967.1
1925000 901.5
1930000 952.4
1935000 943.6
1940000 941.0
1945000 955.1
1950000 966.1
1955000 968.3
1960000 957.0
1965000 957.1
1970000 962.6
1975000 963.4
1980000 952.4
1985000 931.2
1990000 954.6
1995000 953.8
2000000 952.6
