5000 35.7
10000 103.5
15000 101.5
20000 125.6
25000 155.9
30000 119.9
35000 102.7
40000 145.4
45000 115.9
50000 6.2
55000 163.2
60000 87.2
65000 87.0
70000 289.7
75000 246.6
80000 181.0
85000 65.8
90000 137.0
95000 20.8
100000 148.9
105000 159.6
110000 181.9
115000 178.5
120000 220.3
125000 203.8
130000 211.8
135000 232.1
140000 263.5
145000 288.3
150000 247.6
155000 308.6
160000 292.6
165000 793.3
170000 594.6
175000 742.0
180000 893.0
185000 876.1
190000 912.2
195000 928.6
200000 907.2
205000 911.6
210000 887.8
215000 778.4
220000 936.1
225000 917.7
230000 896.3
235000 906.9
240000 934.6
245000 861.2
250000 925.7
255000 924.4
260000 915.1
265000 882.5
270000 932.8
275000 934.7
280000 946.0
285000 909.4
290000 890.5
295000 905.9
300000 907.3
305000 914.2
310000 863.7
315000 927.6
320000 942.9
325000 884.9
330000 948.3
335000 973.2
340000 904.5
345000 912.8
350000 867.2
355000 947.4
360000 930.9
365000 964.4
370000 925.4
375000 913.1
380000 881.7
385000 789.8
390000 901.6
395000 846.9
400000 890.3
405000 625.8
410000 953.0
415000 926.1
420000 913.8
425000 918.8
430000 878.6
435000 906.7
440000 957.1
445000 934.5
450000 892.7
455000 943.5
460000 947.1
465000 900.0
470000 913.0
475000 947.5
480000 922.3
485000 828.5
490000 930.8
495000 944.3
500000 929.4
505000 911.0
510000 949.7
515000 950.5
520000 958.2
525000 927.7
530000 926.1
535000 920.9
540000 928.8
545000 936.2
550000 941.8
555000 920.5
560000 901.7
565000 956.0
570000 953.8
575000 919.0
580000 937.3
585000 931.3
590000 962.8
595000 925.7
600000 936.7
605000 952.6
610000 933.7
615000 953.8
620000 919.2
625000 932.5
630000 959.7
635000 934.7
640000 953.2
645000 883.1
650000 956.9
655000 949.9
660000 951.0
665000 938.6
670000 966.5
675000 956.9
680000 959.1
685000 949.9
690000 962.5
695000 960.4
700000 928.8
705000 929.7
710000 914.1
715000 963.5
720000 949.2
725000 941.9
730000 948.8
735000 948.4
740000 948.2
745000 944.4
750000 958.4
755000 937.0
760000 931.6
765000 968.9
770000 828.3
775000 942.4
780000 955.8
785000 969.7
790000 970.3
795000 961.3
800000 946.9
805000 942.8
810000 938.9
815000 943.0
820000 948.5
825000 950.4
830000 947.6
835000 962.6
840000 949.6
845000 959.4
850000 908.6
855000 956.3
860000 943.4
865000 959.9
870000 972.6
875000 942.5
880000 957.7
885000 581.5
890000 954.6
895000 954.8
900000 953.5
905000 960.5
910000 946.9
915000 937.5
920000 958.7
925000 960.2
930000 943.6
935000 943.0
940000 937.8
945000 937.6
950000 932.7
955000 935.0
960000 959.2
965000 971.8
970000 937.2
975000 956.2
980000 972.2
985000 969.7
990000 958.6
995000 945.8
1000000 961.7
1005000 946.2
1010000 937.1
1015000 939.5
1020000 937.5
1025000 960.9
1030000 943.3
1035000 965.6
1040000 959.6
1045000 915.8
1050000 948.3
1055000 955.1
1060000 940.2
1065000 943.4
1070000 945.6
1075000 956.5
1080000 947.3
1085000 940.8
1090000 961.1
1095000 953.9
1100000 960.8
1105000 941.3
1110000 947.3
1115000 938.4
1120000 950.4
1125000 904.4
1130000 952.3
1135000 939.1
1140000 948.9
1145000 960.7
1150000 944.8
1155000 922.2
1160000 960.7
1165000 942.7
1170000 912.9
1175000 936.5
1180000 957.2
1185000 956.3
1190000 949.6
1195000 949.8
1200000 916.2
1205000 919.2
1210000 869.6
1215000 940.9
1220000 952.3
1225000 953.6
1230000 929.7
1235000 943.8
1240000 937.1
1245000 951.2
1250000 931.4
1255000 946.2
1260000 951.9
1265000 935.9
1270000 956.9
1275000 911.6
1280000 963.7
1285000 961.3
1290000 943.0
1295000 923.8
1300000 934.0
1305000 884.4
1310000 943.9
1315000 918.4
1320000 933.6
1325000 949.8
1330000 967.1
1335000 945.3
1340000 957.5
1345000 954.7
1350000 949.5
1355000 945.7
1360000 968.2
1365000 936.9
1370000 943.5
1375000 959.1
1380000 946.2
1385000 955.4
1390000 950.8
1395000 959.9
1400000 957.7
1405000 953.8
1410000 931.5
1415000 968.6
1420000 943.5
1425000 920.2
1430000 918.7
1435000 918.7
1440000 951.2
1445000 859.1
1450000 960.7
1455000 906.0
1460000 954.0
1465000 959.2
1470000 944.8
1475000 970.6
1480000 955.6
1485000 945.0
1490000 937.8
1495000 913.9
1500000 940.1
1505000 966.8
1510000 951.0
1515000 936.4
1520000 951.9
1525000 860.0
1530000 921.9
1535000 907.8
1540000 941.8
1545000 964.7
1550000 954.0
1555000 953.2
1560000 931.8
1565000 955.0
1570000 945.9
1575000 885.0
1580000 946.9
1585000 953.6
1590000 943.5
1595000 962.1
1600000 948.6
1605000 944.3
1610000 957.3
1615000 781.8
1620000 948.2
1625000 944.4
1630000 953.3
1635000 921.2
1640000 947.6
1645000 952.8
1650000 949.3
1655000 938.1
1660000 956.9
1665000 947.6
1670000 948.0
1675000 934.4
1680000 955.1
1685000 938.1
1690000 927.5
1695000 936.8
1700000 946.8
1705000 956.5
1710000 955.0
1715000 951.4
1720000 963.2
1725000 919.1
1730000 945.7
1735000 947.0
1740000 964.4
1745000 965.2
1750000 946.3
1755000 950.5
1760000 951.9
1765000 910.7
1770000 947.7
1775000 948.6
1780000 897.8
1785000 957.8
1790000 943.8
1795000 972.6
1800000 969.6
1805000 949.0
1810000 946.4
1815000 946.0
1820000 955.8
1825000 930.3
1830000 956.7
1835000 927.8
1840000 957.1
1845000 850.7
1850000 940.5
1855000 951.4
1860000 957.4
1865000 961.9
1870000 971.7
1875000 957.7
1880000 947.9
1885000 930.5
1890000 950.2
1895000 967.3
1900000 930.3
1905000 935.6
1910000 954.0
1915000 106.8
1920000 975.7
1925000 905.3
1930000 951.6
1935000 963.7
1940000 936.0
1945000 951.8
1950000 961.2
1955000 943.6
1960000 953.3
1965000 949.7
1970000 957.8
1975000 954.2
1980000 980.1
1985000 961.9
1990000 954.7
1995000 976.5
2000000 940.3
