5000 104.6
10000 221.6
15000 238.3
20000 158.4
25000 66.0
30000 111.5
35000 185.6
40000 116.9
45000 171.1
50000 18.4
55000 10.1
60000 263.1
65000 167.0
70000 55.4
75000 92.5
80000 161.4
85000 61.7
90000 135.3
95000 202.0
100000 239.5
105000 180.4
110000 187.4
115000 209.3
120000 270.2
125000 450.3
130000 438.0
135000 646.5
140000 621.8
145000 703.7
150000 799.3
155000 684.9
160000 751.3
165000 854.8
170000 880.8
175000 898.4
180000 938.7
185000 895.2
190000 938.0
195000 874.4
200000 925.9
205000 932.2
210000 904.6
215000 917.7
220000 832.0
225000 916.1
230000 848.2
235000 863.6
240000 948.6
245000 935.5
250000 924.3
255000 915.2
260000 962.6
265000 960.1
270000 950.0
275000 912.1
280000 932.9
285000 891.6
290000 918.7
295000 965.2
300000 906.6
305000 939.3
310000 941.6
315000 926.7
320000 937.5
325000 963.0
330000 912.7
335000 954.8
340000 957.5
345000 953.1
350000 952.2
355000 945.0
360000 923.6
365000 948.2
370000 913.7
375000 916.7
380000 948.9
385000 944.3
390000 948.9
395000 942.5
400000 952.5
405000 939.2
410000 958.5
415000 943.5
420000 947.2
425000 952.7
430000 921.8
435000 944.7
440000 953.7
445000 943.2
450000 936.3
455000 931.7
460000 943.1
465000 948.5
470000 922.2
475000 978.8
480000 944.1
485000 889.6
490000 955.7
495000 953.5
500000 914.7
505000 938.9
510000 921.6
515000 939.6
520000 949.0
525000 955.9
530000 966.5
535000 944.5
540000 958.9
545000 908.5
550000 946.9
555000 931.6
560000 960.7
565000 943.6
570000 940.1
575000 962.6
580000 955.1
585000 942.8
590000 956.5
595000 963.5
600000 960.9
605000 955.4
610000 935.8
615000 928.3
620000 945.8
625000 949.8
630000 940.0
635000 930.5
640000 956.1
645000 953.2
650000 928.3
655000 960.5
660000 964.1
665000 935.2
670000 948.8
675000 924.6
680000 959.6
685000 945.8
690000 955.3
695000 945.3
700000 943.3
705000 956.4
710000 964.9
715000 945.6
720000 962.2
725000 940.0
730000 962.8
735000 975.8
740000 965.3
745000 961.0
750000 957.9
755000 966.0
760000 968.2
765000 949.6
770000 959.0
775000 954.2
780000 945.1
785000 948.8
790000 957.3
795000 957.5
800000 958.5
805000 955.5
810000 946.9
815000 941.9
820000 953.8
825000 962.5
830000 974.5
835000 957.7
840000 957.7
845000 959.1
850000 960.3
855000 951.3
860000 934.0
865000 947.2
870000 952.6
875000 945.0
880000 945.9
885000 953.3
890000 955.5
895000 953.9
900000 950.8
905000 960.3
910000 953.1
915000 962.7
920000 969.7
925000 955.7
930000 968.9
935000 945.6
940000 950.0
945000 943.8
950000 948.0
955000 938.7
960000 946.0
965000 930.2
970000 939.3
975000 964.5
980000 962.5
985000 951.1
990000 964.2
995000 962.8
1000000 946.1
1005000 961.7
1010000 956.0
1015000 955.1
1020000 971.2
1025000 943.2
1030000 965.6
1035000 952.8
1040000 972.5
1045000 759.5
1050000 961.2
1055000 972.1
1060000 948.3
1065000 950.8
1070000 959.0
1075000 969.1
1080000 965.6
1085000 951.6
1090000 963.5
1095000 963.4
1100000 969.6
1105000 941.6
1110000 958.7
1115000 943.8
1120000 934.6
1125000 945.3
1130000 932.0
1135000 948.8
1140000 943.1
1145000 950.6
1150000 943.4
1155000 938.6
1160000 895.8
1165000 942.1
1170000 930.2
1175000 956.1
1180000 881.0
1185000 957.4
1190000 937.0
1195000 892.5
1200000 943.5
1205000 952.3
1210000 920.5
1215000 956.2
1220000 957.4
1225000 959.8
1230000 959.9
1235000 951.2
1240000 958.9
1245000 949.3
1250000 954.0
1255000 953.4
1260000 930.4
1265000 959.4
1270000 963.6
1275000 954.1
1280000 951.2
1285000 875.5
1290000 932.4
1295000 958.6
1300000 959.6
1305000 945.5
1310000 948.8
1315000 949.3
1320000 922.7
1325000 943.5
1330000 919.3
1335000 967.3
1340000 965.5
1345000 948.0
1350000 928.4
1355000 923.0
1360000 922.0
1365000 942.5
1370000 963.9
1375000 959.6
1380000 963.5
1385000 963.4
1390000 943.8
1395000 962.6
1400000 955.1
1405000 959.8
1410000 948.8
1415000 948.2
1420000 948.1
1425000 960.1
1430000 961.6
1435000 961.6
1440000 961.8
1445000 928.4
1450000 942.3
1455000 955.2
1460000 962.3
1465000 960.7
1470000 974.0
1475000 954.1
1480000 955.8
1485000 956.9
1490000 945.1
1495000 934.7
1500000 964.6
1505000 935.8
1510000 943.9
1515000 963.1
1520000 922.1
1525000 943.8
1530000 954.4
1535000 941.8
1540000 975.0
1545000 963.5
1550000 948.7
1555000 969.9
1560000 952.2
1565000 951.2
1570000 955.5
1575000 955.3
1580000 957.0
1585000 944.6
1590000 970.1
1595000 969.9
1600000 965.3
1605000 908.6
1610000 939.9
1615000 952.3
1620000 962.6
1625000 958.9
1630000 966.3
1635000 962.9
1640000 965.8
1645000 946.5
1650000 958.5
1655000 939.3
1660000 959.3
1665000 954.8
1670000 968.5
1675000 937.7
1680000 955.0
1685000 833.8
1690000 948.2
1695000 963.7
1700000 944.4
1705000 953.1
1710000 957.5
1715000 965.4
1720000 954.9
1725000 957.4
1730000 974.0
1735000 932.1
1740000 959.0
1745000 972.8
1750000 950.7
1755000 952.7
1760000 969.1
1765000 940.8
1770000 957.2
1775000 948.0
1780000 947.5
1785000 933.0
1790000 965.8
1795000 950.2
1800000 953.9
1805000 972.7
1810000 949.3
1815000 959.1
1820000 943.6
1825000 919.3
1830000 971.8
1835000 958.6
1840000 952.6
1845000 953.2
1850000 954.3
1855000 957.3
1860000 940.0
1865000 960.1
1870000 967.6
1875000 962.4
1880000 956.2
1885000 956.6
1890000 962.7
1895000 944.9
1900000 963.7
1905000 945.5
1910000 955.0
1915000 969.4
1920000 940.4
1925000 673.3
1930000 962.3
1935000 955.0
1940000 911.8
1945000 936.2
1950000 966.5
1955000 945.1
1960000 943.6
1965000 960.8
1970000 954.3
1975000 971.2
1980000 953.7
1985000 932.4
1990000 960.3
1995000 936.8
2000000 952.0
