5000 64.5
10000 10.0
15000 28.0
20000 102.1
25000 199.5
30000 138.8
35000 63.3
40000 161.8
45000 39.4
50000 163.5
55000 89.2
60000 354.9
65000 166.2
70000 173.8
75000 157.6
80000 87.4
85000 276.5
90000 175.3
95000 120.4
100000 136.1
105000 159.0
110000 135.4
115000 154.6
120000 140.4
125000 161.4
130000 174.1
135000 139.1
140000 160.6
145000 150.7
150000 150.7
155000 157.1
160000 167.4
165000 445.3
170000 422.9
175000 441.8
180000 665.8
185000 821.9
190000 737.9
195000 883.1
200000 745.8
205000 588.3
210000 870.4
215000 736.6
220000 516.5
225000 710.5
230000 614.3
235000 772.1
240000 869.4
245000 892.8
250000 890.3
255000 852.8
260000 925.4
265000 758.1
270000 655.4
275000 911.8
280000 863.9
285000 673.4
290000 886.6
295000 862.9
300000 656.1
305000 848.3
310000 869.2
315000 853.2
320000 849.8
325000 875.6
330000 864.5
335000 903.5
340000 912.7
345000 736.8
350000 899.3
355000 793.5
360000 826.5
365000 828.3
370000 837.1
375000 866.0
380000 875.7
385000 922.5
390000 895.3
395000 916.7
400000 910.8
405000 910.2
410000 892.8
415000 943.0
420000 939.7
425000 880.0
430000 896.4
435000 909.4
440000 940.1
445000 948.1
450000 889.6
455000 927.0
460000 933.1
465000 379.3
470000 828.5
475000 898.7
480000 875.4
485000 907.4
490000 928.0
495000 899.3
500000 905.0
505000 906.5
510000 922.2
515000 948.9
520000 928.4
525000 945.5
530000 934.3
535000 941.4
540000 891.5
545000 927.1
550000 917.0
555000 927.6
560000 891.5
565000 923.0
570000 911.8
575000 909.2
580000 940.2
585000 915.2
590000 908.1
595000 933.5
600000 885.9
605000 934.4
610000 911.8
615000 958.2
620000 920.4
625000 902.8
630000 912.4
635000 888.1
640000 929.8
645000 870.9
650000 894.9
655000 940.7
660000 919.9
665000 912.2
670000 918.1
675000 958.5
680000 950.1
685000 927.0
690000 294.8
695000 941.5
700000 911.8
705000 912.4
710000 348.4
715000 914.7
720000 952.2
725000 762.2
730000 926.9
735000 964.6
740000 898.6
745000 888.8
750000 933.3
755000 912.4
760000 940.3
765000 921.6
770000 901.0
775000 918.9
780000 864.6
785000 943.5
790000 896.5
795000 495.5
800000 959.5
805000 915.6
810000 937.0
815000 928.5
820000 935.3
825000 956.4
830000 647.7
835000 923.9
840000 943.3
845000 921.3
850000 942.3
855000 921.9
860000 942.7
865000 896.7
870000 903.7
875000 810.5
880000 921.5
885000 894.2
890000 924.0
895000 897.3
900000 938.0
905000 933.5
910000 958.0
915000 929.4
920000 936.6
925000 929.5
930000 895.8
935000 939.9
940000 941.6
945000 951.6
950000 927.1
955000 939.7
960000 945.3
965000 863.5
970000 936.6
975000 944.2
980000 953.7
985000 903.4
990000 938.8
995000 952.2
1000000 949.3
1005000 954.3
1010000 922.6
1015000 960.0
1020000 961.9
1025000 964.2
1030000 939.6
1035000 934.1
1040000 925.1
1045000 926.8
1050000 921.4
1055000 946.9
1060000 924.4
1065000 932.7
1070000 914.5
1075000 935.9
1080000 939.8
1085000 920.6
1090000 938.1
1095000 905.1
1100000 957.2
1105000 929.5
1110000 941.8
1115000 951.3
1120000 853.2
1125000 920.3
1130000 937.6
1135000 936.0
1140000 942.0
1145000 837.0
1150000 941.0
1155000 907.1
1160000 945.0
1165000 930.7
1170000 862.1
1175000 941.4
1180000 958.7
1185000 940.6
1190000 930.3
1195000 906.3
1200000 896.7
1205000 738.1
1210000 831.7
1215000 924.8
1220000 917.8
1225000 947.9
1230000 945.2
1235000 943.6
1240000 948.1
1245000 887.9
1250000 920.6
1255000 963.2
1260000 879.8
1265000 891.6
1270000 955.4
1275000 903.8
1280000 710.7
1285000 854.4
1290000 916.8
1295000 896.7
1300000 876.3
1305000 944.9
1310000 931.0
1315000 794.9
1320000 955.7
1325000 963.6
1330000 912.2
1335000 938.4
1340000 925.9
1345000 921.6
1350000 923.6
1355000 938.3
1360000 913.5
1365000 860.3
1370000 899.5
1375000 800.5
1380000 930.7
1385000 917.9
1390000 938.8
1395000 936.8
1400000 906.5
1405000 932.8
1410000 892.3
1415000 928.4
1420000 942.0
1425000 949.7
1430000 938.4
1435000 942.0
1440000 918.1
1445000 753.1
1450000 898.2
1455000 935.8
1460000 931.9
1465000 914.2
1470000 959.0
1475000 920.0
1480000 867.8
1485000 938.5
1490000 953.5
1495000 921.3
1500000 886.8
1505000 950.2
1510000 912.3
1515000 929.6
1520000 930.2
1525000 916.1
1530000 874.3
1535000 933.5
1540000 947.1
1545000 910.0
1550000 936.0
1555000 931.5
1560000 958.3
1565000 934.6
1570000 890.9
1575000 954.2
1580000 932.4
1585000 951.3
1590000 912.8
1595000 952.3
1600000 965.0
1605000 898.5
1610000 933.0
1615000 954.9
1620000 946.8
1625000 940.0
1630000 947.6
1635000 937.6
1640000 947.0
1645000 904.1
1650000 952.7
1655000 936.0
1660000 949.9
1665000 969.4
1670000 963.3
1675000 942.8
1680000 957.7
1685000 907.0
1690000 941.6
1695000 942.7
1700000 935.8
1705000 913.0
1710000 906.3
1715000 918.4
1720000 921.9
1725000 932.5
1730000 959.7
1735000 910.8
1740000 938.9
1745000 934.2
1750000 922.6
1755000 939.9
1760000 934.7
1765000 936.5
1770000 828.6
1775000 975.6
1780000 929.4
1785000 916.9
1790000 934.4
1795000 940.0
1800000 966.1
1805000 939.8
1810000 958.0
1815000 903.0
1820000 937.5
1825000 946.4
1830000 862.7
1835000 889.7
1840000 932.8
1845000 906.1
1850000 935.8
1855000 937.0
1860000 944.2
1865000 945.3
1870000 951.1
1875000 938.6
1880000 934.4
1885000 848.4
1890000 932.5
1895000 930.4
1900000 891.7
1905000 945.5
1910000 927.0
1915000 954.6
1920000 349.5
1925000 870.8
1930000 934.4
1935000 937.9
1940000 960.5
1945000 945.3
1950000 959.2
1955000 943.4
1960000 944.8
1965000 929.4
1970000 963.7
1975000 933.2
1980000 940.7
1985000 948.9
1990000 965.2
1995000 935.1
2000000 925.1
