5000 102.5
10000 150.5
15000 179.8
20000 111.8
25000 120.6
30000 63.9
35000 7.5
40000 109.9
45000 190.6
50000 78.3
55000 127.0
60000 202.6
65000 173.6
70000 154.4
75000 362.9
80000 81.6
85000 255.0
90000 170.7
95000 64.5
100000 252.7
105000 177.3
110000 181.9
115000 226.3
120000 246.4
125000 293.9
130000 156.4
135000 149.4
140000 307.6
145000 381.1
150000 366.7
155000 195.6
160000 380.7
165000 674.8
170000 790.3
175000 882.2
180000 849.8
185000 899.5
190000 890.8
195000 843.8
200000 832.4
205000 825.3
210000 815.1
215000 825.9
220000 857.0
225000 775.7
230000 734.0
235000 919.7
240000 778.5
245000 918.2
250000 840.9
255000 939.2
260000 913.8
265000 909.1
270000 877.9
275000 930.9
280000 952.0
285000 929.4
290000 932.3
295000 937.1
300000 931.4
305000 898.5
310000 927.3
315000 859.7
320000 898.0
325000 914.0
330000 915.3
335000 939.6
340000 923.8
345000 924.2
350000 902.0
355000 940.4
360000 938.9
365000 938.9
370000 912.3
375000 899.0
380000 908.0
385000 929.5
390000 918.0
395000 936.0
400000 910.6
405000 875.4
410000 898.0
415000 877.7
420000 801.7
425000 917.7
430000 879.2
435000 914.2
440000 938.8
445000 938.5
450000 937.3
455000 895.6
460000 917.3
465000 938.3
470000 946.0
475000 925.9
480000 846.5
485000 899.2
490000 871.3
495000 952.7
500000 938.8
505000 960.1
510000 932.9
515000 928.3
520000 952.7
525000 893.5
530000 933.4
535000 928.3
540000 950.1
545000 946.6
550000 952.0
555000 889.1
560000 942.4
565000 859.4
570000 814.5
575000 931.6
580000 933.1
585000 858.4
590000 956.6
595000 929.8
600000 905.5
605000 930.3
610000 921.1
615000 841.5
620000 876.9
625000 898.7
630000 908.1
635000 949.9
640000 888.3
645000 725.8
650000 865.5
655000 935.3
660000 856.2
665000 925.5
670000 781.9
675000 943.5
680000 922.3
685000 938.2
690000 490.3
695000 915.7
700000 927.8
705000 950.6
710000 962.6
715000 308.4
720000 926.2
725000 853.4
730000 902.4
735000 936.9
740000 949.9
745000 950.5
750000 938.9
755000 941.7
760000 929.1
765000 922.0
770000 953.7
775000 962.7
780000 942.8
785000 950.3
790000 947.2
795000 896.2
800000 966.6
805000 935.0
810000 878.1
815000 910.5
820000 950.1
825000 954.0
830000 955.1
835000 922.5
840000 948.8
845000 939.9
850000 962.2
855000 959.3
860000 923.0
865000 955.2
870000 950.9
875000 933.9
880000 938.1
885000 940.8
890000 906.5
895000 919.3
900000 925.2
905000 931.6
910000 971.9
915000 965.9
920000 956.2
925000 947.2
930000 952.5
935000 939.6
940000 942.9
945000 931.9
950000 913.0
955000 949.5
960000 935.5
965000 948.9
970000 954.0
975000 960.2
980000 951.5
985000 932.4
990000 947.9
995000 944.3
1000000 929.9
1005000 950.4
1010000 959.9
1015000 936.1
1020000 937.1
1025000 928.7
1030000 941.3
1035000 941.7
1040000 935.9
1045000 940.9
1050000 944.6
1055000 950.2
1060000 956.0
1065000 950.5
1070000 942.4
1075000 926.5
1080000 934.4
1085000 939.7
1090000 932.9
1095000 930.6
1100000 689.5
1105000 431.7
1110000 892.9
1115000 890.2
1120000 945.4
1125000 920.5
1130000 949.2
1135000 941.3
1140000 911.8
1145000 933.5
1150000 951.6
1155000 965.9
1160000 948.4
1165000 948.8
1170000 905.4
1175000 963.1
1180000 953.5
1185000 943.0
1190000 965.1
1195000 949.7
1200000 919.6
1205000 844.3
1210000 899.8
1215000 914.1
1220000 949.6
1225000 919.5
1230000 928.9
1235000 943.4
1240000 936.4
1245000 928.4
1250000 907.4
1255000 941.5
1260000 947.8
1265000 903.8
1270000 930.5
1275000 923.2
1280000 768.1
1285000 838.9
1290000 911.1
1295000 945.9
1300000 957.7
1305000 926.9
1310000 942.2
1315000 946.4
1320000 951.2
1325000 832.4
1330000 939.9
1335000 929.6
1340000 938.0
1345000 929.2
1350000 961.4
1355000 924.4
1360000 902.4
1365000 747.6
1370000 911.9
1375000 924.9
1380000 886.6
1385000 815.1
1390000 815.3
1395000 915.3
1400000 953.9
1405000 960.1
1410000 930.7
1415000 957.0
1420000 932.7
1425000 942.1
1430000 955.8
1435000 936.0
1440000 919.2
1445000 909.2
1450000 929.7
1455000 928.5
1460000 957.0
1465000 925.6
1470000 938.8
1475000 454.9
1480000 947.4
1485000 872.4
1490000 949.8
1495000 888.0
1500000 910.5
1505000 894.4
1510000 941.8
1515000 962.8
1520000 955.8
1525000 893.9
1530000 941.8
1535000 920.7
1540000 911.5
1545000 945.9
1550000 941.2
1555000 875.0
1560000 916.3
1565000 936.7
1570000 934.8
1575000 953.5
1580000 938.8
1585000 947.5
1590000 940.1
1595000 964.1
1600000 941.6
1605000 912.1
1610000 931.5
1615000 942.9
1620000 914.2
1625000 922.2
1630000 151.8
1635000 309.2
1640000 926.3
1645000 599.9
1650000 923.7
1655000 917.0
1660000 940.9
1665000 961.4
1670000 952.9
1675000 914.7
1680000 940.1
1685000 950.0
1690000 931.1
1695000 919.7
1700000 948.5
1705000 882.5
1710000 941.7
1715000 902.1
1720000 919.7
1725000 932.8
1730000 915.5
1735000 937.5
1740000 936.2
1745000 930.7
1750000 934.5
1755000 921.6
1760000 935.2
1765000 781.8
1770000 948.9
1775000 965.3
1780000 951.3
1785000 919.7
1790000 932.1
1795000 943.7
1800000 954.0
1805000 928.8
1810000 946.8
1815000 958.5
1820000 935.9
1825000 881.8
1830000 940.3
1835000 865.6
1840000 950.6
1845000 709.2
1850000 945.2
1855000 938.2
1860000 930.0
1865000 961.8
1870000 911.9
1875000 926.8
1880000 956.9
1885000 920.6
1890000 926.9
1895000 684.9
1900000 969.5
1905000 957.4
1910000 943.3
1915000 949.6
1920000 958.5
1925000 951.3
1930000 938.5
1935000 915.3
1940000 951.9
1945000 941.7
1950000 956.5
1955000 954.9
1960000 953.5
1965000 958.3
1970000 956.3
1975000 945.8
1980000 966.8
1985000 955.2
1990000 954.7
1995000 954.3
2000000 925.4
