5000 0.6
10000 0.8
15000 0.8
20000 1.1
25000 0.8
30000 0.8
35000 1.2
40000 0.9
45000 0.9
50000 0.9
55000 0.5
60000 0.9
65000 1.0
70000 0.7
75000 1.0
80000 1.0
85000 0.9
90000 1.1
95000 0.9
100000 0.7
105000 0.9
110000 1.3
115000 1.1
120000 1.1
125000 1.1
130000 1.1
135000 1.3
140000 1.6
145000 0.8
150000 2.6
155000 1.1
160000 1.1
165000 1.0
170000 1.4
175000 2.9
180000 20.6
185000 8.5
190000 41.8
195000 37.3
200000 49.0
205000 9.0
210000 59.6
215000 34.8
220000 38.3
225000 35.5
230000 35.9
235000 13.2
240000 1.9
245000 37.0
250000 49.9
255000 1.1
260000 53.4
265000 49.0
270000 54.3
275000 1.1
280000 28.0
285000 71.7
290000 68.8
295000 42.4
300000 16.7
305000 56.6
310000 45.7
315000 1.0
320000 25.4
325000 1.5
330000 58.4
335000 89.3
340000 87.1
345000 107.1
350000 88.7
355000 68.8
360000 104.0
365000 98.3
370000 107.3
375000 102.9
380000 105.6
385000 120.9
390000 126.8
395000 128.7
400000 127.7
405000 126.6
410000 123.1
415000 134.3
420000 116.5
425000 130.7
430000 132.8
435000 113.1
440000 138.2
445000 142.3
450000 140.6
455000 136.2
460000 145.9
465000 142.3
470000 142.1
475000 46.7
480000 144.7
485000 8.9
490000 122.1
495000 128.7
500000 135.2
505000 145.6
510000 150.0
515000 151.1
520000 159.5
525000 158.3
530000 150.4
535000 164.6
540000 172.9
545000 160.4
550000 162.0
555000 181.6
560000 174.9
565000 172.7
570000 177.9
575000 172.4
580000 169.5
585000 171.7
590000 167.6
595000 178.4
600000 170.8
605000 174.3
610000 189.9
615000 181.8
620000 179.2
625000 182.9
630000 180.9
635000 187.5
640000 182.8
645000 35.8
650000 119.4
655000 174.5
660000 164.1
665000 172.9
670000 191.7
675000 187.0
680000 189.2
685000 182.3
690000 188.0
695000 74.8
700000 59.0
705000 188.7
710000 171.0
715000 164.3
720000 187.6
725000 187.7
730000 197.8
735000 188.0
740000 142.2
745000 185.3
750000 166.1
755000 186.1
760000 173.9
765000 187.6
770000 1.2
775000 179.6
780000 191.2
785000 185.3
790000 1.8
795000 189.0
800000 179.0
805000 51.5
810000 105.0
815000 128.6
820000 174.8
825000 183.2
830000 169.8
835000 185.3
840000 162.6
845000 170.7
850000 166.1
855000 188.6
860000 184.4
865000 182.2
870000 191.1
875000 189.5
880000 40.6
885000 195.0
890000 188.1
895000 190.6
900000 177.7
905000 180.1
910000 193.3
915000 185.4
920000 177.9
925000 192.4
930000 189.7
935000 194.0
940000 183.3
945000 196.2
950000 191.4
955000 188.9
960000 188.4
965000 50.6
970000 119.6
975000 141.0
980000 171.7
985000 199.8
990000 178.8
995000 186.1
1000000 190.8
1005000 160.7
1010000 199.5
1015000 196.8
1020000 199.8
1025000 204.3
1030000 195.9
1035000 198.5
1040000 190.8
1045000 188.2
1050000 197.6
1055000 195.4
1060000 195.8
1065000 197.7
1070000 195.3
1075000 193.4
1080000 190.6
1085000 199.9
1090000 191.9
1095000 25.5
1100000 192.2
1105000 195.6
1110000 202.4
1115000 191.6
1120000 195.4
1125000 76.0
1130000 125.3
1135000 143.8
1140000 191.4
1145000 198.5
1150000 199.1
1155000 196.8
1160000 196.1
1165000 197.8
1170000 1.8
1175000 172.8
1180000 186.3
1185000 133.0
1190000 202.5
1195000 192.9
1200000 198.3
1205000 20.4
1210000 142.6
1215000 177.6
1220000 188.1
1225000 208.5
1230000 206.0
1235000 207.6
1240000 202.6
1245000 217.2
1250000 194.1
1255000 203.0
1260000 203.9
1265000 207.8
1270000 199.8
1275000 202.9
1280000 201.6
1285000 15.8
1290000 107.9
1295000 143.7
1300000 178.4
1305000 201.7
1310000 183.1
1315000 201.3
1320000 190.1
1325000 207.2
1330000 205.9
1335000 4.8
1340000 177.3
1345000 201.2
1350000 207.5
1355000 208.9
1360000 12.5
1365000 202.3
1370000 204.1
1375000 212.8
1380000 0.9
1385000 207.3
1390000 206.7
1395000 209.4
1400000 204.2
1405000 215.7
1410000 200.7
1415000 211.5
1420000 207.2
1425000 159.9
1430000 4.4
1435000 205.0
1440000 0.7
1445000 3.1
1450000 76.6
1455000 126.4
1460000 207.5
1465000 205.9
1470000 13.7
1475000 200.1
1480000 204.1
1485000 1.5
1490000 190.4
1495000 212.6
1500000 21.8
1505000 216.2
1510000 217.3
1515000 174.5
1520000 213.9
1525000 217.2
1530000 222.7
1535000 206.6
1540000 214.2
1545000 215.0
1550000 216.1
1555000 217.0
1560000 221.0
1565000 225.7
1570000 227.9
1575000 219.0
1580000 221.5
1585000 217.9
1590000 48.3
1595000 212.5
1600000 236.4
1605000 8.3
1610000 82.6
1615000 153.2
1620000 191.3
1625000 213.6
1630000 221.9
1635000 213.5
1640000 176.6
1645000 183.9
1650000 0.9
1655000 218.3
1660000 227.5
1665000 222.3
1670000 223.1
1675000 216.0
1680000 220.0
1685000 223.3
1690000 220.8
1695000 211.5
1700000 223.6
1705000 218.8
1710000 242.9
1715000 224.6
1720000 226.6
1725000 228.1
1730000 231.7
1735000 180.8
1740000 239.5
1745000 233.8
1750000 233.8
1755000 244.1
1760000 231.9
1765000 44.7
1770000 117.1
1775000 214.1
1780000 210.7
1785000 227.6
1790000 223.2
1795000 235.0
1800000 223.8
1805000 243.3
1810000 225.8
1815000 62.3
1820000 232.2
1825000 222.1
1830000 227.8
1835000 233.1
1840000 238.6
1845000 0.7
1850000 227.8
1855000 226.4
1860000 243.1
1865000 131.4
1870000 1.1
1875000 242.4
1880000 1.0
1885000 242.7
1890000 234.7
1895000 231.9
1900000 222.7
1905000 233.8
1910000 200.9
1915000 229.0
1920000 70.7
1925000 238.1
1930000 228.7
1935000 210.6
1940000 61.3
1945000 217.9
1950000 235.8
1955000 237.3
1960000 234.7
1965000 236.9
1970000 0.6
1975000 202.1
1980000 243.6
1985000 229.8
1990000 238.4
1995000 261.6
2000000 249.7
