5000 0.6
10000 0.9
15000 0.6
20000 1.0
25000 0.8
30000 0.4
35000 1.0
40000 0.8
45000 0.9
50000 0.6
55000 0.6
60000 0.9
65000 0.9
70000 1.2
75000 0.8
80000 1.1
85000 0.8
90000 1.0
95000 1.3
100000 1.1
105000 1.1
110000 0.8
115000 1.1
120000 0.9
125000 11.3
130000 2.8
135000 11.8
140000 0.8
145000 8.8
150000 0.9
155000 0.9
160000 1.2
165000 3.8
170000 32.3
175000 37.8
180000 47.8
185000 0.8
190000 58.6
195000 41.4
200000 54.8
205000 37.3
210000 60.6
215000 39.1
220000 6.4
225000 47.2
230000 59.0
235000 77.0
240000 68.5
245000 18.4
250000 70.1
255000 66.3
260000 73.0
265000 75.0
270000 66.1
275000 11.8
280000 78.3
285000 74.0
290000 73.4
295000 68.2
300000 84.8
305000 80.5
310000 4.4
315000 82.6
320000 84.7
325000 38.1
330000 94.4
335000 98.6
340000 94.2
345000 102.3
350000 104.7
355000 99.7
360000 106.7
365000 108.0
370000 107.2
375000 104.0
380000 110.9
385000 109.2
390000 108.5
395000 100.0
400000 110.3
405000 107.1
410000 113.9
415000 111.0
420000 114.5
425000 114.7
430000 115.1
435000 117.6
440000 118.3
445000 116.9
450000 112.5
455000 116.3
460000 114.8
465000 119.8
470000 107.2
475000 114.6
480000 107.2
485000 36.7
490000 103.3
495000 107.0
500000 123.0
505000 128.9
510000 128.8
515000 131.4
520000 131.2
525000 133.2
530000 132.1
535000 134.5
540000 134.1
545000 138.7
550000 136.5
555000 137.2
560000 137.2
565000 141.8
570000 140.1
575000 136.2
580000 138.7
585000 138.5
590000 145.9
595000 137.6
600000 145.5
605000 144.8
610000 142.0
615000 141.7
620000 142.3
625000 142.6
630000 142.0
635000 145.0
640000 142.2
645000 33.2
650000 123.2
655000 136.8
660000 138.1
665000 146.2
670000 142.6
675000 144.3
680000 147.9
685000 146.0
690000 147.9
695000 152.6
700000 152.2
705000 151.3
710000 149.6
715000 156.2
720000 156.5
725000 154.1
730000 152.9
735000 154.5
740000 156.2
745000 153.7
750000 154.2
755000 160.4
760000 154.1
765000 158.8
770000 159.4
775000 155.7
780000 159.7
785000 158.8
790000 161.7
795000 158.5
800000 159.1
805000 22.8
810000 124.2
815000 145.9
820000 151.3
825000 150.3
830000 163.9
835000 156.6
840000 159.5
845000 158.8
850000 162.6
855000 162.9
860000 164.7
865000 163.4
870000 164.2
875000 165.6
880000 163.6
885000 164.2
890000 165.2
895000 164.0
900000 164.0
905000 166.5
910000 161.8
915000 165.7
920000 169.0
925000 162.1
930000 162.7
935000 167.3
940000 169.3
945000 164.0
950000 171.9
955000 164.9
960000 168.4
965000 47.2
970000 120.1
975000 152.1
980000 158.8
985000 163.5
990000 162.0
995000 160.7
1000000 166.2
1005000 168.4
1010000 163.8
1015000 171.0
1020000 171.2
1025000 167.6
1030000 168.1
1035000 169.6
1040000 170.0
1045000 170.4
1050000 171.8
1055000 171.5
1060000 174.5
1065000 172.9
1070000 173.5
1075000 176.1
1080000 174.7
1085000 177.1
1090000 171.6
1095000 175.2
1100000 175.9
1105000 176.3
1110000 176.0
1115000 178.7
1120000 175.3
1125000 6.2
1130000 117.2
1135000 152.8
1140000 145.8
1145000 148.6
1150000 169.6
1155000 168.9
1160000 173.9
1165000 170.9
1170000 174.2
1175000 172.2
1180000 170.7
1185000 173.1
1190000 179.2
1195000 177.8
1200000 174.4
1205000 180.3
1210000 180.0
1215000 179.2
1220000 177.3
1225000 178.6
1230000 177.6
1235000 182.1
1240000 181.7
1245000 183.3
1250000 182.0
1255000 178.5
1260000 180.4
1265000 180.0
1270000 179.3
1275000 183.1
1280000 188.6
1285000 1.0
1290000 105.6
1295000 138.1
1300000 156.1
1305000 168.9
1310000 171.1
1315000 172.6
1320000 173.1
1325000 175.0
1330000 182.7
1335000 177.8
1340000 177.0
1345000 164.1
1350000 180.8
1355000 181.6
1360000 184.6
1365000 181.5
1370000 184.7
1375000 168.2
1380000 185.0
1385000 186.5
1390000 188.5
1395000 181.0
1400000 188.9
1405000 184.9
1410000 183.9
1415000 188.5
1420000 189.1
1425000 157.4
1430000 182.6
1435000 184.3
1440000 188.5
1445000 1.6
1450000 114.1
1455000 142.6
1460000 165.1
1465000 167.8
1470000 173.8
1475000 171.7
1480000 183.3
1485000 179.5
1490000 182.8
1495000 184.8
1500000 170.0
1505000 194.1
1510000 187.9
1515000 187.1
1520000 190.6
1525000 188.1
1530000 169.6
1535000 163.8
1540000 174.4
1545000 42.2
1550000 96.1
1555000 183.0
1560000 189.9
1565000 197.9
1570000 192.3
1575000 195.9
1580000 193.8
1585000 192.6
1590000 195.3
1595000 197.2
1600000 195.7
1605000 23.5
1610000 129.2
1615000 137.7
1620000 152.7
1625000 180.9
1630000 179.8
1635000 181.1
1640000 182.4
1645000 188.6
1650000 191.2
1655000 193.8
1660000 196.4
1665000 188.5
1670000 192.3
1675000 193.4
1680000 192.2
1685000 195.3
1690000 198.0
1695000 197.2
1700000 193.3
1705000 198.6
1710000 197.5
1715000 198.2
1720000 198.4
1725000 200.4
1730000 200.2
1735000 201.1
1740000 203.2
1745000 65.0
1750000 194.7
1755000 200.4
1760000 202.9
1765000 5.1
1770000 81.5
1775000 145.3
1780000 167.0
1785000 162.9
1790000 167.4
1795000 179.5
1800000 183.7
1805000 196.0
1810000 184.9
1815000 199.6
1820000 192.6
1825000 196.9
1830000 195.1
1835000 193.1
1840000 199.4
1845000 202.0
1850000 198.5
1855000 198.8
1860000 178.7
1865000 200.5
1870000 1.5
1875000 195.6
1880000 199.8
1885000 201.6
1890000 201.0
1895000 203.0
1900000 206.1
1905000 200.0
1910000 197.5
1915000 203.7
1920000 202.9
1925000 201.2
1930000 203.7
1935000 205.0
1940000 0.9
1945000 1.1
1950000 187.0
1955000 200.8
1960000 198.9
1965000 193.7
1970000 203.4
1975000 202.2
1980000 200.1
1985000 203.0
1990000 206.9
1995000 199.9
2000000 205.3
