5000 0.7
10000 0.9
15000 0.9
20000 0.9
25000 0.8
30000 0.6
35000 0.8
40000 0.8
45000 1.0
50000 1.3
55000 0.7
60000 0.5
65000 0.8
70000 0.8
75000 0.7
80000 1.3
85000 1.1
90000 1.2
95000 0.9
100000 0.9
105000 1.0
110000 1.3
115000 1.2
120000 1.3
125000 1.5
130000 1.3
135000 0.8
140000 1.1
145000 1.3
150000 7.5
155000 0.8
160000 2.6
165000 0.8
170000 3.6
175000 12.9
180000 23.2
185000 21.1
190000 29.9
195000 36.6
200000 27.7
205000 38.5
210000 12.8
215000 43.9
220000 29.0
225000 40.7
230000 47.5
235000 42.2
240000 26.4
245000 52.0
250000 41.1
255000 48.5
260000 51.4
265000 48.0
270000 3.0
275000 37.0
280000 61.1
285000 45.1
290000 61.7
295000 55.9
300000 58.7
305000 0.9
310000 65.8
315000 63.1
320000 60.2
325000 14.7
330000 69.8
335000 79.5
340000 76.3
345000 80.4
350000 81.3
355000 87.3
360000 85.8
365000 81.7
370000 80.2
375000 29.0
380000 78.6
385000 85.0
390000 84.0
395000 6.8
400000 91.8
405000 90.6
410000 89.4
415000 80.3
420000 92.6
425000 94.0
430000 89.8
435000 98.9
440000 94.3
445000 95.0
450000 95.5
455000 98.9
460000 100.3
465000 98.6
470000 96.0
475000 101.9
480000 88.1
485000 30.3
490000 97.1
495000 110.4
500000 110.4
505000 107.8
510000 105.5
515000 109.1
520000 114.2
525000 109.8
530000 110.6
535000 115.9
540000 114.8
545000 116.8
550000 115.8
555000 119.5
560000 121.0
565000 119.1
570000 120.8
575000 122.9
580000 115.6
585000 120.5
590000 117.0
595000 125.6
600000 126.4
605000 125.4
610000 123.3
615000 128.8
620000 120.5
625000 130.5
630000 126.9
635000 126.3
640000 125.7
645000 32.2
650000 100.8
655000 122.1
660000 125.9
665000 124.8
670000 139.3
675000 138.8
680000 141.8
685000 144.6
690000 143.9
695000 146.2
700000 143.4
705000 150.6
710000 144.9
715000 150.6
720000 162.5
725000 149.7
730000 154.3
735000 156.2
740000 164.4
745000 164.9
750000 166.5
755000 161.7
760000 178.2
765000 178.4
770000 182.9
775000 179.8
780000 166.7
785000 169.2
790000 175.7
795000 176.3
800000 181.6
805000 6.2
810000 126.1
815000 172.2
820000 180.5
825000 173.7
830000 184.9
835000 189.2
840000 182.9
845000 184.8
850000 200.3
855000 185.5
860000 210.5
865000 200.1
870000 206.3
875000 213.3
880000 210.2
885000 213.4
890000 224.3
895000 212.2
900000 223.3
905000 219.1
910000 0.9
915000 221.0
920000 233.7
925000 226.5
930000 227.4
935000 226.6
940000 233.2
945000 243.0
950000 222.6
955000 247.1
960000 238.2
965000 25.3
970000 128.8
975000 177.9
980000 177.0
985000 197.7
990000 216.0
995000 209.5
1000000 228.1
1005000 233.5
1010000 232.9
1015000 232.0
1020000 236.2
1025000 246.8
1030000 233.4
1035000 240.0
1040000 241.1
1045000 242.6
1050000 246.4
1055000 245.8
1060000 241.3
1065000 258.9
1070000 246.0
1075000 255.8
1080000 255.6
1085000 248.6
1090000 264.3
1095000 248.1
1100000 254.4
1105000 260.5
1110000 246.8
1115000 229.5
1120000 261.1
1125000 34.0
1130000 185.1
1135000 223.3
1140000 218.8
1145000 253.7
1150000 230.7
1155000 247.9
1160000 268.4
1165000 264.7
1170000 258.8
1175000 263.7
1180000 284.0
1185000 263.5
1190000 280.0
1195000 259.3
1200000 273.0
1205000 267.4
1210000 276.5
1215000 276.1
1220000 268.6
1225000 274.4
1230000 276.9
1235000 281.7
1240000 281.6
1245000 276.0
1250000 285.7
1255000 270.9
1260000 242.4
1265000 1.2
1270000 270.1
1275000 287.4
1280000 280.3
1285000 14.4
1290000 122.3
1295000 171.6
1300000 262.1
1305000 242.2
1310000 280.2
1315000 276.4
1320000 291.3
1325000 224.3
1330000 224.3
1335000 293.7
1340000 275.0
1345000 241.5
1350000 248.5
1355000 286.4
1360000 261.1
1365000 296.5
1370000 290.6
1375000 299.1
1380000 298.2
1385000 266.7
1390000 296.6
1395000 306.9
1400000 298.8
1405000 293.1
1410000 294.0
1415000 305.3
1420000 308.8
1425000 280.5
1430000 292.0
1435000 299.6
1440000 292.1
1445000 2.8
1450000 72.6
1455000 124.7
1460000 143.4
1465000 268.2
1470000 248.3
1475000 0.7
1480000 291.0
1485000 296.0
1490000 308.3
1495000 300.8
1500000 313.5
1505000 318.7
1510000 294.8
1515000 320.8
1520000 0.8
1525000 319.4
1530000 318.9
1535000 274.6
1540000 325.4
1545000 306.7
1550000 333.5
1555000 299.9
1560000 322.6
1565000 327.7
1570000 337.6
1575000 167.3
1580000 334.4
1585000 324.2
1590000 192.5
1595000 332.0
1600000 327.4
1605000 2.5
1610000 91.1
1615000 150.0
1620000 204.1
1625000 226.2
1630000 240.5
1635000 242.0
1640000 299.3
1645000 294.0
1650000 332.7
1655000 297.4
1660000 1.1
1665000 325.6
1670000 329.6
1675000 329.6
1680000 331.7
1685000 318.9
1690000 0.7
1695000 325.2
1700000 332.4
1705000 344.4
1710000 350.3
1715000 338.7
1720000 337.7
1725000 362.7
1730000 341.9
1735000 358.7
1740000 354.2
1745000 345.1
1750000 344.1
1755000 350.3
1760000 334.4
1765000 1.9
1770000 80.5
1775000 153.9
1780000 201.9
1785000 199.6
1790000 251.5
1795000 302.0
1800000 316.6
1805000 297.3
1810000 303.5
1815000 312.7
1820000 307.5
1825000 344.1
1830000 322.7
1835000 306.1
1840000 349.0
1845000 343.6
1850000 351.0
1855000 342.0
1860000 359.8
1865000 348.9
1870000 0.8
1875000 323.0
1880000 350.7
1885000 268.8
1890000 348.5
1895000 352.9
1900000 344.4
1905000 372.7
1910000 359.9
1915000 344.4
1920000 330.3
1925000 366.3
1930000 312.2
1935000 246.3
1940000 352.5
1945000 355.0
1950000 359.0
1955000 361.6
1960000 328.2
1965000 137.0
1970000 360.8
1975000 209.3
1980000 340.6
1985000 292.7
1990000 377.3
1995000 298.8
2000000 375.5
