5000 0.9
10000 0.7
15000 0.7
20000 0.8
25000 0.7
30000 0.9
35000 1.0
40000 0.9
45000 1.1
50000 0.7
55000 0.9
60000 1.3
65000 0.8
70000 0.7
75000 0.7
80000 0.7
85000 1.0
90000 1.3
95000 1.2
100000 1.2
105000 1.0
110000 1.2
115000 0.9
120000 1.0
125000 1.2
130000 1.3
135000 1.7
140000 1.9
145000 0.8
150000 3.8
155000 1.5
160000 1.7
165000 1.2
170000 3.8
175000 20.0
180000 43.9
185000 25.0
190000 10.9
195000 30.1
200000 41.1
205000 44.3
210000 32.3
215000 2.0
220000 55.2
225000 3.9
230000 51.6
235000 29.5
240000 31.4
245000 45.5
250000 7.2
255000 1.6
260000 57.3
265000 4.6
270000 5.8
275000 59.4
280000 10.5
285000 76.9
290000 13.2
295000 64.9
300000 70.2
305000 61.2
310000 63.0
315000 1.6
320000 41.2
325000 8.1
330000 60.1
335000 75.0
340000 83.5
345000 79.6
350000 97.5
355000 100.2
360000 91.1
365000 97.2
370000 100.3
375000 105.8
380000 103.5
385000 97.6
390000 105.8
395000 102.1
400000 112.9
405000 102.8
410000 104.2
415000 99.0
420000 111.8
425000 103.2
430000 111.2
435000 110.4
440000 95.4
445000 104.6
450000 116.3
455000 118.9
460000 113.1
465000 115.4
470000 116.4
475000 113.9
480000 122.4
485000 41.7
490000 107.0
495000 124.1
500000 121.6
505000 126.6
510000 124.3
515000 128.1
520000 130.9
525000 135.0
530000 133.3
535000 131.0
540000 133.9
545000 137.4
550000 45.3
555000 137.3
560000 138.6
565000 142.3
570000 145.1
575000 132.4
580000 140.3
585000 145.5
590000 146.8
595000 147.4
600000 141.8
605000 143.9
610000 144.1
615000 144.6
620000 148.8
625000 148.8
630000 154.9
635000 151.1
640000 157.3
645000 49.0
650000 97.1
655000 121.5
660000 139.8
665000 145.9
670000 152.0
675000 157.5
680000 154.4
685000 151.9
690000 157.7
695000 157.5
700000 154.1
705000 157.1
710000 157.3
715000 158.1
720000 162.5
725000 158.6
730000 162.3
735000 161.1
740000 159.5
745000 162.3
750000 165.9
755000 159.8
760000 159.2
765000 159.4
770000 161.9
775000 163.0
780000 166.7
785000 163.9
790000 169.0
795000 160.6
800000 161.1
805000 8.7
810000 119.8
815000 154.3
820000 149.5
825000 160.8
830000 156.7
835000 154.5
840000 156.2
845000 155.9
850000 159.7
855000 165.7
860000 165.2
865000 159.4
870000 161.9
875000 170.9
880000 165.8
885000 165.4
890000 169.0
895000 173.4
900000 164.4
905000 165.6
910000 167.6
915000 165.4
920000 167.3
925000 167.0
930000 170.5
935000 167.2
940000 168.0
945000 177.0
950000 169.7
955000 171.5
960000 170.0
965000 37.3
970000 136.4
975000 142.5
980000 153.4
985000 159.7
990000 163.6
995000 174.1
1000000 164.4
1005000 162.5
1010000 165.1
1015000 174.8
1020000 173.7
1025000 174.4
1030000 174.6
1035000 167.0
1040000 179.6
1045000 177.0
1050000 175.1
1055000 176.4
1060000 173.6
1065000 177.3
1070000 170.5
1075000 177.0
1080000 167.5
1085000 177.5
1090000 175.6
1095000 171.2
1100000 173.1
1105000 173.0
1110000 167.3
1115000 185.4
1120000 178.5
1125000 22.9
1130000 136.1
1135000 162.0
1140000 162.4
1145000 173.4
1150000 169.2
1155000 168.9
1160000 180.4
1165000 167.3
1170000 181.2
1175000 177.9
1180000 174.7
1185000 176.2
1190000 175.5
1195000 176.4
1200000 181.9
1205000 178.0
1210000 185.7
1215000 184.1
1220000 180.7
1225000 183.0
1230000 188.6
1235000 193.7
1240000 184.0
1245000 191.2
1250000 186.5
1255000 187.5
1260000 190.6
1265000 107.4
1270000 188.4
1275000 185.0
1280000 192.4
1285000 2.8
1290000 112.3
1295000 127.0
1300000 158.1
1305000 172.1
1310000 181.3
1315000 184.3
1320000 175.1
1325000 187.2
1330000 182.3
1335000 1.0
1340000 146.5
1345000 189.3
1350000 189.4
1355000 173.0
1360000 182.6
1365000 184.6
1370000 91.5
1375000 180.6
1380000 184.9
1385000 191.0
1390000 193.0
1395000 173.6
1400000 194.5
1405000 179.3
1410000 188.4
1415000 191.5
1420000 3.8
1425000 203.8
1430000 197.6
1435000 199.9
1440000 190.2
1445000 1.7
1450000 81.7
1455000 135.9
1460000 170.7
1465000 172.8
1470000 170.1
1475000 191.2
1480000 193.5
1485000 184.0
1490000 193.0
1495000 196.1
1500000 193.9
1505000 180.7
1510000 196.5
1515000 185.8
1520000 195.3
1525000 197.7
1530000 191.8
1535000 195.7
1540000 190.6
1545000 174.0
1550000 192.7
1555000 201.0
1560000 190.8
1565000 198.3
1570000 204.4
1575000 199.6
1580000 198.3
1585000 199.0
1590000 2.1
1595000 183.2
1600000 195.7
1605000 2.1
1610000 77.9
1615000 148.1
1620000 164.2
1625000 170.7
1630000 178.2
1635000 192.4
1640000 189.7
1645000 192.4
1650000 182.5
1655000 205.5
1660000 200.5
1665000 199.7
1670000 199.2
1675000 184.9
1680000 201.2
1685000 202.3
1690000 204.3
1695000 182.6
1700000 212.6
1705000 207.5
1710000 203.6
1715000 203.0
1720000 183.6
1725000 181.6
1730000 199.3
1735000 205.5
1740000 209.6
1745000 212.5
1750000 209.6
1755000 214.5
1760000 208.5
1765000 16.3
1770000 113.0
1775000 148.9
1780000 185.4
1785000 189.4
1790000 193.6
1795000 203.4
1800000 193.9
1805000 205.4
1810000 201.2
1815000 201.3
1820000 213.9
1825000 203.9
1830000 207.2
1835000 132.0
1840000 207.0
1845000 199.0
1850000 3.1
1855000 196.6
1860000 203.1
1865000 206.9
1870000 207.0
1875000 214.1
1880000 206.6
1885000 213.7
1890000 211.8
1895000 208.1
1900000 215.3
1905000 212.3
1910000 216.1
1915000 212.1
1920000 208.9
1925000 211.0
1930000 195.0
1935000 207.3
1940000 214.2
1945000 214.0
1950000 212.2
1955000 213.7
1960000 216.2
1965000 218.7
1970000 214.2
1975000 216.5
1980000 217.5
1985000 218.6
1990000 217.0
1995000 220.5
2000000 222.5
