5000 0.8
10000 0.8
15000 0.8
20000 0.7
25000 1.0
30000 0.6
35000 0.5
40000 0.5
45000 1.4
50000 0.7
55000 0.5
60000 0.6
65000 0.9
70000 0.9
75000 0.9
80000 1.2
85000 0.9
90000 0.9
95000 1.0
100000 0.8
105000 1.0
110000 0.6
115000 0.8
120000 1.1
125000 0.6
130000 0.8
135000 0.7
140000 0.4
145000 1.3
150000 1.0
155000 1.1
160000 1.4
165000 1.2
170000 1.3
175000 1.1
180000 1.3
185000 1.4
190000 1.3
195000 1.4
200000 1.4
205000 2.6
210000 1.9
215000 20.1
220000 9.7
225000 3.5
230000 8.3
235000 15.0
240000 24.7
245000 13.8
250000 42.8
255000 25.7
260000 50.1
265000 12.4
270000 39.3
275000 28.7
280000 45.0
285000 1.0
290000 1.7
295000 60.8
300000 38.8
305000 14.1
310000 1.1
315000 0.8
320000 54.0
325000 6.9
330000 62.9
335000 84.2
340000 66.7
345000 85.3
350000 90.2
355000 89.8
360000 91.3
365000 82.6
370000 97.5
375000 57.8
380000 55.0
385000 102.5
390000 94.2
395000 98.6
400000 97.3
405000 103.2
410000 102.1
415000 100.1
420000 102.1
425000 102.7
430000 103.0
435000 111.6
440000 111.3
445000 115.7
450000 107.0
455000 111.5
460000 107.2
465000 117.0
470000 113.7
475000 109.3
480000 103.2
485000 59.7
490000 108.5
495000 111.9
500000 122.3
505000 119.5
510000 122.9
515000 124.8
520000 124.6
525000 124.7
530000 127.6
535000 127.2
540000 107.1
545000 129.4
550000 131.3
555000 131.1
560000 132.2
565000 133.7
570000 139.3
575000 138.3
580000 139.5
585000 136.0
590000 133.9
595000 138.0
600000 139.4
605000 137.4
610000 139.2
615000 139.5
620000 143.4
625000 142.0
630000 145.7
635000 147.1
640000 147.2
645000 42.1
650000 126.6
655000 141.7
660000 134.0
665000 143.3
670000 131.8
675000 144.2
680000 152.7
685000 141.5
690000 153.0
695000 162.6
700000 153.9
705000 161.5
710000 169.7
715000 168.1
720000 164.2
725000 171.3
730000 56.9
735000 176.4
740000 180.5
745000 160.2
750000 173.9
755000 170.7
760000 181.0
765000 184.7
770000 181.1
775000 184.1
780000 169.7
785000 180.6
790000 189.7
795000 185.4
800000 187.3
805000 47.3
810000 143.9
815000 173.3
820000 177.5
825000 191.4
830000 187.1
835000 191.9
840000 199.2
845000 191.1
850000 194.5
855000 189.0
860000 193.9
865000 195.8
870000 190.5
875000 193.5
880000 189.9
885000 185.4
890000 189.6
895000 187.6
900000 193.2
905000 149.9
910000 196.0
915000 194.5
920000 195.5
925000 191.5
930000 195.3
935000 190.8
940000 203.1
945000 200.8
950000 179.7
955000 190.4
960000 191.2
965000 63.1
970000 146.5
975000 171.6
980000 158.5
985000 192.0
990000 196.7
995000 196.5
1000000 201.1
1005000 209.2
1010000 203.4
1015000 200.7
1020000 208.0
1025000 203.1
1030000 92.2
1035000 209.1
1040000 202.4
1045000 195.8
1050000 206.5
1055000 206.1
1060000 200.1
1065000 202.1
1070000 204.8
1075000 199.7
1080000 208.6
1085000 203.7
1090000 194.6
1095000 201.4
1100000 202.8
1105000 204.0
1110000 202.5
1115000 202.3
1120000 211.0
1125000 61.1
1130000 139.1
1135000 174.0
1140000 192.8
1145000 203.8
1150000 196.3
1155000 203.1
1160000 207.7
1165000 209.0
1170000 1.1
1175000 211.4
1180000 205.9
1185000 208.9
1190000 0.9
1195000 200.9
1200000 206.9
1205000 201.0
1210000 189.5
1215000 2.7
1220000 200.9
1225000 206.4
1230000 198.8
1235000 191.0
1240000 201.7
1245000 0.9
1250000 204.8
1255000 214.8
1260000 205.1
1265000 196.5
1270000 211.1
1275000 204.9
1280000 195.2
1285000 19.3
1290000 141.2
1295000 179.4
1300000 189.7
1305000 173.8
1310000 203.8
1315000 205.3
1320000 192.0
1325000 169.7
1330000 195.9
1335000 194.4
1340000 43.7
1345000 182.4
1350000 1.0
1355000 194.9
1360000 98.2
1365000 196.2
1370000 209.4
1375000 197.6
1380000 200.8
1385000 207.2
1390000 187.2
1395000 156.0
1400000 206.2
1405000 199.4
1410000 202.9
1415000 195.2
1420000 200.8
1425000 214.3
1430000 195.7
1435000 196.0
1440000 119.6
1445000 18.2
1450000 89.4
1455000 167.5
1460000 184.9
1465000 185.0
1470000 199.8
1475000 42.6
1480000 200.9
1485000 205.6
1490000 211.3
1495000 196.4
1500000 191.9
1505000 213.4
1510000 0.6
1515000 33.4
1520000 158.4
1525000 206.5
1530000 205.9
1535000 209.8
1540000 193.1
1545000 199.1
1550000 194.0
1555000 186.4
1560000 197.2
1565000 203.6
1570000 204.5
1575000 0.7
1580000 199.4
1585000 190.8
1590000 207.9
1595000 11.2
1600000 22.4
1605000 3.3
1610000 100.4
1615000 172.5
1620000 171.2
1625000 188.1
1630000 185.3
1635000 189.4
1640000 129.2
1645000 193.8
1650000 200.4
1655000 199.8
1660000 55.6
1665000 207.3
1670000 212.1
1675000 210.3
1680000 209.3
1685000 196.3
1690000 197.0
1695000 24.1
1700000 202.3
1705000 208.5
1710000 15.8
1715000 213.3
1720000 103.9
1725000 214.8
1730000 208.5
1735000 218.8
1740000 225.2
1745000 226.3
1750000 0.9
1755000 204.4
1760000 211.8
1765000 67.3
1770000 98.9
1775000 148.4
1780000 184.5
1785000 192.2
1790000 191.1
1795000 52.5
1800000 196.0
1805000 186.9
1810000 207.5
1815000 171.4
1820000 209.2
1825000 203.7
1830000 207.2
1835000 218.7
1840000 210.5
1845000 214.0
1850000 195.5
1855000 207.5
1860000 206.5
1865000 209.2
1870000 213.1
1875000 212.2
1880000 206.2
1885000 208.1
1890000 178.5
1895000 187.6
1900000 1.2
1905000 218.1
1910000 68.8
1915000 217.1
1920000 222.0
1925000 8.6
1930000 237.9
1935000 220.5
1940000 1.2
1945000 229.4
1950000 231.3
1955000 232.0
1960000 225.0
1965000 230.7
1970000 233.0
1975000 233.1
1980000 113.9
1985000 229.6
1990000 212.5
1995000 235.9
2000000 81.9
