5000 0.0
10000 0.0
15000 0.0
20000 0.2
25000 0.0
30000 0.4
35000 0.2
40000 0.0
45000 1.0
50000 0.2
55000 0.0
60000 0.2
65000 0.0
70000 0.0
75000 0.1
80000 0.0
85000 0.8
90000 0.1
95000 0.1
100000 0.0
105000 0.3
110000 0.0
115000 0.1
120000 0.1
125000 1.0
130000 0.1
135000 29.7
140000 0.0
145000 0.0
150000 1.9
155000 0.0
160000 9.1
165000 4.5
170000 16.8
175000 69.2
180000 59.0
185000 97.2
190000 108.0
195000 106.7
200000 118.4
205000 136.8
210000 130.3
215000 152.3
220000 141.2
225000 154.8
230000 140.4
235000 157.5
240000 167.9
245000 165.7
250000 169.7
255000 189.2
260000 168.6
265000 186.3
270000 174.0
275000 195.2
280000 203.5
285000 195.5
290000 186.5
295000 203.7
300000 204.6
305000 206.6
310000 207.3
315000 211.8
320000 203.8
325000 9.0
330000 148.7
335000 150.9
340000 156.0
345000 184.4
350000 210.8
355000 205.9
360000 216.1
365000 218.4
370000 215.1
375000 221.5
380000 209.1
385000 218.5
390000 219.3
395000 219.1
400000 222.4
405000 198.9
410000 226.9
415000 218.6
420000 218.7
425000 222.2
430000 223.3
435000 219.1
440000 228.3
445000 224.0
450000 226.5
455000 224.6
460000 222.5
465000 221.6
470000 221.2
475000 228.6
480000 224.4
485000 208.5
490000 230.1
495000 226.9
500000 235.3
505000 233.8
510000 225.4
515000 234.9
520000 230.6
525000 232.0
530000 210.5
535000 230.9
540000 236.1
545000 235.8
550000 235.3
555000 237.9
560000 238.8
565000 236.8
570000 238.9
575000 241.6
580000 237.4
585000 243.6
590000 214.9
595000 242.0
600000 242.5
605000 238.1
610000 241.1
615000 240.2
620000 239.8
625000 243.5
630000 242.7
635000 243.0
640000 241.0
645000 70.8
650000 119.5
655000 200.9
660000 200.4
665000 225.0
670000 233.2
675000 238.4
680000 227.7
685000 231.3
690000 239.7
695000 238.4
700000 239.9
705000 234.4
710000 234.9
715000 239.0
720000 236.4
725000 239.3
730000 239.9
735000 232.4
740000 238.8
745000 244.8
750000 242.0
755000 233.7
760000 219.4
765000 241.9
770000 239.9
775000 245.4
780000 241.6
785000 243.9
790000 241.3
795000 242.2
800000 245.6
805000 245.7
810000 242.6
815000 251.0
820000 246.4
825000 245.4
830000 243.1
835000 238.5
840000 249.2
845000 250.4
850000 248.7
855000 249.0
860000 249.1
865000 249.5
870000 247.9
875000 249.5
880000 251.2
885000 253.4
890000 249.4
895000 250.4
900000 249.1
905000 252.3
910000 252.0
915000 249.7
920000 253.3
925000 248.2
930000 251.8
935000 229.5
940000 251.1
945000 253.1
950000 225.3
955000 242.3
960000 231.1
965000 0.0
970000 129.2
975000 185.5
980000 178.6
985000 201.9
990000 198.0
995000 239.6
1000000 235.4
1005000 239.8
1010000 249.3
1015000 221.5
1020000 255.1
1025000 251.0
1030000 248.2
1035000 251.1
1040000 254.9
1045000 249.0
1050000 252.3
1055000 253.6
1060000 259.7
1065000 249.5
1070000 257.7
1075000 258.8
1080000 260.3
1085000 260.9
1090000 246.5
1095000 261.0
1100000 260.3
1105000 258.6
1110000 263.1
1115000 265.7
1120000 263.0
1125000 262.2
1130000 267.8
1135000 265.8
1140000 270.2
1145000 269.0
1150000 274.2
1155000 270.4
1160000 275.6
1165000 276.0
1170000 285.5
1175000 253.2
1180000 284.0
1185000 271.7
1190000 280.4
1195000 257.3
1200000 276.3
1205000 286.1
1210000 290.5
1215000 258.9
1220000 286.6
1225000 288.3
1230000 295.0
1235000 289.0
1240000 289.9
1245000 293.5
1250000 296.3
1255000 292.1
1260000 296.4
1265000 293.9
1270000 293.8
1275000 294.4
1280000 290.1
1285000 1.0
1290000 18.2
1295000 29.8
1300000 107.7
1305000 155.9
1310000 166.0
1315000 267.7
1320000 212.9
1325000 275.5
1330000 286.0
1335000 273.7
1340000 286.3
1345000 260.4
1350000 292.9
1355000 295.8
1360000 295.6
1365000 292.7
1370000 293.1
1375000 266.2
1380000 293.2
1385000 295.3
1390000 289.8
1395000 296.0
1400000 268.0
1405000 298.8
1410000 296.5
1415000 302.7
1420000 295.8
1425000 298.0
1430000 304.3
1435000 301.7
1440000 298.6
1445000 301.6
1450000 300.0
1455000 310.4
1460000 301.4
1465000 301.4
1470000 300.4
1475000 311.0
1480000 310.9
1485000 301.4
1490000 307.5
1495000 310.1
1500000 301.5
1505000 307.8
1510000 311.6
1515000 302.5
1520000 309.1
1525000 309.4
1530000 308.1
1535000 307.3
1540000 314.1
1545000 312.6
1550000 314.7
1555000 313.8
1560000 313.3
1565000 313.6
1570000 312.7
1575000 312.5
1580000 315.8
1585000 315.7
1590000 285.8
1595000 311.0
1600000 317.9
1605000 9.2
1610000 10.5
1615000 116.6
1620000 50.7
1625000 229.5
1630000 250.1
1635000 276.3
1640000 286.8
1645000 254.5
1650000 267.8
1655000 289.3
1660000 268.1
1665000 298.9
1670000 306.6
1675000 298.5
1680000 306.1
1685000 297.8
1690000 304.3
1695000 314.8
1700000 308.0
1705000 308.1
1710000 308.3
1715000 303.7
1720000 270.9
1725000 311.6
1730000 315.6
1735000 310.5
1740000 307.6
1745000 312.4
1750000 317.2
1755000 312.8
1760000 284.0
1765000 312.1
1770000 307.5
1775000 316.7
1780000 314.4
1785000 315.1
1790000 313.4
1795000 318.7
1800000 315.7
1805000 310.3
1810000 315.4
1815000 311.3
1820000 287.6
1825000 318.0
1830000 306.0
1835000 319.2
1840000 314.7
1845000 309.6
1850000 325.1
1855000 310.9
1860000 314.8
1865000 317.8
1870000 320.8
1875000 316.3
1880000 316.2
1885000 325.1
1890000 321.0
1895000 317.8
1900000 319.4
1905000 322.8
1910000 315.9
1915000 321.3
1920000 322.7
1925000 327.7
1930000 324.7
1935000 320.9
1940000 326.1
1945000 316.5
1950000 291.9
1955000 327.2
1960000 319.7
1965000 290.7
1970000 282.9
1975000 328.4
1980000 321.2
1985000 318.3
1990000 321.1
1995000 328.2
2000000 323.9
