5000 0.0
10000 0.0
15000 0.7
20000 0.5
25000 0.3
30000 0.1
35000 0.2
40000 2.8
45000 2.4
50000 2.2
55000 0.0
60000 0.0
65000 36.2
70000 25.4
75000 75.1
80000 103.5
85000 118.2
90000 115.4
95000 117.3
100000 176.4
105000 200.6
110000 214.6
115000 232.2
120000 221.8
125000 203.9
130000 243.0
135000 231.9
140000 226.5
145000 241.2
150000 271.8
155000 272.8
160000 283.4
165000 272.6
170000 283.1
175000 274.2
180000 283.8
185000 278.7
190000 294.5
195000 291.0
200000 296.1
205000 299.2
210000 304.1
215000 291.7
220000 300.8
225000 304.7
230000 296.2
235000 235.0
240000 296.3
245000 272.7
250000 308.0
255000 303.8
260000 305.2
265000 310.3
270000 307.9
275000 309.0
280000 310.6
285000 302.5
290000 312.2
295000 310.3
300000 306.3
305000 279.7
310000 311.5
315000 312.5
320000 313.9
325000 18.4
330000 215.3
335000 288.5
340000 302.9
345000 243.9
350000 303.6
355000 304.1
360000 293.2
365000 314.5
370000 307.9
375000 285.4
380000 312.0
385000 320.4
390000 316.2
395000 314.1
400000 318.7
405000 319.6
410000 324.0
415000 317.1
420000 319.7
425000 330.3
430000 325.0
435000 326.6
440000 326.2
445000 333.9
450000 329.9
455000 331.8
460000 323.3
465000 322.7
470000 332.7
475000 331.5
480000 329.6
485000 332.4
490000 332.4
495000 330.1
500000 331.5
505000 332.2
510000 302.4
515000 304.7
520000 333.7
525000 336.0
530000 332.2
535000 341.2
540000 335.0
545000 336.7
550000 336.7
555000 341.1
560000 337.7
565000 336.8
570000 338.5
575000 338.5
580000 305.2
585000 338.8
590000 343.8
595000 337.2
600000 336.2
605000 342.2
610000 336.9
615000 342.1
620000 350.7
625000 341.8
630000 307.8
635000 345.8
640000 353.9
645000 17.6
650000 178.5
655000 270.8
660000 266.0
665000 249.6
670000 289.0
675000 242.2
680000 298.8
685000 339.5
690000 333.1
695000 332.4
700000 339.8
705000 340.1
710000 344.5
715000 338.6
720000 342.3
725000 347.4
730000 321.9
735000 309.1
740000 340.9
745000 339.7
750000 344.4
755000 306.2
760000 337.4
765000 308.2
770000 345.1
775000 352.2
780000 346.1
785000 339.4
790000 342.8
795000 345.0
800000 344.2
805000 339.8
810000 338.9
815000 350.3
820000 354.5
825000 340.7
830000 353.8
835000 347.2
840000 341.9
845000 306.5
850000 342.5
855000 347.5
860000 349.2
865000 346.7
870000 345.6
875000 352.7
880000 348.8
885000 348.5
890000 346.5
895000 358.2
900000 346.7
905000 351.6
910000 354.4
915000 350.2
920000 357.6
925000 350.2
930000 352.8
935000 346.7
940000 351.0
945000 345.7
950000 362.4
955000 352.3
960000 349.8
965000 53.6
970000 173.3
975000 155.4
980000 300.8
985000 341.4
990000 339.7
995000 308.3
1000000 352.4
1005000 331.2
1010000 350.5
1015000 347.3
1020000 337.7
1025000 343.1
1030000 315.4
1035000 349.4
1040000 355.8
1045000 346.8
1050000 348.3
1055000 343.0
1060000 353.5
1065000 347.5
1070000 357.0
1075000 352.4
1080000 349.0
1085000 351.8
1090000 353.4
1095000 349.3
1100000 352.9
1105000 354.8
1110000 352.7
1115000 350.5
1120000 351.4
1125000 348.9
1130000 350.0
1135000 350.4
1140000 353.5
1145000 352.2
1150000 352.7
1155000 350.9
1160000 352.4
1165000 355.2
1170000 356.3
1175000 357.9
1180000 318.2
1185000 354.2
1190000 355.0
1195000 320.7
1200000 357.0
1205000 355.8
1210000 352.3
1215000 355.1
1220000 358.5
1225000 359.1
1230000 357.7
1235000 317.3
1240000 356.7
1245000 320.1
1250000 356.1
1255000 357.2
1260000 357.3
1265000 355.5
1270000 356.9
1275000 367.4
1280000 361.3
1285000 5.2
1290000 65.8
1295000 58.9
1300000 265.0
1305000 279.8
1310000 308.9
1315000 331.5
1320000 344.4
1325000 290.5
1330000 330.8
1335000 352.3
1340000 356.7
1345000 341.6
1350000 346.4
1355000 359.3
1360000 365.6
1365000 359.9
1370000 357.5
1375000 361.2
1380000 348.6
1385000 367.5
1390000 357.0
1395000 357.0
1400000 353.5
1405000 365.6
1410000 359.3
1415000 359.4
1420000 326.4
1425000 360.1
1430000 355.0
1435000 366.2
1440000 329.4
1445000 363.4
1450000 370.2
1455000 356.7
1460000 358.0
1465000 369.0
1470000 361.2
1475000 354.9
1480000 372.4
1485000 352.0
1490000 370.5
1495000 371.9
1500000 357.3
1505000 365.3
1510000 376.0
1515000 371.2
1520000 368.6
1525000 366.1
1530000 366.7
1535000 335.0
1540000 367.5
1545000 374.6
1550000 367.0
1555000 330.9
1560000 332.9
1565000 371.2
1570000 333.3
1575000 368.8
1580000 371.8
1585000 371.2
1590000 365.7
1595000 361.6
1600000 367.2
1605000 2.5
1610000 55.8
1615000 181.1
1620000 240.5
1625000 300.0
1630000 304.5
1635000 339.9
1640000 346.3
1645000 361.1
1650000 360.9
1655000 364.9
1660000 351.4
1665000 352.8
1670000 356.8
1675000 360.2
1680000 368.7
1685000 356.8
1690000 363.6
1695000 363.1
1700000 367.9
1705000 366.9
1710000 362.3
1715000 363.7
1720000 363.2
1725000 358.0
1730000 366.9
1735000 360.3
1740000 360.0
1745000 370.0
1750000 358.9
1755000 369.5
1760000 372.5
1765000 367.8
1770000 368.5
1775000 369.5
1780000 363.4
1785000 369.3
1790000 361.3
1795000 366.9
1800000 369.4
1805000 371.1
1810000 372.0
1815000 369.9
1820000 370.0
1825000 370.1
1830000 370.5
1835000 369.6
1840000 370.8
1845000 367.4
1850000 372.4
1855000 375.3
1860000 375.4
1865000 374.1
1870000 369.6
1875000 379.2
1880000 364.4
1885000 337.2
1890000 375.3
1895000 369.6
1900000 378.0
1905000 371.0
1910000 371.7
1915000 363.9
1920000 374.9
1925000 381.1
1930000 367.2
1935000 371.1
1940000 372.5
1945000 372.8
1950000 378.1
1955000 369.3
1960000 374.1
1965000 361.5
1970000 369.1
1975000 372.8
1980000 377.1
1985000 356.8
1990000 375.1
1995000 371.1
2000000 365.4
