5000 0.0
10000 0.0
15000 0.3
20000 0.7
25000 0.0
30000 0.0
35000 0.2
40000 0.0
45000 0.0
50000 0.1
55000 1.4
60000 0.2
65000 4.1
70000 5.3
75000 22.0
80000 13.8
85000 43.8
90000 54.4
95000 68.2
100000 77.2
105000 105.4
110000 111.2
115000 106.1
120000 117.8
125000 125.9
130000 121.9
135000 127.8
140000 130.9
145000 137.0
150000 109.1
155000 140.9
160000 123.0
165000 139.5
170000 140.6
175000 129.6
180000 122.8
185000 140.3
190000 128.4
195000 131.3
200000 148.9
205000 14.7
210000 28.0
215000 152.1
220000 134.5
225000 151.0
230000 155.6
235000 154.8
240000 136.7
245000 142.9
250000 140.8
255000 141.6
260000 156.3
265000 158.4
270000 144.1
275000 142.2
280000 160.0
285000 160.4
290000 144.6
295000 143.8
300000 164.6
305000 166.8
310000 163.2
315000 168.3
320000 167.2
325000 1.2
330000 90.9
335000 102.5
340000 158.2
345000 152.8
350000 145.8
355000 151.4
360000 174.5
365000 181.1
370000 165.7
375000 184.2
380000 189.2
385000 189.8
390000 171.3
395000 173.5
400000 177.0
405000 195.9
410000 196.2
415000 204.7
420000 203.8
425000 203.6
430000 206.1
435000 204.9
440000 213.9
445000 214.5
450000 213.6
455000 212.4
460000 172.9
465000 217.1
470000 199.5
475000 222.4
480000 208.0
485000 201.3
490000 220.9
495000 225.7
500000 210.9
505000 229.0
510000 216.4
515000 223.4
520000 227.4
525000 225.0
530000 222.3
535000 227.3
540000 219.5
545000 227.3
550000 233.4
555000 226.1
560000 224.2
565000 231.9
570000 234.0
575000 238.1
580000 219.1
585000 243.7
590000 244.6
595000 245.4
600000 244.7
605000 246.8
610000 221.5
615000 244.1
620000 246.7
625000 249.2
630000 227.8
635000 252.6
640000 249.9
645000 9.2
650000 133.1
655000 167.4
660000 189.7
665000 209.3
670000 200.6
675000 214.1
680000 215.3
685000 236.6
690000 254.8
695000 254.2
700000 259.2
705000 255.2
710000 257.5
715000 258.6
720000 264.4
725000 265.1
730000 260.0
735000 233.1
740000 266.2
745000 264.3
750000 270.0
755000 268.5
760000 270.2
765000 276.3
770000 275.2
775000 253.1
780000 276.9
785000 281.4
790000 277.1
795000 283.3
800000 285.4
805000 281.9
810000 282.3
815000 260.3
820000 286.2
825000 282.5
830000 293.3
835000 284.0
840000 290.9
845000 294.6
850000 299.1
855000 300.9
860000 298.7
865000 299.5
870000 306.8
875000 300.0
880000 301.7
885000 299.6
890000 308.0
895000 312.0
900000 306.5
905000 309.9
910000 313.0
915000 306.0
920000 321.8
925000 312.0
930000 308.6
935000 314.4
940000 314.7
945000 314.2
950000 325.4
955000 319.2
960000 316.5
965000 3.4
970000 21.9
975000 110.8
980000 229.3
985000 242.5
990000 276.7
995000 297.8
1000000 267.6
1005000 307.7
1010000 304.4
1015000 302.1
1020000 313.3
1025000 310.1
1030000 310.4
1035000 312.8
1040000 318.1
1045000 313.1
1050000 279.7
1055000 316.3
1060000 285.0
1065000 319.2
1070000 321.7
1075000 323.3
1080000 322.2
1085000 320.1
1090000 320.5
1095000 324.6
1100000 321.7
1105000 328.4
1110000 330.1
1115000 328.0
1120000 309.9
1125000 319.3
1130000 323.8
1135000 322.4
1140000 329.7
1145000 326.0
1150000 329.7
1155000 330.8
1160000 329.5
1165000 323.0
1170000 329.5
1175000 332.3
1180000 328.5
1185000 332.8
1190000 320.1
1195000 324.3
1200000 329.6
1205000 329.7
1210000 329.2
1215000 330.9
1220000 318.1
1225000 332.9
1230000 333.9
1235000 334.0
1240000 333.6
1245000 299.2
1250000 337.3
1255000 334.1
1260000 334.8
1265000 334.5
1270000 331.1
1275000 335.8
1280000 339.5
1285000 1.8
1290000 34.9
1295000 70.9
1300000 126.0
1305000 240.2
1310000 295.4
1315000 291.0
1320000 234.7
1325000 321.2
1330000 319.9
1335000 325.0
1340000 330.2
1345000 283.2
1350000 300.2
1355000 325.3
1360000 320.1
1365000 321.0
1370000 325.2
1375000 329.0
1380000 324.6
1385000 321.2
1390000 327.3
1395000 323.1
1400000 334.0
1405000 328.1
1410000 333.0
1415000 299.7
1420000 334.5
1425000 333.7
1430000 331.8
1435000 327.4
1440000 333.3
1445000 331.4
1450000 338.4
1455000 335.4
1460000 337.3
1465000 331.8
1470000 334.4
1475000 301.3
1480000 338.7
1485000 336.8
1490000 335.8
1495000 329.2
1500000 300.1
1505000 336.4
1510000 333.9
1515000 298.0
1520000 336.6
1525000 338.9
1530000 334.0
1535000 329.7
1540000 339.0
1545000 336.5
1550000 329.4
1555000 336.3
1560000 337.5
1565000 337.7
1570000 336.7
1575000 335.9
1580000 335.2
1585000 339.3
1590000 338.7
1595000 336.9
1600000 339.9
1605000 1.5
1610000 85.2
1615000 87.8
1620000 192.6
1625000 260.5
1630000 242.8
1635000 141.9
1640000 294.9
1645000 320.3
1650000 333.0
1655000 323.9
1660000 317.7
1665000 311.9
1670000 327.4
1675000 323.0
1680000 330.4
1685000 332.2
1690000 328.5
1695000 334.8
1700000 322.8
1705000 332.5
1710000 330.6
1715000 295.7
1720000 327.6
1725000 335.1
1730000 334.9
1735000 337.7
1740000 337.3
1745000 335.2
1750000 301.3
1755000 335.4
1760000 336.2
1765000 334.8
1770000 342.0
1775000 335.0
1780000 334.7
1785000 338.5
1790000 332.4
1795000 335.4
1800000 302.4
1805000 338.2
1810000 339.7
1815000 336.2
1820000 339.2
1825000 338.2
1830000 338.6
1835000 336.7
1840000 339.0
1845000 336.9
1850000 337.3
1855000 342.0
1860000 304.4
1865000 335.8
1870000 338.3
1875000 339.0
1880000 306.4
1885000 341.7
1890000 335.0
1895000 340.6
1900000 341.0
1905000 340.3
1910000 341.1
1915000 336.9
1920000 339.2
1925000 339.8
1930000 339.2
1935000 342.4
1940000 270.1
1945000 341.2
1950000 342.6
1955000 336.1
1960000 338.9
1965000 345.6
1970000 341.7
1975000 341.1
1980000 340.7
1985000 343.8
1990000 340.8
1995000 339.5
2000000 340.3
