5000 0.0
10000 0.5
15000 0.0
20000 0.0
25000 0.0
30000 0.0
35000 0.3
40000 0.3
45000 0.0
50000 0.0
55000 0.4
60000 0.2
65000 0.0
70000 39.6
75000 21.9
80000 38.8
85000 27.2
90000 29.3
95000 0.0
100000 0.0
105000 0.0
110000 1.3
115000 0.0
120000 0.7
125000 0.8
130000 4.0
135000 1.9
140000 0.0
145000 0.6
150000 38.2
155000 31.2
160000 15.9
165000 57.7
170000 38.4
175000 0.1
180000 7.1
185000 0.0
190000 5.6
195000 48.4
200000 0.2
205000 0.0
210000 34.3
215000 25.4
220000 20.5
225000 78.9
230000 44.7
235000 83.4
240000 50.0
245000 34.4
250000 50.7
255000 87.7
260000 52.8
265000 101.5
270000 82.1
275000 69.5
280000 109.0
285000 106.7
290000 35.3
295000 51.5
300000 90.9
305000 72.3
310000 90.6
315000 54.4
320000 92.6
325000 2.6
330000 42.2
335000 67.9
340000 129.2
345000 83.7
350000 58.5
355000 49.7
360000 58.0
365000 123.4
370000 122.5
375000 107.6
380000 95.3
385000 94.8
390000 118.9
395000 120.7
400000 115.6
405000 163.4
410000 219.2
415000 206.8
420000 235.0
425000 148.4
430000 243.7
435000 245.2
440000 243.9
445000 245.8
450000 244.0
455000 241.5
460000 244.7
465000 245.0
470000 243.9
475000 245.1
480000 242.9
485000 249.0
490000 250.5
495000 257.0
500000 253.7
505000 259.2
510000 256.1
515000 235.7
520000 257.6
525000 263.2
530000 257.7
535000 264.8
540000 266.3
545000 266.8
550000 267.2
555000 239.1
560000 266.1
565000 267.8
570000 267.3
575000 270.6
580000 271.5
585000 273.3
590000 269.3
595000 272.2
600000 250.8
605000 280.1
610000 274.3
615000 275.7
620000 276.9
625000 280.0
630000 281.3
635000 279.7
640000 277.0
645000 18.5
650000 110.8
655000 178.4
660000 238.8
665000 262.4
670000 256.2
675000 267.3
680000 224.4
685000 272.5
690000 245.1
695000 263.5
700000 274.9
705000 273.5
710000 276.5
715000 276.9
720000 274.7
725000 277.0
730000 280.0
735000 268.9
740000 275.5
745000 225.6
750000 254.3
755000 281.0
760000 278.4
765000 276.2
770000 279.8
775000 282.7
780000 277.2
785000 281.1
790000 279.4
795000 283.2
800000 282.7
805000 284.6
810000 280.9
815000 286.1
820000 281.4
825000 253.9
830000 284.0
835000 288.6
840000 289.7
845000 262.3
850000 284.2
855000 287.7
860000 252.8
865000 285.0
870000 287.1
875000 286.7
880000 290.3
885000 291.5
890000 284.1
895000 286.7
900000 289.1
905000 288.4
910000 289.2
915000 288.1
920000 291.4
925000 285.9
930000 290.9
935000 289.1
940000 291.3
945000 292.2
950000 260.4
955000 291.5
960000 293.1
965000 27.3
970000 141.1
975000 191.6
980000 198.8
985000 262.3
990000 245.9
995000 279.8
1000000 273.7
1005000 255.9
1010000 282.9
1015000 290.0
1020000 254.5
1025000 273.7
1030000 263.1
1035000 253.1
1040000 289.2
1045000 286.9
1050000 286.1
1055000 282.0
1060000 287.0
1065000 287.3
1070000 291.5
1075000 269.1
1080000 285.8
1085000 277.4
1090000 293.5
1095000 291.1
1100000 289.5
1105000 294.7
1110000 288.8
1115000 267.8
1120000 243.7
1125000 294.4
1130000 265.2
1135000 295.1
1140000 293.5
1145000 253.8
1150000 228.3
1155000 292.9
1160000 294.7
1165000 296.6
1170000 289.9
1175000 295.1
1180000 298.7
1185000 300.3
1190000 298.3
1195000 297.9
1200000 300.5
1205000 298.8
1210000 299.9
1215000 301.5
1220000 300.0
1225000 296.0
1230000 297.1
1235000 299.7
1240000 299.1
1245000 300.8
1250000 288.8
1255000 297.4
1260000 301.5
1265000 298.2
1270000 300.8
1275000 305.5
1280000 302.6
1285000 6.2
1290000 49.7
1295000 137.0
1300000 143.2
1305000 219.7
1310000 131.2
1315000 191.2
1320000 291.8
1325000 215.5
1330000 265.2
1335000 291.8
1340000 254.4
1345000 295.8
1350000 278.5
1355000 299.2
1360000 285.5
1365000 256.3
1370000 286.0
1375000 271.3
1380000 297.8
1385000 292.8
1390000 283.6
1395000 301.9
1400000 267.8
1405000 283.3
1410000 302.8
1415000 296.3
1420000 268.1
1425000 298.9
1430000 301.5
1435000 272.2
1440000 301.6
1445000 305.1
1450000 304.2
1455000 304.6
1460000 304.4
1465000 306.5
1470000 306.2
1475000 303.6
1480000 310.6
1485000 311.4
1490000 305.3
1495000 310.4
1500000 312.0
1505000 308.6
1510000 307.3
1515000 300.5
1520000 299.1
1525000 310.5
1530000 305.7
1535000 310.1
1540000 305.6
1545000 306.4
1550000 308.3
1555000 308.9
1560000 312.1
1565000 311.7
1570000 308.0
1575000 310.0
1580000 304.3
1585000 308.8
1590000 310.8
1595000 311.4
1600000 294.0
1605000 0.8
1610000 13.5
1615000 87.0
1620000 108.5
1625000 177.0
1630000 193.2
1635000 257.3
1640000 184.3
1645000 297.5
1650000 297.6
1655000 301.8
1660000 303.7
1665000 292.6
1670000 306.9
1675000 306.1
1680000 315.2
1685000 311.2
1690000 304.5
1695000 308.6
1700000 303.9
1705000 309.5
1710000 307.7
1715000 305.6
1720000 279.7
1725000 281.1
1730000 308.9
1735000 310.4
1740000 281.8
1745000 305.5
1750000 311.8
1755000 307.6
1760000 314.2
1765000 313.5
1770000 316.9
1775000 307.1
1780000 315.3
1785000 310.8
1790000 321.6
1795000 285.9
1800000 315.0
1805000 308.1
1810000 317.4
1815000 314.4
1820000 315.0
1825000 285.2
1830000 287.5
1835000 316.6
1840000 255.3
1845000 317.5
1850000 317.8
1855000 312.5
1860000 312.7
1865000 321.1
1870000 319.8
1875000 317.6
1880000 317.8
1885000 314.2
1890000 323.7
1895000 314.2
1900000 322.6
1905000 318.9
1910000 321.2
1915000 315.2
1920000 324.8
1925000 286.1
1930000 317.8
1935000 320.2
1940000 323.7
1945000 310.4
1950000 323.0
1955000 318.8
1960000 321.6
1965000 314.5
1970000 321.0
1975000 318.5
1980000 324.3
1985000 321.1
1990000 321.1
1995000 321.2
2000000 323.9
