5000 0.0
10000 0.0
15000 0.0
20000 0.3
25000 0.1
30000 0.0
35000 0.0
40000 11.4
45000 15.0
50000 46.1
55000 56.9
60000 38.8
65000 65.7
70000 24.1
75000 53.1
80000 64.5
85000 38.3
90000 100.4
95000 73.1
100000 57.9
105000 31.3
110000 63.8
115000 51.7
120000 99.3
125000 35.3
130000 63.5
135000 69.5
140000 100.3
145000 69.2
150000 68.9
155000 79.9
160000 102.9
165000 124.1
170000 42.3
175000 0.0
180000 88.6
185000 115.0
190000 87.2
195000 53.3
200000 86.8
205000 26.1
210000 124.5
215000 36.1
220000 92.0
225000 90.6
230000 90.7
235000 92.2
240000 55.7
245000 68.3
250000 88.9
255000 74.9
260000 73.4
265000 91.0
270000 0.4
275000 90.9
280000 74.2
285000 97.7
290000 150.6
295000 98.5
300000 119.4
305000 169.3
310000 139.4
315000 58.3
320000 59.1
325000 0.5
330000 70.6
335000 72.7
340000 162.4
345000 117.3
350000 148.0
355000 130.5
360000 66.1
365000 109.1
370000 162.3
375000 91.7
380000 68.1
385000 158.9
390000 69.6
395000 209.3
400000 99.1
405000 100.6
410000 80.9
415000 50.3
420000 26.3
425000 71.7
430000 126.5
435000 141.2
440000 201.8
445000 98.9
450000 180.4
455000 103.9
460000 121.9
465000 181.7
470000 96.8
475000 160.1
480000 103.9
485000 133.4
490000 201.1
495000 106.2
500000 129.9
505000 106.3
510000 98.2
515000 135.3
520000 150.8
525000 134.8
530000 162.0
535000 162.0
540000 110.7
545000 81.0
550000 27.0
555000 216.8
560000 140.4
565000 104.2
570000 82.4
575000 84.1
580000 138.5
585000 110.6
590000 80.7
595000 186.2
600000 168.2
605000 85.4
610000 83.8
615000 111.4
620000 56.4
625000 113.6
630000 194.4
635000 141.1
640000 29.3
645000 6.8
650000 106.3
655000 44.7
660000 62.7
665000 118.4
670000 145.1
675000 110.5
680000 185.0
685000 159.6
690000 190.7
695000 83.9
700000 165.7
705000 126.3
710000 128.8
715000 113.5
720000 79.4
725000 168.7
730000 79.0
735000 236.8
740000 87.2
745000 55.3
750000 115.0
755000 145.3
760000 82.8
765000 222.7
770000 175.1
775000 146.1
780000 110.0
785000 115.3
790000 79.6
795000 172.9
800000 204.6
805000 112.4
810000 173.8
815000 115.2
820000 139.9
825000 220.4
830000 119.9
835000 149.7
840000 148.8
845000 175.4
850000 150.1
855000 230.9
860000 175.7
865000 207.8
870000 203.2
875000 119.7
880000 147.9
885000 85.7
890000 113.4
895000 121.2
900000 207.8
905000 119.4
910000 119.5
915000 90.3
920000 148.8
925000 179.6
930000 179.5
935000 208.1
940000 147.7
945000 146.0
950000 146.1
955000 150.6
960000 150.5
965000 14.8
970000 62.3
975000 100.3
980000 35.1
985000 80.9
990000 163.9
995000 161.8
1000000 76.6
1005000 105.8
1010000 122.2
1015000 143.1
1020000 230.0
1025000 205.4
1030000 146.6
1035000 171.5
1040000 202.5
1045000 117.5
1050000 115.7
1055000 173.7
1060000 117.5
1065000 203.0
1070000 134.8
1075000 60.2
1080000 208.8
1085000 148.8
1090000 176.3
1095000 237.2
1100000 148.7
1105000 118.0
1110000 178.8
1115000 236.3
1120000 182.2
1125000 269.5
1130000 149.0
1135000 235.8
1140000 147.6
1145000 144.9
1150000 234.8
1155000 211.4
1160000 177.2
1165000 203.4
1170000 150.7
1175000 208.6
1180000 182.3
1185000 181.5
1190000 179.0
1195000 150.7
1200000 146.8
1205000 235.9
1210000 236.8
1215000 180.1
1220000 235.9
1225000 266.6
1230000 149.2
1235000 237.3
1240000 149.2
1245000 179.4
1250000 181.5
1255000 207.1
1260000 203.0
1265000 182.3
1270000 239.5
1275000 182.5
1280000 180.0
1285000 0.5
1290000 87.0
1295000 122.3
1300000 129.0
1305000 126.0
1310000 121.5
1315000 148.0
1320000 121.0
1325000 139.8
1330000 145.1
1335000 194.9
1340000 231.0
1345000 172.9
1350000 206.9
1355000 162.8
1360000 176.2
1365000 145.2
1370000 146.4
1375000 177.3
1380000 209.2
1385000 208.3
1390000 116.9
1395000 265.9
1400000 237.4
1405000 260.4
1410000 208.6
1415000 263.3
1420000 233.8
1425000 207.1
1430000 237.8
1435000 176.9
1440000 266.3
1445000 143.4
1450000 267.2
1455000 209.2
1460000 236.3
1465000 176.1
1470000 271.1
1475000 264.0
1480000 192.4
1485000 231.9
1490000 206.8
1495000 292.8
1500000 177.7
1505000 261.4
1510000 226.9
1515000 233.0
1520000 290.4
1525000 293.8
1530000 238.2
1535000 275.9
1540000 285.9
1545000 289.7
1550000 292.1
1555000 283.6
1560000 290.7
1565000 280.5
1570000 271.9
1575000 292.8
1580000 288.1
1585000 289.8
1590000 285.1
1595000 286.2
1600000 256.3
1605000 15.3
1610000 92.5
1615000 114.3
1620000 120.5
1625000 161.1
1630000 179.9
1635000 220.8
1640000 208.5
1645000 275.7
1650000 276.3
1655000 254.2
1660000 270.3
1665000 284.2
1670000 275.3
1675000 281.6
1680000 289.2
1685000 283.5
1690000 283.9
1695000 275.4
1700000 290.4
1705000 285.6
1710000 286.8
1715000 285.1
1720000 279.7
1725000 281.4
1730000 262.9
1735000 287.9
1740000 288.7
1745000 287.6
1750000 290.7
1755000 296.2
1760000 291.5
1765000 290.4
1770000 291.6
1775000 289.2
1780000 290.2
1785000 294.1
1790000 288.6
1795000 286.0
1800000 290.2
1805000 289.5
1810000 291.6
1815000 291.6
1820000 264.4
1825000 262.5
1830000 291.1
1835000 287.6
1840000 292.1
1845000 247.9
1850000 294.6
1855000 293.5
1860000 288.8
1865000 286.2
1870000 262.7
1875000 289.2
1880000 295.3
1885000 293.2
1890000 293.9
1895000 294.8
1900000 293.0
1905000 291.5
1910000 295.0
1915000 296.7
1920000 296.5
1925000 298.8
1930000 288.7
1935000 294.4
1940000 290.3
1945000 292.0
1950000 290.5
1955000 293.5
1960000 291.9
1965000 292.9
1970000 299.6
1975000 297.4
1980000 295.5
1985000 297.0
1990000 295.8
1995000 299.0
2000000 294.1
