5000 3.6
10000 4.5
15000 4.8
20000 5.3
25000 4.5
30000 4.7
35000 6.3
40000 3.8
45000 3.4
50000 3.7
55000 3.9
60000 4.4
65000 6.4
70000 3.7
75000 5.6
80000 4.4
85000 5.1
90000 6.1
95000 2.7
100000 3.2
105000 13.2
110000 19.4
115000 6.0
120000 4.8
125000 58.1
130000 106.5
135000 9.7
140000 83.7
145000 82.1
150000 77.7
155000 8.7
160000 62.7
165000 101.5
170000 4.8
175000 47.2
180000 94.1
185000 124.0
190000 5.3
195000 5.4
200000 153.4
205000 171.5
210000 194.2
215000 195.3
220000 240.2
225000 292.8
230000 273.2
235000 131.3
240000 195.5
245000 219.0
250000 176.3
255000 263.2
260000 232.4
265000 254.2
270000 355.0
275000 6.0
280000 242.4
285000 308.0
290000 331.8
295000 319.8
300000 306.6
305000 374.1
310000 289.7
315000 329.5
320000 328.8
325000 422.1
330000 453.3
335000 394.5
340000 396.9
345000 487.7
350000 418.2
355000 583.7
360000 480.1
365000 496.0
370000 646.0
375000 469.7
380000 562.3
385000 813.8
390000 709.9
395000 795.7
400000 741.5
405000 711.0
410000 859.8
415000 830.0
420000 417.1
425000 848.5
430000 902.4
435000 844.2
440000 870.7
445000 864.1
450000 588.0
455000 857.2
460000 834.7
465000 872.8
470000 842.1
475000 847.6
480000 884.9
485000 733.7
490000 850.9
495000 853.0
500000 866.4
505000 886.3
510000 878.7
515000 886.3
520000 893.7
525000 843.1
530000 756.2
535000 897.5
540000 899.2
545000 835.5
550000 858.6
555000 848.2
560000 885.4
565000 893.5
570000 877.4
575000 852.6
580000 827.2
585000 872.4
590000 824.7
595000 859.8
600000 874.1
605000 835.0
610000 844.6
615000 886.9
620000 880.2
625000 899.3
630000 864.2
635000 897.6
640000 864.9
645000 889.9
650000 745.4
655000 892.0
660000 877.9
665000 870.6
670000 852.2
675000 836.5
680000 817.5
685000 800.3
690000 748.3
695000 883.8
700000 5.6
705000 860.7
710000 848.0
715000 864.4
720000 881.6
725000 688.2
730000 878.9
735000 914.3
740000 745.6
745000 814.6
750000 881.9
755000 883.6
760000 885.5
765000 869.1
770000 866.6
775000 893.4
780000 838.0
785000 704.3
790000 727.9
795000 895.4
800000 900.0
805000 889.2
810000 844.0
815000 748.0
820000 885.0
825000 845.9
830000 881.2
835000 910.2
840000 913.7
845000 869.0
850000 768.4
855000 898.8
860000 919.0
865000 834.8
870000 822.6
875000 873.3
880000 902.7
885000 846.9
890000 880.3
895000 892.5
900000 793.9
905000 668.8
910000 863.6
915000 878.2
920000 885.9
925000 857.4
930000 910.9
935000 911.8
940000 904.7
945000 824.0
950000 893.0
955000 893.8
960000 906.7
965000 853.6
970000 759.1
975000 894.2
980000 904.9
985000 896.1
990000 908.1
995000 918.2
1000000 913.9
1005000 792.6
1010000 902.9
1015000 863.2
1020000 857.5
1025000 883.6
1030000 884.9
1035000 850.4
1040000 916.9
1045000 822.5
1050000 848.8
1055000 900.1
1060000 909.2
1065000 809.1
1070000 836.1
1075000 898.9
1080000 899.1
1085000 844.7
1090000 884.0
1095000 899.5
1100000 852.6
1105000 881.9
1110000 896.5
1115000 885.6
1120000 881.7
1125000 836.4
1130000 813.9
1135000 878.1
1140000 692.9
1145000 858.3
1150000 804.9
1155000 869.8
1160000 905.4
1165000 801.0
1170000 900.9
1175000 887.3
1180000 869.7
1185000 671.7
1190000 870.8
1195000 326.3
1200000 899.8
1205000 5.1
1210000 871.3
1215000 771.3
1220000 828.6
1225000 829.5
1230000 808.9
1235000 831.1
1240000 252.9
1245000 782.5
1250000 265.2
1255000 7.4
1260000 810.0
1265000 818.0
1270000 862.8
1275000 896.3
1280000 641.1
1285000 553.8
1290000 875.5
1295000 879.0
1300000 831.1
1305000 849.8
1310000 744.3
1315000 828.8
1320000 5.3
1325000 612.7
1330000 7.5
1335000 279.1
1340000 8.9
1345000 775.4
1350000 838.5
1355000 919.0
1360000 187.5
1365000 699.2
1370000 866.2
1375000 277.1
1380000 809.6
1385000 538.8
1390000 84.9
1395000 719.2
1400000 896.6
1405000 561.9
1410000 779.6
1415000 826.1
1420000 866.4
1425000 789.7
1430000 865.1
1435000 883.5
1440000 825.7
1445000 874.1
1450000 822.3
1455000 672.5
1460000 852.2
1465000 773.8
1470000 832.7
1475000 908.0
1480000 97.3
1485000 834.7
1490000 864.4
1495000 349.3
1500000 913.5
1505000 603.3
1510000 731.0
1515000 876.1
1520000 449.6
1525000 815.4
1530000 846.6
1535000 876.2
1540000 892.7
1545000 753.2
1550000 883.1
1555000 474.9
1560000 4.6
1565000 858.7
1570000 5.5
1575000 887.2
1580000 892.7
1585000 739.2
1590000 795.4
1595000 870.0
1600000 868.9
1605000 778.9
1610000 888.4
1615000 836.2
1620000 891.6
1625000 792.7
1630000 873.5
1635000 920.3
1640000 882.6
1645000 840.1
1650000 838.3
1655000 470.5
1660000 838.8
1665000 736.3
1670000 885.0
1675000 711.3
1680000 895.2
1685000 827.8
1690000 823.9
1695000 5.7
1700000 912.3
1705000 859.9
1710000 815.9
1715000 752.5
1720000 2.7
1725000 693.6
1730000 884.8
1735000 767.3
1740000 839.1
1745000 738.8
1750000 714.4
1755000 918.7
1760000 931.5
1765000 830.1
1770000 5.4
1775000 809.1
1780000 4.6
1785000 821.1
1790000 275.0
1795000 924.5
1800000 914.3
1805000 799.1
1810000 861.5
1815000 911.8
1820000 847.1
1825000 634.8
1830000 882.7
1835000 852.7
1840000 636.5
1845000 719.5
1850000 877.0
1855000 839.7
1860000 900.1
1865000 832.5
1870000 901.0
1875000 884.9
1880000 503.4
1885000 859.4
1890000 862.2
1895000 811.3
1900000 880.2
1905000 881.2
1910000 813.1
1915000 820.9
1920000 875.8
1925000 667.7
1930000 780.4
1935000 876.8
1940000 904.0
1945000 833.0
1950000 912.7
1955000 909.6
1960000 638.9
1965000 850.9
1970000 894.5
1975000 894.2
1980000 689.9
1985000 811.5
1990000 853.8
1995000 787.3
2000000 897.4
