5000 3.4
10000 5.0
15000 4.4
20000 5.1
25000 5.5
30000 2.9
35000 5.9
40000 4.4
45000 4.2
50000 4.5
55000 3.6
60000 3.2
65000 5.7
70000 6.1
75000 6.1
80000 4.7
85000 6.1
90000 5.6
95000 6.5
100000 5.3
105000 4.9
110000 3.4
115000 4.3
120000 5.4
125000 57.2
130000 51.8
135000 5.9
140000 51.4
145000 40.3
150000 112.7
155000 131.5
160000 5.7
165000 83.8
170000 130.3
175000 158.2
180000 133.1
185000 93.8
190000 123.9
195000 194.1
200000 42.8
205000 212.3
210000 259.6
215000 215.3
220000 245.1
225000 197.4
230000 203.8
235000 248.8
240000 188.0
245000 66.5
250000 278.9
255000 227.0
260000 228.4
265000 339.7
270000 239.2
275000 11.3
280000 397.1
285000 302.5
290000 6.7
295000 5.1
300000 276.5
305000 413.6
310000 93.1
315000 376.1
320000 413.0
325000 400.7
330000 425.0
335000 399.3
340000 424.1
345000 407.5
350000 16.6
355000 451.2
360000 360.9
365000 465.2
370000 158.6
375000 540.4
380000 467.9
385000 515.7
390000 553.4
395000 506.4
400000 503.6
405000 652.6
410000 576.5
415000 665.2
420000 556.7
425000 829.2
430000 728.6
435000 706.6
440000 656.9
445000 656.3
450000 560.4
455000 587.5
460000 672.0
465000 733.6
470000 647.1
475000 636.1
480000 687.5
485000 639.6
490000 816.7
495000 691.5
500000 764.8
505000 693.4
510000 808.9
515000 793.8
520000 743.7
525000 633.6
530000 777.0
535000 661.7
540000 743.8
545000 673.1
550000 796.5
555000 888.0
560000 838.1
565000 689.3
570000 862.8
575000 767.2
580000 875.8
585000 861.8
590000 722.8
595000 872.2
600000 880.9
605000 770.3
610000 826.7
615000 807.5
620000 880.1
625000 729.9
630000 692.7
635000 843.7
640000 876.8
645000 771.0
650000 699.7
655000 859.2
660000 881.8
665000 812.2
670000 908.3
675000 844.3
680000 859.8
685000 653.6
690000 842.5
695000 828.1
700000 881.6
705000 835.1
710000 815.4
715000 891.9
720000 802.6
725000 794.2
730000 865.9
735000 912.4
740000 796.6
745000 876.7
750000 671.7
755000 894.9
760000 888.4
765000 903.1
770000 794.5
775000 859.5
780000 840.4
785000 836.3
790000 834.2
795000 899.4
800000 885.6
805000 793.7
810000 706.1
815000 887.4
820000 892.1
825000 770.6
830000 747.1
835000 888.1
840000 902.4
845000 745.5
850000 737.8
855000 816.9
860000 878.9
865000 802.1
870000 828.1
875000 861.3
880000 823.1
885000 848.7
890000 786.2
895000 838.3
900000 839.7
905000 893.6
910000 908.7
915000 896.9
920000 900.9
925000 705.0
930000 824.9
935000 814.9
940000 850.5
945000 736.7
950000 871.1
955000 876.6
960000 890.5
965000 787.7
970000 779.0
975000 909.4
980000 904.3
985000 843.7
990000 829.8
995000 768.9
1000000 895.7
1005000 773.4
1010000 873.6
1015000 759.7
1020000 894.9
1025000 831.7
1030000 863.9
1035000 860.1
1040000 900.6
1045000 741.0
1050000 885.6
1055000 864.2
1060000 903.3
1065000 868.5
1070000 868.4
1075000 888.3
1080000 839.5
1085000 873.9
1090000 878.8
1095000 846.8
1100000 907.9
1105000 182.0
1110000 709.7
1115000 494.6
1120000 733.3
1125000 825.9
1130000 833.2
1135000 768.9
1140000 901.9
1145000 849.0
1150000 877.8
1155000 6.6
1160000 906.8
1165000 882.0
1170000 913.6
1175000 317.9
1180000 866.4
1185000 839.4
1190000 739.8
1195000 856.2
1200000 898.9
1205000 870.2
1210000 716.4
1215000 889.5
1220000 910.0
1225000 744.9
1230000 888.1
1235000 390.8
1240000 903.5
1245000 775.3
1250000 859.7
1255000 888.5
1260000 852.1
1265000 725.2
1270000 248.3
1275000 875.7
1280000 887.2
1285000 854.6
1290000 831.6
1295000 893.4
1300000 132.3
1305000 679.7
1310000 816.8
1315000 841.4
1320000 191.6
1325000 811.7
1330000 803.5
1335000 202.2
1340000 373.9
1345000 647.6
1350000 841.7
1355000 22.4
1360000 868.7
1365000 716.3
1370000 751.3
1375000 746.1
1380000 19.1
1385000 744.6
1390000 854.1
1395000 831.2
1400000 6.0
1405000 700.4
1410000 815.8
1415000 907.6
1420000 474.9
1425000 686.2
1430000 863.4
1435000 61.1
1440000 4.4
1445000 709.5
1450000 860.2
1455000 394.8
1460000 841.6
1465000 578.8
1470000 746.0
1475000 903.7
1480000 894.6
1485000 625.1
1490000 696.6
1495000 252.0
1500000 781.1
1505000 841.1
1510000 849.2
1515000 877.7
1520000 828.2
1525000 7.3
1530000 787.6
1535000 120.8
1540000 856.5
1545000 797.8
1550000 798.5
1555000 864.1
1560000 804.6
1565000 681.7
1570000 888.3
1575000 908.8
1580000 555.1
1585000 790.2
1590000 731.3
1595000 881.3
1600000 885.3
1605000 851.0
1610000 868.3
1615000 801.3
1620000 5.0
1625000 641.7
1630000 692.5
1635000 905.9
1640000 892.6
1645000 618.2
1650000 7.8
1655000 892.4
1660000 901.9
1665000 727.9
1670000 807.5
1675000 863.0
1680000 93.6
1685000 756.1
1690000 782.0
1695000 816.7
1700000 824.4
1705000 873.5
1710000 860.4
1715000 812.3
1720000 907.4
1725000 809.1
1730000 696.3
1735000 915.1
1740000 4.0
1745000 820.6
1750000 899.9
1755000 4.5
1760000 880.0
1765000 873.2
1770000 898.2
1775000 708.8
1780000 920.8
1785000 871.3
1790000 899.3
1795000 896.0
1800000 911.8
1805000 777.3
1810000 874.6
1815000 876.6
1820000 896.8
1825000 786.4
1830000 860.5
1835000 760.1
1840000 876.8
1845000 756.6
1850000 909.7
1855000 904.9
1860000 872.3
1865000 842.0
1870000 815.5
1875000 898.6
1880000 911.1
1885000 808.7
1890000 827.2
1895000 906.9
1900000 802.5
1905000 849.0
1910000 872.7
1915000 889.6
1920000 884.4
1925000 829.7
1930000 914.8
1935000 71.5
1940000 5.7
1945000 836.3
1950000 856.0
1955000 889.4
1960000 5.1
1965000 891.0
1970000 727.4
1975000 912.7
1980000 921.9
1985000 871.1
1990000 867.1
1995000 894.7
2000000 894.3
