5000 4.0
10000 5.5
15000 4.8
20000 5.6
25000 4.3
30000 4.4
35000 5.3
40000 4.0
45000 5.6
50000 5.1
55000 5.5
60000 3.8
65000 6.0
70000 6.4
75000 5.8
80000 6.0
85000 5.8
90000 5.9
95000 7.6
100000 5.6
105000 12.7
110000 6.4
115000 79.2
120000 66.1
125000 109.7
130000 135.9
135000 56.9
140000 4.6
145000 43.8
150000 148.0
155000 5.8
160000 82.0
165000 128.6
170000 75.8
175000 79.9
180000 9.0
185000 127.5
190000 57.6
195000 119.5
200000 102.5
205000 133.3
210000 6.3
215000 24.0
220000 168.2
225000 165.2
230000 187.2
235000 194.3
240000 275.6
245000 163.9
250000 129.9
255000 217.8
260000 196.6
265000 211.8
270000 214.7
275000 268.6
280000 204.8
285000 272.5
290000 274.7
295000 292.4
300000 263.1
305000 363.7
310000 322.7
315000 337.4
320000 343.2
325000 368.7
330000 348.9
335000 373.8
340000 369.8
345000 409.7
350000 372.0
355000 404.6
360000 376.6
365000 458.2
370000 443.5
375000 443.0
380000 452.4
385000 457.8
390000 464.5
395000 544.6
400000 451.1
405000 542.7
410000 541.5
415000 460.1
420000 481.3
425000 544.6
430000 582.4
435000 531.2
440000 695.3
445000 657.3
450000 616.7
455000 599.4
460000 630.2
465000 687.5
470000 638.0
475000 620.5
480000 624.8
485000 715.1
490000 604.4
495000 689.7
500000 722.4
505000 669.3
510000 703.1
515000 723.2
520000 755.3
525000 574.0
530000 718.4
535000 683.0
540000 813.1
545000 788.9
550000 751.8
555000 769.2
560000 840.0
565000 781.0
570000 855.1
575000 599.9
580000 686.3
585000 848.4
590000 648.8
595000 840.5
600000 871.1
605000 712.7
610000 615.3
615000 861.5
620000 703.0
625000 766.9
630000 800.1
635000 782.7
640000 842.8
645000 629.6
650000 655.7
655000 837.5
660000 888.9
665000 600.6
670000 798.2
675000 715.9
680000 714.2
685000 691.7
690000 777.3
695000 588.8
700000 888.8
705000 806.5
710000 845.8
715000 908.5
720000 871.3
725000 673.5
730000 841.1
735000 869.6
740000 873.4
745000 587.1
750000 716.2
755000 890.0
760000 829.7
765000 607.7
770000 798.9
775000 843.2
780000 896.0
785000 807.9
790000 901.5
795000 895.1
800000 897.1
805000 722.7
810000 823.4
815000 802.4
820000 841.9
825000 871.6
830000 857.3
835000 855.0
840000 831.1
845000 852.4
850000 894.9
855000 904.0
860000 901.8
865000 870.4
870000 789.6
875000 876.1
880000 873.6
885000 655.0
890000 848.8
895000 888.0
900000 844.7
905000 710.6
910000 782.2
915000 885.2
920000 905.4
925000 714.4
930000 896.9
935000 909.7
940000 901.2
945000 830.8
950000 754.5
955000 873.0
960000 872.3
965000 694.0
970000 873.3
975000 881.3
980000 878.3
985000 711.0
990000 743.8
995000 763.2
1000000 873.8
1005000 885.4
1010000 890.4
1015000 780.4
1020000 883.2
1025000 723.5
1030000 899.3
1035000 901.6
1040000 780.6
1045000 649.5
1050000 866.8
1055000 870.1
1060000 906.0
1065000 754.3
1070000 755.8
1075000 894.4
1080000 849.9
1085000 758.8
1090000 828.1
1095000 886.8
1100000 794.8
1105000 796.4
1110000 786.6
1115000 900.1
1120000 838.0
1125000 887.9
1130000 903.7
1135000 769.4
1140000 904.8
1145000 884.2
1150000 878.8
1155000 746.4
1160000 844.8
1165000 28.0
1170000 6.4
1175000 770.0
1180000 878.7
1185000 682.3
1190000 808.8
1195000 264.6
1200000 360.5
1205000 668.4
1210000 332.9
1215000 803.5
1220000 852.1
1225000 838.7
1230000 4.0
1235000 877.2
1240000 897.0
1245000 864.6
1250000 828.6
1255000 846.5
1260000 804.1
1265000 633.3
1270000 886.0
1275000 216.5
1280000 4.2
1285000 707.5
1290000 826.6
1295000 5.6
1300000 427.0
1305000 755.8
1310000 860.8
1315000 708.8
1320000 821.3
1325000 746.0
1330000 889.2
1335000 310.4
1340000 313.5
1345000 710.3
1350000 3.2
1355000 872.3
1360000 839.2
1365000 674.2
1370000 760.8
1375000 191.0
1380000 746.6
1385000 792.2
1390000 774.8
1395000 784.2
1400000 786.0
1405000 580.5
1410000 374.7
1415000 864.3
1420000 834.6
1425000 604.8
1430000 850.2
1435000 881.7
1440000 820.0
1445000 654.8
1450000 771.0
1455000 809.1
1460000 880.2
1465000 726.7
1470000 631.8
1475000 788.4
1480000 723.6
1485000 775.2
1490000 779.5
1495000 790.5
1500000 8.1
1505000 808.8
1510000 880.8
1515000 837.8
1520000 893.0
1525000 780.4
1530000 864.2
1535000 823.8
1540000 5.7
1545000 770.5
1550000 865.9
1555000 894.3
1560000 919.1
1565000 727.4
1570000 544.8
1575000 882.6
1580000 837.4
1585000 633.0
1590000 833.6
1595000 754.0
1600000 53.7
1605000 524.7
1610000 765.9
1615000 683.4
1620000 829.2
1625000 634.5
1630000 655.3
1635000 789.0
1640000 738.7
1645000 685.2
1650000 786.8
1655000 579.7
1660000 872.7
1665000 670.8
1670000 744.0
1675000 858.2
1680000 775.6
1685000 806.9
1690000 7.0
1695000 844.7
1700000 892.1
1705000 696.2
1710000 831.1
1715000 702.9
1720000 858.0
1725000 585.5
1730000 888.5
1735000 872.0
1740000 676.4
1745000 583.9
1750000 700.7
1755000 899.7
1760000 862.8
1765000 758.3
1770000 283.4
1775000 457.8
1780000 856.3
1785000 707.9
1790000 879.6
1795000 778.6
1800000 640.3
1805000 656.8
1810000 865.2
1815000 884.1
1820000 128.3
1825000 712.9
1830000 869.5
1835000 755.1
1840000 825.2
1845000 688.0
1850000 6.1
1855000 867.0
1860000 738.8
1865000 577.4
1870000 773.8
1875000 901.9
1880000 848.0
1885000 818.3
1890000 807.5
1895000 733.8
1900000 896.7
1905000 806.6
1910000 863.6
1915000 108.3
1920000 700.7
1925000 706.8
1930000 828.2
1935000 902.2
1940000 832.6
1945000 762.2
1950000 904.3
1955000 805.3
1960000 886.4
1965000 637.0
1970000 862.2
1975000 884.3
1980000 854.1
1985000 780.6
1990000 665.0
1995000 29.1
2000000 755.2
