5000 4.9
10000 4.4
15000 3.9
20000 4.7
25000 4.4
30000 5.4
35000 4.6
40000 5.5
45000 4.1
50000 3.4
55000 5.0
60000 4.9
65000 5.4
70000 4.9
75000 4.1
80000 5.2
85000 5.3
90000 5.3
95000 7.0
100000 4.5
105000 6.1
110000 4.5
115000 5.6
120000 4.0
125000 5.2
130000 5.6
135000 5.3
140000 7.3
145000 3.9
150000 13.4
155000 85.1
160000 44.4
165000 34.4
170000 108.9
175000 161.0
180000 44.3
185000 141.6
190000 39.4
195000 25.7
200000 161.2
205000 93.7
210000 102.9
215000 24.6
220000 109.0
225000 151.9
230000 74.3
235000 91.3
240000 11.9
245000 16.1
250000 159.1
255000 98.2
260000 11.7
265000 278.5
270000 258.2
275000 9.7
280000 240.3
285000 325.2
290000 251.6
295000 275.0
300000 228.4
305000 361.7
310000 240.5
315000 235.0
320000 323.9
325000 320.8
330000 213.0
335000 132.3
340000 190.8
345000 413.2
350000 331.6
355000 398.1
360000 277.9
365000 454.6
370000 468.5
375000 460.0
380000 413.1
385000 470.4
390000 502.0
395000 528.4
400000 493.1
405000 524.4
410000 506.9
415000 531.3
420000 516.0
425000 533.4
430000 565.2
435000 535.9
440000 524.3
445000 603.2
450000 606.1
455000 586.2
460000 551.3
465000 638.4
470000 576.1
475000 558.6
480000 640.3
485000 598.3
490000 543.5
495000 704.1
500000 638.6
505000 660.9
510000 680.0
515000 686.7
520000 699.3
525000 619.7
530000 783.9
535000 626.2
540000 655.8
545000 745.0
550000 728.2
555000 780.7
560000 766.7
565000 663.8
570000 821.8
575000 714.3
580000 859.2
585000 839.6
590000 730.7
595000 856.1
600000 867.4
605000 747.0
610000 830.1
615000 867.1
620000 815.5
625000 659.2
630000 777.2
635000 841.9
640000 905.3
645000 818.0
650000 848.6
655000 825.0
660000 862.0
665000 882.2
670000 849.6
675000 898.1
680000 855.7
685000 847.7
690000 876.6
695000 825.8
700000 910.7
705000 814.7
710000 847.4
715000 905.7
720000 913.5
725000 885.5
730000 820.0
735000 853.5
740000 909.5
745000 888.9
750000 743.2
755000 912.4
760000 901.3
765000 830.6
770000 835.4
775000 860.0
780000 899.2
785000 905.7
790000 850.2
795000 862.1
800000 899.6
805000 789.5
810000 849.2
815000 842.4
820000 897.1
825000 843.3
830000 782.4
835000 892.9
840000 880.5
845000 853.0
850000 890.3
855000 776.4
860000 860.0
865000 791.5
870000 875.4
875000 888.9
880000 810.1
885000 747.1
890000 901.8
895000 823.9
900000 880.8
905000 750.3
910000 855.0
915000 906.0
920000 913.3
925000 783.8
930000 801.3
935000 873.0
940000 793.7
945000 892.6
950000 879.3
955000 860.3
960000 802.9
965000 747.3
970000 848.2
975000 839.9
980000 867.4
985000 833.1
990000 880.3
995000 739.9
1000000 841.8
1005000 868.7
1010000 885.6
1015000 881.3
1020000 855.4
1025000 886.7
1030000 837.3
1035000 863.7
1040000 877.2
1045000 727.8
1050000 897.6
1055000 706.0
1060000 900.9
1065000 821.2
1070000 898.1
1075000 900.9
1080000 878.3
1085000 880.0
1090000 765.9
1095000 897.8
1100000 860.1
1105000 743.6
1110000 876.7
1115000 8.5
1120000 6.6
1125000 784.0
1130000 5.2
1135000 863.4
1140000 709.4
1145000 821.5
1150000 914.9
1155000 868.8
1160000 891.6
1165000 729.8
1170000 882.4
1175000 900.7
1180000 869.0
1185000 704.3
1190000 839.4
1195000 841.7
1200000 5.4
1205000 779.9
1210000 536.4
1215000 430.1
1220000 785.9
1225000 847.9
1230000 888.3
1235000 897.5
1240000 889.1
1245000 846.6
1250000 900.0
1255000 777.0
1260000 750.8
1265000 873.3
1270000 836.0
1275000 887.1
1280000 6.1
1285000 800.4
1290000 5.9
1295000 821.0
1300000 367.6
1305000 707.0
1310000 792.7
1315000 892.2
1320000 912.2
1325000 848.9
1330000 777.2
1335000 749.0
1340000 782.2
1345000 323.4
1350000 101.7
1355000 726.1
1360000 765.8
1365000 828.8
1370000 903.8
1375000 791.2
1380000 415.7
1385000 735.6
1390000 806.7
1395000 873.1
1400000 916.6
1405000 800.1
1410000 580.3
1415000 805.3
1420000 911.5
1425000 14.0
1430000 757.0
1435000 834.4
1440000 5.0
1445000 784.9
1450000 898.5
1455000 856.8
1460000 869.8
1465000 617.1
1470000 5.4
1475000 710.8
1480000 680.1
1485000 201.3
1490000 18.3
1495000 447.3
1500000 680.2
1505000 706.1
1510000 728.3
1515000 730.3
1520000 863.2
1525000 693.2
1530000 649.4
1535000 893.2
1540000 847.8
1545000 792.2
1550000 735.8
1555000 556.5
1560000 869.3
1565000 799.4
1570000 4.3
1575000 688.5
1580000 784.7
1585000 874.4
1590000 292.8
1595000 869.9
1600000 4.9
1605000 763.4
1610000 879.8
1615000 773.7
1620000 867.5
1625000 655.4
1630000 811.4
1635000 440.2
1640000 782.1
1645000 667.2
1650000 544.3
1655000 800.8
1660000 10.1
1665000 879.6
1670000 631.3
1675000 881.3
1680000 868.9
1685000 704.8
1690000 777.6
1695000 815.0
1700000 841.3
1705000 779.6
1710000 747.3
1715000 730.2
1720000 790.0
1725000 667.9
1730000 873.5
1735000 91.6
1740000 832.1
1745000 623.7
1750000 623.3
1755000 823.6
1760000 692.0
1765000 668.0
1770000 785.6
1775000 838.9
1780000 737.2
1785000 753.1
1790000 4.6
1795000 889.1
1800000 750.8
1805000 832.4
1810000 679.7
1815000 862.3
1820000 813.5
1825000 716.7
1830000 833.3
1835000 654.2
1840000 7.8
1845000 491.8
1850000 787.0
1855000 792.2
1860000 892.5
1865000 806.2
1870000 879.7
1875000 85.5
1880000 611.4
1885000 769.6
1890000 835.6
1895000 72.2
1900000 916.5
1905000 725.1
1910000 875.7
1915000 725.8
1920000 507.5
1925000 687.2
1930000 885.9
1935000 809.2
1940000 750.7
1945000 727.6
1950000 708.3
1955000 758.8
1960000 846.9
1965000 812.7
1970000 790.0
1975000 865.3
1980000 866.1
1985000 748.8
1990000 770.7
1995000 871.3
2000000 6.6
