5000 4.2
10000 5.3
15000 4.9
20000 4.1
25000 6.3
30000 3.5
35000 3.9
40000 2.8
45000 6.9
50000 4.1
55000 3.6
60000 3.0
65000 5.1
70000 2.9
75000 4.0
80000 3.8
85000 4.3
90000 4.5
95000 6.5
100000 19.5
105000 109.0
110000 12.8
115000 47.8
120000 5.2
125000 68.5
130000 5.6
135000 148.6
140000 111.1
145000 85.5
150000 176.4
155000 5.8
160000 133.7
165000 156.1
170000 22.5
175000 212.6
180000 305.4
185000 201.9
190000 161.8
195000 172.3
200000 168.4
205000 280.1
210000 269.2
215000 190.3
220000 198.6
225000 335.5
230000 258.1
235000 301.5
240000 209.8
245000 335.5
250000 334.0
255000 313.8
260000 373.1
265000 405.0
270000 346.8
275000 330.9
280000 209.3
285000 387.0
290000 368.3
295000 405.4
300000 360.5
305000 420.9
310000 412.6
315000 422.1
320000 381.7
325000 412.4
330000 387.5
335000 468.5
340000 413.5
345000 477.0
350000 429.3
355000 450.0
360000 445.6
365000 506.6
370000 527.1
375000 487.1
380000 500.4
385000 522.2
390000 526.4
395000 522.1
400000 534.2
405000 572.1
410000 554.9
415000 611.5
420000 570.4
425000 637.6
430000 571.4
435000 625.1
440000 734.8
445000 613.3
450000 697.3
455000 830.9
460000 813.0
465000 737.7
470000 868.8
475000 847.9
480000 810.3
485000 823.8
490000 730.7
495000 850.4
500000 887.7
505000 872.1
510000 888.6
515000 901.3
520000 808.5
525000 810.7
530000 817.4
535000 798.4
540000 885.1
545000 900.9
550000 905.8
555000 901.0
560000 884.2
565000 897.5
570000 869.6
575000 912.6
580000 807.8
585000 857.6
590000 890.6
595000 905.7
600000 853.5
605000 835.1
610000 893.0
615000 849.8
620000 879.7
625000 751.1
630000 735.8
635000 913.4
640000 901.6
645000 898.9
650000 898.8
655000 890.9
660000 843.3
665000 894.8
670000 794.7
675000 896.8
680000 895.2
685000 923.4
690000 919.0
695000 883.7
700000 924.3
705000 715.7
710000 900.3
715000 908.3
720000 897.9
725000 729.3
730000 814.0
735000 813.1
740000 890.0
745000 838.6
750000 917.6
755000 919.7
760000 907.6
765000 796.3
770000 917.8
775000 880.7
780000 905.1
785000 871.2
790000 865.4
795000 904.3
800000 899.2
805000 879.7
810000 890.8
815000 841.6
820000 784.1
825000 854.2
830000 875.9
835000 912.0
840000 908.7
845000 920.0
850000 811.4
855000 892.5
860000 879.0
865000 889.8
870000 880.5
875000 872.9
880000 916.1
885000 880.8
890000 838.9
895000 911.7
900000 906.1
905000 912.2
910000 885.3
915000 795.3
920000 917.0
925000 769.3
930000 888.1
935000 779.7
940000 891.6
945000 836.1
950000 882.6
955000 814.9
960000 921.5
965000 922.2
970000 900.9
975000 926.8
980000 899.5
985000 908.0
990000 919.4
995000 899.3
1000000 917.3
1005000 899.7
1010000 778.2
1015000 856.7
1020000 923.3
1025000 899.2
1030000 909.6
1035000 914.9
1040000 905.8
1045000 842.8
1050000 872.8
1055000 901.5
1060000 868.3
1065000 752.6
1070000 834.9
1075000 908.4
1080000 873.7
1085000 645.7
1090000 902.1
1095000 101.7
1100000 904.2
1105000 898.2
1110000 904.8
1115000 532.6
1120000 918.7
1125000 484.1
1130000 816.5
1135000 838.6
1140000 856.4
1145000 814.9
1150000 901.0
1155000 911.9
1160000 861.0
1165000 906.3
1170000 861.4
1175000 745.0
1180000 884.9
1185000 852.3
1190000 820.2
1195000 820.6
1200000 300.1
1205000 770.7
1210000 718.0
1215000 848.4
1220000 857.8
1225000 800.6
1230000 738.7
1235000 867.7
1240000 910.6
1245000 860.8
1250000 866.2
1255000 761.2
1260000 270.7
1265000 823.8
1270000 752.4
1275000 923.8
1280000 852.3
1285000 847.2
1290000 812.6
1295000 885.0
1300000 816.7
1305000 777.9
1310000 872.5
1315000 7.7
1320000 897.0
1325000 892.1
1330000 887.8
1335000 524.2
1340000 885.3
1345000 874.7
1350000 886.1
1355000 845.0
1360000 567.4
1365000 866.9
1370000 844.9
1375000 679.4
1380000 759.2
1385000 806.5
1390000 813.2
1395000 908.3
1400000 919.0
1405000 605.0
1410000 749.1
1415000 773.3
1420000 909.9
1425000 655.8
1430000 884.9
1435000 696.2
1440000 857.2
1445000 794.9
1450000 6.7
1455000 6.8
1460000 879.2
1465000 413.9
1470000 815.5
1475000 824.3
1480000 848.7
1485000 801.9
1490000 864.8
1495000 419.7
1500000 870.2
1505000 687.1
1510000 873.9
1515000 902.5
1520000 844.3
1525000 669.0
1530000 841.2
1535000 756.8
1540000 779.3
1545000 826.0
1550000 887.4
1555000 832.3
1560000 366.8
1565000 838.9
1570000 888.5
1575000 785.3
1580000 882.5
1585000 765.8
1590000 767.1
1595000 794.1
1600000 913.9
1605000 799.3
1610000 850.4
1615000 834.1
1620000 277.6
1625000 714.3
1630000 896.8
1635000 903.0
1640000 550.8
1645000 866.5
1650000 892.9
1655000 901.2
1660000 527.5
1665000 677.8
1670000 913.9
1675000 650.8
1680000 841.9
1685000 751.4
1690000 873.7
1695000 814.7
1700000 841.9
1705000 893.4
1710000 887.7
1715000 909.7
1720000 911.9
1725000 748.6
1730000 909.4
1735000 894.1
1740000 798.4
1745000 904.3
1750000 893.2
1755000 870.8
1760000 907.1
1765000 871.6
1770000 905.4
1775000 917.5
1780000 430.7
1785000 769.5
1790000 837.6
1795000 866.2
1800000 871.5
1805000 763.6
1810000 799.5
1815000 823.5
1820000 806.9
1825000 864.3
1830000 880.5
1835000 893.3
1840000 901.2
1845000 728.6
1850000 909.1
1855000 869.7
1860000 10.9
1865000 817.7
1870000 884.9
1875000 887.9
1880000 884.1
1885000 719.8
1890000 835.5
1895000 914.0
1900000 888.9
1905000 785.3
1910000 860.2
1915000 857.8
1920000 873.4
1925000 888.3
1930000 859.2
1935000 900.5
1940000 854.0
1945000 865.0
1950000 309.5
1955000 876.1
1960000 392.0
1965000 813.3
1970000 875.8
1975000 835.7
1980000 832.3
1985000 756.7
1990000 872.1
1995000 872.4
2000000 4.6
