5000 283.1
10000 204.8
15000 220.4
20000 357.1
25000 104.6
30000 250.1
35000 226.9
40000 139.9
45000 114.6
50000 270.2
55000 115.6
60000 12.9
65000 227.9
70000 440.0
75000 508.6
80000 575.9
85000 116.4
90000 254.4
95000 167.0
100000 684.2
105000 156.0
110000 182.4
115000 417.3
120000 304.2
125000 199.2
130000 346.7
135000 464.6
140000 221.9
145000 415.7
150000 203.6
155000 460.9
160000 403.7
165000 335.6
170000 520.2
175000 380.5
180000 624.2
185000 379.4
190000 288.1
195000 349.4
200000 440.7
205000 235.9
210000 411.2
215000 354.5
220000 376.9
225000 323.3
230000 408.6
235000 560.8
240000 484.8
245000 817.3
250000 283.5
255000 527.5
260000 428.9
265000 631.0
270000 515.9
275000 614.2
280000 303.7
285000 534.0
290000 230.1
295000 433.5
300000 470.2
305000 569.7
310000 207.1
315000 348.7
320000 416.6
325000 584.5
330000 446.7
335000 282.2
340000 616.8
345000 434.6
350000 440.1
355000 643.9
360000 723.4
365000 633.0
370000 279.0
375000 453.0
380000 355.8
385000 319.1
390000 425.2
395000 416.8
400000 297.6
405000 509.3
410000 662.3
415000 766.5
420000 433.0
425000 621.0
430000 521.5
435000 517.9
440000 618.7
445000 416.8
450000 520.0
455000 454.4
460000 345.0
465000 497.2
470000 560.3
475000 269.7
480000 460.9
485000 472.3
490000 329.8
495000 678.3
500000 520.4
505000 673.3
510000 500.7
515000 381.6
520000 546.8
525000 408.6
530000 227.8
535000 693.2
540000 557.7
545000 417.2
550000 715.4
555000 600.6
560000 198.8
565000 563.1
570000 369.7
575000 508.5
580000 602.8
585000 789.0
590000 384.4
595000 296.2
600000 465.7
605000 337.0
610000 792.4
615000 669.7
620000 538.9
625000 455.9
630000 744.9
635000 616.7
640000 410.5
645000 742.1
650000 477.2
655000 461.6
660000 407.7
665000 438.3
670000 417.7
675000 665.8
680000 357.4
685000 709.2
690000 501.2
695000 507.6
700000 476.0
705000 580.7
710000 608.3
715000 786.3
720000 488.9
725000 374.7
730000 514.6
735000 673.1
740000 584.3
745000 606.4
750000 583.8
755000 538.9
760000 551.6
765000 418.3
770000 396.2
775000 575.1
780000 622.8
785000 543.2
790000 432.3
795000 301.8
800000 488.6
805000 610.0
810000 650.2
815000 448.6
820000 633.5
825000 477.5
830000 677.8
835000 677.4
840000 426.1
845000 607.3
850000 634.2
855000 273.6
860000 373.7
865000 372.3
870000 659.8
875000 431.0
880000 582.3
885000 329.3
890000 479.1
895000 478.7
900000 818.9
905000 523.2
910000 440.0
915000 532.8
920000 530.2
925000 298.3
930000 675.8
935000 729.4
940000 359.6
945000 320.2
950000 307.6
955000 326.6
960000 656.8
965000 459.8
970000 438.9
975000 658.2
980000 483.8
985000 613.8
990000 445.1
995000 368.5
1000000 570.4
