5000 62.4
10000 229.9
15000 175.7
20000 20.5
25000 389.3
30000 280.2
35000 196.5
40000 173.9
45000 238.2
50000 15.4
55000 177.2
60000 221.5
65000 250.0
70000 272.9
75000 670.6
80000 295.9
85000 207.1
90000 206.8
95000 255.6
100000 331.6
105000 212.8
110000 392.7
115000 356.4
120000 464.5
125000 690.6
130000 325.7
135000 343.6
140000 411.0
145000 345.2
150000 357.0
155000 299.9
160000 488.2
165000 275.9
170000 616.1
175000 516.6
180000 319.3
185000 412.4
190000 380.7
195000 743.3
200000 469.3
205000 602.3
210000 714.8
215000 461.9
220000 724.4
225000 418.2
230000 528.3
235000 375.7
240000 534.6
245000 617.7
250000 592.7
255000 429.6
260000 679.6
265000 413.4
270000 308.2
275000 423.2
280000 612.3
285000 601.3
290000 427.1
295000 717.9
300000 676.6
305000 472.3
310000 499.6
315000 475.4
320000 461.1
325000 549.9
330000 434.2
335000 599.5
340000 648.3
345000 574.5
350000 554.4
355000 668.1
360000 444.9
365000 470.6
370000 363.8
375000 556.8
380000 602.5
385000 459.6
390000 476.8
395000 604.8
400000 316.1
405000 670.7
410000 453.3
415000 537.5
420000 624.0
425000 584.2
430000 496.0
435000 336.0
440000 230.6
445000 648.0
450000 491.7
455000 727.7
460000 367.9
465000 338.9
470000 453.6
475000 517.6
480000 663.3
485000 513.2
490000 446.3
495000 185.9
500000 530.3
505000 456.8
510000 610.9
515000 679.7
520000 647.2
525000 388.3
530000 593.2
535000 694.5
540000 403.0
545000 505.2
550000 302.6
555000 592.9
560000 326.4
565000 459.1
570000 446.9
575000 691.5
580000 397.1
585000 267.8
590000 584.7
595000 618.2
600000 429.5
605000 791.5
610000 590.1
615000 692.7
620000 350.1
625000 592.8
630000 262.1
635000 551.7
640000 325.0
645000 441.5
650000 668.4
655000 386.7
660000 542.6
665000 537.8
670000 500.9
675000 490.9
680000 552.6
685000 547.6
690000 718.8
695000 579.8
700000 412.9
705000 537.4
710000 565.0
715000 771.0
720000 498.9
725000 484.6
730000 382.3
735000 576.3
740000 399.6
745000 632.0
750000 580.1
755000 480.4
760000 363.8
765000 575.4
770000 445.9
775000 646.7
780000 624.9
785000 378.2
790000 386.8
795000 551.2
800000 394.6
805000 390.7
810000 386.9
815000 555.3
820000 484.8
825000 496.7
830000 601.1
835000 535.5
840000 529.2
845000 571.3
850000 556.6
855000 456.5
860000 511.2
865000 608.8
870000 682.1
875000 472.2
880000 562.6
885000 424.3
890000 694.6
895000 408.1
900000 617.6
905000 439.8
910000 668.0
915000 386.2
920000 456.9
925000 693.2
930000 645.5
935000 678.5
940000 660.7
945000 662.9
950000 483.1
955000 486.9
960000 581.5
965000 476.8
970000 624.7
975000 571.7
980000 490.0
985000 525.0
990000 578.5
995000 330.1
1000000 590.2
