5000 146.0
10000 195.9
15000 210.3
20000 164.0
25000 201.1
30000 160.3
35000 70.2
40000 282.4
45000 326.8
50000 357.0
55000 163.6
60000 322.2
65000 317.3
70000 8.6
75000 394.3
80000 379.5
85000 485.2
90000 389.0
95000 389.8
100000 470.9
105000 361.1
110000 377.0
115000 579.2
120000 490.5
125000 419.0
130000 297.2
135000 535.7
140000 421.9
145000 423.0
150000 505.2
155000 574.3
160000 263.9
165000 487.5
170000 478.4
175000 595.1
180000 465.0
185000 498.0
190000 370.1
195000 490.5
200000 398.7
205000 848.6
210000 458.7
215000 491.4
220000 441.4
225000 482.3
230000 449.0
235000 392.7
240000 703.3
245000 475.1
250000 256.9
255000 352.4
260000 492.0
265000 687.8
270000 243.2
275000 564.0
280000 420.7
285000 651.9
290000 323.7
295000 576.4
300000 571.5
305000 601.5
310000 568.1
315000 459.5
320000 527.4
325000 630.7
330000 586.0
335000 691.4
340000 370.8
345000 350.0
350000 509.7
355000 433.5
360000 414.9
365000 506.5
370000 428.1
375000 530.5
380000 444.3
385000 430.5
390000 695.1
395000 550.9
400000 599.3
405000 674.1
410000 571.5
415000 464.0
420000 591.5
425000 477.5
430000 550.7
435000 434.6
440000 467.4
445000 479.1
450000 565.1
455000 578.3
460000 632.9
465000 515.0
470000 582.8
475000 546.1
480000 668.3
485000 538.3
490000 646.3
495000 599.3
500000 576.3
505000 492.1
510000 334.2
515000 526.8
520000 700.4
525000 192.0
530000 593.2
535000 431.8
540000 550.4
545000 548.9
550000 733.4
555000 564.9
560000 565.3
565000 547.7
570000 443.7
575000 431.9
580000 572.4
585000 598.0
590000 566.7
595000 546.6
600000 600.8
605000 511.7
610000 629.2
615000 433.7
620000 740.8
625000 597.1
630000 505.8
635000 711.2
640000 493.2
645000 497.0
650000 637.4
655000 835.9
660000 661.1
665000 581.0
670000 515.4
675000 485.3
680000 548.3
685000 583.4
690000 576.3
695000 498.5
700000 503.5
705000 642.0
710000 544.9
715000 647.8
720000 486.1
725000 470.8
730000 707.8
735000 582.8
740000 538.1
745000 501.8
750000 704.1
755000 539.6
760000 609.3
765000 737.7
770000 443.9
775000 544.2
780000 679.4
785000 683.1
790000 468.0
795000 545.9
800000 577.5
805000 619.0
810000 600.1
815000 514.8
820000 625.2
825000 529.8
830000 765.2
835000 481.9
840000 700.9
845000 642.3
850000 436.2
855000 683.2
860000 709.7
865000 390.0
870000 496.8
875000 606.9
880000 546.6
885000 610.8
890000 538.8
895000 527.6
900000 593.0
905000 494.9
910000 562.4
915000 617.2
920000 488.9
925000 348.2
930000 572.0
935000 643.2
940000 697.0
945000 606.9
950000 541.8
955000 626.8
960000 644.1
965000 704.6
970000 558.0
975000 683.9
980000 750.4
985000 758.6
990000 623.9
995000 482.4
1000000 623.0
