5000 158.5
10000 80.9
15000 105.2
20000 281.3
25000 212.1
30000 50.9
35000 225.9
40000 120.3
45000 208.7
50000 132.7
55000 89.1
60000 312.8
65000 417.9
70000 322.9
75000 163.2
80000 279.0
85000 108.1
90000 309.8
95000 499.8
100000 374.3
105000 241.7
110000 391.2
115000 444.1
120000 387.3
125000 332.6
130000 359.4
135000 304.6
140000 777.9
145000 638.6
150000 308.0
155000 410.4
160000 366.0
165000 382.0
170000 283.6
175000 11.3
180000 243.2
185000 381.7
190000 202.0
195000 253.5
200000 447.6
205000 485.1
210000 668.7
215000 454.6
220000 426.5
225000 407.0
230000 741.6
235000 414.7
240000 275.1
245000 537.8
250000 482.8
255000 217.7
260000 491.6
265000 406.4
270000 377.6
275000 339.1
280000 346.3
285000 550.0
290000 480.6
295000 406.3
300000 453.4
305000 599.5
310000 671.4
315000 442.2
320000 442.7
325000 522.5
330000 373.4
335000 423.1
340000 304.0
345000 470.9
350000 321.3
355000 407.9
360000 871.3
365000 497.7
370000 425.3
375000 535.6
380000 419.4
385000 579.5
390000 294.1
395000 608.9
400000 443.5
405000 330.2
410000 335.5
415000 417.5
420000 283.2
425000 667.5
430000 403.1
435000 664.8
440000 727.5
445000 446.1
450000 575.3
455000 630.4
460000 559.1
465000 547.2
470000 634.4
475000 396.7
480000 638.0
485000 486.5
490000 751.4
495000 524.0
500000 457.7
505000 480.9
510000 484.0
515000 395.8
520000 374.6
525000 498.1
530000 555.6
535000 333.2
540000 344.5
545000 641.5
550000 459.1
555000 495.9
560000 399.5
565000 640.6
570000 384.2
575000 578.8
580000 476.0
585000 749.2
590000 453.4
595000 553.2
600000 614.3
605000 310.6
610000 770.1
615000 478.4
620000 429.5
625000 626.2
630000 445.7
635000 422.5
640000 585.7
645000 662.6
650000 292.0
655000 551.5
660000 689.8
665000 544.2
670000 450.1
675000 510.2
680000 519.3
685000 524.0
690000 409.4
695000 580.4
700000 425.7
705000 540.9
710000 675.9
715000 465.0
720000 599.0
725000 335.3
730000 559.0
735000 583.0
740000 724.2
745000 367.1
750000 705.3
755000 473.3
760000 508.9
765000 426.3
770000 588.1
775000 407.3
780000 688.6
785000 482.0
790000 578.0
795000 569.4
800000 627.8
805000 554.9
810000 409.4
815000 441.7
820000 768.0
825000 563.8
830000 682.5
835000 521.5
840000 520.1
845000 353.4
850000 675.6
855000 864.2
860000 813.6
865000 267.2
870000 611.0
875000 584.6
880000 581.3
885000 575.4
890000 560.3
895000 471.6
900000 560.3
905000 632.4
910000 671.0
915000 354.0
920000 706.1
925000 613.6
930000 482.3
935000 517.7
940000 512.1
945000 764.9
950000 482.3
955000 276.4
960000 378.0
965000 532.3
970000 538.7
975000 400.1
980000 254.9
985000 500.0
990000 763.1
995000 603.3
1000000 511.2
