5000 265.1
10000 82.3
15000 103.4
20000 138.9
25000 109.8
30000 342.9
35000 254.0
40000 253.5
45000 253.5
50000 184.0
55000 361.2
60000 218.7
65000 380.1
70000 203.7
75000 309.6
80000 396.4
85000 471.0
90000 430.9
95000 431.6
100000 512.8
105000 551.2
110000 404.2
115000 277.2
120000 648.5
125000 366.4
130000 506.2
135000 275.0
140000 577.0
145000 410.4
150000 241.2
155000 448.2
160000 566.0
165000 515.3
170000 375.5
175000 383.7
180000 632.8
185000 533.6
190000 444.5
195000 421.3
200000 486.4
205000 544.7
210000 357.3
215000 509.7
220000 336.4
225000 251.0
230000 506.7
235000 333.4
240000 304.1
245000 395.7
250000 607.8
255000 454.4
260000 427.6
265000 405.3
270000 772.7
275000 304.9
280000 480.8
285000 253.3
290000 427.8
295000 593.7
300000 311.6
305000 480.9
310000 586.7
315000 613.8
320000 514.0
325000 350.0
330000 465.0
335000 640.0
340000 486.6
345000 547.5
350000 380.2
355000 688.0
360000 567.3
365000 555.3
370000 465.0
375000 637.0
380000 672.0
385000 737.5
390000 741.1
395000 675.9
400000 594.3
405000 577.5
410000 596.3
415000 488.6
420000 669.3
425000 660.9
430000 597.4
435000 598.9
440000 799.4
445000 554.4
450000 394.4
455000 495.5
460000 298.2
465000 641.3
470000 501.6
475000 381.0
480000 356.2
485000 680.0
490000 440.6
495000 545.7
500000 441.2
505000 504.8
510000 622.1
515000 699.0
520000 546.2
525000 799.0
530000 581.9
535000 478.4
540000 413.4
545000 305.2
550000 685.4
555000 440.1
560000 798.3
565000 587.3
570000 477.6
575000 469.7
580000 671.2
585000 287.4
590000 523.6
595000 644.2
600000 545.2
605000 429.3
610000 647.7
615000 745.7
620000 651.3
625000 760.3
630000 582.5
635000 585.0
640000 609.9
645000 659.9
650000 448.4
655000 672.7
660000 657.0
665000 621.8
670000 570.0
675000 540.4
680000 543.0
685000 606.1
690000 480.2
695000 517.5
700000 451.3
705000 673.3
710000 579.6
715000 449.3
720000 532.1
725000 625.2
730000 501.2
735000 756.3
740000 526.4
745000 382.3
750000 570.7
755000 603.6
760000 625.2
765000 364.2
770000 696.9
775000 291.7
780000 470.8
785000 441.2
790000 773.3
795000 396.6
800000 493.9
805000 702.9
810000 595.4
815000 532.0
820000 365.3
825000 672.8
830000 452.0
835000 393.5
840000 578.6
845000 555.6
850000 569.2
855000 504.9
860000 317.1
865000 448.3
870000 381.9
875000 690.5
880000 684.2
885000 458.1
890000 632.6
895000 650.0
900000 611.4
905000 543.3
910000 486.5
915000 371.1
920000 758.5
925000 621.6
930000 440.3
935000 640.7
940000 520.9
945000 664.2
950000 583.7
955000 447.6
960000 411.2
965000 591.5
970000 537.2
975000 464.5
980000 627.6
985000 557.0
990000 494.0
995000 623.6
1000000 444.9
