5000 107.8
10000 17.6
15000 175.4
20000 116.4
25000 59.7
30000 304.2
35000 98.5
40000 22.1
45000 18.4
50000 131.7
55000 12.7
60000 114.7
65000 18.0
70000 373.3
75000 220.5
80000 384.2
85000 175.8
90000 394.7
95000 90.6
100000 477.5
105000 305.5
110000 233.2
115000 243.5
120000 437.5
125000 717.2
130000 170.8
135000 440.9
140000 253.3
145000 139.6
150000 498.2
155000 490.0
160000 309.3
165000 250.9
170000 234.3
175000 337.5
180000 313.1
185000 408.5
190000 398.0
195000 686.2
200000 461.1
205000 499.4
210000 565.9
215000 447.7
220000 376.0
225000 335.2
230000 378.9
235000 615.1
240000 801.3
245000 539.6
250000 603.2
255000 439.6
260000 434.5
265000 489.7
270000 472.1
275000 301.5
280000 424.8
285000 520.2
290000 526.6
295000 550.9
300000 477.9
305000 323.9
310000 407.8
315000 331.0
320000 285.2
325000 396.3
330000 494.9
335000 587.7
340000 490.9
345000 404.0
350000 456.1
355000 418.1
360000 523.9
365000 532.6
370000 531.1
375000 78.3
380000 466.8
385000 236.4
390000 429.5
395000 340.2
400000 235.0
405000 469.0
410000 282.4
415000 629.8
420000 452.1
425000 580.4
430000 200.6
435000 280.4
440000 456.1
445000 609.3
450000 621.6
455000 644.6
460000 522.2
465000 256.3
470000 686.2
475000 422.1
480000 494.6
485000 562.9
490000 453.2
495000 573.4
500000 223.6
505000 491.7
510000 237.0
515000 399.3
520000 284.9
525000 655.1
530000 501.5
535000 568.2
540000 246.4
545000 641.9
550000 417.2
555000 437.1
560000 401.3
565000 374.1
570000 370.3
575000 491.2
580000 368.1
585000 710.7
590000 393.6
595000 626.3
600000 345.3
605000 510.7
610000 526.8
615000 650.5
620000 234.0
625000 557.8
630000 487.8
635000 286.0
640000 453.4
645000 417.7
650000 569.5
655000 539.2
660000 344.7
665000 443.8
670000 420.4
675000 337.8
680000 458.4
685000 468.8
690000 340.8
695000 640.6
700000 629.7
705000 458.7
710000 430.1
715000 447.9
720000 667.9
725000 672.1
730000 279.1
735000 406.0
740000 446.0
745000 531.2
750000 585.6
755000 371.1
760000 348.5
765000 305.7
770000 582.7
775000 590.3
780000 296.9
785000 535.7
790000 645.8
795000 237.9
800000 332.0
805000 468.1
810000 388.6
815000 573.7
820000 319.0
825000 485.6
830000 651.2
835000 584.6
840000 472.7
845000 435.2
850000 580.0
855000 532.6
860000 618.3
865000 426.3
870000 429.6
875000 339.2
880000 474.9
885000 324.7
890000 589.8
895000 476.1
900000 534.4
905000 586.8
910000 573.2
915000 645.8
920000 363.7
925000 365.7
930000 607.2
935000 357.2
940000 392.9
945000 528.0
950000 500.2
955000 648.4
960000 608.2
965000 500.2
970000 690.9
975000 710.7
980000 469.0
985000 465.3
990000 312.9
995000 354.4
1000000 310.3
