5000 28.5
10000 175.0
15000 188.9
20000 131.1
25000 285.5
30000 64.6
35000 277.5
40000 228.7
45000 287.4
50000 272.5
55000 192.7
60000 178.1
65000 32.2
70000 457.1
75000 273.8
80000 317.1
85000 327.0
90000 390.2
95000 350.6
100000 185.8
105000 191.1
110000 383.0
115000 518.1
120000 392.9
125000 532.2
130000 557.3
135000 313.2
140000 274.1
145000 245.6
150000 420.9
155000 258.9
160000 251.0
165000 322.1
170000 381.6
175000 479.1
180000 401.1
185000 809.7
190000 481.1
195000 420.5
200000 326.1
205000 504.1
210000 595.3
215000 448.8
220000 256.8
225000 533.9
230000 581.8
235000 625.1
240000 360.5
245000 459.6
250000 585.1
255000 510.2
260000 358.9
265000 471.6
270000 538.3
275000 367.3
280000 474.0
285000 732.7
290000 675.2
295000 553.1
300000 485.8
305000 373.6
310000 596.3
315000 332.6
320000 511.9
325000 332.0
330000 498.9
335000 668.8
340000 602.5
345000 502.2
350000 581.8
355000 575.7
360000 448.1
365000 689.5
370000 336.0
375000 563.4
380000 517.8
385000 656.5
390000 539.1
395000 478.1
400000 568.6
405000 579.7
410000 241.6
415000 239.3
420000 506.7
425000 634.0
430000 292.2
435000 612.9
440000 330.1
445000 566.7
450000 408.3
455000 527.8
460000 297.3
465000 541.7
470000 467.8
475000 384.4
480000 665.8
485000 717.8
490000 601.7
495000 541.5
500000 451.7
505000 406.3
510000 275.6
515000 457.5
520000 402.0
525000 574.3
530000 636.2
535000 354.7
540000 423.6
545000 533.2
550000 673.3
555000 597.4
560000 221.7
565000 479.0
570000 398.0
575000 439.2
580000 601.9
585000 586.8
590000 477.0
595000 598.2
600000 515.2
605000 360.5
610000 718.1
615000 721.3
620000 484.0
625000 529.0
630000 377.0
635000 660.4
640000 534.7
645000 881.6
650000 697.6
655000 510.4
660000 379.9
665000 440.1
670000 588.9
675000 544.8
680000 503.7
685000 397.6
690000 600.1
695000 437.7
700000 625.7
705000 505.9
710000 613.2
715000 366.1
720000 480.6
725000 629.4
730000 599.2
735000 602.7
740000 612.8
745000 612.8
750000 519.2
755000 562.8
760000 639.7
765000 524.1
770000 344.8
775000 243.1
780000 641.9
785000 183.0
790000 411.3
795000 504.1
800000 622.8
805000 490.0
810000 705.1
815000 528.6
820000 596.9
825000 366.1
830000 488.9
835000 378.9
840000 536.2
845000 590.2
850000 392.5
855000 494.7
860000 704.5
865000 361.5
870000 436.7
875000 726.5
880000 626.9
885000 597.8
890000 671.2
895000 625.1
900000 762.1
905000 594.8
910000 532.0
915000 555.3
920000 567.6
925000 615.7
930000 556.2
935000 521.7
940000 345.7
945000 381.6
950000 480.3
955000 687.2
960000 663.5
965000 413.7
970000 318.5
975000 702.4
980000 561.4
985000 448.8
990000 536.0
995000 435.1
1000000 589.8
