5000 87.1
10000 326.5
15000 212.3
20000 166.5
25000 367.5
30000 22.4
35000 266.9
40000 47.5
45000 364.2
50000 109.6
55000 184.3
60000 305.7
65000 207.9
70000 201.4
75000 100.9
80000 266.5
85000 291.2
90000 200.1
95000 450.9
100000 297.7
105000 181.6
110000 251.0
115000 165.9
120000 266.4
125000 537.9
130000 457.3
135000 431.0
140000 205.7
145000 276.3
150000 286.7
155000 97.8
160000 205.3
165000 568.3
170000 465.1
175000 518.3
180000 351.1
185000 352.3
190000 794.3
195000 334.2
200000 437.9
205000 408.7
210000 15.6
215000 204.2
220000 423.3
225000 332.2
230000 388.6
235000 418.6
240000 393.8
245000 434.6
250000 537.1
255000 473.2
260000 272.6
265000 360.0
270000 325.1
275000 378.6
280000 156.2
285000 509.4
290000 400.7
295000 631.5
300000 330.1
305000 274.2
310000 535.4
315000 250.6
320000 350.1
325000 378.7
330000 679.7
335000 604.8
340000 320.7
345000 214.0
350000 296.3
355000 534.6
360000 469.6
365000 367.2
370000 464.7
375000 498.5
380000 416.9
385000 322.8
390000 738.7
395000 454.1
400000 440.1
405000 322.3
410000 444.3
415000 638.4
420000 359.8
425000 588.8
430000 287.5
435000 628.9
440000 535.7
445000 422.5
450000 473.6
455000 609.4
460000 346.6
465000 473.9
470000 273.6
475000 581.5
480000 493.3
485000 387.6
490000 454.6
495000 427.1
500000 610.0
505000 270.0
510000 483.7
515000 494.8
520000 309.6
525000 249.6
530000 639.2
535000 471.9
540000 806.2
545000 697.0
550000 619.4
555000 321.4
560000 421.2
565000 302.9
570000 341.2
575000 406.3
580000 662.4
585000 533.2
590000 446.9
595000 495.3
600000 648.1
605000 319.0
610000 506.0
615000 515.0
620000 548.6
625000 272.2
630000 536.8
635000 552.4
640000 478.1
645000 531.4
650000 503.5
655000 366.8
660000 570.7
665000 126.5
670000 669.2
675000 354.0
680000 619.0
685000 546.7
690000 483.7
695000 396.1
700000 383.3
705000 324.9
710000 448.3
715000 554.2
720000 668.2
725000 603.0
730000 461.4
735000 650.0
740000 507.1
745000 358.4
750000 415.6
755000 356.4
760000 663.6
765000 375.7
770000 447.8
775000 388.0
780000 271.6
785000 505.1
790000 328.9
795000 529.7
800000 366.4
805000 309.1
810000 378.8
815000 273.6
820000 451.9
825000 501.9
830000 279.2
835000 384.5
840000 524.1
845000 340.3
850000 787.4
855000 625.2
860000 500.4
865000 415.5
870000 552.0
875000 827.2
880000 555.4
885000 292.5
890000 538.6
895000 361.0
900000 369.4
905000 427.7
910000 400.7
915000 426.2
920000 490.8
925000 660.4
930000 549.1
935000 284.4
940000 200.2
945000 192.9
950000 403.7
955000 453.6
960000 421.2
965000 562.2
970000 262.0
975000 300.2
980000 512.9
985000 106.7
990000 640.8
995000 509.4
1000000 710.7
