5000 163.6
10000 154.1
15000 57.8
20000 187.9
25000 192.5
30000 218.0
35000 237.9
40000 188.8
45000 178.4
50000 415.2
55000 239.2
60000 18.8
65000 135.6
70000 87.1
75000 112.9
80000 79.8
85000 204.0
90000 300.2
95000 565.7
100000 262.6
105000 425.6
110000 231.7
115000 342.6
120000 590.4
125000 398.4
130000 565.6
135000 358.9
140000 627.6
145000 445.4
150000 244.5
155000 554.2
160000 382.4
165000 466.4
170000 511.9
175000 491.7
180000 565.6
185000 431.0
190000 416.2
195000 592.6
200000 350.8
205000 469.7
210000 558.1
215000 565.5
220000 505.8
225000 456.5
230000 545.6
235000 380.2
240000 535.8
245000 429.3
250000 406.4
255000 652.5
260000 757.0
265000 467.2
270000 329.9
275000 443.1
280000 405.7
285000 358.6
290000 674.7
295000 673.9
300000 492.7
305000 344.8
310000 553.8
315000 674.4
320000 405.6
325000 513.6
330000 591.0
335000 432.1
340000 535.9
345000 626.4
350000 496.9
355000 628.1
360000 627.4
365000 430.8
370000 481.3
375000 248.4
380000 441.0
385000 510.4
390000 420.3
395000 579.0
400000 445.8
405000 588.9
410000 654.9
415000 447.8
420000 336.8
425000 450.3
430000 590.1
435000 536.4
440000 475.6
445000 585.9
450000 595.5
455000 401.4
460000 645.4
465000 391.2
470000 381.9
475000 571.1
480000 616.6
485000 618.7
490000 578.7
495000 705.6
500000 651.4
505000 559.2
510000 571.2
515000 341.1
520000 387.5
525000 450.8
530000 769.8
535000 621.4
540000 678.5
545000 340.5
550000 525.7
555000 755.2
560000 606.2
565000 441.4
570000 643.6
575000 443.6
580000 465.7
585000 491.1
590000 423.7
595000 460.4
600000 724.1
605000 649.8
610000 725.0
615000 439.6
620000 385.8
625000 575.2
630000 494.8
635000 543.2
640000 550.7
645000 665.4
650000 646.0
655000 362.7
660000 467.7
665000 645.9
670000 586.4
675000 782.8
680000 434.9
685000 380.5
690000 538.0
695000 563.2
700000 355.4
705000 533.5
710000 408.6
715000 524.5
720000 684.9
725000 599.0
730000 638.2
735000 549.5
740000 372.5
745000 604.5
750000 559.5
755000 518.4
760000 471.4
765000 671.3
770000 425.1
775000 770.5
780000 642.2
785000 706.2
790000 703.4
795000 626.8
800000 433.5
805000 750.0
810000 487.8
815000 849.7
820000 568.2
825000 599.0
830000 583.9
835000 579.1
840000 404.5
845000 517.6
850000 614.1
855000 625.5
860000 424.7
865000 544.8
870000 668.7
875000 601.0
880000 681.7
885000 694.0
890000 412.1
895000 501.7
900000 424.0
905000 697.0
910000 647.4
915000 574.4
920000 643.8
925000 588.4
930000 382.1
935000 407.8
940000 605.1
945000 519.5
950000 517.1
955000 472.2
960000 641.3
965000 747.9
970000 339.4
975000 637.4
980000 573.7
985000 540.9
990000 638.8
995000 546.4
1000000 406.1
