5000 181.3
10000 122.0
15000 60.8
20000 226.6
25000 65.5
30000 77.4
35000 97.6
40000 72.8
45000 97.9
50000 184.0
55000 95.4
60000 277.4
65000 328.5
70000 179.7
75000 217.0
80000 235.8
85000 403.0
90000 423.1
95000 210.7
100000 421.1
105000 304.3
110000 529.0
115000 193.5
120000 325.3
125000 540.8
130000 306.0
135000 177.7
140000 390.5
145000 486.5
150000 217.9
155000 399.5
160000 328.5
165000 346.7
170000 609.2
175000 512.9
180000 486.9
185000 549.2
190000 304.0
195000 399.4
200000 474.3
205000 503.0
210000 215.4
215000 580.0
220000 307.7
225000 10.6
230000 436.5
235000 360.5
240000 315.2
245000 484.2
250000 751.6
255000 647.5
260000 267.3
265000 626.5
270000 515.0
275000 549.9
280000 319.5
285000 484.6
290000 461.5
295000 427.1
300000 471.9
305000 597.3
310000 559.9
315000 524.5
320000 401.1
325000 341.0
330000 374.5
335000 619.8
340000 507.6
345000 302.5
350000 657.0
355000 683.1
360000 543.3
365000 657.6
370000 625.7
375000 312.2
380000 496.5
385000 186.5
390000 448.8
395000 570.6
400000 664.5
405000 393.5
410000 480.8
415000 659.1
420000 387.9
425000 498.2
430000 364.5
435000 300.2
440000 464.6
445000 413.3
450000 395.3
455000 492.2
460000 574.6
465000 523.2
470000 558.9
475000 486.0
480000 442.6
485000 335.8
490000 398.2
495000 647.4
500000 540.8
505000 594.4
510000 398.4
515000 511.4
520000 337.9
525000 613.0
530000 735.0
535000 706.9
540000 645.1
545000 502.7
550000 322.8
555000 486.6
560000 762.4
565000 424.3
570000 454.7
575000 414.2
580000 636.0
585000 316.1
590000 670.7
595000 590.9
600000 384.3
605000 465.1
610000 469.9
615000 507.8
620000 511.1
625000 603.0
630000 415.1
635000 377.8
640000 369.3
645000 473.8
650000 399.0
655000 634.1
660000 655.0
665000 278.3
670000 297.0
675000 548.5
680000 738.7
685000 704.6
690000 421.9
695000 788.8
700000 389.5
705000 526.4
710000 425.7
715000 544.6
720000 535.6
725000 548.8
730000 360.2
735000 514.7
740000 513.0
745000 592.2
750000 736.6
755000 283.0
760000 502.6
765000 680.8
770000 689.7
775000 445.0
780000 569.9
785000 619.8
790000 574.9
795000 395.7
800000 288.6
805000 611.3
810000 302.2
815000 256.2
820000 406.4
825000 440.6
830000 404.8
835000 519.1
840000 533.1
845000 437.3
850000 594.9
855000 613.6
860000 524.9
865000 636.7
870000 440.1
875000 527.9
880000 353.5
885000 529.4
890000 378.9
895000 530.3
900000 609.4
905000 366.6
910000 397.5
915000 535.8
920000 581.8
925000 397.8
930000 639.7
935000 541.5
940000 665.5
945000 556.5
950000 519.8
955000 669.7
960000 316.8
965000 495.6
970000 616.9
975000 573.9
980000 357.1
985000 640.7
990000 669.1
995000 767.5
1000000 803.5
