5000 148.2
10000 87.8
15000 146.2
20000 180.2
25000 162.3
30000 80.5
35000 268.1
40000 173.1
45000 481.5
50000 266.7
55000 263.0
60000 170.2
65000 172.4
70000 15.1
75000 277.1
80000 94.2
85000 302.9
90000 451.2
95000 187.5
100000 285.1
105000 144.8
110000 347.1
115000 406.0
120000 354.1
125000 402.8
130000 567.9
135000 194.0
140000 391.5
145000 646.9
150000 546.5
155000 411.9
160000 294.0
165000 656.6
170000 322.1
175000 597.3
180000 465.1
185000 563.7
190000 501.5
195000 495.1
200000 410.4
205000 523.4
210000 406.9
215000 527.7
220000 516.1
225000 313.3
230000 519.3
235000 344.6
240000 225.4
245000 324.7
250000 849.0
255000 608.7
260000 443.6
265000 324.7
270000 571.4
275000 319.6
280000 482.3
285000 474.8
290000 604.2
295000 479.5
300000 612.7
305000 314.1
310000 527.5
315000 667.1
320000 529.9
325000 632.4
330000 611.2
335000 714.7
340000 574.3
345000 461.7
350000 459.7
355000 293.4
360000 514.0
365000 499.1
370000 575.0
375000 721.0
380000 485.8
385000 320.1
390000 564.5
395000 488.3
400000 546.5
405000 605.1
410000 544.1
415000 882.1
420000 737.8
425000 399.4
430000 626.8
435000 587.8
440000 709.3
445000 673.1
450000 472.7
455000 422.0
460000 607.0
465000 447.0
470000 503.0
475000 601.0
480000 565.1
485000 451.7
490000 743.2
495000 630.0
500000 447.9
505000 609.9
510000 357.7
515000 536.7
520000 644.4
525000 538.9
530000 610.9
535000 489.4
540000 430.9
545000 394.5
550000 541.4
555000 324.3
560000 607.6
565000 513.3
570000 609.2
575000 613.7
580000 469.8
585000 491.5
590000 679.3
595000 600.4
600000 663.9
605000 644.2
610000 637.4
615000 606.7
620000 612.2
625000 645.1
630000 619.4
635000 643.3
640000 195.5
645000 458.6
650000 231.3
655000 524.0
660000 602.9
665000 567.7
670000 525.6
675000 537.5
680000 509.5
685000 542.5
690000 283.4
695000 769.3
700000 528.8
705000 483.1
710000 671.4
715000 643.3
720000 618.6
725000 718.9
730000 503.2
735000 546.5
740000 613.1
745000 447.0
750000 617.6
755000 302.0
760000 480.5
765000 567.3
770000 575.5
775000 570.5
780000 615.9
785000 598.2
790000 593.9
795000 543.0
800000 523.4
805000 708.6
810000 722.5
815000 764.8
820000 352.7
825000 412.5
830000 527.3
835000 437.8
840000 730.5
845000 459.9
850000 648.5
855000 551.1
860000 421.0
865000 608.3
870000 573.7
875000 531.9
880000 498.4
885000 655.4
890000 860.0
895000 542.0
900000 454.7
905000 574.1
910000 648.1
915000 554.2
920000 605.4
925000 570.4
930000 665.7
935000 671.8
940000 652.6
945000 722.8
950000 716.0
955000 378.6
960000 596.1
965000 591.7
970000 399.8
975000 464.8
980000 463.6
985000 671.0
990000 428.7
995000 481.8
1000000 683.0
