5000 110.1
10000 217.8
15000 210.6
20000 101.9
25000 53.9
30000 113.0
35000 54.2
40000 264.2
45000 155.4
50000 103.8
55000 137.0
60000 241.8
65000 132.1
70000 230.3
75000 337.4
80000 119.3
85000 119.9
90000 354.8
95000 335.3
100000 287.0
105000 563.6
110000 215.2
115000 199.6
120000 449.6
125000 372.1
130000 163.7
135000 366.0
140000 336.9
145000 286.0
150000 352.6
155000 410.3
160000 458.5
165000 375.7
170000 178.2
175000 409.5
180000 603.5
185000 422.5
190000 249.5
195000 264.0
200000 501.7
205000 226.5
210000 359.7
215000 200.9
220000 347.5
225000 478.9
230000 505.7
235000 351.2
240000 490.3
245000 604.7
250000 398.9
255000 617.4
260000 647.2
265000 328.3
270000 391.0
275000 381.0
280000 446.1
285000 635.8
290000 700.2
295000 529.3
300000 514.1
305000 449.1
310000 662.7
315000 528.4
320000 441.1
325000 433.6
330000 480.0
335000 390.7
340000 275.2
345000 431.6
350000 402.0
355000 543.7
360000 571.1
365000 426.6
370000 509.4
375000 823.0
380000 391.0
385000 610.8
390000 412.8
395000 533.2
400000 415.1
405000 414.6
410000 517.6
415000 649.3
420000 678.5
425000 146.3
430000 638.4
435000 345.7
440000 593.2
445000 449.8
450000 417.5
455000 579.0
460000 666.9
465000 583.7
470000 425.3
475000 494.5
480000 784.8
485000 688.4
490000 428.5
495000 626.1
500000 537.3
505000 463.4
510000 630.7
515000 390.7
520000 430.3
525000 552.7
530000 311.0
535000 616.1
540000 487.2
545000 475.7
550000 844.9
555000 367.1
560000 613.9
565000 423.0
570000 563.8
575000 243.2
580000 660.0
585000 579.9
590000 496.5
595000 560.2
600000 505.1
605000 516.0
610000 610.5
615000 421.1
620000 457.4
625000 688.1
630000 424.6
635000 559.8
640000 386.6
645000 365.3
650000 660.4
655000 457.5
660000 391.5
665000 339.7
670000 847.1
675000 356.1
680000 727.3
685000 550.8
690000 421.1
695000 378.1
700000 629.0
705000 756.3
710000 591.6
715000 571.0
720000 440.7
725000 481.1
730000 820.5
735000 441.9
740000 597.5
745000 790.6
750000 562.8
755000 436.5
760000 383.6
765000 541.2
770000 694.0
775000 441.9
780000 446.3
785000 660.8
790000 538.6
795000 610.8
800000 663.1
805000 459.3
810000 480.4
815000 357.5
820000 680.5
825000 386.0
830000 489.9
835000 605.7
840000 549.9
845000 701.0
850000 569.2
855000 505.2
860000 478.4
865000 588.0
870000 425.3
875000 670.2
880000 463.1
885000 393.0
890000 492.9
895000 611.6
900000 642.7
905000 610.9
910000 597.4
915000 566.8
920000 619.7
925000 398.2
930000 569.6
935000 438.0
940000 487.6
945000 594.7
950000 430.4
955000 544.0
960000 790.5
965000 652.8
970000 665.3
975000 362.7
980000 528.6
985000 725.5
990000 479.1
995000 595.2
1000000 570.7
