5000 167.8
10000 254.0
15000 170.5
20000 238.1
25000 294.9
30000 119.9
35000 167.4
40000 112.9
45000 135.6
50000 261.4
55000 169.6
60000 210.9
65000 531.8
70000 173.6
75000 577.7
80000 250.1
85000 346.9
90000 346.5
95000 271.8
100000 427.2
105000 542.5
110000 263.4
115000 277.3
120000 375.1
125000 245.7
130000 342.2
135000 296.3
140000 338.0
145000 573.1
150000 502.4
155000 423.3
160000 355.2
165000 426.9
170000 400.3
175000 395.1
180000 492.3
185000 338.0
190000 574.8
195000 513.1
200000 404.7
205000 425.3
210000 342.8
215000 314.9
220000 272.3
225000 445.1
230000 327.4
235000 433.7
240000 429.7
245000 215.6
250000 608.1
255000 260.2
260000 281.3
265000 325.6
270000 489.3
275000 657.8
280000 716.9
285000 552.2
290000 590.0
295000 479.3
300000 509.1
305000 518.8
310000 450.0
315000 475.0
320000 213.1
325000 402.5
330000 242.8
335000 268.4
340000 482.4
345000 509.9
350000 699.8
355000 494.0
360000 532.2
365000 439.6
370000 433.5
375000 368.1
380000 407.5
385000 336.5
390000 572.1
395000 601.7
400000 377.6
405000 359.1
410000 447.2
415000 611.4
420000 605.3
425000 414.0
430000 428.0
435000 495.3
440000 386.1
445000 562.2
450000 364.8
455000 584.7
460000 530.1
465000 342.2
470000 387.0
475000 226.5
480000 488.8
485000 485.0
490000 546.1
495000 660.8
500000 353.4
505000 392.5
510000 420.9
515000 690.0
520000 547.4
525000 527.4
530000 632.9
535000 415.9
540000 315.5
545000 425.7
550000 596.3
555000 511.2
560000 564.8
565000 625.8
570000 622.2
575000 441.6
580000 751.6
585000 602.5
590000 467.6
595000 476.9
600000 648.4
605000 633.8
610000 494.9
615000 470.2
620000 607.1
625000 664.1
630000 719.2
635000 836.6
640000 618.0
645000 489.9
650000 438.3
655000 568.0
660000 455.6
665000 425.2
670000 517.2
675000 258.5
680000 287.6
685000 740.6
690000 476.2
695000 664.1
700000 605.9
705000 732.0
710000 346.3
715000 416.2
720000 642.4
725000 559.9
730000 572.9
735000 320.8
740000 304.2
745000 330.0
750000 693.7
755000 543.8
760000 446.4
765000 448.4
770000 528.1
775000 538.2
780000 686.9
785000 615.8
790000 350.0
795000 545.8
800000 440.3
805000 500.5
810000 544.6
815000 412.8
820000 536.8
825000 634.7
830000 558.2
835000 487.7
840000 608.2
845000 645.6
850000 508.4
855000 593.6
860000 612.4
865000 506.6
870000 389.1
875000 595.7
880000 562.5
885000 629.5
890000 496.7
895000 333.3
900000 399.6
905000 458.9
910000 520.1
915000 816.6
920000 453.3
925000 423.5
930000 484.8
935000 596.3
940000 728.8
945000 501.8
950000 538.6
955000 464.0
960000 333.2
965000 587.2
970000 458.2
975000 485.6
980000 595.4
985000 403.5
990000 577.7
995000 521.8
1000000 229.2
