5000 181.7
10000 79.1
15000 120.7
20000 114.6
25000 243.1
30000 250.9
35000 116.9
40000 322.6
45000 460.3
50000 337.8
55000 290.6
60000 307.2
65000 235.6
70000 497.0
75000 20.5
80000 392.9
85000 412.9
90000 375.9
95000 501.2
100000 586.2
105000 213.7
110000 472.4
115000 427.7
120000 206.0
125000 495.3
130000 597.2
135000 626.8
140000 365.5
145000 188.7
150000 493.7
155000 366.0
160000 345.0
165000 530.9
170000 478.1
175000 327.8
180000 584.4
185000 218.2
190000 205.4
195000 532.2
200000 424.1
205000 179.3
210000 364.4
215000 467.3
220000 237.7
225000 480.5
230000 179.8
235000 603.7
240000 321.3
245000 493.5
250000 342.7
255000 445.2
260000 233.6
265000 495.6
270000 563.3
275000 642.8
280000 301.8
285000 614.0
290000 520.1
295000 596.1
300000 547.5
305000 568.1
310000 645.6
315000 594.1
320000 323.2
325000 334.3
330000 475.4
335000 740.8
340000 502.9
345000 463.0
350000 535.0
355000 553.0
360000 524.3
365000 565.6
370000 696.0
375000 353.2
380000 442.1
385000 445.8
390000 394.1
395000 439.7
400000 219.0
405000 335.5
410000 561.5
415000 473.1
420000 650.2
425000 293.2
430000 490.8
435000 490.1
440000 498.0
445000 370.7
450000 661.7
455000 624.8
460000 342.5
465000 629.0
470000 451.8
475000 326.8
480000 566.7
485000 509.3
490000 403.9
495000 447.6
500000 278.1
505000 733.8
510000 378.9
515000 504.9
520000 457.4
525000 579.8
530000 425.0
535000 583.3
540000 455.5
545000 666.9
550000 622.6
555000 432.9
560000 651.3
565000 527.0
570000 346.0
575000 546.1
580000 587.3
585000 493.3
590000 464.2
595000 669.7
600000 612.5
605000 704.6
610000 369.8
615000 520.0
620000 369.2
625000 659.3
630000 407.5
635000 593.7
640000 585.0
645000 593.5
650000 413.7
655000 528.0
660000 182.8
665000 434.4
670000 794.0
675000 566.3
680000 656.0
685000 501.4
690000 271.2
695000 509.8
700000 602.2
705000 387.2
710000 744.7
715000 481.3
720000 380.6
725000 595.2
730000 597.5
735000 460.2
740000 603.7
745000 426.1
750000 391.6
755000 532.4
760000 594.1
765000 491.8
770000 403.3
775000 317.7
780000 383.0
785000 387.4
790000 294.3
795000 316.7
800000 558.9
805000 429.8
810000 429.2
815000 357.8
820000 264.9
825000 509.6
830000 651.7
835000 670.0
840000 560.9
845000 636.0
850000 858.4
855000 450.6
860000 377.3
865000 538.4
870000 672.5
875000 431.3
880000 651.9
885000 497.9
890000 309.0
895000 453.1
900000 466.5
905000 528.4
910000 639.4
915000 412.1
920000 545.4
925000 670.1
930000 525.9
935000 443.9
940000 315.7
945000 615.1
950000 560.1
955000 483.0
960000 626.6
965000 661.9
970000 602.4
975000 535.9
980000 614.0
985000 547.3
990000 764.5
995000 606.7
1000000 334.4
