5000 160.9
10000 243.8
15000 79.1
20000 138.0
25000 154.9
30000 213.3
35000 129.5
40000 296.0
45000 22.6
50000 173.7
55000 192.3
60000 411.8
65000 8.2
70000 163.3
75000 213.3
80000 193.4
85000 339.6
90000 250.3
95000 198.7
100000 400.3
105000 231.1
110000 324.9
115000 561.5
120000 504.6
125000 431.1
130000 567.9
135000 179.5
140000 286.7
145000 184.7
150000 339.4
155000 184.6
160000 242.6
165000 245.8
170000 342.0
175000 474.4
180000 309.2
185000 280.8
190000 218.8
195000 610.9
200000 342.9
205000 283.0
210000 428.1
215000 367.8
220000 340.1
225000 360.5
230000 457.6
235000 489.8
240000 226.3
245000 470.6
250000 686.4
255000 240.5
260000 628.2
265000 358.0
270000 479.4
275000 401.0
280000 531.0
285000 482.1
290000 576.5
295000 450.2
300000 449.9
305000 681.1
310000 391.5
315000 662.2
320000 401.3
325000 632.8
330000 533.9
335000 558.3
340000 501.4
345000 518.6
350000 536.7
355000 432.1
360000 446.0
365000 439.9
370000 439.7
375000 577.7
380000 573.7
385000 407.7
390000 732.0
395000 406.0
400000 568.4
405000 539.4
410000 608.5
415000 567.8
420000 649.7
425000 403.5
430000 599.5
435000 381.1
440000 531.4
445000 469.5
450000 674.7
455000 503.0
460000 655.7
465000 675.8
470000 559.5
475000 518.6
480000 696.4
485000 435.2
490000 569.3
495000 589.8
500000 713.3
505000 592.8
510000 848.4
515000 630.8
520000 546.7
525000 607.7
530000 595.3
535000 616.0
540000 713.4
545000 264.8
550000 493.4
555000 614.5
560000 424.5
565000 563.1
570000 645.9
575000 352.6
580000 511.3
585000 582.9
590000 285.8
595000 560.3
600000 677.2
605000 488.9
610000 657.1
615000 485.5
620000 302.2
625000 545.8
630000 371.1
635000 726.6
640000 477.9
645000 366.5
650000 465.1
655000 748.3
660000 244.9
665000 675.3
670000 429.3
675000 666.0
680000 576.1
685000 623.9
690000 641.1
695000 400.3
700000 610.6
705000 725.0
710000 566.1
715000 636.2
720000 446.7
725000 424.8
730000 708.3
735000 551.2
740000 634.9
745000 627.6
750000 322.7
755000 591.8
760000 796.0
765000 639.1
770000 349.9
775000 673.3
780000 574.7
785000 450.8
790000 437.6
795000 659.5
800000 523.0
805000 433.0
810000 598.1
815000 552.5
820000 470.1
825000 541.3
830000 535.1
835000 478.5
840000 594.2
845000 342.6
850000 518.2
855000 428.4
860000 725.1
865000 490.2
870000 528.6
875000 382.4
880000 412.6
885000 745.2
890000 718.5
895000 645.1
900000 594.9
905000 575.9
910000 852.1
915000 657.6
920000 556.6
925000 597.4
930000 541.1
935000 502.7
940000 697.2
945000 665.5
950000 689.1
955000 577.2
960000 469.5
965000 524.0
970000 685.8
975000 616.9
980000 591.8
985000 392.1
990000 444.6
995000 639.3
1000000 736.2
