5000 121.0
10000 173.0
15000 227.5
20000 75.1
25000 87.1
30000 126.0
35000 147.9
40000 251.1
45000 191.3
50000 110.4
55000 200.7
60000 296.3
65000 178.1
70000 429.1
75000 236.0
80000 259.6
85000 356.0
90000 318.0
95000 458.6
100000 336.0
105000 413.1
110000 452.8
115000 386.3
120000 213.2
125000 580.4
130000 341.6
135000 367.4
140000 389.6
145000 359.9
150000 306.0
155000 462.2
160000 429.0
165000 705.9
170000 679.5
175000 473.5
180000 626.1
185000 233.2
190000 443.8
195000 391.7
200000 160.3
205000 530.8
210000 406.9
215000 206.0
220000 480.4
225000 651.1
230000 369.6
235000 561.8
240000 517.9
245000 589.3
250000 586.4
255000 563.7
260000 331.2
265000 449.7
270000 373.0
275000 575.8
280000 649.7
285000 612.5
290000 575.2
295000 466.7
300000 377.2
305000 441.4
310000 253.8
315000 398.1
320000 444.3
325000 610.1
330000 202.5
335000 468.4
340000 683.5
345000 647.0
350000 502.0
355000 370.2
360000 473.4
365000 566.3
370000 246.8
375000 454.6
380000 493.1
385000 635.2
390000 569.8
395000 349.9
400000 560.2
405000 503.6
410000 481.3
415000 236.2
420000 595.0
425000 550.3
430000 547.1
435000 635.6
440000 727.3
445000 591.2
450000 558.4
455000 615.0
460000 500.6
465000 657.0
470000 693.2
475000 393.1
480000 636.6
485000 448.6
490000 427.4
495000 454.9
500000 568.1
505000 425.4
510000 404.4
515000 469.4
520000 551.8
525000 650.3
530000 541.3
535000 757.6
540000 455.0
545000 833.3
550000 419.6
555000 663.7
560000 584.7
565000 471.2
570000 639.8
575000 568.8
580000 577.9
585000 497.1
590000 446.5
595000 547.7
600000 691.8
605000 565.7
610000 531.5
615000 420.3
620000 811.4
625000 591.4
630000 756.0
635000 655.6
640000 334.9
645000 583.5
650000 441.9
655000 555.7
660000 528.0
665000 562.8
670000 566.7
675000 464.7
680000 687.9
685000 408.0
690000 792.2
695000 611.6
700000 356.9
705000 748.4
710000 733.5
715000 429.0
720000 569.9
725000 514.0
730000 634.4
735000 662.3
740000 453.9
745000 677.7
750000 394.5
755000 523.7
760000 556.6
765000 483.8
770000 804.6
775000 508.3
780000 381.7
785000 385.2
790000 512.1
795000 371.3
800000 797.7
805000 663.0
810000 533.4
815000 720.3
820000 783.2
825000 560.5
830000 628.7
835000 659.1
840000 467.9
845000 487.4
850000 383.9
855000 419.8
860000 692.5
865000 632.7
870000 496.8
875000 760.5
880000 681.8
885000 538.5
890000 600.4
895000 442.3
900000 574.6
905000 629.9
910000 525.1
915000 601.9
920000 630.4
925000 587.9
930000 493.5
935000 526.7
940000 713.4
945000 439.1
950000 629.8
955000 525.2
960000 600.0
965000 352.8
970000 561.3
975000 698.6
980000 585.8
985000 650.7
990000 527.6
995000 515.5
1000000 603.5
