5000 117.5
10000 199.5
15000 68.9
20000 112.6
25000 101.2
30000 464.5
35000 247.0
40000 339.5
45000 342.7
50000 111.6
55000 118.6
60000 375.1
65000 391.1
70000 228.6
75000 629.3
80000 371.5
85000 398.9
90000 462.2
95000 406.6
100000 641.2
105000 440.9
110000 267.4
115000 445.4
120000 455.8
125000 442.4
130000 548.4
135000 488.5
140000 373.5
145000 584.4
150000 641.8
155000 671.9
160000 701.0
165000 407.0
170000 599.2
175000 257.2
180000 379.2
185000 324.7
190000 439.8
195000 356.4
200000 567.9
205000 337.5
210000 280.5
215000 483.8
220000 543.4
225000 350.5
230000 514.7
235000 469.8
240000 431.9
245000 426.2
250000 359.1
255000 277.3
260000 439.9
265000 439.3
270000 283.1
275000 710.4
280000 450.9
285000 171.3
290000 412.4
295000 486.9
300000 815.5
305000 570.0
310000 509.2
315000 472.4
320000 286.1
325000 421.6
330000 357.5
335000 575.6
340000 187.6
345000 350.2
350000 671.2
355000 392.5
360000 495.2
365000 651.4
370000 521.3
375000 567.4
380000 506.3
385000 468.3
390000 396.6
395000 482.5
400000 713.6
405000 252.5
410000 640.0
415000 354.2
420000 424.2
425000 652.6
430000 623.7
435000 416.2
440000 365.9
445000 380.0
450000 327.8
455000 287.6
460000 518.0
465000 518.7
470000 564.2
475000 478.9
480000 475.1
485000 566.7
490000 534.1
495000 571.8
500000 319.4
505000 535.2
510000 354.5
515000 641.4
520000 508.9
525000 651.6
530000 513.0
535000 806.8
540000 422.9
545000 392.6
550000 495.2
555000 477.1
560000 571.9
565000 447.9
570000 369.1
575000 364.7
580000 504.5
585000 583.7
590000 527.1
595000 619.7
600000 558.9
605000 592.3
610000 427.7
615000 614.0
620000 576.6
625000 476.3
630000 489.2
635000 488.9
640000 476.4
645000 689.9
650000 286.3
655000 636.3
660000 473.3
665000 596.7
670000 175.1
675000 369.6
680000 423.9
685000 467.8
690000 432.4
695000 479.0
700000 606.9
705000 660.6
710000 673.9
715000 697.3
720000 590.0
725000 578.2
730000 584.8
735000 621.8
740000 672.5
745000 606.1
750000 479.8
755000 611.6
760000 521.0
765000 614.6
770000 521.4
775000 722.3
780000 507.1
785000 693.4
790000 643.3
795000 457.6
800000 595.0
805000 565.9
810000 687.5
815000 566.1
820000 342.5
825000 585.8
830000 598.6
835000 578.2
840000 461.5
845000 599.8
850000 533.1
855000 576.0
860000 673.5
865000 403.4
870000 682.6
875000 547.9
880000 589.3
885000 530.2
890000 384.7
895000 574.9
900000 697.6
905000 432.7
910000 498.9
915000 685.4
920000 605.5
925000 580.4
930000 532.2
935000 260.3
940000 106.4
945000 319.9
950000 643.1
955000 745.1
960000 631.4
965000 604.5
970000 566.2
975000 608.1
980000 490.8
985000 653.7
990000 521.4
995000 572.3
1000000 721.4
