5000 41.5
10000 14.6
15000 85.1
20000 224.2
25000 182.8
30000 248.3
35000 214.0
40000 182.1
45000 81.9
50000 330.1
55000 235.0
60000 127.6
65000 291.8
70000 362.1
75000 230.6
80000 296.0
85000 349.0
90000 191.4
95000 400.1
100000 554.3
105000 292.5
110000 706.8
115000 267.2
120000 392.6
125000 449.9
130000 495.6
135000 346.6
140000 226.7
145000 182.1
150000 341.6
155000 375.9
160000 397.8
165000 380.7
170000 469.3
175000 228.7
180000 365.3
185000 469.5
190000 612.3
195000 241.4
200000 274.7
205000 558.1
210000 337.2
215000 260.8
220000 483.5
225000 707.4
230000 472.2
235000 517.6
240000 514.5
245000 600.7
250000 413.9
255000 301.8
260000 390.9
265000 464.1
270000 472.8
275000 440.0
280000 484.5
285000 474.4
290000 604.9
295000 377.1
300000 488.5
305000 211.8
310000 359.6
315000 460.3
320000 637.1
325000 402.5
330000 536.0
335000 737.7
340000 665.9
345000 263.9
350000 502.8
355000 601.7
360000 355.3
365000 586.5
370000 745.4
375000 667.5
380000 301.0
385000 615.0
390000 455.5
395000 386.4
400000 547.7
405000 757.4
410000 606.8
415000 477.7
420000 600.3
425000 390.7
430000 520.1
435000 224.2
440000 399.7
445000 439.6
450000 354.4
455000 590.2
460000 245.3
465000 567.4
470000 381.5
475000 532.9
480000 545.6
485000 485.0
490000 717.8
495000 691.5
500000 431.8
505000 671.3
510000 620.7
515000 542.9
520000 442.6
525000 529.1
530000 484.2
535000 667.5
540000 505.9
545000 673.2
550000 525.4
555000 509.6
560000 609.6
565000 432.6
570000 398.7
575000 452.5
580000 590.3
585000 549.1
590000 597.7
595000 506.1
600000 418.2
605000 507.4
610000 749.4
615000 498.6
620000 403.6
625000 609.7
630000 598.6
635000 651.9
640000 453.7
645000 382.0
650000 498.1
655000 530.6
660000 510.9
665000 483.9
670000 441.5
675000 736.4
680000 418.5
685000 558.2
690000 719.2
695000 655.1
700000 441.3
705000 617.3
710000 231.2
715000 540.3
720000 484.5
725000 529.6
730000 537.1
735000 434.1
740000 487.5
745000 320.6
750000 642.0
755000 391.2
760000 709.1
765000 382.0
770000 588.4
775000 395.5
780000 406.1
785000 570.0
790000 591.2
795000 614.8
800000 425.5
805000 464.1
810000 531.9
815000 361.1
820000 450.2
825000 154.2
830000 281.4
835000 613.3
840000 447.8
845000 387.6
850000 727.4
855000 687.9
860000 582.9
865000 602.4
870000 603.8
875000 460.6
880000 685.6
885000 600.7
890000 593.0
895000 671.1
900000 753.0
905000 501.6
910000 473.8
915000 758.8
920000 547.2
925000 515.3
930000 441.4
935000 314.9
940000 584.0
945000 537.4
950000 597.1
955000 440.9
960000 381.5
965000 410.1
970000 547.8
975000 523.4
980000 435.8
985000 538.4
990000 511.4
995000 600.9
1000000 632.7
