5000 126.7
10000 102.4
15000 229.1
20000 18.7
25000 365.9
30000 118.1
35000 137.3
40000 169.5
45000 223.5
50000 231.6
55000 162.0
60000 194.9
65000 97.4
70000 384.6
75000 266.3
80000 278.3
85000 150.0
90000 256.1
95000 560.8
100000 202.1
105000 215.6
110000 318.0
115000 345.3
120000 298.0
125000 425.7
130000 161.7
135000 407.8
140000 373.7
145000 263.1
150000 150.8
155000 466.0
160000 622.4
165000 181.7
170000 110.9
175000 552.9
180000 283.0
185000 471.1
190000 411.6
195000 377.6
200000 363.2
205000 424.3
210000 545.2
215000 410.9
220000 367.6
225000 578.6
230000 220.7
235000 337.0
240000 543.5
245000 391.9
250000 395.7
255000 395.1
260000 329.1
265000 348.5
270000 488.6
275000 346.0
280000 686.8
285000 299.5
290000 190.0
295000 486.0
300000 171.4
305000 513.2
310000 508.5
315000 561.5
320000 402.0
325000 319.9
330000 626.9
335000 575.6
340000 527.8
345000 448.7
350000 484.2
355000 368.0
360000 496.4
365000 446.6
370000 368.9
375000 270.8
380000 249.4
385000 452.8
390000 473.6
395000 357.3
400000 490.4
405000 419.5
410000 626.1
415000 535.5
420000 463.2
425000 215.3
430000 320.2
435000 507.1
440000 398.8
445000 521.9
450000 330.8
455000 568.2
460000 385.7
465000 496.4
470000 601.5
475000 659.6
480000 467.3
485000 420.6
490000 543.4
495000 602.9
500000 338.6
505000 326.0
510000 566.6
515000 402.0
520000 334.2
525000 320.5
530000 565.4
535000 518.9
540000 422.3
545000 512.9
550000 505.3
555000 529.7
560000 595.1
565000 383.2
570000 363.4
575000 621.4
580000 558.4
585000 649.2
590000 581.9
595000 388.9
600000 483.0
605000 246.4
610000 323.7
615000 448.1
620000 374.4
625000 526.3
630000 311.7
635000 451.5
640000 697.9
645000 413.4
650000 461.8
655000 429.7
660000 474.4
665000 557.4
670000 104.3
675000 555.7
680000 340.6
685000 246.9
690000 614.2
695000 515.8
700000 666.1
705000 558.4
710000 558.5
715000 475.5
720000 502.1
725000 435.8
730000 510.6
735000 632.7
740000 511.0
745000 503.3
750000 357.9
755000 625.8
760000 692.7
765000 368.7
770000 324.5
775000 500.2
780000 522.4
785000 459.9
790000 423.3
795000 471.5
800000 633.2
805000 730.6
810000 515.2
815000 592.0
820000 513.1
825000 594.5
830000 275.5
835000 473.8
840000 178.9
845000 633.6
850000 571.7
855000 683.4
860000 695.8
865000 444.9
870000 366.4
875000 604.0
880000 75.8
885000 324.0
890000 475.5
895000 430.3
900000 424.9
905000 527.2
910000 701.2
915000 351.4
920000 287.9
925000 688.7
930000 651.2
935000 553.2
940000 123.7
945000 419.9
950000 492.5
955000 487.2
960000 518.7
965000 523.9
970000 606.4
975000 484.7
980000 540.2
985000 602.4
990000 608.5
995000 575.4
1000000 462.3
