5000 226.0
10000 105.5
15000 231.8
20000 54.6
25000 172.5
30000 63.6
35000 310.9
40000 192.5
45000 277.2
50000 209.8
55000 263.6
60000 143.2
65000 12.4
70000 272.1
75000 178.3
80000 349.8
85000 160.2
90000 312.4
95000 342.4
100000 337.5
105000 334.1
110000 289.3
115000 241.7
120000 202.7
125000 451.7
130000 252.1
135000 594.8
140000 243.8
145000 370.3
150000 218.1
155000 435.4
160000 139.4
165000 477.0
170000 315.2
175000 540.0
180000 292.7
185000 261.9
190000 342.6
195000 577.2
200000 564.5
205000 379.7
210000 384.6
215000 513.7
220000 609.5
225000 221.1
230000 484.5
235000 593.9
240000 619.7
245000 555.2
250000 350.9
255000 469.0
260000 465.4
265000 452.5
270000 524.5
275000 575.9
280000 351.9
285000 518.5
290000 582.7
295000 429.9
300000 621.8
305000 484.9
310000 378.3
315000 639.1
320000 291.8
325000 496.8
330000 415.5
335000 595.8
340000 353.6
345000 568.9
350000 593.2
355000 722.5
360000 572.9
365000 563.8
370000 666.3
375000 660.2
380000 420.6
385000 197.0
390000 680.5
395000 452.5
400000 555.4
405000 735.0
410000 618.6
415000 447.6
420000 499.4
425000 358.4
430000 410.2
435000 521.5
440000 556.6
445000 637.4
450000 523.2
455000 410.3
460000 635.5
465000 406.5
470000 641.1
475000 384.5
480000 512.4
485000 495.2
490000 540.2
495000 494.0
500000 571.5
505000 517.3
510000 312.7
515000 568.3
520000 339.5
525000 416.7
530000 537.1
535000 643.2
540000 536.3
545000 466.9
550000 623.8
555000 658.8
560000 567.0
565000 428.0
570000 491.8
575000 532.2
580000 517.0
585000 324.1
590000 500.9
595000 540.6
600000 761.6
605000 319.7
610000 812.9
615000 419.4
620000 554.9
625000 694.8
630000 540.1
635000 159.9
640000 425.5
645000 291.9
650000 533.8
655000 384.0
660000 420.8
665000 349.3
670000 369.4
675000 687.8
680000 576.3
685000 712.8
690000 526.1
695000 514.1
700000 513.1
705000 400.6
710000 481.7
715000 544.3
720000 620.9
725000 754.7
730000 615.7
735000 674.5
740000 585.6
745000 374.0
750000 430.3
755000 612.0
760000 501.8
765000 717.8
770000 387.3
775000 555.9
780000 480.6
785000 524.2
790000 702.5
795000 469.4
800000 540.1
805000 612.3
810000 581.0
815000 584.5
820000 478.6
825000 665.6
830000 473.1
835000 506.4
840000 470.6
845000 201.6
850000 601.0
855000 653.9
860000 678.9
865000 515.5
870000 407.8
875000 422.0
880000 478.0
885000 816.9
890000 524.6
895000 541.3
900000 443.7
905000 762.3
910000 517.7
915000 462.3
920000 870.4
925000 676.9
930000 661.1
935000 575.6
940000 577.5
945000 562.1
950000 483.2
955000 585.8
960000 484.9
965000 583.1
970000 481.4
975000 431.2
980000 664.9
985000 496.1
990000 511.2
995000 357.9
1000000 407.6
