5000 0.0
10000 0.0
15000 6.6
20000 0.0
25000 2.0
30000 0.0
35000 0.0
40000 0.0
45000 2.1
50000 1.1
55000 2.5
60000 0.0
65000 6.4
70000 4.1
75000 2.9
80000 0.8
85000 0.0
90000 0.8
95000 0.0
100000 0.0
105000 0.0
110000 0.0
115000 0.0
120000 7.7
125000 18.3
130000 829.6
135000 843.4
140000 832.7
145000 842.2
150000 806.9
155000 848.3
160000 786.1
165000 872.4
170000 772.2
175000 885.8
180000 834.7
185000 807.7
190000 752.8
195000 796.7
200000 814.0
205000 775.1
210000 854.7
215000 809.6
220000 786.3
225000 770.5
230000 811.5
235000 823.4
240000 764.5
245000 818.8
250000 828.0
255000 805.7
260000 765.1
265000 815.9
270000 770.7
275000 855.8
280000 843.1
285000 826.4
290000 831.3
295000 809.4
300000 801.3
305000 830.3
310000 708.1
315000 856.3
320000 855.4
325000 822.8
330000 874.6
335000 805.6
340000 783.7
345000 822.8
350000 883.6
355000 789.1
360000 822.5
365000 774.7
370000 845.1
375000 861.1
380000 813.5
385000 816.2
390000 809.5
395000 841.6
400000 824.1
405000 822.4
410000 798.8
415000 837.7
420000 860.3
425000 792.1
430000 788.6
435000 844.8
440000 820.1
445000 781.3
450000 793.0
455000 818.4
460000 858.5
465000 827.7
470000 774.9
475000 808.7
480000 832.6
485000 883.8
490000 821.4
495000 838.7
500000 801.9
505000 849.4
510000 753.5
515000 805.1
520000 805.2
525000 808.5
530000 847.3
535000 828.1
540000 784.1
545000 721.6
550000 846.3
555000 756.6
560000 819.9
565000 813.6
570000 869.9
575000 827.2
580000 798.7
585000 808.3
590000 856.3
595000 792.7
600000 779.7
605000 807.1
610000 824.4
615000 804.0
620000 809.4
625000 805.7
630000 836.3
635000 849.2
640000 798.8
645000 832.6
650000 825.4
655000 789.0
660000 821.4
665000 813.3
670000 786.4
675000 819.5
680000 845.5
685000 814.2
690000 858.5
695000 814.0
700000 844.7
705000 801.4
710000 767.3
715000 774.6
720000 853.3
725000 790.7
730000 846.5
735000 797.3
740000 840.7
745000 838.2
750000 852.3
755000 901.2
760000 762.0
765000 828.1
770000 857.5
775000 835.8
780000 805.2
785000 829.6
790000 832.6
795000 855.1
800000 776.6
805000 838.6
810000 862.3
815000 821.3
820000 788.3
825000 834.1
830000 830.3
835000 807.6
840000 801.9
845000 830.9
850000 808.5
855000 873.8
860000 736.4
865000 797.3
870000 861.9
875000 808.6
880000 800.8
885000 864.9
890000 804.5
895000 837.3
900000 782.4
905000 762.3
910000 826.5
915000 828.7
920000 828.9
925000 829.7
930000 806.6
935000 787.2
940000 891.8
945000 789.5
950000 841.0
955000 799.8
960000 828.9
965000 835.8
970000 870.1
975000 835.3
980000 821.1
985000 843.1
990000 806.0
995000 853.3
1000000 797.3
1005000 811.7
1010000 768.5
1015000 800.2
1020000 826.2
1025000 822.7
1030000 856.5
1035000 800.3
1040000 804.1
1045000 813.9
1050000 845.6
1055000 782.2
1060000 798.8
1065000 802.1
1070000 803.3
1075000 875.6
1080000 823.7
1085000 855.6
1090000 841.2
1095000 810.1
1100000 841.1
1105000 777.2
1110000 791.0
1115000 850.4
1120000 782.6
1125000 659.2
1130000 754.7
1135000 230.7
1140000 781.0
1145000 836.9
1150000 807.6
1155000 850.3
1160000 845.7
1165000 785.1
1170000 827.0
1175000 810.7
1180000 798.1
1185000 846.4
1190000 846.2
1195000 850.2
1200000 814.1
1205000 840.1
1210000 643.3
1215000 694.0
1220000 834.9
1225000 843.0
1230000 791.2
1235000 855.7
1240000 778.5
1245000 822.8
1250000 875.0
1255000 793.7
1260000 825.2
1265000 781.1
1270000 808.6
1275000 847.6
1280000 817.0
1285000 712.9
1290000 880.6
1295000 636.3
1300000 851.7
1305000 788.3
1310000 814.1
1315000 829.2
1320000 816.9
1325000 856.1
1330000 841.2
1335000 864.9
1340000 851.2
1345000 832.8
1350000 862.6
1355000 783.5
1360000 837.4
1365000 843.3
1370000 602.4
1375000 839.4
1380000 845.8
1385000 848.3
1390000 837.1
1395000 735.9
1400000 839.4
1405000 809.2
1410000 840.9
1415000 815.3
1420000 823.5
1425000 858.3
1430000 796.9
1435000 886.2
1440000 840.0
1445000 807.0
1450000 856.7
1455000 820.7
1460000 820.2
1465000 766.4
1470000 833.3
1475000 879.9
1480000 831.8
1485000 847.4
1490000 797.9
1495000 847.1
1500000 832.9
1505000 816.7
1510000 881.7
1515000 873.3
1520000 845.8
1525000 859.2
1530000 829.5
1535000 839.2
1540000 816.0
1545000 848.8
1550000 809.6
1555000 845.1
1560000 818.1
1565000 819.7
1570000 842.5
1575000 867.8
1580000 852.6
1585000 837.6
1590000 817.6
1595000 875.9
1600000 824.8
1605000 869.1
1610000 809.8
1615000 800.4
1620000 866.9
1625000 899.8
1630000 836.3
1635000 871.1
1640000 837.8
1645000 818.7
1650000 815.4
1655000 865.8
1660000 840.3
1665000 854.3
1670000 841.8
1675000 866.0
1680000 859.4
1685000 847.8
1690000 834.8
1695000 828.3
1700000 803.5
1705000 629.3
1710000 706.9
1715000 864.2
1720000 842.1
1725000 834.9
1730000 883.9
1735000 853.0
1740000 845.2
1745000 846.9
1750000 796.7
1755000 783.4
1760000 781.8
1765000 812.5
1770000 847.2
1775000 843.5
1780000 875.0
1785000 853.6
1790000 859.2
1795000 867.6
1800000 897.0
1805000 810.1
1810000 845.2
1815000 816.6
1820000 837.0
1825000 861.7
1830000 838.3
1835000 844.6
1840000 846.0
1845000 811.9
1850000 820.3
1855000 825.0
1860000 838.7
1865000 798.1
1870000 878.8
1875000 805.1
1880000 836.0
1885000 870.6
1890000 848.6
1895000 811.3
1900000 834.5
1905000 786.3
1910000 889.0
1915000 861.7
1920000 834.7
1925000 850.2
1930000 854.1
1935000 871.6
1940000 825.9
1945000 833.6
1950000 854.2
1955000 895.5
1960000 806.2
1965000 815.3
1970000 852.1
1975000 815.2
1980000 763.1
1985000 846.2
1990000 844.1
1995000 801.9
2000000 861.7
