5000 0.0
10000 0.0
15000 0.0
20000 8.7
25000 0.0
30000 0.0
35000 0.0
40000 1.6
45000 4.1
50000 0.0
55000 1.7
60000 2.0
65000 0.0
70000 66.8
75000 469.5
80000 282.6
85000 770.0
90000 854.5
95000 847.1
100000 810.0
105000 811.6
110000 865.9
115000 830.6
120000 873.2
125000 796.7
130000 836.3
135000 861.8
140000 807.0
145000 834.5
150000 847.2
155000 866.4
160000 804.7
165000 834.9
170000 831.7
175000 810.4
180000 877.7
185000 769.7
190000 851.8
195000 851.8
200000 839.4
205000 817.2
210000 835.4
215000 843.9
220000 861.9
225000 879.8
230000 772.5
235000 854.0
240000 844.1
245000 804.0
250000 871.5
255000 841.1
260000 823.3
265000 864.8
270000 852.8
275000 831.4
280000 813.7
285000 897.1
290000 888.7
295000 830.8
300000 855.4
305000 869.1
310000 849.4
315000 850.1
320000 874.3
325000 874.6
330000 829.1
335000 859.3
340000 838.3
345000 815.5
350000 865.7
355000 804.9
360000 811.8
365000 876.4
370000 898.6
375000 806.7
380000 823.5
385000 821.0
390000 849.1
395000 836.7
400000 849.9
405000 836.7
410000 883.2
415000 813.0
420000 865.4
425000 845.3
430000 777.2
435000 862.1
440000 809.5
445000 796.6
450000 792.4
455000 827.1
460000 846.8
465000 863.1
470000 867.6
475000 871.2
480000 868.1
485000 823.1
490000 860.8
495000 831.6
500000 860.8
505000 847.5
510000 876.3
515000 835.9
520000 834.5
525000 833.3
530000 817.7
535000 896.8
540000 844.4
545000 888.9
550000 862.3
555000 868.1
560000 847.1
565000 829.8
570000 883.5
575000 826.1
580000 896.9
585000 870.2
590000 825.7
595000 798.8
600000 858.9
605000 825.1
610000 851.2
615000 863.5
620000 793.6
625000 839.6
630000 865.3
635000 883.8
640000 845.9
645000 820.8
650000 856.0
655000 858.2
660000 823.4
665000 815.8
670000 804.6
675000 820.9
680000 820.3
685000 840.2
690000 877.4
695000 871.4
700000 870.0
705000 829.7
710000 848.0
715000 842.1
720000 854.9
725000 830.7
730000 841.8
735000 815.3
740000 814.9
745000 833.2
750000 821.7
755000 898.7
760000 846.6
765000 825.2
770000 820.3
775000 858.7
780000 810.1
785000 840.6
790000 831.0
795000 804.7
800000 863.8
805000 819.3
810000 825.3
815000 860.6
820000 848.2
825000 772.4
830000 824.8
835000 823.7
840000 840.3
845000 831.3
850000 879.3
855000 858.9
860000 812.8
865000 820.7
870000 831.9
875000 811.6
880000 905.0
885000 855.1
890000 878.0
895000 846.7
900000 834.6
905000 900.6
910000 840.1
915000 851.8
920000 837.6
925000 849.1
930000 850.4
935000 811.0
940000 856.2
945000 774.1
950000 824.0
955000 873.2
960000 870.3
965000 790.1
970000 803.1
975000 826.1
980000 853.5
985000 857.7
990000 823.1
995000 851.2
1000000 847.2
1005000 835.1
1010000 846.8
1015000 893.6
1020000 874.6
1025000 895.2
1030000 861.6
1035000 822.4
1040000 842.7
1045000 847.1
1050000 890.2
1055000 837.2
1060000 858.2
1065000 908.1
1070000 842.0
1075000 825.3
1080000 849.2
1085000 701.3
1090000 771.5
1095000 855.4
1100000 861.0
1105000 855.1
1110000 830.0
1115000 857.8
1120000 822.4
1125000 840.8
1130000 838.0
1135000 867.0
1140000 823.7
1145000 822.0
1150000 797.8
1155000 820.3
1160000 836.3
1165000 875.9
1170000 762.7
1175000 817.5
1180000 834.2
1185000 861.3
1190000 821.6
1195000 876.7
1200000 896.4
1205000 793.1
1210000 882.8
1215000 812.8
1220000 848.7
1225000 838.1
1230000 842.6
1235000 853.5
1240000 771.5
1245000 844.9
1250000 832.2
1255000 826.8
1260000 812.0
1265000 856.1
1270000 837.1
1275000 849.1
1280000 789.9
1285000 858.5
1290000 799.4
1295000 837.7
1300000 801.8
1305000 874.1
1310000 863.3
1315000 825.6
1320000 795.6
1325000 841.2
1330000 847.4
1335000 855.6
1340000 837.1
1345000 818.8
1350000 800.9
1355000 812.1
1360000 878.5
1365000 896.4
1370000 875.2
1375000 841.9
1380000 840.0
1385000 840.8
1390000 829.9
1395000 851.8
1400000 883.4
1405000 831.4
1410000 829.9
1415000 856.9
1420000 876.1
1425000 819.0
1430000 859.6
1435000 870.2
1440000 916.0
1445000 856.4
1450000 805.8
1455000 839.9
1460000 819.3
1465000 858.7
1470000 853.7
1475000 845.0
1480000 843.8
1485000 730.0
1490000 860.1
1495000 807.2
1500000 825.2
1505000 807.9
1510000 861.4
1515000 845.3
1520000 832.9
1525000 836.5
1530000 860.2
1535000 787.8
1540000 840.6
1545000 848.5
1550000 804.8
1555000 865.3
1560000 883.5
1565000 843.7
1570000 799.9
1575000 835.5
1580000 829.4
1585000 726.4
1590000 737.1
1595000 823.6
1600000 827.6
1605000 837.9
1610000 843.4
1615000 835.3
1620000 805.4
1625000 813.8
1630000 835.0
1635000 828.5
1640000 845.8
1645000 818.7
1650000 865.3
1655000 900.2
1660000 924.7
1665000 912.6
1670000 843.4
1675000 887.0
1680000 822.7
1685000 878.4
1690000 889.1
1695000 868.3
1700000 863.3
1705000 825.9
1710000 895.8
1715000 832.2
1720000 848.9
1725000 843.9
1730000 877.2
1735000 850.8
1740000 839.2
1745000 798.7
1750000 853.6
1755000 833.8
1760000 818.7
1765000 884.4
1770000 861.4
1775000 834.2
1780000 865.7
1785000 856.0
1790000 818.9
1795000 824.4
1800000 837.0
1805000 841.3
1810000 863.2
1815000 840.1
1820000 883.6
1825000 844.0
1830000 845.2
1835000 856.1
1840000 834.7
1845000 696.0
1850000 897.7
1855000 834.0
1860000 881.1
1865000 823.3
1870000 801.1
1875000 815.1
1880000 861.6
1885000 811.1
1890000 872.0
1895000 815.0
1900000 831.9
1905000 859.5
1910000 820.5
1915000 884.0
1920000 889.7
1925000 899.0
1930000 843.0
1935000 778.6
1940000 826.1
1945000 797.9
1950000 846.8
1955000 826.6
1960000 846.7
1965000 852.1
1970000 787.0
1975000 866.3
1980000 852.6
1985000 697.5
1990000 846.6
1995000 796.3
2000000 811.0
