5000 1.7
10000 0.0
15000 818.3
20000 739.5
25000 770.9
30000 803.9
35000 807.7
40000 847.0
45000 798.5
50000 872.7
55000 842.2
60000 819.8
65000 903.4
70000 860.9
75000 864.5
80000 879.3
85000 819.6
90000 837.4
95000 831.2
100000 853.2
105000 822.5
110000 870.4
115000 872.9
120000 863.0
125000 865.3
130000 852.5
135000 820.8
140000 853.7
145000 840.0
150000 810.5
155000 774.7
160000 866.9
165000 828.0
170000 820.3
175000 845.6
180000 842.7
185000 813.7
190000 869.1
195000 889.2
200000 769.0
205000 821.5
210000 820.8
215000 856.2
220000 832.0
225000 810.0
230000 882.7
235000 869.5
240000 884.6
245000 862.4
250000 803.6
255000 856.0
260000 847.7
265000 825.3
270000 773.9
275000 823.0
280000 824.6
285000 842.7
290000 856.0
295000 808.6
300000 808.6
305000 816.7
310000 840.2
315000 821.8
320000 832.6
325000 802.4
330000 884.6
335000 827.2
340000 901.7
345000 823.7
350000 865.6
355000 790.6
360000 818.9
365000 793.3
370000 815.7
375000 884.6
380000 805.6
385000 851.7
390000 885.6
395000 846.3
400000 864.3
405000 799.8
410000 827.9
415000 859.2
420000 860.8
425000 841.2
430000 870.5
435000 899.3
440000 851.4
445000 877.4
450000 832.4
455000 865.9
460000 843.8
465000 829.9
470000 848.3
475000 792.5
480000 854.3
485000 890.7
490000 781.1
495000 807.0
500000 894.3
505000 875.2
510000 839.9
515000 808.4
520000 814.9
525000 850.4
530000 858.9
535000 805.2
540000 759.4
545000 836.1
550000 847.5
555000 781.8
560000 825.8
565000 842.3
570000 818.2
575000 845.7
580000 812.6
585000 873.8
590000 786.3
595000 860.4
600000 883.0
605000 839.5
610000 807.0
615000 876.1
620000 840.0
625000 833.3
630000 872.6
635000 847.4
640000 848.0
645000 813.6
650000 822.5
655000 850.8
660000 837.7
665000 821.8
670000 823.0
675000 848.2
680000 843.1
685000 828.3
690000 863.3
695000 874.2
700000 801.0
705000 883.9
710000 853.9
715000 851.3
720000 853.0
725000 877.0
730000 851.1
735000 877.8
740000 808.2
745000 799.9
750000 836.3
755000 860.5
760000 836.0
765000 813.1
770000 806.0
775000 827.7
780000 875.7
785000 773.0
790000 809.1
795000 851.5
800000 818.3
805000 798.8
810000 856.2
815000 826.7
820000 810.0
825000 841.9
830000 866.3
835000 902.9
840000 842.8
845000 805.7
850000 879.6
855000 824.9
860000 870.0
865000 827.7
870000 864.3
875000 832.0
880000 856.6
885000 847.7
890000 844.2
895000 789.9
900000 790.8
905000 859.6
910000 853.8
915000 900.4
920000 836.9
925000 888.1
930000 845.4
935000 815.5
940000 828.3
945000 816.4
950000 842.4
955000 842.9
960000 833.1
965000 806.7
970000 848.0
975000 803.2
980000 872.8
985000 858.5
990000 752.8
995000 853.3
1000000 796.3
1005000 842.4
1010000 814.0
1015000 833.4
1020000 848.4
1025000 802.9
1030000 885.8
1035000 871.4
1040000 859.2
1045000 891.1
1050000 857.9
1055000 819.2
1060000 823.7
1065000 812.9
1070000 863.5
1075000 831.4
1080000 799.7
1085000 820.3
1090000 818.4
1095000 886.4
1100000 872.4
1105000 806.4
1110000 804.6
1115000 862.4
1120000 815.5
1125000 794.1
1130000 832.5
1135000 829.8
1140000 850.4
1145000 877.4
1150000 884.4
1155000 821.0
1160000 823.3
1165000 867.0
1170000 857.6
1175000 814.6
1180000 796.2
1185000 781.7
1190000 835.2
1195000 844.4
1200000 874.1
1205000 853.6
1210000 818.7
1215000 914.4
1220000 798.5
1225000 855.2
1230000 855.6
1235000 881.4
1240000 804.0
1245000 903.9
1250000 819.9
1255000 841.1
1260000 883.7
1265000 856.3
1270000 871.1
1275000 842.1
1280000 826.0
1285000 878.8
1290000 835.1
1295000 803.5
1300000 788.1
1305000 832.0
1310000 828.0
1315000 820.3
1320000 883.6
1325000 858.8
1330000 807.6
1335000 786.6
1340000 848.5
1345000 838.3
1350000 858.4
1355000 848.8
1360000 892.0
1365000 852.9
1370000 892.4
1375000 840.3
1380000 827.5
1385000 802.6
1390000 850.8
1395000 871.4
1400000 811.9
1405000 846.6
1410000 846.2
1415000 842.4
1420000 852.6
1425000 836.0
1430000 799.7
1435000 823.0
1440000 840.2
1445000 831.1
1450000 864.9
1455000 786.4
1460000 836.7
1465000 904.9
1470000 852.0
1475000 874.4
1480000 831.6
1485000 887.4
1490000 852.2
1495000 819.7
1500000 841.0
1505000 832.2
1510000 825.2
1515000 848.0
1520000 819.3
1525000 869.5
1530000 822.2
1535000 838.4
1540000 783.9
1545000 858.1
1550000 893.7
1555000 875.5
1560000 891.2
1565000 860.0
1570000 829.4
1575000 848.8
1580000 852.7
1585000 863.8
1590000 881.6
1595000 809.7
1600000 878.3
1605000 858.6
1610000 866.6
1615000 845.6
1620000 828.8
1625000 856.9
1630000 834.5
1635000 837.1
1640000 864.4
1645000 794.6
1650000 803.7
1655000 876.3
1660000 833.9
1665000 814.3
1670000 860.9
1675000 905.7
1680000 826.6
1685000 863.4
1690000 812.8
1695000 835.5
1700000 826.7
1705000 815.3
1710000 813.1
1715000 893.5
1720000 871.4
1725000 840.3
1730000 778.6
1735000 862.2
1740000 832.9
1745000 851.6
1750000 823.2
1755000 843.9
1760000 820.0
1765000 848.1
1770000 794.2
1775000 797.9
1780000 781.6
1785000 835.7
1790000 851.6
1795000 815.6
1800000 826.6
1805000 840.0
1810000 908.3
1815000 831.6
1820000 873.5
1825000 829.3
1830000 775.7
1835000 801.1
1840000 825.7
1845000 840.5
1850000 830.0
1855000 835.0
1860000 890.9
1865000 880.4
1870000 846.0
1875000 848.9
1880000 799.7
1885000 798.3
1890000 853.7
1895000 796.6
1900000 873.4
1905000 809.7
1910000 820.2
1915000 857.4
1920000 799.1
1925000 847.6
1930000 796.6
1935000 793.5
1940000 803.1
1945000 871.5
1950000 861.9
1955000 861.5
1960000 818.0
1965000 830.1
1970000 833.9
1975000 806.1
1980000 858.5
1985000 830.7
1990000 825.5
1995000 846.0
2000000 797.9
