5000 0.0
10000 0.0
15000 516.1
20000 548.9
25000 700.7
30000 592.6
35000 829.6
40000 724.0
45000 589.9
50000 770.8
55000 721.5
60000 656.8
65000 749.8
70000 859.6
75000 877.4
80000 872.3
85000 684.8
90000 779.3
95000 800.4
100000 784.6
105000 789.4
110000 854.3
115000 848.1
120000 793.4
125000 798.7
130000 876.9
135000 848.1
140000 834.5
145000 843.7
150000 775.3
155000 846.0
160000 891.4
165000 818.7
170000 806.4
175000 842.0
180000 835.2
185000 844.9
190000 737.5
195000 827.2
200000 817.7
205000 848.3
210000 644.2
215000 874.3
220000 876.6
225000 803.6
230000 808.0
235000 833.3
240000 836.5
245000 667.1
250000 697.8
255000 802.9
260000 777.1
265000 863.8
270000 783.7
275000 845.0
280000 865.1
285000 904.7
290000 846.8
295000 846.1
300000 835.6
305000 669.7
310000 873.9
315000 834.9
320000 859.9
325000 820.2
330000 844.9
335000 869.1
340000 830.2
345000 688.4
350000 746.2
355000 813.4
360000 793.9
365000 651.3
370000 646.6
375000 823.0
380000 823.9
385000 762.8
390000 831.0
395000 873.1
400000 815.4
405000 708.7
410000 879.8
415000 793.5
420000 863.1
425000 780.7
430000 830.9
435000 819.3
440000 852.5
445000 738.7
450000 847.3
455000 883.2
460000 818.0
465000 770.2
470000 756.8
475000 857.1
480000 781.1
485000 802.9
490000 906.2
495000 821.9
500000 919.6
505000 873.5
510000 836.0
515000 838.6
520000 824.4
525000 852.0
530000 773.5
535000 772.1
540000 816.6
545000 851.0
550000 842.2
555000 901.0
560000 846.5
565000 703.2
570000 859.9
575000 816.8
580000 840.3
585000 814.5
590000 858.5
595000 819.0
600000 849.0
605000 752.3
610000 882.9
615000 854.1
620000 826.8
625000 842.6
630000 847.9
635000 781.6
640000 845.3
645000 853.8
650000 800.9
655000 868.3
660000 867.3
665000 774.2
670000 766.0
675000 851.6
680000 800.6
685000 712.9
690000 874.0
695000 857.4
700000 816.9
705000 625.8
710000 779.6
715000 831.6
720000 892.9
725000 824.2
730000 838.6
735000 866.9
740000 878.2
745000 684.2
750000 862.6
755000 791.8
760000 828.3
765000 855.9
770000 795.1
775000 890.3
780000 869.7
785000 699.9
790000 849.2
795000 872.1
800000 834.4
805000 839.0
810000 897.1
815000 862.5
820000 843.7
825000 761.6
830000 858.2
835000 896.7
840000 803.9
845000 862.4
850000 859.1
855000 819.6
860000 824.5
865000 823.9
870000 892.1
875000 837.8
880000 811.4
885000 869.1
890000 813.9
895000 877.1
900000 839.0
905000 749.4
910000 790.5
915000 853.6
920000 848.4
925000 868.0
930000 802.0
935000 756.0
940000 825.2
945000 844.2
950000 820.1
955000 813.3
960000 795.8
965000 679.0
970000 852.4
975000 874.1
980000 789.3
985000 826.2
990000 897.6
995000 844.3
1000000 828.9
1005000 864.0
1010000 870.8
1015000 844.9
1020000 824.6
1025000 814.2
1030000 833.7
1035000 881.0
1040000 859.7
1045000 590.2
1050000 730.7
1055000 831.0
1060000 844.3
1065000 840.0
1070000 889.4
1075000 780.0
1080000 812.7
1085000 814.5
1090000 813.6
1095000 841.7
1100000 815.8
1105000 857.1
1110000 853.0
1115000 798.4
1120000 875.3
1125000 831.9
1130000 852.7
1135000 870.0
1140000 848.4
1145000 877.8
1150000 840.0
1155000 881.8
1160000 858.5
1165000 916.7
1170000 811.3
1175000 896.4
1180000 832.6
1185000 890.8
1190000 783.6
1195000 851.3
1200000 808.0
1205000 790.0
1210000 807.7
1215000 818.7
1220000 821.7
1225000 719.7
1230000 838.1
1235000 859.0
1240000 826.9
1245000 749.9
1250000 852.9
1255000 880.1
1260000 845.4
1265000 699.5
1270000 867.4
1275000 854.4
1280000 912.8
1285000 861.1
1290000 841.8
1295000 830.0
1300000 828.3
1305000 820.9
1310000 865.9
1315000 834.9
1320000 886.1
1325000 866.4
1330000 852.6
1335000 801.7
1340000 822.5
1345000 867.1
1350000 874.8
1355000 757.8
1360000 898.8
1365000 892.8
1370000 870.0
1375000 878.7
1380000 910.3
1385000 868.2
1390000 809.9
1395000 813.0
1400000 787.0
1405000 723.2
1410000 846.0
1415000 852.6
1420000 817.3
1425000 843.0
1430000 853.8
1435000 840.1
1440000 777.9
1445000 829.0
1450000 830.4
1455000 829.4
1460000 829.0
1465000 830.4
1470000 837.3
1475000 782.8
1480000 876.5
1485000 876.0
1490000 750.1
1495000 855.9
1500000 826.3
1505000 836.3
1510000 859.9
1515000 867.8
1520000 835.6
1525000 801.9
1530000 872.4
1535000 860.7
1540000 822.8
1545000 814.1
1550000 896.1
1555000 880.4
1560000 860.5
1565000 873.7
1570000 835.9
1575000 835.9
1580000 810.4
1585000 812.7
1590000 844.1
1595000 855.3
1600000 825.1
1605000 843.6
1610000 768.7
1615000 863.2
1620000 812.3
1625000 848.9
1630000 854.4
1635000 852.2
1640000 828.6
1645000 900.3
1650000 821.4
1655000 859.1
1660000 850.9
1665000 793.3
1670000 809.5
1675000 861.5
1680000 845.7
1685000 807.6
1690000 827.5
1695000 835.2
1700000 824.4
1705000 855.7
1710000 889.6
1715000 839.2
1720000 825.2
1725000 837.6
1730000 838.3
1735000 808.9
1740000 836.4
1745000 869.3
1750000 809.0
1755000 853.2
1760000 870.0
1765000 822.3
1770000 863.7
1775000 849.7
1780000 890.6
1785000 862.1
1790000 791.6
1795000 821.8
1800000 873.7
1805000 827.5
1810000 911.1
1815000 811.4
1820000 855.0
1825000 767.6
1830000 845.1
1835000 872.5
1840000 797.7
1845000 877.1
1850000 836.2
1855000 851.8
1860000 844.9
1865000 876.7
1870000 870.1
1875000 863.1
1880000 821.8
1885000 858.9
1890000 860.2
1895000 868.6
1900000 868.2
1905000 823.8
1910000 851.3
1915000 828.2
1920000 839.2
1925000 827.4
1930000 890.0
1935000 860.6
1940000 834.9
1945000 879.6
1950000 832.5
1955000 811.3
1960000 869.4
1965000 816.3
1970000 840.3
1975000 808.9
1980000 886.5
1985000 881.3
1990000 890.8
1995000 855.7
2000000 891.0
