5000 0.0
10000 2.3
15000 2.2
20000 695.1
25000 721.5
30000 780.0
35000 843.1
40000 901.3
45000 872.5
50000 854.1
55000 829.6
60000 821.5
65000 792.0
70000 799.4
75000 763.1
80000 848.2
85000 886.9
90000 812.7
95000 853.3
100000 827.9
105000 859.6
110000 844.8
115000 871.1
120000 814.3
125000 858.1
130000 828.1
135000 839.8
140000 830.1
145000 831.9
150000 781.1
155000 796.7
160000 835.3
165000 809.3
170000 863.2
175000 822.5
180000 765.8
185000 884.4
190000 836.1
195000 864.1
200000 874.7
205000 812.3
210000 824.3
215000 807.3
220000 817.7
225000 771.9
230000 878.7
235000 847.7
240000 851.9
245000 732.5
250000 760.0
255000 837.8
260000 870.9
265000 865.4
270000 904.4
275000 857.4
280000 828.6
285000 808.6
290000 762.9
295000 817.2
300000 840.4
305000 838.6
310000 875.9
315000 875.1
320000 776.2
325000 879.5
330000 837.6
335000 809.1
340000 787.7
345000 837.8
350000 868.0
355000 849.2
360000 816.8
365000 744.5
370000 802.5
375000 805.5
380000 878.6
385000 867.4
390000 841.7
395000 884.9
400000 848.9
405000 822.3
410000 858.9
415000 796.8
420000 839.7
425000 837.9
430000 827.3
435000 823.6
440000 851.2
445000 816.8
450000 783.3
455000 876.8
460000 851.2
465000 773.2
470000 826.6
475000 846.7
480000 856.2
485000 802.9
490000 829.6
495000 812.2
500000 928.2
505000 861.1
510000 857.1
515000 846.6
520000 803.9
525000 849.3
530000 878.2
535000 851.4
540000 906.5
545000 823.0
550000 810.7
555000 823.5
560000 817.7
565000 809.0
570000 803.8
575000 880.5
580000 854.2
585000 850.1
590000 838.2
595000 827.7
600000 854.9
605000 808.9
610000 831.9
615000 839.6
620000 855.4
625000 828.1
630000 851.1
635000 810.6
640000 838.3
645000 830.0
650000 877.6
655000 819.9
660000 870.3
665000 860.8
670000 853.3
675000 851.5
680000 860.8
685000 852.5
690000 889.9
695000 924.5
700000 792.8
705000 868.2
710000 822.3
715000 834.1
720000 859.0
725000 874.0
730000 848.4
735000 845.1
740000 859.4
745000 878.1
750000 855.8
755000 790.1
760000 820.7
765000 847.7
770000 832.8
775000 831.7
780000 806.7
785000 862.3
790000 865.1
795000 860.1
800000 899.1
805000 864.8
810000 908.3
815000 835.8
820000 807.2
825000 826.3
830000 805.4
835000 856.4
840000 841.2
845000 849.9
850000 813.7
855000 718.3
860000 847.5
865000 864.9
870000 894.7
875000 852.9
880000 785.4
885000 828.2
890000 865.2
895000 872.0
900000 834.2
905000 831.8
910000 855.4
915000 843.3
920000 858.1
925000 830.1
930000 882.9
935000 826.3
940000 858.0
945000 852.7
950000 869.8
955000 848.8
960000 814.5
965000 868.6
970000 845.2
975000 846.8
980000 871.2
985000 836.6
990000 864.6
995000 870.1
1000000 768.7
1005000 855.9
1010000 765.1
1015000 857.2
1020000 884.4
1025000 856.6
1030000 907.6
1035000 773.3
1040000 780.2
1045000 512.4
1050000 705.6
1055000 819.5
1060000 845.4
1065000 846.8
1070000 883.6
1075000 816.4
1080000 746.5
1085000 865.0
1090000 849.2
1095000 762.5
1100000 865.9
1105000 829.4
1110000 794.9
1115000 799.5
1120000 893.7
1125000 781.3
1130000 848.9
1135000 849.2
1140000 849.4
1145000 824.2
1150000 858.4
1155000 847.7
1160000 816.7
1165000 799.7
1170000 781.2
1175000 860.5
1180000 801.0
1185000 827.4
1190000 777.0
1195000 845.2
1200000 876.3
1205000 799.8
1210000 840.2
1215000 830.4
1220000 798.0
1225000 828.6
1230000 834.9
1235000 905.6
1240000 873.2
1245000 821.0
1250000 804.4
1255000 847.9
1260000 829.6
1265000 820.2
1270000 802.1
1275000 854.9
1280000 873.1
1285000 799.7
1290000 789.4
1295000 896.4
1300000 838.9
1305000 803.1
1310000 857.6
1315000 832.1
1320000 802.6
1325000 864.2
1330000 871.8
1335000 864.3
1340000 865.8
1345000 832.3
1350000 872.3
1355000 842.6
1360000 833.2
1365000 857.9
1370000 842.5
1375000 842.3
1380000 842.3
1385000 797.0
1390000 820.1
1395000 867.1
1400000 811.1
1405000 838.7
1410000 822.9
1415000 822.4
1420000 865.9
1425000 835.6
1430000 824.4
1435000 838.5
1440000 869.9
1445000 810.9
1450000 856.5
1455000 835.0
1460000 875.0
1465000 876.9
1470000 866.4
1475000 884.4
1480000 852.3
1485000 823.1
1490000 858.3
1495000 815.0
1500000 841.4
1505000 853.8
1510000 844.9
1515000 842.1
1520000 911.8
1525000 836.5
1530000 879.8
1535000 845.6
1540000 806.9
1545000 876.7
1550000 860.9
1555000 865.5
1560000 868.0
1565000 845.2
1570000 830.1
1575000 862.2
1580000 883.8
1585000 816.2
1590000 776.9
1595000 812.7
1600000 852.2
1605000 857.2
1610000 806.6
1615000 838.8
1620000 851.1
1625000 803.1
1630000 866.7
1635000 893.1
1640000 859.9
1645000 820.8
1650000 858.6
1655000 838.0
1660000 801.5
1665000 845.4
1670000 880.1
1675000 821.6
1680000 824.7
1685000 889.0
1690000 765.4
1695000 807.9
1700000 833.2
1705000 869.2
1710000 852.6
1715000 863.3
1720000 847.8
1725000 865.1
1730000 848.8
1735000 802.1
1740000 832.1
1745000 846.8
1750000 886.6
1755000 885.1
1760000 842.0
1765000 866.6
1770000 827.6
1775000 884.0
1780000 852.5
1785000 821.0
1790000 821.6
1795000 805.6
1800000 820.6
1805000 885.0
1810000 857.9
1815000 851.3
1820000 815.8
1825000 835.5
1830000 829.4
1835000 819.2
1840000 810.9
1845000 820.6
1850000 782.2
1855000 871.5
1860000 853.3
1865000 831.3
1870000 848.7
1875000 811.4
1880000 855.7
1885000 912.5
1890000 847.7
1895000 859.9
1900000 807.5
1905000 825.0
1910000 807.3
1915000 899.6
1920000 847.3
1925000 867.1
1930000 839.1
1935000 851.8
1940000 863.5
1945000 853.9
1950000 822.1
1955000 820.5
1960000 878.6
1965000 765.8
1970000 879.9
1975000 800.8
1980000 850.7
1985000 817.9
1990000 824.2
1995000 877.3
2000000 855.2
