5000 114.7
10000 7.9
15000 290.9
20000 476.9
25000 603.4
30000 630.8
35000 590.8
40000 871.9
45000 782.8
50000 784.7
55000 879.6
60000 981.5
65000 979.1
70000 783.6
75000 874.1
80000 876.3
85000 873.3
90000 687.3
95000 979.5
100000 970.7
105000 970.0
110000 978.5
115000 897.0
120000 881.0
125000 877.4
130000 880.6
135000 976.1
140000 977.7
145000 878.8
150000 882.9
155000 878.7
160000 971.4
165000 873.6
170000 820.3
175000 759.8
180000 970.4
185000 786.7
190000 987.7
195000 882.7
200000 974.1
205000 883.0
210000 977.8
215000 981.3
220000 879.5
225000 991.4
230000 887.4
235000 974.3
240000 971.6
245000 981.8
250000 983.4
255000 975.7
260000 978.3
265000 978.1
270000 979.9
275000 974.1
280000 885.5
285000 878.8
290000 982.1
295000 989.4
300000 979.0
305000 983.3
310000 985.1
315000 979.7
320000 964.0
325000 199.4
330000 980.8
335000 886.0
340000 943.5
345000 867.5
350000 980.1
355000 885.3
360000 780.5
365000 980.7
370000 780.3
375000 877.2
380000 892.9
385000 979.3
390000 985.1
395000 980.6
400000 976.6
405000 990.6
410000 983.0
415000 981.5
420000 984.3
425000 977.2
430000 886.3
435000 990.0
440000 979.8
445000 981.9
450000 983.3
455000 985.3
460000 982.0
465000 988.3
470000 988.0
475000 985.5
480000 983.8
485000 742.9
490000 977.0
495000 936.2
500000 983.2
505000 885.4
510000 981.5
515000 687.0
520000 980.6
525000 963.3
530000 984.0
535000 982.7
540000 981.5
545000 932.8
550000 881.7
555000 983.7
560000 987.0
565000 987.0
570000 991.7
575000 986.2
580000 977.7
585000 984.4
590000 986.2
595000 987.9
600000 981.2
605000 987.2
610000 983.0
615000 985.7
620000 888.3
625000 982.7
630000 978.7
635000 980.2
640000 986.3
645000 846.4
650000 901.0
655000 723.1
660000 983.0
665000 980.1
670000 978.2
675000 979.8
680000 894.7
685000 980.7
690000 982.9
695000 989.4
700000 987.4
705000 980.5
710000 886.0
715000 984.8
720000 979.3
725000 888.2
730000 984.5
735000 981.1
740000 984.4
745000 985.5
750000 985.8
755000 980.7
760000 985.3
765000 984.4
770000 883.2
775000 992.0
780000 980.9
785000 984.7
790000 986.7
795000 983.8
800000 982.4
805000 813.6
810000 985.8
815000 883.1
820000 940.8
825000 981.2
830000 975.0
835000 977.2
840000 983.4
845000 985.3
850000 980.4
855000 983.3
860000 982.4
865000 977.4
870000 984.8
875000 884.2
880000 986.6
885000 954.2
890000 978.9
895000 984.4
900000 978.8
905000 988.9
910000 991.7
915000 890.6
920000 982.4
925000 982.1
930000 984.4
935000 980.0
940000 986.5
945000 987.5
950000 986.6
955000 984.7
960000 986.1
965000 962.6
970000 980.0
975000 978.5
980000 982.7
985000 984.0
990000 887.2
995000 987.0
1000000 990.0
1005000 984.8
1010000 939.7
1015000 891.9
1020000 982.2
1025000 885.7
1030000 986.5
1035000 986.4
1040000 986.0
1045000 980.6
1050000 983.2
1055000 980.3
1060000 942.4
1065000 986.3
1070000 984.5
1075000 985.3
1080000 885.0
1085000 985.8
1090000 984.9
1095000 979.0
1100000 986.2
1105000 980.5
1110000 972.0
1115000 982.1
1120000 985.2
1125000 378.5
1130000 977.0
1135000 972.1
1140000 980.2
1145000 981.0
1150000 889.6
1155000 886.6
1160000 691.0
1165000 983.1
1170000 833.3
1175000 981.4
1180000 888.4
1185000 865.2
1190000 983.0
1195000 983.2
1200000 920.3
1205000 890.3
1210000 983.5
1215000 983.7
1220000 985.8
1225000 986.0
1230000 984.3
1235000 985.8
1240000 889.3
1245000 987.3
1250000 765.6
1255000 990.5
1260000 984.6
1265000 889.5
1270000 991.4
1275000 982.8
1280000 906.7
1285000 975.1
1290000 985.2
1295000 982.0
1300000 983.9
1305000 976.5
1310000 978.4
1315000 982.1
1320000 985.2
1325000 980.8
1330000 985.1
1335000 818.4
1340000 984.7
1345000 894.5
1350000 986.9
1355000 976.2
1360000 971.1
1365000 983.7
1370000 985.1
1375000 985.2
1380000 986.0
1385000 988.7
1390000 980.2
1395000 983.2
1400000 984.8
1405000 984.2
1410000 987.4
1415000 991.4
1420000 985.9
1425000 983.2
1430000 981.0
1435000 985.9
1440000 981.4
1445000 983.1
1450000 887.7
1455000 877.8
1460000 985.3
1465000 983.4
1470000 892.9
1475000 984.6
1480000 985.2
1485000 986.6
1490000 886.3
1495000 982.6
1500000 987.3
1505000 985.5
1510000 888.5
1515000 982.0
1520000 983.0
1525000 982.6
1530000 982.6
1535000 984.3
1540000 943.8
1545000 987.0
1550000 983.7
1555000 984.2
1560000 981.3
1565000 982.3
1570000 889.8
1575000 981.6
1580000 961.8
1585000 979.8
1590000 978.7
1595000 988.2
1600000 985.5
1605000 923.1
1610000 972.1
1615000 990.9
1620000 972.7
1625000 560.5
1630000 883.9
1635000 982.6
1640000 881.2
1645000 979.9
1650000 888.7
1655000 978.7
1660000 971.2
1665000 984.5
1670000 885.3
1675000 984.8
1680000 987.0
1685000 984.1
1690000 986.6
1695000 984.8
1700000 785.8
1705000 941.5
1710000 978.0
1715000 989.3
1720000 985.2
1725000 984.1
1730000 987.7
1735000 976.0
1740000 964.4
1745000 983.5
1750000 985.8
1755000 982.7
1760000 987.0
1765000 710.3
1770000 774.9
1775000 699.9
1780000 869.6
1785000 980.1
1790000 887.9
1795000 982.7
1800000 987.3
1805000 894.5
1810000 984.8
1815000 983.2
1820000 982.7
1825000 884.0
1830000 978.4
1835000 892.2
1840000 980.2
1845000 985.8
1850000 987.1
1855000 984.0
1860000 977.9
1865000 980.1
1870000 885.7
1875000 988.3
1880000 984.6
1885000 983.3
1890000 984.7
1895000 984.9
1900000 984.3
1905000 983.3
1910000 990.2
1915000 978.5
1920000 975.8
1925000 985.3
1930000 947.6
1935000 891.4
1940000 986.7
1945000 982.5
1950000 986.1
1955000 982.9
1960000 979.0
1965000 893.8
1970000 984.1
1975000 963.2
1980000 983.6
1985000 985.2
1990000 983.3
1995000 981.5
2000000 893.7
