5000 58.3
10000 47.4
15000 665.2
20000 658.4
25000 857.1
30000 868.2
35000 577.8
40000 489.9
45000 770.6
50000 855.4
55000 783.8
60000 819.9
65000 677.5
70000 971.6
75000 768.2
80000 879.8
85000 880.0
90000 822.2
95000 677.6
100000 786.7
105000 882.1
110000 986.3
115000 776.8
120000 969.5
125000 971.4
130000 879.0
135000 786.3
140000 828.8
145000 981.6
150000 977.0
155000 890.3
160000 983.5
165000 873.7
170000 938.8
175000 974.3
180000 978.8
185000 889.5
190000 984.3
195000 877.9
200000 970.9
205000 980.4
210000 882.0
215000 783.6
220000 885.5
225000 881.8
230000 887.5
235000 967.7
240000 981.1
245000 952.6
250000 978.9
255000 970.3
260000 974.6
265000 984.2
270000 887.7
275000 981.1
280000 875.6
285000 977.5
290000 976.8
295000 976.4
300000 975.0
305000 808.3
310000 989.0
315000 971.5
320000 890.1
325000 785.3
330000 973.9
335000 887.3
340000 876.2
345000 984.3
350000 887.8
355000 974.2
360000 791.3
365000 976.9
370000 888.7
375000 874.8
380000 975.7
385000 975.0
390000 885.8
395000 874.5
400000 988.7
405000 979.0
410000 972.6
415000 793.2
420000 872.4
425000 981.0
430000 982.5
435000 977.3
440000 887.3
445000 983.6
450000 876.4
455000 983.2
460000 990.2
465000 984.4
470000 986.0
475000 979.5
480000 983.7
485000 868.1
490000 973.6
495000 978.6
500000 983.5
505000 877.6
510000 884.2
515000 989.8
520000 982.8
525000 985.9
530000 889.0
535000 982.0
540000 984.4
545000 980.9
550000 882.7
555000 982.4
560000 982.7
565000 983.1
570000 882.9
575000 989.6
580000 986.8
585000 884.3
590000 985.2
595000 983.6
600000 975.2
605000 979.3
610000 883.0
615000 983.0
620000 987.9
625000 981.7
630000 984.5
635000 985.3
640000 986.0
645000 952.5
650000 947.4
655000 884.0
660000 881.2
665000 886.7
670000 882.7
675000 978.6
680000 883.9
685000 984.4
690000 977.3
695000 981.7
700000 891.8
705000 885.2
710000 979.8
715000 978.2
720000 983.8
725000 880.6
730000 949.6
735000 982.1
740000 980.0
745000 984.0
750000 988.4
755000 981.3
760000 984.4
765000 983.6
770000 982.4
775000 980.8
780000 982.7
785000 984.0
790000 986.6
795000 903.4
800000 986.7
805000 820.1
810000 973.9
815000 933.5
820000 885.2
825000 823.9
830000 877.2
835000 986.3
840000 987.2
845000 980.8
850000 983.8
855000 987.8
860000 982.9
865000 986.7
870000 978.2
875000 985.5
880000 883.0
885000 982.9
890000 985.1
895000 984.5
900000 986.3
905000 988.4
910000 985.3
915000 885.6
920000 984.4
925000 987.7
930000 984.6
935000 986.3
940000 981.3
945000 977.0
950000 979.8
955000 989.5
960000 988.5
965000 967.2
970000 975.7
975000 800.4
980000 893.0
985000 772.9
990000 985.0
995000 991.1
1000000 985.1
1005000 968.8
1010000 982.2
1015000 984.9
1020000 982.8
1025000 883.5
1030000 979.7
1035000 982.6
1040000 978.2
1045000 984.4
1050000 990.0
1055000 888.4
1060000 984.0
1065000 891.3
1070000 978.6
1075000 987.9
1080000 884.9
1085000 983.7
1090000 987.7
1095000 988.7
1100000 982.6
1105000 981.7
1110000 988.7
1115000 989.0
1120000 990.8
1125000 873.3
1130000 980.3
1135000 984.1
1140000 970.3
1145000 884.9
1150000 965.4
1155000 984.2
1160000 986.3
1165000 885.1
1170000 991.0
1175000 985.4
1180000 985.0
1185000 988.6
1190000 976.7
1195000 988.6
1200000 987.3
1205000 988.7
1210000 937.7
1215000 887.0
1220000 698.4
1225000 894.8
1230000 986.9
1235000 983.4
1240000 985.6
1245000 988.5
1250000 987.2
1255000 985.3
1260000 980.9
1265000 981.9
1270000 980.9
1275000 986.4
1280000 800.8
1285000 788.2
1290000 969.3
1295000 882.6
1300000 953.1
1305000 975.3
1310000 889.0
1315000 980.9
1320000 983.2
1325000 989.5
1330000 976.1
1335000 888.2
1340000 985.5
1345000 980.0
1350000 808.8
1355000 888.8
1360000 985.6
1365000 887.4
1370000 978.6
1375000 784.5
1380000 983.6
1385000 981.6
1390000 983.3
1395000 982.6
1400000 986.0
1405000 982.6
1410000 985.2
1415000 988.2
1420000 979.4
1425000 887.4
1430000 884.6
1435000 984.0
1440000 971.0
1445000 988.9
1450000 786.1
1455000 887.5
1460000 989.7
1465000 880.1
1470000 978.0
1475000 983.7
1480000 987.2
1485000 793.4
1490000 853.6
1495000 985.0
1500000 952.5
1505000 982.4
1510000 889.3
1515000 986.7
1520000 987.6
1525000 980.4
1530000 979.5
1535000 893.4
1540000 986.0
1545000 990.3
1550000 945.3
1555000 983.1
1560000 883.0
1565000 890.2
1570000 888.6
1575000 984.4
1580000 889.6
1585000 983.6
1590000 985.6
1595000 984.2
1600000 878.6
1605000 975.8
1610000 980.8
1615000 969.2
1620000 988.8
1625000 970.6
1630000 952.0
1635000 889.5
1640000 973.3
1645000 975.3
1650000 980.6
1655000 980.4
1660000 982.4
1665000 965.9
1670000 989.5
1675000 986.2
1680000 984.0
1685000 984.2
1690000 953.9
1695000 968.9
1700000 891.0
1705000 984.8
1710000 887.4
1715000 942.0
1720000 986.2
1725000 986.3
1730000 980.7
1735000 916.0
1740000 852.1
1745000 977.4
1750000 981.7
1755000 986.5
1760000 983.4
1765000 886.3
1770000 971.1
1775000 792.6
1780000 790.5
1785000 989.7
1790000 883.3
1795000 887.9
1800000 984.1
1805000 977.9
1810000 979.2
1815000 987.2
1820000 891.5
1825000 983.6
1830000 984.0
1835000 983.4
1840000 883.1
1845000 980.3
1850000 887.3
1855000 962.6
1860000 984.0
1865000 986.5
1870000 894.7
1875000 981.8
1880000 982.4
1885000 990.0
1890000 984.2
1895000 981.4
1900000 980.5
1905000 967.7
1910000 980.2
1915000 984.5
1920000 983.7
1925000 964.0
1930000 982.2
1935000 985.8
1940000 990.5
1945000 984.0
1950000 979.3
1955000 985.4
1960000 981.7
1965000 884.5
1970000 982.5
1975000 888.4
1980000 982.4
1985000 979.5
1990000 973.8
1995000 977.3
2000000 971.8
