5000 127.5
10000 55.2
15000 297.2
20000 385.7
25000 480.8
30000 971.8
35000 967.1
40000 965.9
45000 772.0
50000 880.4
55000 764.6
60000 776.6
65000 971.9
70000 867.3
75000 682.6
80000 873.2
85000 872.6
90000 777.7
95000 587.3
100000 976.6
105000 871.7
110000 981.3
115000 880.2
120000 973.0
125000 983.7
130000 980.8
135000 779.6
140000 685.2
145000 935.0
150000 688.7
155000 884.4
160000 880.1
165000 873.2
170000 979.5
175000 977.4
180000 844.3
185000 683.1
190000 874.4
195000 979.1
200000 790.2
205000 887.4
210000 881.6
215000 975.4
220000 775.9
225000 980.3
230000 979.1
235000 791.7
240000 973.3
245000 882.7
250000 783.9
255000 833.4
260000 976.5
265000 789.5
270000 944.0
275000 980.3
280000 980.2
285000 878.7
290000 961.7
295000 883.2
300000 790.0
305000 885.8
310000 893.2
315000 788.0
320000 980.1
325000 794.0
330000 960.9
335000 788.5
340000 969.4
345000 886.8
350000 975.1
355000 892.8
360000 978.7
365000 981.8
370000 983.9
375000 850.8
380000 884.4
385000 977.4
390000 982.7
395000 939.0
400000 823.4
405000 888.7
410000 890.0
415000 983.0
420000 980.3
425000 989.9
430000 983.2
435000 984.2
440000 887.4
445000 975.8
450000 894.2
455000 982.2
460000 887.8
465000 984.1
470000 886.8
475000 884.3
480000 988.0
485000 973.1
490000 835.9
495000 972.4
500000 983.8
505000 886.2
510000 984.3
515000 986.2
520000 970.3
525000 980.8
530000 891.3
535000 983.8
540000 975.0
545000 984.5
550000 882.3
555000 979.4
560000 975.7
565000 782.6
570000 890.8
575000 883.4
580000 986.3
585000 892.4
590000 979.5
595000 985.9
600000 945.6
605000 979.9
610000 982.5
615000 966.2
620000 886.4
625000 980.6
630000 986.1
635000 986.2
640000 891.1
645000 795.4
650000 916.0
655000 882.3
660000 988.6
665000 884.1
670000 792.4
675000 967.3
680000 785.9
685000 985.9
690000 990.9
695000 985.3
700000 982.6
705000 984.6
710000 983.9
715000 978.9
720000 893.9
725000 978.4
730000 888.0
735000 980.4
740000 986.9
745000 978.2
750000 987.0
755000 983.7
760000 980.2
765000 984.7
770000 890.4
775000 889.2
780000 986.0
785000 799.4
790000 881.5
795000 989.1
800000 990.8
805000 809.6
810000 884.3
815000 982.4
820000 884.1
825000 982.8
830000 882.3
835000 786.4
840000 981.3
845000 795.3
850000 894.1
855000 986.8
860000 988.3
865000 983.3
870000 985.3
875000 980.1
880000 983.9
885000 984.8
890000 985.7
895000 980.1
900000 985.2
905000 983.7
910000 987.8
915000 892.7
920000 978.7
925000 967.1
930000 887.9
935000 984.2
940000 788.3
945000 975.6
950000 984.5
955000 987.8
960000 985.9
965000 978.9
970000 982.1
975000 979.8
980000 981.2
985000 797.0
990000 982.5
995000 981.3
1000000 896.6
1005000 983.9
1010000 988.9
1015000 882.0
1020000 985.1
1025000 988.8
1030000 983.9
1035000 980.5
1040000 893.7
1045000 985.1
1050000 793.5
1055000 987.4
1060000 884.6
1065000 988.4
1070000 885.4
1075000 983.4
1080000 981.3
1085000 964.0
1090000 984.9
1095000 988.4
1100000 982.7
1105000 986.1
1110000 989.7
1115000 980.3
1120000 984.9
1125000 896.4
1130000 974.3
1135000 881.9
1140000 979.5
1145000 853.3
1150000 964.2
1155000 977.3
1160000 980.5
1165000 886.2
1170000 783.0
1175000 985.9
1180000 888.9
1185000 985.7
1190000 885.7
1195000 881.9
1200000 981.8
1205000 895.1
1210000 985.3
1215000 978.9
1220000 983.9
1225000 948.1
1230000 891.9
1235000 979.7
1240000 891.4
1245000 983.8
1250000 787.7
1255000 887.8
1260000 802.1
1265000 980.2
1270000 983.1
1275000 989.3
1280000 982.4
1285000 867.4
1290000 762.5
1295000 975.2
1300000 983.3
1305000 986.5
1310000 979.6
1315000 791.4
1320000 801.5
1325000 955.8
1330000 984.3
1335000 979.4
1340000 885.2
1345000 980.4
1350000 982.9
1355000 986.7
1360000 936.0
1365000 947.1
1370000 948.9
1375000 989.5
1380000 987.4
1385000 888.3
1390000 885.6
1395000 988.5
1400000 982.0
1405000 985.6
1410000 988.2
1415000 989.4
1420000 979.5
1425000 981.2
1430000 884.2
1435000 988.1
1440000 984.1
1445000 909.2
1450000 624.4
1455000 951.6
1460000 878.3
1465000 985.2
1470000 981.3
1475000 984.5
1480000 986.2
1485000 888.0
1490000 887.7
1495000 860.9
1500000 983.7
1505000 880.0
1510000 886.4
1515000 981.9
1520000 986.9
1525000 981.6
1530000 882.6
1535000 787.1
1540000 943.9
1545000 984.7
1550000 987.3
1555000 981.4
1560000 986.7
1565000 889.3
1570000 982.7
1575000 963.9
1580000 890.2
1585000 984.7
1590000 885.4
1595000 884.3
1600000 983.0
1605000 782.9
1610000 880.0
1615000 979.8
1620000 925.3
1625000 789.2
1630000 989.6
1635000 846.6
1640000 814.8
1645000 986.1
1650000 983.3
1655000 982.9
1660000 986.3
1665000 974.9
1670000 890.1
1675000 890.7
1680000 986.1
1685000 888.6
1690000 985.6
1695000 986.2
1700000 884.5
1705000 986.9
1710000 983.5
1715000 984.0
1720000 985.7
1725000 981.8
1730000 982.5
1735000 886.7
1740000 982.8
1745000 986.2
1750000 982.4
1755000 892.7
1760000 890.6
1765000 878.2
1770000 864.9
1775000 590.7
1780000 985.3
1785000 986.4
1790000 968.3
1795000 889.4
1800000 980.9
1805000 980.5
1810000 986.8
1815000 985.5
1820000 990.8
1825000 988.8
1830000 975.0
1835000 987.6
1840000 988.0
1845000 892.3
1850000 985.8
1855000 984.0
1860000 983.2
1865000 882.8
1870000 983.5
1875000 979.5
1880000 981.6
1885000 984.2
1890000 978.3
1895000 985.6
1900000 983.9
1905000 985.6
1910000 943.9
1915000 983.2
1920000 983.2
1925000 988.8
1930000 976.5
1935000 986.3
1940000 888.6
1945000 985.7
1950000 985.2
1955000 982.2
1960000 988.4
1965000 974.1
1970000 983.5
1975000 989.5
1980000 985.8
1985000 978.4
1990000 981.8
1995000 990.8
2000000 985.6
