5000 169.8
10000 209.3
15000 80.9
20000 291.2
25000 562.3
30000 784.5
35000 679.5
40000 779.5
45000 585.5
50000 582.6
55000 872.9
60000 879.0
65000 873.9
70000 781.0
75000 879.3
80000 686.3
85000 764.1
90000 875.3
95000 865.7
100000 887.7
105000 982.9
110000 874.3
115000 980.8
120000 678.0
125000 974.7
130000 881.7
135000 882.0
140000 891.5
145000 788.0
150000 877.4
155000 974.7
160000 890.4
165000 732.3
170000 783.3
175000 974.4
180000 876.9
185000 785.7
190000 877.9
195000 982.3
200000 966.4
205000 886.1
210000 838.1
215000 784.1
220000 987.6
225000 982.6
230000 986.5
235000 983.7
240000 983.0
245000 984.1
250000 979.4
255000 881.3
260000 982.6
265000 787.2
270000 886.3
275000 986.3
280000 882.8
285000 880.2
290000 978.6
295000 887.2
300000 985.6
305000 982.3
310000 982.6
315000 970.3
320000 872.0
325000 872.9
330000 832.8
335000 969.3
340000 886.3
345000 979.3
350000 961.0
355000 772.8
360000 885.3
365000 830.0
370000 981.9
375000 984.7
380000 980.9
385000 986.4
390000 885.8
395000 699.6
400000 980.9
405000 883.1
410000 788.6
415000 975.3
420000 982.4
425000 983.8
430000 886.4
435000 984.2
440000 980.2
445000 978.4
450000 975.7
455000 982.1
460000 988.1
465000 987.1
470000 975.0
475000 981.5
480000 984.1
485000 808.4
490000 985.7
495000 990.3
500000 986.9
505000 976.4
510000 984.4
515000 885.0
520000 983.6
525000 889.0
530000 986.9
535000 787.3
540000 980.2
545000 986.5
550000 983.0
555000 981.3
560000 986.1
565000 986.5
570000 962.7
575000 984.0
580000 888.9
585000 991.1
590000 971.8
595000 978.5
600000 984.2
605000 985.0
610000 978.2
615000 986.9
620000 985.6
625000 983.8
630000 983.1
635000 984.6
640000 980.5
645000 970.0
650000 940.4
655000 980.1
660000 883.7
665000 977.6
670000 986.7
675000 985.4
680000 987.0
685000 930.2
690000 980.1
695000 984.8
700000 976.6
705000 989.1
710000 886.9
715000 976.9
720000 983.0
725000 985.3
730000 984.0
735000 981.8
740000 887.8
745000 981.1
750000 982.5
755000 980.1
760000 982.9
765000 983.5
770000 983.6
775000 992.5
780000 986.5
785000 968.6
790000 982.6
795000 890.7
800000 982.9
805000 882.4
810000 883.1
815000 878.2
820000 981.1
825000 982.1
830000 988.0
835000 984.1
840000 987.0
845000 985.8
850000 975.4
855000 989.3
860000 982.1
865000 979.5
870000 983.8
875000 987.8
880000 986.3
885000 986.7
890000 978.8
895000 989.6
900000 888.1
905000 984.0
910000 987.6
915000 987.1
920000 984.9
925000 987.8
930000 981.1
935000 983.5
940000 989.2
945000 979.7
950000 987.4
955000 887.0
960000 982.4
965000 810.5
970000 901.4
975000 980.7
980000 889.9
985000 984.5
990000 982.9
995000 977.9
1000000 887.9
1005000 986.4
1010000 987.0
1015000 983.1
1020000 990.8
1025000 991.9
1030000 887.5
1035000 884.7
1040000 887.9
1045000 986.9
1050000 981.7
1055000 982.9
1060000 894.3
1065000 980.2
1070000 976.7
1075000 987.3
1080000 984.7
1085000 985.7
1090000 981.6
1095000 986.4
1100000 988.6
1105000 983.5
1110000 982.8
1115000 883.2
1120000 865.5
1125000 880.0
1130000 978.4
1135000 974.5
1140000 980.2
1145000 989.0
1150000 809.0
1155000 980.5
1160000 979.4
1165000 988.0
1170000 886.2
1175000 888.3
1180000 887.9
1185000 982.0
1190000 983.4
1195000 886.3
1200000 981.6
1205000 983.3
1210000 933.0
1215000 888.4
1220000 984.4
1225000 985.2
1230000 983.7
1235000 889.1
1240000 888.5
1245000 977.9
1250000 982.6
1255000 985.9
1260000 985.1
1265000 985.3
1270000 967.5
1275000 987.1
1280000 887.6
1285000 181.9
1290000 977.5
1295000 879.8
1300000 984.2
1305000 938.8
1310000 978.7
1315000 983.9
1320000 983.0
1325000 786.1
1330000 800.7
1335000 986.6
1340000 989.0
1345000 986.1
1350000 981.6
1355000 988.7
1360000 985.4
1365000 891.2
1370000 796.0
1375000 984.3
1380000 982.8
1385000 883.0
1390000 980.5
1395000 984.2
1400000 984.9
1405000 980.4
1410000 980.7
1415000 987.6
1420000 974.5
1425000 983.7
1430000 986.4
1435000 788.1
1440000 983.5
1445000 976.9
1450000 980.6
1455000 783.3
1460000 881.7
1465000 983.6
1470000 892.1
1475000 979.9
1480000 978.2
1485000 983.8
1490000 976.5
1495000 981.2
1500000 799.9
1505000 965.1
1510000 873.7
1515000 984.8
1520000 975.1
1525000 764.9
1530000 884.0
1535000 982.2
1540000 842.8
1545000 722.8
1550000 982.2
1555000 981.8
1560000 984.5
1565000 985.0
1570000 987.3
1575000 982.8
1580000 984.9
1585000 982.0
1590000 789.4
1595000 920.8
1600000 984.6
1605000 885.9
1610000 493.4
1615000 884.2
1620000 871.8
1625000 989.6
1630000 885.7
1635000 982.6
1640000 891.0
1645000 980.5
1650000 979.7
1655000 980.8
1660000 986.3
1665000 984.8
1670000 988.3
1675000 986.6
1680000 836.3
1685000 987.5
1690000 880.7
1695000 985.9
1700000 979.9
1705000 978.2
1710000 982.6
1715000 986.8
1720000 986.5
1725000 988.1
1730000 983.8
1735000 823.4
1740000 978.7
1745000 981.9
1750000 982.7
1755000 981.2
1760000 984.0
1765000 974.9
1770000 881.1
1775000 892.0
1780000 982.9
1785000 965.4
1790000 984.6
1795000 984.2
1800000 988.6
1805000 986.2
1810000 982.7
1815000 984.6
1820000 984.8
1825000 969.9
1830000 986.0
1835000 989.1
1840000 786.9
1845000 972.8
1850000 987.7
1855000 982.7
1860000 985.9
1865000 986.5
1870000 887.6
1875000 884.8
1880000 888.5
1885000 983.4
1890000 983.8
1895000 984.8
1900000 982.9
1905000 790.9
1910000 979.6
1915000 984.2
1920000 981.0
1925000 983.0
1930000 980.8
1935000 985.4
1940000 989.5
1945000 888.8
1950000 988.2
1955000 985.2
1960000 980.3
1965000 987.0
1970000 980.4
1975000 889.6
1980000 891.5
1985000 988.3
1990000 985.8
1995000 990.2
2000000 836.9
