5000 45.2
10000 88.7
15000 631.3
20000 662.7
25000 870.9
30000 958.3
35000 873.7
40000 555.4
45000 587.2
50000 691.6
55000 885.3
60000 781.7
65000 877.1
70000 879.7
75000 786.1
80000 971.5
85000 978.1
90000 775.4
95000 980.9
100000 784.5
105000 679.0
110000 792.6
115000 973.1
120000 782.8
125000 877.4
130000 731.9
135000 881.5
140000 689.8
145000 971.7
150000 872.8
155000 985.2
160000 775.8
165000 881.2
170000 974.9
175000 682.6
180000 880.7
185000 974.0
190000 972.7
195000 980.3
200000 976.4
205000 877.4
210000 789.2
215000 844.4
220000 968.4
225000 874.5
230000 884.4
235000 788.5
240000 880.9
245000 972.4
250000 981.6
255000 876.9
260000 872.7
265000 930.6
270000 979.9
275000 881.3
280000 982.9
285000 983.6
290000 931.0
295000 985.5
300000 981.4
305000 983.9
310000 984.3
315000 892.2
320000 882.7
325000 872.1
330000 944.1
335000 978.6
340000 978.9
345000 979.8
350000 885.7
355000 972.5
360000 984.0
365000 790.3
370000 980.3
375000 983.5
380000 983.0
385000 985.9
390000 981.1
395000 981.0
400000 889.1
405000 981.9
410000 879.9
415000 982.8
420000 880.5
425000 982.1
430000 888.2
435000 989.6
440000 986.3
445000 884.9
450000 990.6
455000 982.9
460000 982.3
465000 906.5
470000 980.9
475000 980.5
480000 884.0
485000 906.1
490000 908.4
495000 781.7
500000 982.7
505000 982.8
510000 990.9
515000 982.8
520000 983.7
525000 983.0
530000 984.8
535000 986.6
540000 921.5
545000 987.6
550000 980.1
555000 979.5
560000 979.8
565000 980.1
570000 981.5
575000 984.6
580000 933.0
585000 989.5
590000 984.6
595000 987.5
600000 889.9
605000 885.6
610000 981.8
615000 982.7
620000 988.3
625000 987.9
630000 982.3
635000 982.5
640000 983.4
645000 875.8
650000 964.6
655000 885.4
660000 982.5
665000 948.1
670000 793.0
675000 984.6
680000 984.3
685000 982.1
690000 882.5
695000 983.0
700000 871.3
705000 984.7
710000 985.4
715000 887.1
720000 885.1
725000 987.0
730000 988.9
735000 982.2
740000 892.8
745000 980.2
750000 982.5
755000 891.5
760000 981.6
765000 985.6
770000 987.1
775000 985.0
780000 982.9
785000 983.8
790000 986.9
795000 918.9
800000 982.5
805000 782.1
810000 979.6
815000 908.1
820000 876.1
825000 890.8
830000 966.2
835000 885.9
840000 880.5
845000 981.4
850000 979.6
855000 983.8
860000 987.2
865000 981.7
870000 984.4
875000 986.4
880000 981.4
885000 889.9
890000 893.4
895000 983.6
900000 988.3
905000 984.4
910000 984.3
915000 988.7
920000 982.5
925000 981.1
930000 982.9
935000 886.5
940000 981.8
945000 977.9
950000 984.4
955000 990.5
960000 972.9
965000 805.8
970000 925.5
975000 980.1
980000 977.9
985000 982.3
990000 893.5
995000 987.3
1000000 985.0
1005000 982.4
1010000 983.1
1015000 902.0
1020000 986.4
1025000 987.6
1030000 986.8
1035000 990.2
1040000 879.1
1045000 989.9
1050000 987.8
1055000 984.7
1060000 984.2
1065000 886.3
1070000 983.7
1075000 982.1
1080000 986.5
1085000 978.7
1090000 982.0
1095000 988.1
1100000 887.4
1105000 984.3
1110000 981.9
1115000 990.4
1120000 893.0
1125000 788.0
1130000 968.1
1135000 876.0
1140000 979.5
1145000 889.0
1150000 975.7
1155000 923.8
1160000 984.5
1165000 847.3
1170000 794.7
1175000 884.8
1180000 987.5
1185000 987.0
1190000 983.9
1195000 985.5
1200000 983.2
1205000 885.6
1210000 984.8
1215000 985.5
1220000 985.0
1225000 985.8
1230000 985.5
1235000 983.2
1240000 887.6
1245000 980.9
1250000 984.2
1255000 934.9
1260000 984.0
1265000 990.9
1270000 894.4
1275000 980.2
1280000 892.6
1285000 853.3
1290000 886.7
1295000 870.5
1300000 985.5
1305000 986.6
1310000 786.2
1315000 982.2
1320000 854.1
1325000 984.8
1330000 988.1
1335000 983.0
1340000 987.2
1345000 896.9
1350000 964.9
1355000 891.6
1360000 920.6
1365000 986.9
1370000 985.8
1375000 949.3
1380000 886.3
1385000 981.6
1390000 987.7
1395000 888.9
1400000 985.6
1405000 908.4
1410000 887.2
1415000 983.8
1420000 881.7
1425000 984.8
1430000 980.1
1435000 987.5
1440000 900.1
1445000 778.2
1450000 885.2
1455000 884.2
1460000 980.1
1465000 987.0
1470000 730.2
1475000 974.6
1480000 886.1
1485000 983.7
1490000 914.9
1495000 955.9
1500000 987.2
1505000 983.2
1510000 988.1
1515000 937.9
1520000 986.4
1525000 957.8
1530000 897.8
1535000 985.1
1540000 886.7
1545000 988.6
1550000 954.4
1555000 982.2
1560000 858.2
1565000 890.4
1570000 987.6
1575000 986.0
1580000 979.3
1585000 978.0
1590000 984.5
1595000 985.6
1600000 982.5
1605000 866.6
1610000 882.0
1615000 973.2
1620000 984.1
1625000 890.9
1630000 983.8
1635000 889.3
1640000 986.3
1645000 985.2
1650000 976.2
1655000 980.3
1660000 788.7
1665000 950.2
1670000 888.9
1675000 841.8
1680000 980.1
1685000 882.8
1690000 983.6
1695000 986.4
1700000 981.5
1705000 979.7
1710000 983.9
1715000 885.4
1720000 986.7
1725000 977.7
1730000 982.7
1735000 970.4
1740000 983.8
1745000 983.0
1750000 985.3
1755000 985.8
1760000 986.5
1765000 750.6
1770000 965.4
1775000 892.5
1780000 874.6
1785000 883.6
1790000 963.6
1795000 870.6
1800000 885.7
1805000 895.5
1810000 889.7
1815000 888.8
1820000 986.4
1825000 892.4
1830000 989.8
1835000 786.5
1840000 987.6
1845000 880.9
1850000 891.9
1855000 982.6
1860000 976.7
1865000 919.5
1870000 890.6
1875000 981.9
1880000 986.2
1885000 987.4
1890000 987.8
1895000 986.5
1900000 982.7
1905000 983.5
1910000 894.0
1915000 987.0
1920000 891.1
1925000 987.8
1930000 984.7
1935000 980.8
1940000 983.4
1945000 988.4
1950000 984.6
1955000 984.2
1960000 984.3
1965000 989.1
1970000 961.9
1975000 983.2
1980000 986.1
1985000 932.0
1990000 985.0
1995000 985.5
2000000 986.6
