5000 251.2
10000 199.3
15000 225.4
20000 340.9
25000 74.8
30000 259.5
35000 211.9
40000 161.7
45000 106.8
50000 182.8
55000 73.3
60000 13.0
65000 123.6
70000 374.6
75000 292.0
80000 231.8
85000 51.4
90000 207.5
95000 92.8
100000 611.1
105000 67.6
110000 112.4
115000 330.0
120000 207.6
125000 108.6
130000 256.1
135000 298.5
140000 23.5
145000 333.1
150000 30.9
155000 379.5
160000 302.6
165000 139.0
170000 293.6
175000 159.1
180000 439.1
185000 200.2
190000 108.4
195000 214.3
200000 369.3
205000 109.2
210000 227.5
215000 167.0
220000 279.9
225000 198.1
230000 259.3
235000 306.6
240000 476.1
245000 672.4
250000 270.1
255000 481.8
260000 200.3
265000 520.2
270000 391.7
275000 291.6
280000 116.2
285000 455.2
290000 103.2
295000 300.0
300000 292.1
305000 368.3
310000 206.1
315000 113.1
320000 291.7
325000 314.8
330000 205.3
335000 279.1
340000 304.2
345000 296.2
350000 374.7
355000 338.8
360000 610.4
365000 565.5
370000 111.2
375000 374.6
380000 290.0
385000 254.9
390000 298.6
395000 413.0
400000 174.9
405000 437.4
410000 503.9
415000 642.5
420000 361.0
425000 606.0
430000 359.9
435000 497.6
440000 459.1
445000 365.2
450000 362.1
455000 387.1
460000 338.5
465000 364.8
470000 419.6
475000 207.9
480000 448.0
485000 330.6
490000 250.8
495000 575.2
500000 344.5
505000 573.7
510000 198.6
515000 247.8
520000 367.3
525000 349.2
530000 27.0
535000 628.3
540000 406.8
545000 246.6
550000 659.5
555000 538.6
560000 201.6
565000 371.3
570000 255.1
575000 454.7
580000 241.3
585000 722.1
590000 194.6
595000 171.4
600000 274.7
605000 220.9
610000 669.1
615000 689.9
620000 429.7
625000 325.0
630000 684.2
635000 524.6
640000 354.3
645000 560.0
650000 402.9
655000 214.1
660000 203.4
665000 378.9
670000 152.4
675000 401.6
680000 260.0
685000 707.8
690000 443.8
695000 268.3
700000 380.1
705000 475.1
710000 473.7
715000 770.4
720000 261.6
725000 169.5
730000 287.8
735000 461.2
740000 389.3
745000 538.9
750000 484.7
755000 377.0
760000 564.7
765000 300.7
770000 172.0
775000 440.4
780000 484.8
785000 346.4
790000 281.3
795000 184.5
800000 384.2
805000 421.3
810000 307.4
815000 97.0
820000 568.8
825000 368.5
830000 619.6
835000 662.6
840000 195.1
845000 552.4
850000 586.0
855000 155.9
860000 306.3
865000 151.4
870000 476.7
875000 364.7
880000 582.6
885000 127.0
890000 255.8
895000 182.2
900000 695.8
905000 345.8
910000 274.5
915000 370.1
920000 367.9
925000 18.4
930000 593.5
935000 564.3
940000 257.5
945000 258.9
950000 183.9
955000 215.4
960000 536.4
965000 259.4
970000 416.8
975000 467.4
980000 294.2
985000 404.7
990000 383.3
995000 249.3
1000000 443.0
1005000 204.0
1010000 514.7
1015000 431.6
1020000 371.8
1025000 384.8
1030000 512.9
1035000 265.3
1040000 309.1
1045000 497.0
1050000 305.5
1055000 388.5
1060000 573.0
1065000 536.4
1070000 405.5
1075000 336.3
1080000 341.3
1085000 248.0
1090000 425.2
1095000 514.1
1100000 299.2
1105000 81.1
1110000 311.0
1115000 427.4
1120000 342.1
1125000 368.3
1130000 449.9
1135000 439.5
1140000 298.1
1145000 331.4
1150000 638.3
1155000 442.8
1160000 445.0
1165000 262.0
1170000 443.1
1175000 447.8
1180000 451.7
1185000 110.8
1190000 269.2
1195000 563.2
1200000 748.2
1205000 350.3
1210000 383.1
1215000 418.3
1220000 226.2
1225000 402.1
1230000 248.4
1235000 517.7
1240000 514.9
1245000 276.5
1250000 440.3
1255000 249.1
1260000 359.8
1265000 467.5
1270000 442.4
1275000 288.3
1280000 574.1
1285000 425.8
1290000 188.8
1295000 279.2
1300000 481.8
1305000 264.4
1310000 324.9
1315000 488.6
1320000 485.4
1325000 237.5
1330000 252.4
1335000 448.0
1340000 549.7
1345000 548.2
1350000 384.1
1355000 459.6
1360000 691.1
1365000 199.9
1370000 186.1
1375000 706.2
1380000 308.5
1385000 353.9
1390000 248.2
1395000 266.3
1400000 269.0
1405000 668.2
1410000 386.3
1415000 649.1
1420000 818.1
1425000 617.6
1430000 557.9
1435000 619.0
1440000 506.0
1445000 235.3
1450000 191.6
1455000 442.7
1460000 280.0
1465000 362.6
1470000 298.2
1475000 387.0
1480000 362.6
1485000 280.9
1490000 470.8
1495000 356.0
1500000 273.3
1505000 494.1
1510000 576.0
1515000 284.7
1520000 598.0
1525000 385.3
1530000 477.3
1535000 573.1
1540000 493.4
1545000 286.1
1550000 323.9
1555000 258.2
1560000 296.1
1565000 610.7
1570000 500.8
1575000 531.2
1580000 270.8
1585000 454.7
1590000 478.2
1595000 256.2
1600000 224.5
1605000 316.9
1610000 195.2
1615000 398.0
1620000 415.9
1625000 398.7
1630000 655.9
1635000 494.9
1640000 456.2
1645000 241.6
1650000 161.3
1655000 462.4
1660000 236.3
1665000 247.6
1670000 534.6
1675000 632.5
1680000 231.9
1685000 216.0
1690000 538.5
1695000 368.6
1700000 112.3
1705000 275.7
1710000 275.4
1715000 281.7
1720000 80.1
1725000 372.0
1730000 154.3
1735000 264.6
1740000 121.4
1745000 271.0
1750000 265.2
1755000 206.0
1760000 290.8
1765000 210.2
1770000 699.3
1775000 312.7
1780000 440.2
1785000 456.2
1790000 204.0
1795000 537.7
1800000 190.8
1805000 357.5
1810000 470.9
1815000 390.6
1820000 399.2
1825000 366.7
1830000 427.9
1835000 549.7
1840000 194.8
1845000 90.7
1850000 551.0
1855000 303.7
1860000 363.3
1865000 441.9
1870000 414.8
1875000 443.6
1880000 468.6
1885000 364.7
1890000 327.0
1895000 371.7
1900000 443.6
1905000 475.7
1910000 548.2
1915000 331.7
1920000 347.2
1925000 608.9
1930000 364.6
1935000 303.8
1940000 109.4
1945000 426.3
1950000 193.0
1955000 231.6
1960000 555.4
1965000 457.5
1970000 407.7
1975000 187.9
1980000 460.5
1985000 523.2
1990000 286.9
1995000 498.3
2000000 441.9
