5000 47.5
10000 248.7
15000 177.3
20000 20.5
25000 404.2
30000 213.3
35000 118.9
40000 112.5
45000 163.4
50000 11.5
55000 119.6
60000 192.6
65000 39.5
70000 111.9
75000 484.0
80000 305.9
85000 204.7
90000 151.0
95000 165.3
100000 242.1
105000 209.1
110000 261.1
115000 212.2
120000 267.4
125000 446.4
130000 62.2
135000 96.9
140000 231.5
145000 210.7
150000 261.4
155000 116.2
160000 269.6
165000 15.1
170000 434.1
175000 267.6
180000 19.3
185000 90.5
190000 120.8
195000 491.2
200000 369.8
205000 265.3
210000 640.1
215000 383.0
220000 529.0
225000 305.7
230000 259.2
235000 286.7
240000 358.2
245000 331.5
250000 365.9
255000 254.6
260000 399.7
265000 206.8
270000 63.0
275000 342.3
280000 387.3
285000 461.9
290000 185.0
295000 580.3
300000 466.4
305000 207.5
310000 384.4
315000 316.0
320000 385.4
325000 284.7
330000 113.5
335000 509.4
340000 299.9
345000 280.3
350000 446.1
355000 501.9
360000 270.8
365000 443.2
370000 274.9
375000 373.9
380000 372.5
385000 186.3
390000 322.9
395000 258.5
400000 182.6
405000 499.0
410000 196.3
415000 324.3
420000 454.6
425000 398.2
430000 195.2
435000 288.6
440000 177.2
445000 447.1
450000 437.5
455000 567.8
460000 244.6
465000 283.1
470000 247.3
475000 441.1
480000 403.7
485000 421.7
490000 264.8
495000 10.3
500000 292.6
505000 297.9
510000 594.8
515000 371.0
520000 508.0
525000 286.2
530000 336.6
535000 526.7
540000 282.3
545000 434.8
550000 291.1
555000 472.3
560000 321.6
565000 281.4
570000 304.9
575000 542.2
580000 396.6
585000 168.7
590000 464.2
595000 438.6
600000 239.6
605000 662.3
610000 372.9
615000 639.4
620000 307.5
625000 360.8
630000 86.2
635000 371.4
640000 272.7
645000 272.3
650000 501.6
655000 288.4
660000 419.5
665000 471.9
670000 478.6
675000 407.2
680000 304.0
685000 393.2
690000 640.6
695000 381.7
700000 421.7
705000 497.4
710000 374.9
715000 740.2
720000 273.8
725000 299.7
730000 253.0
735000 460.4
740000 209.5
745000 365.8
750000 470.4
755000 300.2
760000 275.9
765000 380.0
770000 354.1
775000 497.6
780000 455.6
785000 413.0
790000 81.9
795000 387.0
800000 288.7
805000 228.0
810000 203.6
815000 369.8
820000 299.6
825000 451.2
830000 357.9
835000 404.1
840000 342.2
845000 299.2
850000 486.1
855000 332.7
860000 505.5
865000 492.5
870000 477.0
875000 419.8
880000 439.5
885000 303.2
890000 625.7
895000 295.3
900000 364.9
905000 259.5
910000 599.0
915000 365.4
920000 250.3
925000 619.0
930000 502.6
935000 537.8
940000 437.3
945000 595.1
950000 360.6
955000 353.6
960000 577.7
965000 358.7
970000 575.7
975000 458.5
980000 421.9
985000 468.7
990000 438.5
995000 157.0
1000000 523.7
1005000 365.1
1010000 396.0
1015000 657.0
1020000 643.3
1025000 344.7
1030000 400.5
1035000 431.6
1040000 461.4
1045000 580.9
1050000 312.0
1055000 402.0
1060000 297.6
1065000 360.4
1070000 337.4
1075000 555.1
1080000 494.2
1085000 604.3
1090000 357.8
1095000 360.0
1100000 675.0
1105000 141.4
1110000 349.5
1115000 536.6
1120000 556.0
1125000 207.1
1130000 464.7
1135000 398.8
1140000 364.1
1145000 206.8
1150000 668.7
1155000 415.9
1160000 348.2
1165000 311.0
1170000 475.2
1175000 664.5
1180000 181.8
1185000 441.4
1190000 306.5
1195000 409.5
1200000 470.1
1205000 228.4
1210000 345.0
1215000 455.0
1220000 496.7
1225000 258.5
1230000 266.4
1235000 323.7
1240000 290.5
1245000 446.2
1250000 410.8
1255000 305.1
1260000 670.2
1265000 371.1
1270000 160.6
1275000 286.7
1280000 329.6
1285000 391.3
1290000 503.5
1295000 267.8
1300000 585.2
1305000 580.2
1310000 339.4
1315000 286.1
1320000 486.7
1325000 488.3
1330000 494.8
1335000 329.0
1340000 432.0
1345000 365.6
1350000 573.9
1355000 351.1
1360000 654.0
1365000 281.3
1370000 464.5
1375000 589.6
1380000 681.6
1385000 367.6
1390000 9.2
1395000 385.7
1400000 490.7
1405000 158.7
1410000 436.7
1415000 329.4
1420000 296.7
1425000 107.0
1430000 469.9
1435000 444.3
1440000 292.4
1445000 263.6
1450000 290.7
1455000 371.4
1460000 381.6
1465000 380.0
1470000 343.8
1475000 204.2
1480000 488.2
1485000 313.3
1490000 393.5
1495000 364.1
1500000 330.4
1505000 262.6
1510000 691.0
1515000 710.9
1520000 218.2
1525000 206.9
1530000 361.8
1535000 501.1
1540000 376.2
1545000 516.1
1550000 335.8
1555000 439.7
1560000 671.3
1565000 325.5
1570000 242.0
1575000 403.2
1580000 459.5
1585000 255.7
1590000 393.6
1595000 286.3
1600000 272.8
1605000 473.0
1610000 499.0
1615000 475.3
1620000 617.1
1625000 472.3
1630000 420.5
1635000 551.7
1640000 326.5
1645000 399.1
1650000 398.4
1655000 336.6
1660000 468.0
1665000 493.0
1670000 524.6
1675000 799.3
1680000 381.3
1685000 262.7
1690000 365.5
1695000 669.9
1700000 344.6
1705000 354.1
1710000 281.1
1715000 257.5
1720000 235.7
1725000 516.9
1730000 550.9
1735000 398.4
1740000 394.9
1745000 169.7
1750000 678.2
1755000 289.6
1760000 485.9
1765000 420.0
1770000 342.2
1775000 488.4
1780000 524.9
1785000 481.4
1790000 630.6
1795000 531.4
1800000 548.6
1805000 461.6
1810000 354.2
1815000 463.8
1820000 647.4
1825000 463.5
1830000 358.4
1835000 358.8
1840000 389.0
1845000 281.5
1850000 298.4
1855000 334.1
1860000 447.6
1865000 340.2
1870000 517.0
1875000 473.2
1880000 296.6
1885000 564.5
1890000 324.7
1895000 372.2
1900000 233.9
1905000 505.5
1910000 555.5
1915000 522.2
1920000 376.7
1925000 338.5
1930000 532.2
1935000 588.5
1940000 350.6
1945000 620.9
1950000 376.8
1955000 401.8
1960000 75.0
1965000 340.5
1970000 560.9
1975000 610.3
1980000 844.2
1985000 469.9
1990000 274.4
1995000 447.6
2000000 509.6
