5000 80.5
10000 273.1
15000 174.3
20000 163.6
25000 190.8
30000 108.0
35000 160.6
40000 69.4
45000 124.5
50000 196.3
55000 112.4
60000 196.3
65000 337.7
70000 84.9
75000 358.5
80000 116.9
85000 196.6
90000 197.0
95000 206.4
100000 293.7
105000 437.4
110000 181.1
115000 188.8
120000 275.0
125000 152.0
130000 206.5
135000 137.9
140000 292.8
145000 453.7
150000 118.5
155000 115.6
160000 247.6
165000 333.3
170000 283.1
175000 110.8
180000 294.7
185000 299.0
190000 373.3
195000 297.6
200000 297.5
205000 355.1
210000 207.9
215000 208.7
220000 256.4
225000 334.2
230000 198.3
235000 196.1
240000 374.9
245000 215.1
250000 497.0
255000 116.4
260000 18.2
265000 207.5
270000 334.1
275000 593.6
280000 489.9
285000 375.7
290000 285.3
295000 189.3
300000 381.6
305000 374.2
310000 298.0
315000 258.8
320000 54.8
325000 168.3
330000 171.6
335000 202.7
340000 261.7
345000 353.4
350000 624.2
355000 186.8
360000 345.7
365000 219.2
370000 345.2
375000 177.0
380000 182.1
385000 265.7
390000 366.3
395000 463.5
400000 225.7
405000 327.2
410000 365.2
415000 337.3
420000 467.2
425000 193.2
430000 250.3
435000 366.9
440000 211.4
445000 499.9
450000 214.6
455000 410.4
460000 288.4
465000 284.1
470000 284.7
475000 108.1
480000 375.6
485000 248.9
490000 376.8
495000 654.6
500000 214.4
505000 204.9
510000 333.2
515000 466.8
520000 492.5
525000 461.9
530000 551.1
535000 278.8
540000 191.2
545000 348.1
550000 332.5
555000 227.7
560000 277.7
565000 461.1
570000 390.6
575000 251.2
580000 626.1
585000 396.3
590000 337.6
595000 255.2
600000 524.5
605000 485.6
610000 394.9
615000 347.6
620000 350.9
625000 349.3
630000 526.0
635000 745.2
640000 540.6
645000 295.8
650000 220.0
655000 380.4
660000 368.2
665000 311.0
670000 334.8
675000 254.6
680000 287.4
685000 583.2
690000 328.0
695000 569.4
700000 477.3
705000 643.8
710000 288.6
715000 333.4
720000 534.9
725000 306.3
730000 283.5
735000 205.4
740000 230.2
745000 205.9
750000 442.0
755000 480.5
760000 259.2
765000 195.8
770000 248.2
775000 419.4
780000 447.5
785000 479.2
790000 287.0
795000 410.8
800000 274.8
805000 274.9
810000 476.8
815000 296.4
820000 459.5
825000 566.7
830000 360.8
835000 345.1
840000 396.8
845000 468.3
850000 337.5
855000 496.2
860000 433.1
865000 436.5
870000 263.2
875000 372.7
880000 466.7
885000 385.0
890000 262.7
895000 309.1
900000 291.5
905000 224.5
910000 323.5
915000 619.3
920000 284.7
925000 361.8
930000 249.3
935000 380.7
940000 600.5
945000 307.2
950000 395.8
955000 256.4
960000 279.1
965000 311.6
970000 279.3
975000 276.5
980000 532.1
985000 284.8
990000 501.6
995000 312.7
1000000 11.6
1005000 340.1
1010000 339.4
1015000 587.6
1020000 264.4
1025000 536.6
1030000 598.8
1035000 339.5
1040000 372.9
1045000 384.2
1050000 256.7
1055000 358.4
1060000 469.1
1065000 468.4
1070000 358.0
1075000 500.2
1080000 320.2
1085000 495.5
1090000 161.2
1095000 474.8
1100000 684.9
1105000 460.2
1110000 359.2
1115000 720.0
1120000 516.3
1125000 248.4
1130000 425.5
1135000 260.1
1140000 256.0
1145000 374.3
1150000 385.8
1155000 154.8
1160000 462.6
1165000 317.3
1170000 642.2
1175000 287.3
1180000 499.3
1185000 231.2
1190000 371.6
1195000 404.0
1200000 492.4
1205000 416.8
1210000 344.0
1215000 339.5
1220000 241.2
1225000 280.2
1230000 206.3
1235000 153.9
1240000 187.5
1245000 174.8
1250000 272.4
1255000 468.1
1260000 427.9
1265000 491.2
1270000 204.6
1275000 440.1
1280000 248.8
1285000 510.8
1290000 295.7
1295000 359.4
1300000 656.8
1305000 288.3
1310000 276.9
1315000 450.5
1320000 254.6
1325000 389.6
1330000 327.9
1335000 515.9
1340000 372.5
1345000 562.9
1350000 396.8
1355000 506.4
1360000 646.7
1365000 528.0
1370000 414.8
1375000 111.0
1380000 380.6
1385000 432.0
1390000 290.6
1395000 351.6
1400000 712.4
1405000 661.7
1410000 268.8
1415000 352.5
1420000 314.0
1425000 257.5
1430000 552.6
1435000 572.7
1440000 740.3
1445000 409.9
1450000 424.2
1455000 209.7
1460000 206.4
1465000 175.5
1470000 244.0
1475000 184.8
1480000 394.0
1485000 320.0
1490000 459.4
1495000 299.2
1500000 463.7
1505000 362.9
1510000 365.3
1515000 516.5
1520000 500.5
1525000 170.9
1530000 455.6
1535000 45.9
1540000 489.9
1545000 713.0
1550000 308.9
1555000 464.0
1560000 206.4
1565000 463.2
1570000 105.7
1575000 453.5
1580000 483.9
1585000 506.3
1590000 461.6
1595000 411.4
1600000 371.1
1605000 446.7
1610000 364.9
1615000 446.0
1620000 154.9
1625000 306.4
1630000 470.7
1635000 304.2
1640000 146.5
1645000 232.4
1650000 383.0
1655000 577.4
1660000 366.9
1665000 457.0
1670000 603.8
1675000 580.6
1680000 512.1
1685000 174.5
1690000 441.6
1695000 348.2
1700000 102.1
1705000 383.9
1710000 386.1
1715000 420.6
1720000 543.4
1725000 317.8
1730000 618.3
1735000 360.2
1740000 268.6
1745000 197.1
1750000 451.8
1755000 292.4
1760000 683.5
1765000 649.1
1770000 467.9
1775000 313.6
1780000 99.1
1785000 464.8
1790000 560.4
1795000 522.2
1800000 205.2
1805000 428.2
1810000 618.1
1815000 526.5
1820000 479.7
1825000 474.9
1830000 571.3
1835000 421.6
1840000 504.6
1845000 138.6
1850000 463.2
1855000 281.5
1860000 395.3
1865000 104.5
1870000 426.4
1875000 430.1
1880000 342.8
1885000 333.3
1890000 287.9
1895000 252.5
1900000 161.8
1905000 571.7
1910000 328.4
1915000 379.5
1920000 529.5
1925000 339.7
1930000 555.6
1935000 14.4
1940000 390.5
1945000 609.6
1950000 500.5
1955000 512.3
1960000 391.7
1965000 272.7
1970000 288.4
1975000 373.3
1980000 328.3
1985000 333.6
1990000 232.7
1995000 399.3
2000000 301.4
