5000 180.6
10000 98.2
15000 114.9
20000 111.5
25000 262.8
30000 217.1
35000 93.4
40000 278.0
45000 446.3
50000 382.1
55000 259.3
60000 252.2
65000 120.0
70000 416.3
75000 21.7
80000 354.0
85000 202.9
90000 297.6
95000 485.8
100000 417.2
105000 16.4
110000 365.5
115000 227.4
120000 203.1
125000 387.0
130000 419.8
135000 478.0
140000 199.5
145000 188.9
150000 296.6
155000 306.3
160000 255.9
165000 377.8
170000 369.0
175000 178.7
180000 415.6
185000 111.9
190000 200.0
195000 352.2
200000 262.0
205000 13.0
210000 124.4
215000 398.0
220000 145.6
225000 290.9
230000 155.1
235000 522.6
240000 187.6
245000 193.4
250000 207.9
255000 346.3
260000 96.9
265000 492.3
270000 377.1
275000 494.2
280000 301.4
285000 557.8
290000 391.6
295000 473.3
300000 375.6
305000 308.0
310000 440.7
315000 453.9
320000 260.3
325000 235.7
330000 383.4
335000 599.0
340000 378.9
345000 536.2
350000 434.5
355000 552.0
360000 336.9
365000 503.8
370000 571.8
375000 213.6
380000 487.9
385000 431.8
390000 392.4
395000 292.2
400000 164.0
405000 214.2
410000 214.8
415000 282.8
420000 593.1
425000 105.7
430000 379.7
435000 401.0
440000 374.5
445000 368.2
450000 636.5
455000 553.9
460000 202.9
465000 456.4
470000 395.9
475000 279.9
480000 459.5
485000 271.4
490000 167.6
495000 297.2
500000 167.3
505000 473.3
510000 199.2
515000 432.3
520000 397.0
525000 453.6
530000 349.6
535000 463.1
540000 452.3
545000 543.7
550000 558.3
555000 220.9
560000 426.1
565000 264.4
570000 209.5
575000 369.8
580000 407.1
585000 383.4
590000 361.6
595000 625.7
600000 371.2
605000 576.6
610000 220.3
615000 447.4
620000 367.0
625000 655.9
630000 362.5
635000 514.0
640000 446.1
645000 404.7
650000 192.0
655000 441.6
660000 179.6
665000 209.1
670000 714.2
675000 435.3
680000 334.1
685000 279.0
690000 161.8
695000 351.9
700000 536.4
705000 133.1
710000 658.3
715000 353.4
720000 262.4
725000 368.8
730000 461.3
735000 330.9
740000 471.7
745000 238.8
750000 262.1
755000 362.1
760000 519.1
765000 387.0
770000 341.0
775000 153.4
780000 306.3
785000 321.9
790000 178.2
795000 92.8
800000 420.8
805000 309.0
810000 248.7
815000 336.6
820000 257.2
825000 279.8
830000 519.2
835000 550.1
840000 421.7
845000 585.9
850000 798.0
855000 396.9
860000 301.7
865000 426.6
870000 590.6
875000 383.6
880000 545.3
885000 494.5
890000 109.4
895000 381.5
900000 221.7
905000 474.6
910000 564.6
915000 342.7
920000 378.4
925000 554.0
930000 433.0
935000 284.3
940000 305.3
945000 563.6
950000 391.1
955000 306.3
960000 518.5
965000 455.7
970000 438.4
975000 364.7
980000 288.7
985000 481.2
990000 585.8
995000 401.3
1000000 232.0
1005000 567.7
1010000 335.5
1015000 382.0
1020000 453.7
1025000 391.8
1030000 382.8
1035000 109.1
1040000 478.0
1045000 360.2
1050000 425.7
1055000 536.8
1060000 402.1
1065000 489.4
1070000 319.7
1075000 355.2
1080000 299.3
1085000 474.1
1090000 390.6
1095000 610.3
1100000 306.7
1105000 579.5
1110000 435.1
1115000 336.0
1120000 350.7
1125000 320.2
1130000 193.1
1135000 184.6
1140000 379.6
1145000 366.7
1150000 565.0
1155000 426.4
1160000 558.3
1165000 467.3
1170000 377.5
1175000 398.0
1180000 402.4
1185000 401.6
1190000 522.0
1195000 332.0
1200000 465.9
1205000 447.0
1210000 517.4
1215000 550.2
1220000 219.6
1225000 179.3
1230000 235.1
1235000 107.8
1240000 305.5
1245000 380.7
1250000 330.6
1255000 436.4
1260000 239.5
1265000 522.8
1270000 591.9
1275000 349.4
1280000 555.9
1285000 73.9
1290000 134.5
1295000 587.3
1300000 272.3
1305000 238.3
1310000 589.8
1315000 247.1
1320000 344.7
1325000 326.8
1330000 466.2
1335000 824.8
1340000 382.3
1345000 303.5
1350000 247.7
1355000 271.7
1360000 355.2
1365000 243.5
1370000 397.5
1375000 559.4
1380000 527.1
1385000 462.0
1390000 436.0
1395000 458.8
1400000 450.6
1405000 488.2
1410000 285.7
1415000 316.8
1420000 412.5
1425000 509.6
1430000 428.4
1435000 381.7
1440000 478.4
1445000 359.0
1450000 458.2
1455000 534.9
1460000 282.6
1465000 271.3
1470000 641.1
1475000 244.5
1480000 597.4
1485000 315.6
1490000 360.1
1495000 398.5
1500000 491.4
1505000 302.3
1510000 447.9
1515000 613.8
1520000 493.9
1525000 354.5
1530000 518.2
1535000 271.4
1540000 501.7
1545000 473.9
1550000 557.1
1555000 598.6
1560000 492.6
1565000 622.4
1570000 742.8
1575000 315.8
1580000 528.7
1585000 254.4
1590000 332.4
1595000 551.1
1600000 349.9
1605000 446.8
1610000 397.7
1615000 380.4
1620000 571.1
1625000 467.6
1630000 336.6
1635000 430.0
1640000 406.2
1645000 619.5
1650000 442.9
1655000 587.9
1660000 647.7
1665000 459.7
1670000 524.4
1675000 456.4
1680000 502.3
1685000 416.1
1690000 238.5
1695000 175.2
1700000 571.1
1705000 369.2
1710000 367.5
1715000 299.8
1720000 568.6
1725000 306.0
1730000 511.5
1735000 194.8
1740000 202.3
1745000 515.3
1750000 489.3
1755000 413.2
1760000 566.8
1765000 333.0
1770000 402.5
1775000 690.1
1780000 202.4
1785000 360.8
1790000 576.9
1795000 235.1
1800000 418.5
1805000 458.2
1810000 256.0
1815000 467.2
1820000 573.3
1825000 361.5
1830000 276.4
1835000 263.3
1840000 407.5
1845000 262.0
1850000 359.9
1855000 110.3
1860000 290.8
1865000 278.5
1870000 401.3
1875000 432.2
1880000 337.3
1885000 296.5
1890000 338.1
1895000 379.0
1900000 500.9
1905000 191.3
1910000 488.9
1915000 385.5
1920000 475.3
1925000 479.6
1930000 283.5
1935000 575.3
1940000 200.5
1945000 342.9
1950000 193.6
1955000 554.9
1960000 440.9
1965000 353.8
1970000 163.1
1975000 427.5
1980000 131.9
1985000 390.9
1990000 280.8
1995000 176.2
2000000 474.4
