5000 178.9
10000 238.5
15000 169.7
20000 187.6
25000 153.8
30000 224.0
35000 135.8
40000 200.7
45000 15.4
50000 121.1
55000 99.8
60000 405.7
65000 8.6
70000 103.4
75000 159.3
80000 77.0
85000 199.9
90000 142.9
95000 136.5
100000 257.5
105000 117.1
110000 168.9
115000 293.2
120000 269.9
125000 216.6
130000 439.2
135000 105.9
140000 146.5
145000 108.9
150000 112.9
155000 137.0
160000 162.3
165000 112.8
170000 41.0
175000 287.5
180000 181.8
185000 110.5
190000 86.8
195000 374.3
200000 280.8
205000 227.2
210000 338.9
215000 185.7
220000 111.0
225000 177.8
230000 283.1
235000 364.2
240000 110.8
245000 270.1
250000 408.4
255000 169.0
260000 308.2
265000 200.5
270000 211.3
275000 210.8
280000 279.5
285000 393.4
290000 302.2
295000 376.8
300000 285.9
305000 548.9
310000 84.1
315000 504.8
320000 399.3
325000 361.5
330000 342.1
335000 382.8
340000 138.9
345000 168.7
350000 340.7
355000 335.6
360000 297.2
365000 194.6
370000 281.6
375000 461.2
380000 293.3
385000 346.0
390000 550.5
395000 335.1
400000 377.6
405000 357.2
410000 411.1
415000 225.6
420000 492.8
425000 307.1
430000 396.8
435000 198.3
440000 373.6
445000 299.0
450000 401.2
455000 303.4
460000 365.6
465000 618.4
470000 432.9
475000 299.8
480000 460.8
485000 206.2
490000 441.2
495000 507.4
500000 478.7
505000 496.4
510000 717.5
515000 389.8
520000 415.9
525000 418.1
530000 398.0
535000 460.1
540000 439.2
545000 200.0
550000 430.3
555000 424.0
560000 85.0
565000 194.8
570000 468.3
575000 202.5
580000 199.8
585000 346.0
590000 97.6
595000 422.6
600000 607.5
605000 264.7
610000 529.9
615000 372.3
620000 244.0
625000 345.9
630000 169.3
635000 446.7
640000 191.9
645000 207.2
650000 253.3
655000 583.5
660000 191.5
665000 633.9
670000 178.9
675000 594.4
680000 274.9
685000 178.9
690000 514.3
695000 243.9
700000 484.4
705000 364.2
710000 496.8
715000 576.1
720000 379.6
725000 181.5
730000 464.8
735000 382.7
740000 487.2
745000 440.2
750000 143.9
755000 562.1
760000 734.1
765000 369.9
770000 144.1
775000 566.6
780000 359.1
785000 255.8
790000 212.6
795000 457.2
800000 334.5
805000 354.9
810000 361.6
815000 168.4
820000 160.8
825000 448.1
830000 365.5
835000 472.4
840000 281.9
845000 182.9
850000 274.1
855000 107.8
860000 409.1
865000 238.2
870000 257.2
875000 195.5
880000 242.1
885000 434.7
890000 657.5
895000 532.1
900000 389.5
905000 435.1
910000 680.3
915000 590.4
920000 449.6
925000 406.6
930000 201.3
935000 391.1
940000 457.9
945000 495.9
950000 522.2
955000 372.7
960000 174.1
965000 208.2
970000 469.6
975000 536.9
980000 363.6
985000 208.2
990000 189.0
995000 494.3
1000000 411.5
1005000 528.2
1010000 469.9
1015000 417.3
1020000 459.1
1025000 503.4
1030000 380.5
1035000 339.8
1040000 452.1
1045000 490.3
1050000 132.3
1055000 286.6
1060000 482.7
1065000 238.1
1070000 461.9
1075000 349.3
1080000 479.6
1085000 520.4
1090000 373.6
1095000 485.9
1100000 435.4
1105000 447.0
1110000 96.5
1115000 691.4
1120000 404.3
1125000 356.0
1130000 346.9
1135000 474.6
1140000 357.9
1145000 280.7
1150000 452.4
1155000 281.2
1160000 435.6
1165000 433.3
1170000 555.7
1175000 416.4
1180000 489.1
1185000 316.1
1190000 398.4
1195000 346.6
1200000 582.3
1205000 278.4
1210000 242.3
1215000 458.6
1220000 169.5
1225000 458.7
1230000 204.3
1235000 394.8
1240000 423.9
1245000 278.0
1250000 317.4
1255000 156.1
1260000 329.8
1265000 426.9
1270000 588.1
1275000 155.3
1280000 586.2
1285000 382.3
1290000 217.3
1295000 305.8
1300000 302.7
1305000 281.8
1310000 371.3
1315000 610.6
1320000 462.6
1325000 198.6
1330000 372.3
1335000 165.5
1340000 111.7
1345000 349.3
1350000 415.9
1355000 106.6
1360000 237.0
1365000 394.9
1370000 424.6
1375000 513.5
1380000 303.6
1385000 478.8
1390000 508.2
1395000 523.5
1400000 648.8
1405000 395.9
1410000 104.9
1415000 631.8
1420000 417.6
1425000 477.5
1430000 425.0
1435000 439.5
1440000 575.3
1445000 234.5
1450000 289.2
1455000 415.1
1460000 109.6
1465000 593.7
1470000 160.6
1475000 428.3
1480000 526.9
1485000 488.4
1490000 359.3
1495000 284.7
1500000 369.0
1505000 391.7
1510000 369.3
1515000 624.5
1520000 400.9
1525000 454.2
1530000 383.0
1535000 579.1
1540000 645.2
1545000 180.9
1550000 626.3
1555000 201.7
1560000 344.3
1565000 453.6
1570000 312.0
1575000 577.1
1580000 264.4
1585000 645.3
1590000 511.8
1595000 288.6
1600000 526.4
1605000 512.3
1610000 362.3
1615000 331.9
1620000 241.7
1625000 453.7
1630000 382.8
1635000 303.4
1640000 563.2
1645000 449.8
1650000 122.5
1655000 564.5
1660000 535.9
1665000 157.9
1670000 574.8
1675000 567.3
1680000 514.7
1685000 456.3
1690000 404.6
1695000 427.6
1700000 516.5
1705000 165.8
1710000 267.5
1715000 808.0
1720000 492.6
1725000 493.5
1730000 702.7
1735000 581.9
1740000 517.7
1745000 518.7
1750000 470.9
1755000 190.3
1760000 494.0
1765000 349.5
1770000 273.2
1775000 464.7
1780000 571.0
1785000 223.2
1790000 530.1
1795000 458.4
1800000 220.7
1805000 284.5
1810000 348.4
1815000 536.6
1820000 699.3
1825000 530.1
1830000 322.3
1835000 395.3
1840000 619.7
1845000 312.1
1850000 510.7
1855000 370.9
1860000 384.6
1865000 499.8
1870000 366.8
1875000 299.8
1880000 627.1
1885000 236.9
1890000 833.4
1895000 426.3
1900000 301.9
1905000 485.5
1910000 517.0
1915000 259.3
1920000 411.0
1925000 349.4
1930000 386.3
1935000 397.1
1940000 416.4
1945000 267.2
1950000 163.0
1955000 417.9
1960000 206.6
1965000 494.7
1970000 127.9
1975000 550.6
1980000 386.7
1985000 705.6
1990000 368.7
1995000 438.0
2000000 403.0
