5000 35.4
10000 38.8
15000 45.9
20000 109.6
25000 154.7
30000 130.7
35000 139.7
40000 280.3
45000 281.7
50000 420.3
55000 501.9
60000 426.1
65000 545.4
70000 557.2
75000 594.8
80000 590.7
85000 609.7
90000 634.7
95000 678.8
100000 682.7
105000 642.7
110000 606.4
115000 695.1
120000 699.5
125000 708.3
130000 722.7
135000 700.8
140000 735.3
145000 725.9
150000 741.2
155000 744.8
160000 754.7
165000 752.2
170000 761.6
175000 760.1
180000 757.6
185000 748.7
190000 760.5
195000 770.8
200000 765.1
205000 767.5
210000 768.6
215000 787.5
220000 792.3
225000 789.2
230000 814.3
235000 813.0
240000 809.7
245000 809.9
250000 816.5
255000 814.4
260000 817.6
265000 827.1
270000 825.3
275000 764.3
280000 825.4
285000 805.5
290000 830.2
295000 796.3
300000 834.6
305000 829.6
310000 786.7
315000 833.1
320000 804.0
325000 172.1
330000 36.1
335000 62.3
340000 101.3
345000 133.2
350000 355.3
355000 470.3
360000 754.3
365000 727.5
370000 801.4
375000 837.9
380000 864.8
385000 840.4
390000 767.8
395000 850.3
400000 785.1
405000 860.8
410000 866.6
415000 861.1
420000 871.8
425000 872.3
430000 872.3
435000 877.3
440000 872.1
445000 874.1
450000 882.2
455000 850.8
460000 887.2
465000 885.8
470000 852.3
475000 887.2
480000 889.9
485000 887.6
490000 894.3
495000 888.0
500000 875.5
505000 890.1
510000 893.1
515000 886.8
520000 819.5
525000 876.8
530000 892.3
535000 889.7
540000 893.3
545000 894.9
550000 900.1
555000 895.3
560000 896.8
565000 896.5
570000 894.2
575000 901.2
580000 817.7
585000 898.3
590000 891.6
595000 895.5
600000 893.6
605000 898.2
610000 898.7
615000 899.8
620000 899.7
625000 877.5
630000 892.7
635000 896.7
640000 899.3
645000 86.3
650000 87.5
655000 206.6
660000 173.4
665000 410.2
670000 484.3
675000 659.1
680000 780.6
685000 777.2
690000 774.4
695000 775.0
700000 850.4
705000 857.3
710000 860.1
715000 845.2
720000 839.2
725000 869.8
730000 889.9
735000 884.4
740000 860.4
745000 891.8
750000 896.5
755000 877.1
760000 898.8
765000 891.6
770000 886.7
775000 897.0
780000 897.4
785000 899.4
790000 900.5
795000 900.0
800000 895.4
805000 898.9
810000 877.2
815000 902.7
820000 897.5
825000 900.7
830000 901.9
835000 898.8
840000 900.2
845000 902.4
850000 903.0
855000 903.9
860000 904.1
865000 899.4
870000 900.7
875000 904.6
880000 903.3
885000 904.0
890000 899.9
895000 904.9
900000 905.9
905000 904.5
910000 905.2
915000 904.8
920000 905.5
925000 906.2
930000 906.7
935000 908.6
940000 906.3
945000 904.8
950000 910.7
955000 908.2
960000 908.3
965000 89.9
970000 144.4
975000 100.8
980000 215.8
985000 332.9
990000 564.6
995000 811.4
1000000 873.3
1005000 849.3
1010000 857.8
1015000 846.4
1020000 808.1
1025000 855.5
1030000 868.8
1035000 886.9
1040000 899.0
1045000 871.9
1050000 879.9
1055000 898.5
1060000 893.0
1065000 897.3
1070000 894.2
1075000 899.0
1080000 899.6
1085000 897.8
1090000 898.7
1095000 903.4
1100000 889.6
1105000 898.9
1110000 900.8
1115000 896.4
1120000 903.4
1125000 908.2
1130000 904.3
1135000 907.5
1140000 905.1
1145000 905.8
1150000 910.1
1155000 909.4
1160000 905.1
1165000 906.7
1170000 907.5
1175000 910.6
1180000 912.0
1185000 910.5
1190000 912.1
1195000 912.2
1200000 909.8
1205000 909.4
1210000 912.4
1215000 913.2
1220000 910.3
1225000 909.9
1230000 907.3
1235000 912.4
1240000 912.4
1245000 912.2
1250000 912.4
1255000 913.0
1260000 912.6
1265000 908.0
1270000 912.1
1275000 914.4
1280000 906.5
1285000 119.7
1290000 133.7
1295000 48.3
1300000 69.9
1305000 139.8
1310000 358.0
1315000 712.6
1320000 840.0
1325000 587.6
1330000 814.6
1335000 868.3
1340000 886.4
1345000 70.1
1350000 880.8
1355000 890.7
1360000 875.1
1365000 873.8
1370000 899.1
1375000 820.5
1380000 896.7
1385000 903.6
1390000 902.4
1395000 905.3
1400000 906.2
1405000 906.5
1410000 908.6
1415000 908.7
1420000 910.9
1425000 909.1
1430000 907.9
1435000 913.0
1440000 913.4
1445000 911.2
1450000 906.7
1455000 912.8
1460000 887.0
1465000 911.8
1470000 911.4
1475000 911.6
1480000 913.1
1485000 909.6
1490000 913.3
1495000 911.3
1500000 912.5
1505000 913.7
1510000 911.6
1515000 915.3
1520000 913.2
1525000 913.1
1530000 914.4
1535000 913.6
1540000 913.9
1545000 915.6
1550000 910.1
1555000 913.9
1560000 911.8
1565000 913.7
1570000 915.2
1575000 913.5
1580000 916.2
1585000 912.4
1590000 915.8
1595000 917.4
1600000 915.5
1605000 53.9
1610000 124.6
1615000 82.4
1620000 127.5
1625000 88.0
1630000 123.4
1635000 506.2
1640000 708.8
1645000 754.2
1650000 825.1
1655000 774.6
1660000 750.9
1665000 634.5
1670000 887.3
1675000 904.1
1680000 863.1
1685000 891.9
1690000 904.1
1695000 854.2
1700000 860.4
1705000 892.0
1710000 908.5
1715000 904.3
1720000 909.5
1725000 902.0
1730000 905.2
1735000 901.6
1740000 907.7
1745000 911.3
1750000 901.1
1755000 907.0
1760000 907.8
1765000 907.3
1770000 910.1
1775000 913.7
1780000 912.9
1785000 906.4
1790000 908.1
1795000 909.5
1800000 910.7
1805000 912.3
1810000 912.4
1815000 911.7
1820000 914.3
1825000 915.7
1830000 914.3
1835000 915.3
1840000 900.3
1845000 915.5
1850000 911.2
1855000 915.3
1860000 914.0
1865000 915.0
1870000 828.3
1875000 912.9
1880000 913.6
1885000 897.6
1890000 755.1
1895000 914.9
1900000 902.5
1905000 912.4
1910000 911.5
1915000 916.5
1920000 915.2
1925000 915.6
1930000 917.1
1935000 914.3
1940000 913.2
1945000 917.8
1950000 912.4
1955000 916.1
1960000 915.3
1965000 915.6
1970000 915.4
1975000 917.0
1980000 917.1
1985000 917.8
1990000 915.6
1995000 910.0
2000000 912.7
