5000 16.0
10000 22.4
15000 45.2
20000 69.3
25000 76.2
30000 106.5
35000 163.3
40000 143.6
45000 200.5
50000 251.9
55000 230.4
60000 280.1
65000 220.6
70000 194.8
75000 393.7
80000 478.2
85000 478.6
90000 547.7
95000 597.6
100000 581.7
105000 594.6
110000 618.7
115000 627.2
120000 648.1
125000 666.5
130000 663.7
135000 681.2
140000 693.1
145000 684.1
150000 691.2
155000 679.4
160000 690.6
165000 733.3
170000 722.3
175000 741.7
180000 723.8
185000 740.7
190000 714.1
195000 747.4
200000 742.0
205000 740.4
210000 766.8
215000 764.7
220000 753.2
225000 755.6
230000 753.8
235000 755.3
240000 787.5
245000 776.0
250000 766.1
255000 772.4
260000 777.1
265000 628.6
270000 729.2
275000 780.7
280000 801.6
285000 782.4
290000 785.9
295000 778.1
300000 785.2
305000 816.8
310000 813.2
315000 816.9
320000 836.4
325000 114.2
330000 159.5
335000 181.0
340000 176.3
345000 413.4
350000 667.6
355000 744.8
360000 769.3
365000 776.9
370000 814.3
375000 773.7
380000 812.2
385000 823.6
390000 832.0
395000 797.0
400000 826.7
405000 832.1
410000 785.0
415000 838.3
420000 832.4
425000 832.7
430000 843.0
435000 839.1
440000 844.8
445000 840.0
450000 850.4
455000 847.7
460000 860.2
465000 850.7
470000 843.0
475000 853.6
480000 851.4
485000 855.0
490000 868.5
495000 845.9
500000 852.2
505000 823.2
510000 862.6
515000 864.5
520000 861.3
525000 865.3
530000 856.1
535000 868.5
540000 874.2
545000 867.0
550000 863.8
555000 859.9
560000 870.0
565000 863.0
570000 862.7
575000 863.7
580000 876.3
585000 879.4
590000 877.0
595000 875.0
600000 871.1
605000 863.7
610000 879.4
615000 828.8
620000 864.1
625000 886.5
630000 883.8
635000 878.8
640000 876.2
645000 138.7
650000 132.2
655000 183.0
660000 208.6
665000 353.1
670000 520.7
675000 683.1
680000 768.2
685000 781.9
690000 822.8
695000 836.3
700000 797.4
705000 843.9
710000 753.7
715000 854.3
720000 836.8
725000 858.3
730000 844.7
735000 849.0
740000 866.3
745000 867.2
750000 869.8
755000 837.8
760000 863.4
765000 873.6
770000 788.7
775000 868.3
780000 866.9
785000 878.2
790000 864.2
795000 875.9
800000 864.8
805000 884.5
810000 873.2
815000 882.2
820000 831.1
825000 865.2
830000 868.8
835000 875.0
840000 877.3
845000 878.9
850000 882.5
855000 886.5
860000 873.7
865000 887.0
870000 867.7
875000 880.7
880000 880.9
885000 885.0
890000 884.7
895000 886.6
900000 886.2
905000 883.9
910000 886.6
915000 888.4
920000 885.6
925000 886.3
930000 885.2
935000 890.5
940000 887.7
945000 885.3
950000 889.3
955000 883.9
960000 889.6
965000 117.0
970000 132.1
975000 108.2
980000 352.5
985000 399.7
990000 576.7
995000 760.3
1000000 790.9
1005000 813.9
1010000 780.5
1015000 847.1
1020000 862.6
1025000 840.6
1030000 862.6
1035000 860.2
1040000 857.8
1045000 805.2
1050000 877.7
1055000 886.1
1060000 856.2
1065000 852.6
1070000 886.7
1075000 884.4
1080000 879.6
1085000 875.3
1090000 875.5
1095000 871.4
1100000 885.0
1105000 885.2
1110000 875.9
1115000 889.9
1120000 885.1
1125000 882.5
1130000 868.9
1135000 874.3
1140000 887.5
1145000 891.4
1150000 895.3
1155000 894.1
1160000 890.1
1165000 894.2
1170000 893.0
1175000 889.9
1180000 887.1
1185000 890.0
1190000 872.2
1195000 896.0
1200000 889.2
1205000 893.2
1210000 893.0
1215000 894.3
1220000 892.1
1225000 894.2
1230000 896.6
1235000 895.7
1240000 895.3
1245000 897.1
1250000 893.0
1255000 894.5
1260000 893.9
1265000 893.2
1270000 888.3
1275000 892.4
1280000 893.4
1285000 104.0
1290000 61.5
1295000 54.8
1300000 184.5
1305000 459.9
1310000 472.4
1315000 463.6
1320000 640.0
1325000 824.9
1330000 726.0
1335000 792.9
1340000 830.7
1345000 877.0
1350000 806.7
1355000 852.3
1360000 838.4
1365000 866.8
1370000 879.6
1375000 861.8
1380000 877.4
1385000 877.9
1390000 877.9
1395000 821.3
1400000 886.2
1405000 890.7
1410000 876.3
1415000 889.7
1420000 889.1
1425000 553.9
1430000 849.9
1435000 882.5
1440000 886.3
1445000 889.8
1450000 890.6
1455000 880.6
1460000 889.9
1465000 886.0
1470000 630.2
1475000 828.8
1480000 894.5
1485000 881.6
1490000 893.4
1495000 891.7
1500000 892.6
1505000 873.6
1510000 868.7
1515000 889.4
1520000 889.1
1525000 889.3
1530000 894.7
1535000 895.6
1540000 888.0
1545000 894.4
1550000 894.2
1555000 895.3
1560000 896.0
1565000 884.2
1570000 895.0
1575000 882.0
1580000 889.2
1585000 896.8
1590000 893.0
1595000 897.1
1600000 894.2
1605000 104.6
1610000 118.5
1615000 143.9
1620000 218.6
1625000 495.3
1630000 492.7
1635000 799.7
1640000 812.0
1645000 826.7
1650000 686.6
1655000 847.8
1660000 865.1
1665000 827.0
1670000 821.1
1675000 844.9
1680000 878.9
1685000 874.7
1690000 875.9
1695000 809.3
1700000 838.5
1705000 882.1
1710000 885.8
1715000 877.2
1720000 871.8
1725000 877.9
1730000 856.5
1735000 892.4
1740000 892.6
1745000 879.6
1750000 892.2
1755000 834.9
1760000 880.5
1765000 858.3
1770000 870.8
1775000 874.5
1780000 888.6
1785000 885.0
1790000 893.3
1795000 890.1
1800000 890.7
1805000 897.4
1810000 894.4
1815000 894.3
1820000 898.1
1825000 896.9
1830000 896.8
1835000 896.7
1840000 891.8
1845000 895.5
1850000 895.1
1855000 895.3
1860000 892.9
1865000 898.2
1870000 895.0
1875000 896.2
1880000 896.5
1885000 897.6
1890000 895.3
1895000 898.0
1900000 897.3
1905000 896.9
1910000 899.8
1915000 898.2
1920000 830.6
1925000 894.8
1930000 897.0
1935000 898.4
1940000 901.4
1945000 900.6
1950000 899.5
1955000 898.2
1960000 897.0
1965000 897.6
1970000 901.3
1975000 902.8
1980000 902.5
1985000 902.7
1990000 904.0
1995000 895.9
2000000 904.5
