5000 24.4
10000 5.7
15000 98.8
20000 118.3
25000 155.7
30000 144.4
35000 99.4
40000 165.9
45000 97.6
50000 222.8
55000 186.7
60000 222.4
65000 262.2
70000 243.3
75000 279.1
80000 339.4
85000 284.8
90000 385.1
95000 455.2
100000 280.3
105000 484.5
110000 492.3
115000 498.2
120000 411.8
125000 567.9
130000 543.8
135000 326.4
140000 392.6
145000 429.7
150000 600.2
155000 586.7
160000 618.2
165000 623.7
170000 633.4
175000 650.3
180000 648.9
185000 665.0
190000 651.5
195000 663.1
200000 671.3
205000 678.7
210000 690.6
215000 702.2
220000 707.9
225000 703.7
230000 715.7
235000 719.7
240000 719.9
245000 721.3
250000 731.9
255000 712.8
260000 739.7
265000 734.4
270000 745.8
275000 752.6
280000 746.2
285000 751.1
290000 753.4
295000 764.7
300000 767.8
305000 771.2
310000 779.4
315000 757.8
320000 775.1
325000 134.3
330000 96.9
335000 133.8
340000 325.7
345000 578.2
350000 663.6
355000 738.3
360000 748.3
365000 773.9
370000 778.9
375000 769.7
380000 800.3
385000 790.9
390000 817.4
395000 831.5
400000 800.0
405000 824.5
410000 811.7
415000 833.0
420000 832.7
425000 786.5
430000 818.1
435000 844.6
440000 822.7
445000 822.3
450000 823.9
455000 844.6
460000 839.7
465000 818.1
470000 844.2
475000 833.0
480000 855.3
485000 781.3
490000 834.7
495000 820.6
500000 852.5
505000 859.9
510000 863.6
515000 857.4
520000 860.8
525000 835.1
530000 864.1
535000 824.9
540000 863.7
545000 866.1
550000 859.9
555000 869.1
560000 853.5
565000 853.5
570000 857.9
575000 872.1
580000 876.4
585000 862.0
590000 853.1
595000 854.1
600000 867.1
605000 873.1
610000 868.8
615000 869.7
620000 867.9
625000 853.4
630000 819.8
635000 840.3
640000 868.8
645000 135.8
650000 93.7
655000 131.4
660000 254.7
665000 189.8
670000 602.7
675000 717.6
680000 671.4
685000 821.8
690000 823.4
695000 850.7
700000 857.8
705000 835.3
710000 857.7
715000 854.4
720000 854.4
725000 775.1
730000 873.4
735000 671.7
740000 853.7
745000 853.8
750000 850.6
755000 879.2
760000 870.6
765000 858.2
770000 848.1
775000 877.2
780000 854.8
785000 865.1
790000 876.5
795000 854.5
800000 862.4
805000 872.4
810000 839.4
815000 876.0
820000 862.1
825000 879.0
830000 879.2
835000 874.6
840000 877.5
845000 875.3
850000 864.5
855000 877.3
860000 873.1
865000 863.5
870000 873.8
875000 877.0
880000 879.1
885000 863.1
890000 875.2
895000 874.8
900000 880.0
905000 855.5
910000 883.7
915000 869.5
920000 882.6
925000 876.7
930000 876.1
935000 878.9
940000 883.9
945000 883.1
950000 875.1
955000 848.6
960000 880.6
965000 95.6
970000 190.8
975000 130.0
980000 173.7
985000 544.9
990000 583.2
995000 759.2
1000000 734.3
1005000 751.0
1010000 804.2
1015000 839.9
1020000 843.0
1025000 826.0
1030000 842.7
1035000 848.1
1040000 868.7
1045000 863.6
1050000 869.5
1055000 858.7
1060000 865.0
1065000 844.9
1070000 872.6
1075000 875.9
1080000 872.3
1085000 873.4
1090000 879.4
1095000 880.5
1100000 873.6
1105000 880.6
1110000 878.7
1115000 875.3
1120000 880.2
1125000 880.6
1130000 883.0
1135000 883.0
1140000 884.5
1145000 880.8
1150000 878.3
1155000 887.7
1160000 882.4
1165000 878.6
1170000 887.9
1175000 885.7
1180000 888.5
1185000 886.7
1190000 883.7
1195000 879.3
1200000 882.5
1205000 885.0
1210000 877.0
1215000 882.7
1220000 883.4
1225000 887.8
1230000 880.0
1235000 883.0
1240000 888.1
1245000 886.6
1250000 879.4
1255000 890.6
1260000 887.3
1265000 888.9
1270000 889.9
1275000 890.5
1280000 892.3
1285000 56.3
1290000 119.0
1295000 113.2
1300000 142.9
1305000 241.1
1310000 369.3
1315000 681.3
1320000 696.7
1325000 739.2
1330000 702.0
1335000 831.3
1340000 861.7
1345000 838.9
1350000 845.3
1355000 878.7
1360000 786.2
1365000 855.2
1370000 869.2
1375000 639.4
1380000 853.8
1385000 875.8
1390000 883.3
1395000 876.5
1400000 757.8
1405000 865.1
1410000 725.7
1415000 876.8
1420000 588.1
1425000 878.1
1430000 878.8
1435000 878.1
1440000 824.8
1445000 744.1
1450000 883.2
1455000 884.2
1460000 823.0
1465000 887.0
1470000 883.3
1475000 886.4
1480000 881.2
1485000 830.9
1490000 888.6
1495000 781.6
1500000 874.7
1505000 866.5
1510000 888.7
1515000 891.1
1520000 887.9
1525000 884.2
1530000 892.9
1535000 893.9
1540000 892.0
1545000 890.0
1550000 892.1
1555000 888.6
1560000 893.2
1565000 894.8
1570000 892.5
1575000 887.7
1580000 834.8
1585000 894.6
1590000 893.3
1595000 891.3
1600000 894.7
1605000 166.1
1610000 110.9
1615000 134.2
1620000 214.9
1625000 454.7
1630000 543.1
1635000 475.7
1640000 743.0
1645000 799.1
1650000 768.9
1655000 731.7
1660000 850.6
1665000 862.8
1670000 816.3
1675000 873.9
1680000 875.9
1685000 873.9
1690000 860.4
1695000 876.3
1700000 874.2
1705000 774.9
1710000 845.1
1715000 821.8
1720000 883.8
1725000 862.5
1730000 883.0
1735000 878.0
1740000 887.7
1745000 316.7
1750000 888.4
1755000 861.8
1760000 868.8
1765000 888.9
1770000 890.1
1775000 890.6
1780000 892.1
1785000 851.4
1790000 895.0
1795000 894.6
1800000 896.9
1805000 898.6
1810000 895.5
1815000 894.3
1820000 892.1
1825000 896.5
1830000 895.8
1835000 897.9
1840000 896.2
1845000 897.3
1850000 894.8
1855000 897.5
1860000 894.2
1865000 895.4
1870000 892.6
1875000 896.9
1880000 900.2
1885000 897.6
1890000 896.9
1895000 897.8
1900000 895.8
1905000 898.3
1910000 898.5
1915000 431.3
1920000 892.1
1925000 896.4
1930000 889.0
1935000 707.0
1940000 894.4
1945000 896.3
1950000 898.6
1955000 898.7
1960000 897.7
1965000 898.0
1970000 898.3
1975000 899.7
1980000 900.9
1985000 897.9
1990000 898.6
1995000 896.2
2000000 898.8
