5000 8.8
10000 2.8
15000 127.1
20000 151.7
25000 90.8
30000 123.7
35000 169.0
40000 107.4
45000 170.7
50000 252.9
55000 202.5
60000 279.3
65000 181.0
70000 392.0
75000 337.7
80000 399.7
85000 457.5
90000 492.5
95000 351.0
100000 593.0
105000 622.4
110000 630.4
115000 639.0
120000 585.6
125000 625.4
130000 500.1
135000 609.8
140000 620.3
145000 623.0
150000 478.4
155000 663.1
160000 720.9
165000 702.4
170000 721.0
175000 699.3
180000 621.5
185000 666.6
190000 659.2
195000 735.0
200000 734.5
205000 746.1
210000 735.0
215000 746.2
220000 749.8
225000 752.1
230000 758.5
235000 758.0
240000 746.2
245000 770.3
250000 779.9
255000 777.1
260000 778.5
265000 752.6
270000 748.0
275000 785.5
280000 773.7
285000 797.0
290000 750.9
295000 787.5
300000 795.1
305000 760.9
310000 810.0
315000 805.7
320000 795.9
325000 32.0
330000 43.7
335000 117.0
340000 99.9
345000 250.8
350000 156.4
355000 370.1
360000 266.5
365000 526.7
370000 623.8
375000 638.6
380000 734.4
385000 754.5
390000 752.1
395000 769.5
400000 769.7
405000 769.2
410000 514.2
415000 790.1
420000 789.7
425000 761.7
430000 781.1
435000 796.0
440000 783.1
445000 762.9
450000 758.7
455000 796.3
460000 796.2
465000 786.0
470000 801.1
475000 785.9
480000 813.3
485000 806.7
490000 816.1
495000 803.9
500000 772.5
505000 824.6
510000 799.5
515000 812.9
520000 826.7
525000 807.2
530000 820.4
535000 822.7
540000 829.7
545000 815.9
550000 835.9
555000 830.6
560000 838.4
565000 837.8
570000 832.7
575000 835.3
580000 835.5
585000 844.1
590000 834.9
595000 788.8
600000 830.1
605000 827.4
610000 844.8
615000 853.2
620000 853.7
625000 848.2
630000 837.3
635000 851.9
640000 849.0
645000 77.8
650000 80.1
655000 109.9
660000 154.0
665000 335.4
670000 513.0
675000 482.3
680000 524.9
685000 740.1
690000 645.1
695000 595.1
700000 571.0
705000 767.5
710000 752.8
715000 811.4
720000 653.1
725000 825.3
730000 808.1
735000 845.5
740000 815.4
745000 830.3
750000 415.5
755000 844.4
760000 841.9
765000 829.1
770000 858.4
775000 737.5
780000 855.4
785000 838.7
790000 841.3
795000 857.0
800000 843.5
805000 643.2
810000 838.8
815000 859.9
820000 835.1
825000 863.0
830000 852.8
835000 858.8
840000 857.2
845000 860.5
850000 816.2
855000 872.0
860000 860.8
865000 870.2
870000 866.5
875000 867.8
880000 868.1
885000 851.9
890000 855.8
895000 870.3
900000 866.7
905000 867.3
910000 865.4
915000 854.2
920000 870.1
925000 882.3
930000 878.9
935000 869.1
940000 878.9
945000 880.5
950000 875.1
955000 551.6
960000 856.9
965000 16.0
970000 104.0
975000 155.9
980000 148.7
985000 233.2
990000 518.9
995000 633.6
1000000 492.4
1005000 611.2
1010000 629.7
1015000 687.3
1020000 755.9
1025000 738.7
1030000 783.9
1035000 567.3
1040000 842.6
1045000 731.7
1050000 825.3
1055000 806.1
1060000 852.5
1065000 798.9
1070000 821.6
1075000 866.4
1080000 855.8
1085000 830.3
1090000 866.0
1095000 816.9
1100000 834.6
1105000 864.6
1110000 866.4
1115000 825.8
1120000 869.7
1125000 864.9
1130000 856.9
1135000 876.4
1140000 874.3
1145000 873.0
1150000 857.6
1155000 867.8
1160000 877.5
1165000 874.4
1170000 852.1
1175000 889.4
1180000 659.4
1185000 878.7
1190000 872.1
1195000 872.8
1200000 889.1
1205000 897.6
1210000 885.0
1215000 797.8
1220000 885.5
1225000 890.1
1230000 884.1
1235000 895.7
1240000 879.3
1245000 884.0
1250000 894.2
1255000 883.5
1260000 894.0
1265000 868.6
1270000 889.5
1275000 887.0
1280000 892.9
1285000 65.0
1290000 58.4
1295000 58.6
1300000 75.0
1305000 139.2
1310000 213.7
1315000 418.9
1320000 338.0
1325000 487.7
1330000 185.1
1335000 546.2
1340000 772.2
1345000 736.6
1350000 745.4
1355000 822.4
1360000 832.2
1365000 838.1
1370000 856.5
1375000 844.2
1380000 864.0
1385000 809.8
1390000 845.7
1395000 842.5
1400000 866.5
1405000 858.5
1410000 850.9
1415000 795.4
1420000 884.7
1425000 829.4
1430000 886.9
1435000 873.9
1440000 887.3
1445000 757.7
1450000 878.5
1455000 888.4
1460000 865.4
1465000 767.9
1470000 886.3
1475000 888.2
1480000 882.8
1485000 891.0
1490000 887.1
1495000 837.1
1500000 787.5
1505000 891.8
1510000 877.4
1515000 891.5
1520000 873.9
1525000 897.2
1530000 888.9
1535000 890.9
1540000 893.0
1545000 891.3
1550000 891.1
1555000 893.0
1560000 838.1
1565000 893.8
1570000 895.5
1575000 791.2
1580000 889.6
1585000 898.0
1590000 892.2
1595000 891.3
1600000 891.6
1605000 29.7
1610000 36.0
1615000 74.5
1620000 141.4
1625000 144.2
1630000 399.9
1635000 295.7
1640000 412.6
1645000 587.8
1650000 771.1
1655000 704.6
1660000 779.0
1665000 791.0
1670000 786.1
1675000 793.5
1680000 764.8
1685000 822.9
1690000 867.0
1695000 871.2
1700000 777.8
1705000 683.2
1710000 858.8
1715000 844.5
1720000 872.8
1725000 712.0
1730000 854.9
1735000 884.9
1740000 877.4
1745000 807.1
1750000 887.6
1755000 890.2
1760000 851.7
1765000 890.6
1770000 884.7
1775000 888.9
1780000 891.3
1785000 894.7
1790000 898.6
1795000 892.4
1800000 886.3
1805000 778.8
1810000 894.5
1815000 864.7
1820000 857.4
1825000 894.3
1830000 886.9
1835000 878.3
1840000 898.2
1845000 880.3
1850000 897.5
1855000 896.5
1860000 899.9
1865000 895.7
1870000 900.1
1875000 898.3
1880000 898.3
1885000 895.3
1890000 896.5
1895000 896.9
1900000 897.4
1905000 898.5
1910000 898.4
1915000 901.1
1920000 899.3
1925000 898.3
1930000 898.7
1935000 898.8
1940000 890.1
1945000 893.8
1950000 893.5
1955000 896.2
1960000 899.3
1965000 899.2
1970000 901.8
1975000 893.3
1980000 898.5
1985000 903.4
1990000 900.9
1995000 900.1
2000000 900.7
