5000 3.3
10000 5.4
15000 52.7
20000 32.3
25000 112.2
30000 140.3
35000 78.5
40000 128.5
45000 231.2
50000 194.8
55000 269.9
60000 347.9
65000 315.5
70000 431.8
75000 335.0
80000 297.6
85000 585.0
90000 630.5
95000 486.1
100000 604.2
105000 660.0
110000 665.8
115000 683.4
120000 703.5
125000 737.4
130000 734.1
135000 659.1
140000 756.5
145000 712.3
150000 779.7
155000 765.5
160000 785.5
165000 791.3
170000 796.8
175000 795.4
180000 809.3
185000 114.3
190000 821.2
195000 823.3
200000 815.4
205000 847.0
210000 850.7
215000 858.5
220000 837.2
225000 815.2
230000 792.7
235000 779.2
240000 749.1
245000 145.0
250000 83.7
255000 62.6
260000 64.8
265000 65.2
270000 55.7
275000 58.5
280000 43.8
285000 64.4
290000 0.2
295000 0.3
300000 103.0
305000 99.2
310000 95.8
315000 390.0
320000 778.2
325000 130.3
330000 105.1
335000 208.8
340000 170.0
345000 643.5
350000 445.7
355000 456.7
360000 772.9
365000 808.5
370000 856.5
375000 863.0
380000 782.1
385000 872.6
390000 856.6
395000 868.7
400000 851.4
405000 882.5
410000 877.9
415000 879.4
420000 894.4
425000 886.3
430000 878.7
435000 835.1
440000 889.2
445000 888.5
450000 892.7
455000 889.8
460000 887.0
465000 892.8
470000 875.3
475000 866.8
480000 884.4
485000 888.7
490000 893.7
495000 896.3
500000 895.6
505000 890.5
510000 900.7
515000 816.1
520000 900.0
525000 887.7
530000 890.8
535000 889.3
540000 891.1
545000 896.5
550000 897.4
555000 894.4
560000 899.0
565000 890.3
570000 890.9
575000 905.1
580000 899.1
585000 899.0
590000 900.4
595000 903.9
600000 900.0
605000 898.0
610000 901.4
615000 899.3
620000 892.5
625000 898.8
630000 895.3
635000 898.0
640000 905.9
645000 108.1
650000 124.6
655000 188.3
660000 361.2
665000 691.2
670000 781.2
675000 795.2
680000 792.5
685000 834.8
690000 850.5
695000 880.4
700000 893.7
705000 856.7
710000 888.6
715000 891.2
720000 887.9
725000 890.3
730000 879.5
735000 890.9
740000 883.1
745000 891.0
750000 893.3
755000 893.6
760000 894.3
765000 892.3
770000 902.8
775000 899.9
780000 903.2
785000 901.2
790000 895.9
795000 902.7
800000 904.7
805000 899.7
810000 907.3
815000 899.6
820000 900.5
825000 902.2
830000 902.0
835000 906.1
840000 906.9
845000 882.5
850000 899.4
855000 904.7
860000 906.3
865000 905.8
870000 903.1
875000 907.5
880000 907.9
885000 905.7
890000 907.3
895000 904.1
900000 909.4
905000 908.1
910000 905.5
915000 908.6
920000 909.2
925000 904.9
930000 901.0
935000 907.7
940000 905.7
945000 904.6
950000 909.0
955000 905.7
960000 909.7
965000 96.9
970000 147.3
975000 216.9
980000 222.9
985000 620.3
990000 536.7
995000 755.0
1000000 760.0
1005000 799.5
1010000 875.4
1015000 853.1
1020000 880.6
1025000 884.6
1030000 880.3
1035000 893.2
1040000 893.4
1045000 896.0
1050000 893.3
1055000 875.8
1060000 897.5
1065000 901.3
1070000 897.0
1075000 889.6
1080000 902.3
1085000 898.8
1090000 889.6
1095000 902.6
1100000 905.7
1105000 906.8
1110000 904.5
1115000 908.9
1120000 909.1
1125000 906.1
1130000 906.7
1135000 908.8
1140000 908.9
1145000 909.5
1150000 908.8
1155000 910.8
1160000 907.9
1165000 905.8
1170000 909.3
1175000 909.7
1180000 908.6
1185000 912.1
1190000 910.2
1195000 909.3
1200000 896.9
1205000 911.1
1210000 911.9
1215000 911.9
1220000 911.6
1225000 891.5
1230000 911.9
1235000 914.0
1240000 909.3
1245000 913.3
1250000 900.4
1255000 912.5
1260000 911.4
1265000 912.4
1270000 914.3
1275000 912.2
1280000 914.8
1285000 80.3
1290000 124.4
1295000 151.9
1300000 209.1
1305000 130.2
1310000 431.1
1315000 609.3
1320000 738.0
1325000 814.2
1330000 794.2
1335000 794.5
1340000 816.5
1345000 858.1
1350000 667.0
1355000 892.1
1360000 837.5
1365000 897.0
1370000 890.2
1375000 899.4
1380000 900.2
1385000 894.4
1390000 899.6
1395000 903.0
1400000 899.3
1405000 908.8
1410000 908.2
1415000 902.3
1420000 897.5
1425000 890.3
1430000 908.8
1435000 908.8
1440000 907.0
1445000 908.4
1450000 910.0
1455000 911.5
1460000 907.6
1465000 889.6
1470000 911.1
1475000 914.2
1480000 913.6
1485000 914.0
1490000 910.8
1495000 910.9
1500000 912.6
1505000 911.7
1510000 912.4
1515000 914.2
1520000 915.1
1525000 912.1
1530000 912.2
1535000 915.6
1540000 904.3
1545000 912.0
1550000 912.9
1555000 914.6
1560000 911.0
1565000 913.6
1570000 915.4
1575000 911.9
1580000 913.3
1585000 916.5
1590000 915.3
1595000 916.6
1600000 916.6
1605000 65.1
1610000 127.5
1615000 219.1
1620000 120.4
1625000 364.6
1630000 568.2
1635000 586.6
1640000 659.6
1645000 746.9
1650000 856.8
1655000 838.4
1660000 867.7
1665000 895.5
1670000 855.3
1675000 884.7
1680000 896.1
1685000 894.9
1690000 903.6
1695000 903.5
1700000 902.1
1705000 816.8
1710000 903.9
1715000 906.1
1720000 898.9
1725000 904.9
1730000 910.5
1735000 908.0
1740000 907.8
1745000 910.4
1750000 908.7
1755000 912.5
1760000 914.5
1765000 913.8
1770000 892.9
1775000 908.0
1780000 911.1
1785000 910.3
1790000 912.3
1795000 914.5
1800000 913.7
1805000 911.3
1810000 913.3
1815000 912.6
1820000 841.7
1825000 911.5
1830000 914.1
1835000 913.2
1840000 912.7
1845000 914.3
1850000 902.3
1855000 915.4
1860000 914.1
1865000 914.4
1870000 912.2
1875000 913.9
1880000 916.5
1885000 914.7
1890000 917.2
1895000 917.1
1900000 913.9
1905000 913.0
1910000 917.4
1915000 916.9
1920000 916.3
1925000 912.5
1930000 916.4
1935000 916.5
1940000 914.3
1945000 917.3
1950000 914.3
1955000 917.8
1960000 917.5
1965000 914.5
1970000 913.9
1975000 918.5
1980000 916.8
1985000 910.3
1990000 915.7
1995000 916.4
2000000 917.9
