5000 26.2
10000 26.0
15000 21.4
20000 23.2
25000 23.3
30000 40.9
35000 35.0
40000 52.7
45000 36.6
50000 41.8
55000 82.9
60000 159.1
65000 352.2
70000 466.7
75000 549.4
80000 587.8
85000 605.0
90000 622.2
95000 618.4
100000 617.1
105000 623.4
110000 627.8
115000 633.9
120000 642.9
125000 646.4
130000 653.0
135000 668.1
140000 674.4
145000 676.0
150000 685.7
155000 676.3
160000 694.8
165000 704.8
170000 701.9
175000 695.0
180000 702.4
185000 707.1
190000 700.4
195000 712.8
200000 710.8
205000 716.5
210000 713.2
215000 713.0
220000 721.8
225000 725.0
230000 718.2
235000 731.0
240000 723.3
245000 724.6
250000 732.7
255000 727.0
260000 728.6
265000 730.3
270000 728.4
275000 735.1
280000 730.5
285000 727.7
290000 733.9
295000 739.0
300000 729.7
305000 740.2
310000 739.4
315000 750.8
320000 739.9
325000 750.2
330000 738.2
335000 743.5
340000 744.7
345000 743.7
350000 741.1
355000 745.3
360000 758.7
365000 748.1
370000 741.1
375000 746.9
380000 744.9
385000 747.1
390000 754.1
395000 754.4
400000 757.4
405000 758.3
410000 758.6
415000 749.3
420000 756.5
425000 758.4
430000 760.1
435000 756.8
440000 769.8
445000 761.5
450000 763.6
455000 777.9
460000 769.2
465000 770.5
470000 762.0
475000 774.5
480000 769.1
485000 770.8
490000 772.5
495000 769.3
500000 774.7
505000 772.5
510000 776.9
515000 777.7
520000 786.2
525000 781.0
530000 780.1
535000 783.2
540000 789.5
545000 783.2
550000 789.8
555000 787.1
560000 783.5
565000 789.6
570000 775.2
575000 785.1
580000 791.8
585000 789.2
590000 797.4
595000 789.9
600000 785.3
605000 800.9
610000 786.6
615000 796.0
620000 792.8
625000 792.6
630000 795.6
635000 792.2
640000 797.8
645000 798.7
650000 796.6
655000 798.6
660000 795.9
665000 802.0
670000 796.3
675000 793.5
680000 799.1
685000 800.0
690000 801.4
695000 805.4
700000 795.1
705000 799.5
710000 795.3
715000 797.6
720000 801.2
725000 801.6
730000 797.5
735000 804.3
740000 801.7
745000 799.6
750000 793.6
755000 807.2
760000 799.0
765000 799.8
770000 802.4
775000 800.2
780000 799.7
785000 801.6
790000 806.0
795000 801.7
800000 796.1
805000 801.9
810000 802.4
815000 803.2
820000 796.6
825000 802.6
830000 801.6
835000 807.7
840000 801.8
845000 803.2
850000 803.8
855000 805.6
860000 799.5
865000 800.4
870000 801.4
875000 806.7
880000 808.3
885000 804.8
890000 797.5
895000 798.2
900000 806.6
905000 800.3
910000 803.8
915000 804.7
920000 800.5
925000 807.6
930000 798.2
935000 808.4
940000 810.8
945000 801.4
950000 794.1
955000 811.0
960000 801.0
965000 807.7
970000 810.9
975000 804.1
980000 812.0
985000 801.2
990000 808.3
995000 809.5
1000000 810.9
