5000 15.8
10000 17.0
15000 18.6
20000 23.6
25000 31.8
30000 14.2
35000 44.7
40000 45.6
45000 148.4
50000 196.0
55000 356.7
60000 485.4
65000 539.0
70000 554.6
75000 553.9
80000 614.7
85000 581.3
90000 633.7
95000 616.9
100000 638.9
105000 651.1
110000 662.1
115000 663.1
120000 656.4
125000 670.9
130000 684.8
135000 684.0
140000 690.3
145000 697.3
150000 693.1
155000 690.1
160000 700.9
165000 694.9
170000 701.8
175000 697.0
180000 696.5
185000 637.9
190000 706.9
195000 708.1
200000 703.5
205000 712.8
210000 711.8
215000 715.7
220000 713.2
225000 718.0
230000 713.9
235000 723.1
240000 724.6
245000 730.1
250000 726.8
255000 723.3
260000 724.0
265000 734.1
270000 738.5
275000 731.1
280000 741.2
285000 745.7
290000 742.4
295000 741.2
300000 740.8
305000 728.4
310000 727.8
315000 744.5
320000 742.6
325000 742.4
330000 745.9
335000 735.1
340000 753.2
345000 744.8
350000 751.8
355000 757.3
360000 751.6
365000 742.8
370000 749.9
375000 759.2
380000 757.4
385000 748.4
390000 753.5
395000 743.0
400000 760.9
405000 749.0
410000 753.8
415000 754.3
420000 754.7
425000 757.2
430000 756.9
435000 686.7
440000 758.9
445000 761.3
450000 754.5
455000 762.7
460000 750.9
465000 751.3
470000 757.0
475000 756.3
480000 751.9
485000 763.2
490000 758.6
495000 764.0
500000 768.6
505000 760.8
510000 762.1
515000 759.4
520000 764.6
525000 754.8
530000 759.7
535000 765.3
540000 750.8
545000 766.7
550000 767.2
555000 767.7
560000 764.1
565000 765.4
570000 764.5
575000 765.8
580000 776.3
585000 768.0
590000 769.0
595000 764.7
600000 758.8
605000 766.5
610000 767.4
615000 765.8
620000 770.0
625000 769.4
630000 762.0
635000 775.0
640000 778.5
645000 770.0
650000 766.3
655000 710.6
660000 775.4
665000 767.8
670000 771.0
675000 766.3
680000 779.4
685000 771.6
690000 768.9
695000 774.7
700000 777.4
705000 775.2
710000 777.7
715000 769.2
720000 774.0
725000 768.0
730000 776.9
735000 769.5
740000 770.2
745000 779.7
750000 773.6
755000 771.2
760000 771.2
765000 777.2
770000 775.2
775000 783.3
780000 782.0
785000 775.3
790000 778.1
795000 781.4
800000 781.4
805000 781.6
810000 778.2
815000 777.0
820000 774.0
825000 781.0
830000 781.0
835000 781.2
840000 777.7
845000 778.1
850000 783.4
855000 782.5
860000 789.9
865000 775.3
870000 787.5
875000 784.0
880000 777.7
885000 776.4
890000 779.7
895000 780.9
900000 779.1
905000 788.3
910000 781.2
915000 783.9
920000 785.2
925000 782.9
930000 781.5
935000 781.1
940000 782.0
945000 780.9
950000 785.3
955000 784.9
960000 779.5
965000 790.6
970000 781.3
975000 784.2
980000 779.2
985000 782.4
990000 786.6
995000 778.9
1000000 780.3
