5000 27.2
10000 31.4
15000 22.5
20000 22.5
25000 35.5
30000 33.7
35000 39.1
40000 67.1
45000 231.3
50000 284.0
55000 247.1
60000 517.2
65000 560.0
70000 581.5
75000 601.6
80000 621.0
85000 648.3
90000 640.3
95000 664.2
100000 680.0
105000 671.8
110000 671.7
115000 679.7
120000 692.4
125000 690.3
130000 714.8
135000 728.3
140000 711.8
145000 715.1
150000 724.3
155000 704.6
160000 714.4
165000 741.6
170000 735.1
175000 734.2
180000 739.5
185000 732.9
190000 755.7
195000 753.3
200000 748.5
205000 762.2
210000 752.1
215000 760.7
220000 767.8
225000 770.5
230000 771.5
235000 770.8
240000 777.5
245000 771.3
250000 772.2
255000 761.6
260000 775.2
265000 770.3
270000 786.4
275000 788.9
280000 770.9
285000 781.0
290000 766.7
295000 789.7
300000 766.5
305000 780.7
310000 781.1
315000 783.4
320000 788.0
325000 773.0
330000 784.3
335000 774.8
340000 789.8
345000 789.5
350000 784.8
355000 791.0
360000 781.5
365000 783.3
370000 791.7
375000 793.8
380000 784.7
385000 792.3
390000 772.7
395000 796.2
400000 794.9
405000 798.5
410000 786.5
415000 803.7
420000 787.4
425000 794.2
430000 780.5
435000 790.2
440000 796.0
445000 805.3
450000 798.9
455000 800.4
460000 795.8
465000 794.5
470000 800.3
475000 789.7
480000 789.9
485000 802.0
490000 794.8
495000 804.4
500000 798.2
505000 794.4
510000 805.8
515000 801.2
520000 803.4
525000 800.7
530000 802.1
535000 808.6
540000 796.6
545000 805.2
550000 805.5
555000 803.0
560000 803.2
565000 808.7
570000 803.1
575000 803.1
580000 805.4
585000 816.4
590000 810.4
595000 816.0
600000 808.2
605000 812.8
610000 813.6
615000 814.7
620000 808.6
625000 818.3
630000 806.3
635000 801.4
640000 811.3
645000 812.4
650000 804.2
655000 815.9
660000 814.9
665000 811.9
670000 811.1
675000 821.1
680000 814.5
685000 806.9
690000 820.3
695000 820.8
700000 810.1
705000 814.1
710000 818.8
715000 819.3
720000 813.6
725000 822.2
730000 804.6
735000 819.4
740000 827.1
745000 816.6
750000 821.1
755000 822.7
760000 821.0
765000 816.0
770000 824.8
775000 821.3
780000 830.7
785000 817.9
790000 824.1
795000 818.2
800000 827.3
805000 823.1
810000 824.8
815000 816.8
820000 817.4
825000 825.9
830000 828.6
835000 825.2
840000 823.7
845000 826.4
850000 827.9
855000 826.0
860000 836.2
865000 823.6
870000 822.2
875000 832.8
880000 820.1
885000 828.2
890000 828.8
895000 833.8
900000 825.1
905000 822.2
910000 825.4
915000 827.4
920000 821.8
925000 830.9
930000 833.9
935000 827.7
940000 823.9
945000 822.2
950000 826.5
955000 825.9
960000 831.1
965000 827.6
970000 830.4
975000 824.1
980000 826.5
985000 826.6
990000 834.2
995000 835.9
1000000 819.0
