5000 23.0
10000 35.6
15000 28.4
20000 24.4
25000 24.5
30000 38.5
35000 38.0
40000 62.3
45000 129.7
50000 424.5
55000 474.3
60000 515.4
65000 528.6
70000 589.8
75000 609.1
80000 625.1
85000 638.1
90000 648.7
95000 656.6
100000 658.7
105000 663.1
110000 666.2
115000 675.4
120000 674.0
125000 679.8
130000 701.1
135000 687.9
140000 691.5
145000 701.4
150000 700.8
155000 702.8
160000 699.9
165000 704.7
170000 706.8
175000 712.8
180000 709.7
185000 720.8
190000 726.0
195000 714.1
200000 739.6
205000 728.2
210000 735.1
215000 731.5
220000 737.2
225000 742.6
230000 739.5
235000 737.1
240000 743.7
245000 747.9
250000 746.4
255000 750.1
260000 745.4
265000 746.7
270000 759.5
275000 745.6
280000 756.1
285000 756.7
290000 757.0
295000 752.3
300000 755.9
305000 762.9
310000 750.7
315000 759.7
320000 761.4
325000 765.7
330000 763.5
335000 757.6
340000 760.0
345000 750.5
350000 759.4
355000 761.2
360000 759.5
365000 764.6
370000 763.5
375000 768.4
380000 767.4
385000 766.5
390000 765.0
395000 768.0
400000 765.0
405000 766.8
410000 765.9
415000 760.7
420000 765.2
425000 761.0
430000 768.7
435000 762.6
440000 776.4
445000 772.2
450000 769.6
455000 776.7
460000 776.2
465000 786.0
470000 782.4
475000 779.9
480000 776.2
485000 779.2
490000 790.9
495000 786.8
500000 790.4
505000 785.4
510000 790.5
515000 788.6
520000 792.4
525000 784.9
530000 792.0
535000 789.3
540000 788.1
545000 788.2
550000 797.0
555000 794.4
560000 792.4
565000 793.8
570000 795.3
575000 791.5
580000 791.3
585000 791.1
590000 794.4
595000 798.0
600000 794.1
605000 795.6
610000 784.3
615000 787.1
620000 800.9
625000 794.7
630000 792.2
635000 794.6
640000 797.0
645000 785.6
650000 794.8
655000 796.0
660000 795.7
665000 793.7
670000 801.6
675000 806.5
680000 793.0
685000 794.8
690000 798.0
695000 789.3
700000 797.4
705000 794.6
710000 795.5
715000 793.4
720000 796.3
725000 794.0
730000 802.4
735000 799.1
740000 805.8
745000 809.0
750000 805.9
755000 799.9
760000 799.9
765000 799.6
770000 800.4
775000 792.1
780000 796.9
785000 802.5
790000 804.1
795000 804.2
800000 798.5
805000 800.7
810000 803.9
815000 796.9
820000 797.5
825000 808.0
830000 798.2
835000 794.9
840000 802.8
845000 806.5
850000 797.8
855000 801.7
860000 801.0
865000 802.7
870000 804.7
875000 796.3
880000 791.8
885000 795.6
890000 809.5
895000 804.9
900000 809.7
905000 806.7
910000 798.5
915000 800.5
920000 813.2
925000 807.1
930000 803.7
935000 802.8
940000 809.6
945000 804.1
950000 804.5
955000 810.9
960000 808.9
965000 803.6
970000 799.8
975000 803.1
980000 803.7
985000 806.7
990000 807.7
995000 807.9
1000000 797.1
