5000 19.0
10000 19.3
15000 27.1
20000 23.3
25000 22.8
30000 35.5
35000 35.7
40000 33.3
45000 66.4
50000 165.2
55000 359.1
60000 324.0
65000 426.5
70000 499.7
75000 504.8
80000 528.6
85000 532.9
90000 537.9
95000 552.9
100000 563.7
105000 568.9
110000 581.2
115000 587.4
120000 612.5
125000 608.4
130000 620.8
135000 621.6
140000 629.3
145000 625.9
150000 634.9
155000 639.1
160000 632.8
165000 645.5
170000 654.6
175000 655.1
180000 645.5
185000 657.2
190000 658.2
195000 662.3
200000 669.4
205000 666.7
210000 686.8
215000 681.0
220000 671.9
225000 684.4
230000 681.5
235000 684.6
240000 688.5
245000 686.7
250000 684.6
255000 689.8
260000 689.6
265000 689.3
270000 689.0
275000 680.1
280000 699.1
285000 695.4
290000 683.4
295000 689.5
300000 707.6
305000 694.0
310000 701.0
315000 704.3
320000 704.7
325000 694.3
330000 710.4
335000 703.1
340000 695.7
345000 710.4
350000 707.1
355000 716.1
360000 708.6
365000 710.2
370000 708.8
375000 711.6
380000 719.6
385000 722.1
390000 719.6
395000 708.0
400000 708.6
405000 719.1
410000 717.1
415000 722.9
420000 725.5
425000 714.4
430000 718.7
435000 722.1
440000 710.7
445000 728.6
450000 650.7
455000 731.5
460000 722.8
465000 728.8
470000 724.9
475000 734.0
480000 728.0
485000 735.0
490000 727.2
495000 731.1
500000 741.3
505000 732.5
510000 731.9
515000 732.7
520000 733.1
525000 734.8
530000 734.1
535000 726.0
540000 740.8
545000 732.9
550000 736.1
555000 735.0
560000 737.8
565000 734.3
570000 739.7
575000 737.7
580000 743.3
585000 742.3
590000 739.0
595000 745.3
600000 733.5
605000 737.7
610000 742.4
615000 739.9
620000 741.8
625000 741.1
630000 741.7
635000 735.8
640000 742.1
645000 741.8
650000 744.6
655000 739.9
660000 741.1
665000 742.5
670000 744.3
675000 747.8
680000 746.6
685000 740.9
690000 735.3
695000 750.6
700000 750.8
705000 737.6
710000 747.3
715000 747.0
720000 745.9
725000 733.1
730000 748.5
735000 741.8
740000 747.5
745000 746.9
750000 744.9
755000 747.8
760000 754.0
765000 744.9
770000 748.7
775000 761.0
780000 744.7
785000 749.7
790000 750.8
795000 749.7
800000 745.6
805000 756.2
810000 747.2
815000 748.3
820000 755.8
825000 748.0
830000 755.2
835000 754.9
840000 747.7
845000 754.3
850000 747.9
855000 755.5
860000 750.4
865000 755.8
870000 752.5
875000 754.7
880000 758.7
885000 752.6
890000 755.4
895000 749.6
900000 755.7
905000 755.9
910000 749.3
915000 759.8
920000 756.8
925000 751.2
930000 757.9
935000 754.5
940000 752.4
945000 761.5
950000 751.8
955000 756.5
960000 759.7
965000 753.6
970000 753.3
975000 756.6
980000 757.2
985000 762.8
990000 760.4
995000 763.0
1000000 752.1
