5000 16.9
10000 16.2
15000 22.3
20000 24.0
25000 23.5
30000 35.7
35000 41.5
40000 40.6
45000 91.0
50000 95.1
55000 332.0
60000 381.4
65000 460.7
70000 482.8
75000 496.0
80000 511.3
85000 498.5
90000 527.7
95000 537.4
100000 535.2
105000 558.3
110000 560.4
115000 564.8
120000 570.0
125000 575.4
130000 571.2
135000 586.3
140000 598.5
145000 590.0
150000 599.9
155000 590.3
160000 598.6
165000 585.2
170000 593.9
175000 594.9
180000 610.0
185000 595.2
190000 602.4
195000 585.7
200000 615.2
205000 599.8
210000 591.3
215000 603.7
220000 611.4
225000 612.9
230000 613.6
235000 610.9
240000 614.7
245000 607.8
250000 616.9
255000 623.9
260000 620.4
265000 618.0
270000 616.2
275000 616.5
280000 621.9
285000 624.3
290000 625.5
295000 620.6
300000 628.6
305000 624.7
310000 640.3
315000 632.1
320000 631.5
325000 639.5
330000 633.2
335000 635.8
340000 637.0
345000 639.3
350000 637.1
355000 640.7
360000 643.4
365000 644.4
370000 648.2
375000 640.2
380000 645.4
385000 638.1
390000 636.9
395000 646.8
400000 646.7
405000 644.7
410000 645.5
415000 639.3
420000 641.9
425000 646.4
430000 651.9
435000 648.8
440000 649.9
445000 642.3
450000 646.8
455000 646.8
460000 643.6
465000 650.2
470000 653.4
475000 652.4
480000 654.6
485000 651.5
490000 654.8
495000 647.7
500000 651.8
505000 658.2
510000 657.1
515000 646.5
520000 652.2
525000 653.1
530000 659.5
535000 658.4
540000 656.5
545000 652.8
550000 656.1
555000 659.4
560000 647.7
565000 658.7
570000 656.9
575000 668.8
580000 654.6
585000 663.0
590000 660.0
595000 661.6
600000 658.1
605000 654.4
610000 663.3
615000 649.8
620000 653.0
625000 662.0
630000 661.9
635000 668.0
640000 660.1
645000 662.1
650000 660.6
655000 661.0
660000 656.7
665000 657.6
670000 669.3
675000 670.2
680000 655.0
685000 667.1
690000 666.4
695000 674.4
700000 665.8
705000 660.6
710000 666.1
715000 664.7
720000 668.1
725000 659.6
730000 663.3
735000 667.6
740000 657.1
745000 664.3
750000 668.9
755000 667.2
760000 670.8
765000 667.5
770000 672.1
775000 664.1
780000 669.0
785000 666.9
790000 660.6
795000 661.0
800000 663.0
805000 664.8
810000 672.1
815000 661.2
820000 669.6
825000 661.9
830000 657.0
835000 672.4
840000 670.9
845000 674.0
850000 668.5
855000 646.3
860000 666.0
865000 672.6
870000 659.0
875000 665.5
880000 665.0
885000 666.8
890000 671.7
895000 672.0
900000 671.1
905000 668.4
910000 673.9
915000 672.4
920000 662.4
925000 664.4
930000 674.8
935000 672.7
940000 642.9
945000 667.5
950000 668.0
955000 667.8
960000 653.8
965000 673.0
970000 665.8
975000 671.6
980000 673.5
985000 668.1
990000 673.5
995000 670.3
1000000 670.7
