5000 20.6
10000 28.4
15000 20.5
20000 28.5
25000 23.1
30000 25.8
35000 22.4
40000 44.4
45000 110.2
50000 213.0
55000 389.8
60000 446.8
65000 489.2
70000 533.4
75000 534.2
80000 567.6
85000 554.1
90000 584.1
95000 590.5
100000 585.8
105000 597.0
110000 611.2
115000 614.9
120000 625.4
125000 638.4
130000 626.4
135000 634.4
140000 629.3
145000 643.3
150000 641.7
155000 640.7
160000 655.0
165000 651.8
170000 668.1
175000 661.1
180000 673.5
185000 678.0
190000 685.2
195000 664.0
200000 680.5
205000 674.8
210000 678.5
215000 678.9
220000 685.8
225000 691.0
230000 686.1
235000 695.5
240000 697.1
245000 702.4
250000 699.7
255000 705.2
260000 704.4
265000 694.4
270000 708.7
275000 698.8
280000 703.6
285000 698.4
290000 712.9
295000 711.2
300000 711.8
305000 715.2
310000 712.8
315000 716.5
320000 720.6
325000 725.8
330000 723.0
335000 705.7
340000 722.6
345000 726.5
350000 723.7
355000 723.4
360000 727.3
365000 726.3
370000 734.0
375000 729.7
380000 744.7
385000 733.7
390000 740.9
395000 741.3
400000 744.7
405000 751.2
410000 742.0
415000 741.1
420000 750.1
425000 762.5
430000 757.5
435000 755.7
440000 758.6
445000 759.9
450000 760.6
455000 764.1
460000 753.2
465000 763.3
470000 756.7
475000 765.9
480000 762.0
485000 760.1
490000 765.2
495000 762.1
500000 757.2
505000 771.6
510000 759.2
515000 764.3
520000 768.5
525000 761.7
530000 766.2
535000 759.6
540000 753.9
545000 769.4
550000 772.3
555000 771.8
560000 773.0
565000 774.8
570000 770.7
575000 775.7
580000 768.2
585000 772.5
590000 772.0
595000 774.8
600000 765.4
605000 782.7
610000 773.7
615000 780.4
620000 778.9
625000 777.2
630000 779.9
635000 782.4
640000 779.4
645000 773.0
650000 778.5
655000 778.7
660000 785.3
665000 780.9
670000 782.4
675000 783.7
680000 776.2
685000 780.1
690000 783.8
695000 789.3
700000 789.8
705000 780.6
710000 785.3
715000 783.8
720000 790.9
725000 788.6
730000 789.4
735000 787.0
740000 786.7
745000 788.9
750000 789.0
755000 794.8
760000 793.0
765000 790.9
770000 798.0
775000 797.3
780000 786.2
785000 794.2
790000 796.6
795000 793.3
800000 796.8
805000 791.2
810000 797.6
815000 795.4
820000 796.9
825000 790.1
830000 805.6
835000 802.8
840000 797.1
845000 795.7
850000 794.8
855000 794.7
860000 797.4
865000 795.0
870000 798.1
875000 805.8
880000 801.4
885000 799.7
890000 796.3
895000 802.2
900000 797.8
905000 793.1
910000 802.4
915000 793.6
920000 805.9
925000 792.1
930000 807.0
935000 801.3
940000 797.7
945000 800.4
950000 809.5
955000 798.0
960000 799.8
965000 800.7
970000 794.7
975000 794.6
980000 797.3
985000 803.6
990000 804.2
995000 797.4
1000000 804.4
