5000 23.9
10000 28.8
15000 21.6
20000 24.6
25000 23.9
30000 30.2
35000 48.3
40000 36.5
45000 128.0
50000 139.2
55000 217.5
60000 303.9
65000 360.5
70000 592.9
75000 636.0
80000 583.9
85000 663.5
90000 681.0
95000 693.4
100000 687.1
105000 711.7
110000 713.4
115000 727.3
120000 715.5
125000 717.3
130000 725.6
135000 723.3
140000 740.6
145000 743.2
150000 727.1
155000 750.5
160000 744.8
165000 743.8
170000 746.5
175000 746.7
180000 752.1
185000 751.3
190000 749.9
195000 699.2
200000 759.7
205000 753.2
210000 751.2
215000 747.7
220000 457.0
225000 759.2
230000 767.6
235000 758.3
240000 753.2
245000 757.2
250000 763.2
255000 768.2
260000 760.5
265000 770.7
270000 766.3
275000 771.3
280000 769.3
285000 779.5
290000 714.6
295000 770.8
300000 786.0
305000 781.2
310000 777.2
315000 770.1
320000 771.4
325000 782.6
330000 774.7
335000 789.4
340000 778.3
345000 767.2
350000 779.4
355000 789.4
360000 783.4
365000 782.4
370000 781.5
375000 783.8
380000 784.0
385000 787.1
390000 777.5
395000 786.6
400000 782.6
405000 787.9
410000 792.8
415000 782.2
420000 786.9
425000 785.5
430000 786.0
435000 789.9
440000 789.5
445000 790.2
450000 783.8
455000 784.6
460000 788.3
465000 790.6
470000 792.2
475000 789.5
480000 777.0
485000 789.2
490000 790.3
495000 787.3
500000 791.8
505000 780.2
510000 783.4
515000 785.9
520000 784.5
525000 778.6
530000 792.1
535000 795.6
540000 788.4
545000 794.2
550000 793.9
555000 791.6
560000 787.3
565000 786.2
570000 790.2
575000 789.8
580000 792.2
585000 798.4
590000 794.0
595000 794.2
600000 798.2
605000 789.2
610000 793.7
615000 794.6
620000 797.7
625000 789.6
630000 790.4
635000 792.5
640000 794.2
645000 796.7
650000 794.2
655000 795.5
660000 797.7
665000 796.8
670000 797.4
675000 789.4
680000 800.8
685000 796.4
690000 794.0
695000 797.9
700000 804.9
705000 796.9
710000 801.0
715000 800.5
720000 798.3
725000 799.1
730000 795.9
735000 801.3
740000 797.6
745000 797.3
750000 803.5
755000 802.2
760000 798.0
765000 796.8
770000 798.3
775000 801.5
780000 799.6
785000 801.6
790000 801.3
795000 803.4
800000 792.8
805000 801.8
810000 800.6
815000 806.9
820000 797.7
825000 799.0
830000 800.6
835000 805.9
840000 803.2
845000 797.5
850000 806.0
855000 800.3
860000 797.9
865000 805.2
870000 804.0
875000 811.1
880000 803.8
885000 798.8
890000 805.5
895000 801.7
900000 807.0
905000 804.1
910000 807.3
915000 803.4
920000 801.4
925000 802.3
930000 810.6
935000 805.4
940000 805.2
945000 803.2
950000 808.8
955000 811.3
960000 804.5
965000 810.6
970000 811.2
975000 807.0
980000 803.1
985000 805.3
990000 808.8
995000 800.9
1000000 810.0
