5000 24.1
10000 19.2
15000 22.5
20000 23.9
25000 26.2
30000 19.9
35000 24.9
40000 103.6
45000 53.5
50000 65.7
55000 168.9
60000 344.0
65000 479.6
70000 513.7
75000 563.6
80000 569.5
85000 589.6
90000 605.4
95000 609.5
100000 619.7
105000 621.9
110000 637.3
115000 643.7
120000 642.9
125000 643.3
130000 662.0
135000 657.6
140000 653.8
145000 669.6
150000 670.6
155000 674.9
160000 684.1
165000 687.7
170000 685.4
175000 699.6
180000 693.9
185000 697.0
190000 695.4
195000 704.0
200000 705.2
205000 707.3
210000 714.7
215000 710.5
220000 697.6
225000 711.2
230000 711.2
235000 714.3
240000 711.3
245000 724.4
250000 719.6
255000 718.8
260000 721.9
265000 735.4
270000 720.5
275000 663.8
280000 718.6
285000 734.5
290000 733.0
295000 728.6
300000 725.8
305000 734.1
310000 737.5
315000 733.8
320000 738.0
325000 742.4
330000 744.7
335000 731.5
340000 735.5
345000 738.5
350000 736.2
355000 746.1
360000 746.8
365000 735.4
370000 747.1
375000 740.7
380000 745.7
385000 749.5
390000 749.3
395000 755.2
400000 751.5
405000 752.9
410000 743.0
415000 746.9
420000 748.2
425000 748.9
430000 750.1
435000 752.2
440000 754.0
445000 752.6
450000 757.6
455000 749.3
460000 750.8
465000 754.7
470000 759.0
475000 745.4
480000 755.8
485000 764.8
490000 765.9
495000 750.1
500000 756.8
505000 763.3
510000 755.0
515000 756.2
520000 763.5
525000 761.8
530000 753.1
535000 760.0
540000 757.9
545000 750.9
550000 765.8
555000 763.0
560000 769.0
565000 759.4
570000 766.6
575000 765.3
580000 762.7
585000 768.3
590000 765.3
595000 760.6
600000 762.7
605000 769.1
610000 766.7
615000 756.5
620000 770.6
625000 763.6
630000 775.5
635000 769.3
640000 777.1
645000 763.8
650000 762.5
655000 768.2
660000 772.1
665000 766.7
670000 766.0
675000 775.9
680000 772.7
685000 767.5
690000 766.1
695000 778.5
700000 766.3
705000 767.5
710000 771.4
715000 771.2
720000 763.5
725000 763.1
730000 762.5
735000 772.9
740000 766.3
745000 773.0
750000 773.3
755000 771.2
760000 773.0
765000 766.1
770000 771.9
775000 776.6
780000 773.4
785000 767.3
790000 772.0
795000 770.6
800000 767.4
805000 771.6
810000 773.4
815000 775.1
820000 772.4
825000 777.6
830000 772.7
835000 769.2
840000 763.5
845000 770.4
850000 771.1
855000 777.7
860000 785.1
865000 769.9
870000 769.3
875000 780.4
880000 780.8
885000 774.1
890000 772.3
895000 785.1
900000 772.0
905000 771.4
910000 776.7
915000 780.4
920000 783.2
925000 771.1
930000 771.8
935000 779.6
940000 779.0
945000 780.5
950000 774.1
955000 776.6
960000 787.8
965000 781.9
970000 775.9
975000 784.3
980000 782.8
985000 778.4
990000 784.5
995000 775.8
1000000 775.4
