5000 23.4
10000 22.6
15000 27.1
20000 22.6
25000 26.5
30000 43.4
35000 40.5
40000 38.2
45000 41.6
50000 127.9
55000 139.2
60000 238.0
65000 258.0
70000 355.6
75000 383.3
80000 403.7
85000 413.3
90000 427.3
95000 438.9
100000 436.7
105000 445.9
110000 472.0
115000 475.3
120000 500.9
125000 523.1
130000 536.5
135000 558.3
140000 548.9
145000 558.7
150000 580.2
155000 596.3
160000 603.1
165000 606.3
170000 609.2
175000 620.0
180000 617.6
185000 630.6
190000 642.2
195000 648.1
200000 652.2
205000 638.2
210000 653.6
215000 659.4
220000 674.5
225000 681.3
230000 678.3
235000 677.2
240000 661.8
245000 690.9
250000 692.1
255000 710.6
260000 714.5
265000 709.9
270000 719.2
275000 720.1
280000 733.5
285000 734.3
290000 732.4
295000 727.1
300000 747.3
305000 709.8
310000 728.8
315000 723.4
320000 745.2
325000 711.9
330000 741.6
335000 747.3
340000 753.4
345000 766.5
350000 745.2
355000 746.2
360000 758.8
365000 747.2
370000 755.6
375000 766.1
380000 753.4
385000 753.2
390000 766.1
395000 744.7
400000 766.9
405000 764.2
410000 758.2
415000 766.9
420000 765.5
425000 766.6
430000 764.6
435000 774.0
440000 771.4
445000 763.5
450000 758.2
455000 764.0
460000 783.4
465000 752.1
470000 777.8
475000 785.7
480000 785.9
485000 769.1
490000 770.6
495000 785.6
500000 768.5
505000 784.1
510000 785.8
515000 778.2
520000 769.5
525000 776.6
530000 772.4
535000 778.2
540000 780.2
545000 783.1
550000 784.0
555000 782.7
560000 789.5
565000 763.1
570000 780.3
575000 782.9
580000 780.0
585000 790.4
590000 782.7
595000 775.0
600000 778.8
605000 785.8
610000 799.1
615000 777.4
620000 780.2
625000 782.8
630000 789.1
635000 787.8
640000 791.4
645000 797.9
650000 791.7
655000 795.7
660000 782.4
665000 800.3
670000 796.1
675000 796.1
680000 786.8
685000 790.2
690000 789.4
695000 791.3
700000 795.6
705000 800.3
710000 798.2
715000 797.3
720000 790.4
725000 794.8
730000 802.8
735000 802.4
740000 791.4
745000 807.4
750000 796.4
755000 802.7
760000 802.6
765000 791.4
770000 805.7
775000 806.0
780000 809.6
785000 806.0
790000 807.5
795000 802.6
800000 816.7
805000 806.1
810000 804.9
815000 810.0
820000 815.6
825000 808.0
830000 813.5
835000 809.2
840000 813.0
845000 804.6
850000 810.7
855000 810.5
860000 811.1
865000 811.9
870000 818.8
875000 821.8
880000 817.1
885000 822.5
890000 816.1
895000 815.8
900000 815.2
905000 813.2
910000 817.7
915000 824.0
920000 820.0
925000 812.7
930000 815.4
935000 819.3
940000 819.8
945000 816.5
950000 805.6
955000 819.1
960000 825.5
965000 816.5
970000 814.9
975000 822.6
980000 820.2
985000 826.0
990000 815.2
995000 812.4
1000000 817.0
