5000 29.9
10000 37.3
15000 24.0
20000 22.9
25000 31.4
30000 23.1
35000 41.7
40000 65.3
45000 311.8
50000 334.1
55000 353.1
60000 377.8
65000 392.6
70000 406.8
75000 416.8
80000 397.2
85000 428.0
90000 433.0
95000 438.4
100000 443.4
105000 445.1
110000 444.1
115000 444.4
120000 446.9
125000 442.7
130000 443.5
135000 447.9
140000 443.2
145000 447.1
150000 456.5
155000 448.3
160000 442.6
165000 450.7
170000 454.0
175000 450.5
180000 452.5
185000 454.4
190000 447.1
195000 450.3
200000 450.3
205000 444.4
210000 453.7
215000 454.7
220000 453.1
225000 454.9
230000 456.4
235000 459.5
240000 457.0
245000 461.9
250000 457.2
255000 459.0
260000 461.1
265000 456.1
270000 457.9
275000 463.1
280000 459.4
285000 463.3
290000 458.9
295000 460.4
300000 464.8
305000 460.3
310000 463.9
315000 467.0
320000 466.0
325000 463.1
330000 465.9
335000 462.3
340000 462.5
345000 467.1
350000 463.8
355000 464.1
360000 466.9
365000 466.1
370000 471.0
375000 467.6
380000 463.8
385000 465.2
390000 473.0
395000 472.0
400000 470.6
405000 466.5
410000 465.8
415000 474.0
420000 472.1
425000 469.5
430000 472.1
435000 472.0
440000 472.7
445000 472.3
450000 472.1
455000 468.0
460000 474.6
465000 475.2
470000 473.8
475000 475.5
480000 474.1
485000 481.5
490000 478.7
495000 475.2
500000 471.4
505000 477.2
510000 480.7
515000 474.1
520000 472.7
525000 470.5
530000 476.9
535000 477.6
540000 475.5
545000 473.0
550000 473.3
555000 476.4
560000 478.5
565000 472.1
570000 483.0
575000 479.6
580000 483.3
585000 480.5
590000 484.7
595000 482.7
600000 485.2
605000 479.8
610000 483.5
615000 484.4
620000 476.0
625000 481.1
630000 476.9
635000 485.6
640000 484.1
645000 481.9
650000 482.7
655000 478.9
660000 484.0
665000 481.4
670000 489.2
675000 484.9
680000 482.4
685000 487.5
690000 480.9
695000 486.8
700000 481.9
705000 483.3
710000 486.1
715000 485.0
720000 484.1
725000 487.1
730000 489.2
735000 489.3
740000 486.8
745000 486.7
750000 488.4
755000 486.4
760000 483.3
765000 489.9
770000 488.3
775000 487.0
780000 496.9
785000 484.4
790000 489.9
795000 491.2
800000 489.3
805000 497.7
810000 490.2
815000 490.9
820000 492.2
825000 497.8
830000 489.2
835000 492.8
840000 492.7
845000 487.9
850000 490.3
855000 492.1
860000 493.4
865000 493.1
870000 489.9
875000 490.9
880000 493.4
885000 492.6
890000 491.2
895000 491.7
900000 491.7
905000 493.3
910000 492.6
915000 494.8
920000 492.1
925000 493.7
930000 496.1
935000 492.3
940000 493.9
945000 495.2
950000 494.0
955000 493.7
960000 495.8
965000 493.2
970000 496.2
975000 498.4
980000 498.5
985000 493.4
990000 494.3
995000 494.5
1000000 493.1
