5000 22.4
10000 23.3
15000 21.5
20000 22.6
25000 25.4
30000 41.2
35000 40.1
40000 44.2
45000 30.1
50000 135.1
55000 391.7
60000 499.8
65000 513.2
70000 535.1
75000 543.2
80000 542.0
85000 554.0
90000 563.0
95000 577.2
100000 581.2
105000 582.1
110000 588.2
115000 577.7
120000 594.9
125000 607.1
130000 599.8
135000 607.6
140000 620.3
145000 625.4
150000 629.8
155000 642.0
160000 648.7
165000 650.9
170000 668.8
175000 677.1
180000 691.3
185000 672.3
190000 697.1
195000 691.6
200000 686.9
205000 699.7
210000 699.2
215000 688.0
220000 705.4
225000 700.9
230000 710.6
235000 714.8
240000 714.4
245000 715.4
250000 718.0
255000 720.5
260000 717.9
265000 724.2
270000 731.6
275000 716.5
280000 724.0
285000 722.2
290000 726.1
295000 716.6
300000 729.2
305000 720.7
310000 730.7
315000 735.9
320000 735.2
325000 730.3
330000 734.2
335000 725.0
340000 725.8
345000 728.7
350000 734.7
355000 732.9
360000 727.3
365000 732.3
370000 730.0
375000 735.9
380000 729.8
385000 731.4
390000 730.3
395000 729.8
400000 732.0
405000 733.3
410000 730.1
415000 733.1
420000 736.3
425000 742.1
430000 733.4
435000 734.1
440000 736.0
445000 740.3
450000 740.3
455000 742.0
460000 739.6
465000 737.3
470000 747.3
475000 742.4
480000 739.3
485000 744.1
490000 734.1
495000 737.3
500000 744.6
505000 742.3
510000 746.1
515000 750.5
520000 743.3
525000 746.6
530000 753.4
535000 742.2
540000 749.5
545000 748.0
550000 744.9
555000 750.6
560000 752.5
565000 745.5
570000 750.3
575000 750.9
580000 757.9
585000 752.7
590000 752.7
595000 760.8
600000 748.1
605000 757.8
610000 752.1
615000 758.2
620000 752.9
625000 760.7
630000 762.1
635000 759.6
640000 757.7
645000 769.2
650000 764.0
655000 764.9
660000 761.1
665000 764.5
670000 761.3
675000 768.6
680000 763.2
685000 774.2
690000 772.0
695000 765.4
700000 759.6
705000 760.9
710000 768.9
715000 763.8
720000 770.9
725000 772.7
730000 771.3
735000 765.1
740000 769.1
745000 765.9
750000 765.6
755000 774.8
760000 772.3
765000 764.0
770000 769.0
775000 768.4
780000 770.5
785000 768.1
790000 773.1
795000 765.4
800000 769.7
805000 768.0
810000 766.2
815000 768.2
820000 771.9
825000 770.2
830000 767.9
835000 772.5
840000 765.8
845000 765.1
850000 772.7
855000 762.1
860000 774.2
865000 772.0
870000 777.4
875000 776.9
880000 777.6
885000 772.1
890000 770.9
895000 773.7
900000 769.5
905000 776.1
910000 774.9
915000 774.6
920000 770.3
925000 775.7
930000 769.8
935000 765.8
940000 776.6
945000 756.7
950000 776.8
955000 773.6
960000 772.8
965000 769.5
970000 764.9
975000 770.8
980000 781.7
985000 777.3
990000 777.1
995000 767.5
1000000 774.9
