5000 20.8
10000 22.8
15000 26.2
20000 23.2
25000 26.5
30000 28.8
35000 60.6
40000 55.3
45000 243.6
50000 225.8
55000 413.0
60000 455.1
65000 485.5
70000 496.1
75000 510.0
80000 542.5
85000 543.8
90000 552.0
95000 565.4
100000 575.6
105000 573.6
110000 589.6
115000 596.8
120000 612.2
125000 624.1
130000 635.3
135000 632.0
140000 626.2
145000 638.0
150000 639.0
155000 645.0
160000 645.6
165000 656.5
170000 660.0
175000 669.3
180000 676.7
185000 673.4
190000 675.9
195000 680.4
200000 680.0
205000 683.4
210000 679.4
215000 684.2
220000 684.0
225000 685.2
230000 688.9
235000 681.7
240000 685.2
245000 694.1
250000 698.5
255000 701.3
260000 694.1
265000 706.9
270000 698.2
275000 706.8
280000 705.8
285000 701.0
290000 707.0
295000 704.4
300000 697.1
305000 707.7
310000 704.6
315000 709.5
320000 707.8
325000 716.9
330000 707.6
335000 713.9
340000 721.5
345000 715.6
350000 721.1
355000 721.3
360000 724.5
365000 727.0
370000 717.1
375000 713.4
380000 724.0
385000 722.1
390000 723.6
395000 723.9
400000 730.2
405000 728.7
410000 720.1
415000 727.2
420000 720.7
425000 720.5
430000 732.4
435000 722.8
440000 723.7
445000 732.5
450000 727.3
455000 727.0
460000 729.6
465000 729.6
470000 733.6
475000 730.0
480000 729.9
485000 734.3
490000 726.9
495000 733.2
500000 724.9
505000 736.4
510000 731.9
515000 737.5
520000 740.6
525000 740.6
530000 742.7
535000 740.0
540000 730.9
545000 737.5
550000 742.8
555000 736.0
560000 745.6
565000 738.0
570000 746.0
575000 742.2
580000 743.2
585000 748.5
590000 742.8
595000 751.6
600000 742.9
605000 744.9
610000 751.8
615000 745.0
620000 746.7
625000 746.0
630000 749.7
635000 747.8
640000 754.0
645000 753.7
650000 754.0
655000 753.7
660000 745.4
665000 757.5
670000 755.5
675000 756.7
680000 761.5
685000 758.2
690000 759.4
695000 756.5
700000 758.6
705000 755.5
710000 752.6
715000 756.1
720000 760.8
725000 758.8
730000 763.3
735000 754.2
740000 758.0
745000 756.0
750000 752.5
755000 762.3
760000 759.8
765000 763.8
770000 765.8
775000 760.9
780000 760.6
785000 764.9
790000 763.0
795000 753.4
800000 760.9
805000 757.1
810000 764.7
815000 761.9
820000 755.8
825000 765.7
830000 764.2
835000 765.4
840000 765.8
845000 765.3
850000 766.1
855000 773.8
860000 762.9
865000 771.8
870000 761.2
875000 770.2
880000 764.8
885000 769.0
890000 769.0
895000 776.1
900000 757.5
905000 767.4
910000 767.6
915000 771.7
920000 771.6
925000 773.6
930000 771.1
935000 767.4
940000 765.7
945000 766.0
950000 777.1
955000 773.4
960000 764.5
965000 766.7
970000 771.4
975000 764.5
980000 766.8
985000 776.6
990000 774.5
995000 769.4
1000000 766.2
