5000 28.6
10000 33.5
15000 21.3
20000 24.2
25000 26.8
30000 36.4
35000 53.4
40000 32.7
45000 41.5
50000 112.1
55000 182.4
60000 317.4
65000 205.4
70000 468.8
75000 445.9
80000 524.1
85000 427.8
90000 541.2
95000 563.3
100000 564.7
105000 587.8
110000 616.6
115000 576.4
120000 653.6
125000 642.8
130000 650.4
135000 654.5
140000 660.5
145000 669.6
150000 667.4
155000 687.6
160000 686.2
165000 712.0
170000 700.4
175000 711.0
180000 700.7
185000 725.2
190000 723.1
195000 728.2
200000 729.6
205000 724.4
210000 718.9
215000 722.9
220000 733.7
225000 737.4
230000 737.8
235000 728.8
240000 742.0
245000 745.9
250000 735.2
255000 741.1
260000 747.2
265000 740.7
270000 748.6
275000 737.9
280000 749.8
285000 739.3
290000 743.3
295000 743.8
300000 744.7
305000 738.1
310000 752.9
315000 756.3
320000 752.9
325000 752.7
330000 754.7
335000 750.2
340000 752.1
345000 732.3
350000 747.9
355000 749.9
360000 758.6
365000 745.7
370000 754.2
375000 751.3
380000 753.5
385000 752.1
390000 750.6
395000 753.7
400000 761.3
405000 756.5
410000 754.6
415000 762.5
420000 756.2
425000 759.8
430000 752.9
435000 752.8
440000 755.2
445000 755.5
450000 751.2
455000 763.5
460000 761.0
465000 749.9
470000 752.5
475000 758.8
480000 757.6
485000 760.1
490000 754.3
495000 758.1
500000 763.1
505000 760.3
510000 764.5
515000 759.8
520000 768.8
525000 762.1
530000 766.6
535000 757.0
540000 765.2
545000 759.5
550000 752.6
555000 766.4
560000 764.5
565000 768.7
570000 761.9
575000 755.8
580000 767.0
585000 756.9
590000 758.4
595000 765.0
600000 752.7
605000 758.9
610000 756.9
615000 755.0
620000 761.9
625000 765.6
630000 763.2
635000 758.5
640000 760.5
645000 756.6
650000 758.7
655000 769.6
660000 762.7
665000 766.2
670000 769.7
675000 761.9
680000 765.2
685000 757.6
690000 765.9
695000 764.7
700000 762.0
705000 764.4
710000 763.6
715000 771.1
720000 764.7
725000 766.7
730000 756.2
735000 769.8
740000 766.1
745000 761.9
750000 762.9
755000 753.5
760000 760.4
765000 772.1
770000 768.0
775000 763.3
780000 757.6
785000 767.1
790000 758.8
795000 767.3
800000 764.2
805000 764.4
810000 762.0
815000 757.8
820000 766.5
825000 763.9
830000 763.0
835000 767.0
840000 763.3
845000 762.9
850000 765.5
855000 769.2
860000 763.8
865000 763.0
870000 769.2
875000 764.5
880000 770.4
885000 764.3
890000 768.8
895000 766.0
900000 764.3
905000 766.0
910000 767.3
915000 764.5
920000 768.0
925000 771.2
930000 768.2
935000 767.8
940000 767.1
945000 763.9
950000 763.4
955000 768.4
960000 765.3
965000 768.6
970000 760.7
975000 765.7
980000 767.6
985000 761.6
990000 768.9
995000 763.2
1000000 761.8
