5000 23.2
10000 23.5
15000 24.5
20000 23.0
25000 34.7
30000 34.4
35000 29.0
40000 59.9
45000 201.8
50000 439.4
55000 404.8
60000 518.1
65000 349.7
70000 593.3
75000 609.1
80000 604.6
85000 625.5
90000 638.0
95000 649.5
100000 651.4
105000 674.6
110000 670.0
115000 663.4
120000 679.4
125000 679.9
130000 692.5
135000 696.2
140000 699.8
145000 697.2
150000 707.7
155000 704.9
160000 698.8
165000 695.4
170000 700.6
175000 722.9
180000 720.5
185000 723.1
190000 726.7
195000 714.3
200000 711.5
205000 712.2
210000 724.0
215000 719.6
220000 725.4
225000 731.2
230000 733.4
235000 727.3
240000 736.7
245000 727.0
250000 737.4
255000 739.9
260000 743.0
265000 744.3
270000 745.1
275000 751.5
280000 751.3
285000 758.3
290000 742.4
295000 751.0
300000 755.6
305000 752.3
310000 758.7
315000 753.9
320000 749.0
325000 756.1
330000 751.5
335000 753.6
340000 753.1
345000 751.3
350000 756.5
355000 748.1
360000 757.5
365000 747.4
370000 760.0
375000 757.6
380000 759.5
385000 750.2
390000 766.5
395000 744.0
400000 755.8
405000 749.7
410000 750.4
415000 754.2
420000 754.9
425000 757.1
430000 754.2
435000 752.7
440000 758.0
445000 756.7
450000 758.2
455000 757.0
460000 757.8
465000 763.8
470000 744.7
475000 764.4
480000 750.0
485000 755.7
490000 758.6
495000 755.8
500000 759.2
505000 758.7
510000 764.7
515000 758.2
520000 760.7
525000 751.3
530000 763.6
535000 757.5
540000 753.5
545000 757.1
550000 756.9
555000 753.1
560000 763.2
565000 767.9
570000 757.1
575000 762.6
580000 758.0
585000 761.1
590000 763.6
595000 762.4
600000 771.0
605000 757.1
610000 757.4
615000 759.3
620000 764.7
625000 758.6
630000 756.7
635000 764.5
640000 752.0
645000 758.7
650000 764.2
655000 763.2
660000 765.7
665000 756.5
670000 762.6
675000 758.2
680000 758.7
685000 763.5
690000 763.2
695000 762.1
700000 759.3
705000 763.4
710000 760.3
715000 761.9
720000 755.6
725000 765.1
730000 764.0
735000 754.7
740000 769.1
745000 762.7
750000 761.7
755000 757.7
760000 764.8
765000 763.5
770000 768.1
775000 769.5
780000 759.2
785000 764.9
790000 766.7
795000 762.1
800000 762.0
805000 771.2
810000 766.7
815000 759.5
820000 769.9
825000 769.5
830000 766.4
835000 764.4
840000 767.2
845000 769.2
850000 765.0
855000 759.5
860000 763.7
865000 768.8
870000 765.2
875000 773.5
880000 769.9
885000 769.4
890000 763.4
895000 772.3
900000 775.3
905000 768.0
910000 771.6
915000 764.1
920000 772.1
925000 767.8
930000 769.1
935000 765.7
940000 769.2
945000 766.7
950000 768.9
955000 766.7
960000 760.5
965000 769.5
970000 763.2
975000 767.3
980000 775.3
985000 764.9
990000 763.4
995000 777.7
1000000 768.5
