5000 32.9
10000 31.0
15000 22.5
20000 28.5
25000 35.0
30000 32.1
35000 141.0
40000 252.0
45000 355.7
50000 294.9
55000 221.0
60000 387.4
65000 426.4
70000 440.0
75000 449.1
80000 453.0
85000 455.4
90000 452.4
95000 468.8
100000 467.5
105000 473.4
110000 468.8
115000 463.7
120000 474.8
125000 476.5
130000 475.6
135000 476.2
140000 484.0
145000 439.5
150000 482.6
155000 487.6
160000 484.1
165000 491.3
170000 485.5
175000 480.6
180000 489.5
185000 488.0
190000 483.1
195000 488.8
200000 488.8
205000 485.9
210000 490.4
215000 493.5
220000 487.4
225000 495.9
230000 492.8
235000 495.1
240000 493.0
245000 492.3
250000 484.5
255000 492.3
260000 493.6
265000 493.4
270000 481.7
275000 493.4
280000 491.1
285000 492.2
290000 492.8
295000 483.3
300000 497.6
305000 482.3
310000 498.2
315000 497.8
320000 499.1
325000 498.3
330000 502.2
335000 499.4
340000 499.7
345000 505.9
350000 497.9
355000 501.7
360000 501.5
365000 499.8
370000 503.9
375000 503.6
380000 503.4
385000 500.1
390000 503.4
395000 501.2
400000 503.0
405000 503.9
410000 502.1
415000 505.0
420000 502.6
425000 506.4
430000 505.0
435000 502.7
440000 503.4
445000 503.4
450000 508.5
455000 504.9
460000 505.0
465000 512.6
470000 509.3
475000 508.8
480000 508.5
485000 509.7
490000 512.7
495000 506.0
500000 516.1
505000 531.3
510000 588.8
515000 652.6
520000 624.8
525000 654.8
530000 693.2
535000 708.0
540000 719.6
545000 710.1
550000 704.0
555000 679.4
560000 684.3
565000 717.0
570000 713.8
575000 717.1
580000 714.3
585000 715.6
590000 716.1
595000 734.5
600000 720.1
605000 735.8
610000 724.7
615000 722.2
620000 733.2
625000 740.8
630000 733.5
635000 736.8
640000 746.7
645000 748.7
650000 741.6
655000 754.5
660000 740.9
665000 754.2
670000 751.0
675000 739.7
680000 758.7
685000 753.5
690000 756.4
695000 749.4
700000 755.3
705000 767.6
710000 756.6
715000 759.4
720000 763.7
725000 756.2
730000 760.7
735000 767.6
740000 770.8
745000 760.4
750000 771.5
755000 757.1
760000 768.5
765000 775.0
770000 769.5
775000 769.2
780000 762.2
785000 767.3
790000 773.4
795000 770.0
800000 774.4
805000 771.5
810000 773.4
815000 765.0
820000 772.9
825000 768.8
830000 773.0
835000 774.7
840000 771.7
845000 772.1
850000 761.9
855000 769.1
860000 769.7
865000 775.0
870000 773.7
875000 773.3
880000 778.9
885000 775.7
890000 773.0
895000 783.9
900000 778.1
905000 772.6
910000 781.3
915000 779.2
920000 777.4
925000 776.8
930000 773.0
935000 768.1
940000 766.9
945000 773.8
950000 773.3
955000 776.4
960000 774.1
965000 776.9
970000 774.9
975000 769.7
980000 779.8
985000 769.7
990000 779.5
995000 774.3
1000000 782.9
