5000 19.6
10000 27.0
15000 23.0
20000 25.6
25000 25.2
30000 29.8
35000 36.1
40000 32.2
45000 32.1
50000 32.9
55000 21.6
60000 27.8
65000 21.8
70000 24.1
75000 34.3
80000 26.5
85000 38.6
90000 25.3
95000 93.8
100000 54.2
105000 82.8
110000 132.6
115000 162.8
120000 82.4
125000 154.1
130000 134.8
135000 163.2
140000 163.4
145000 161.9
150000 162.2
155000 158.8
160000 163.8
165000 162.8
170000 165.0
175000 164.9
180000 173.8
185000 193.3
190000 222.4
195000 258.8
200000 256.3
205000 285.6
210000 352.5
215000 374.2
220000 376.4
225000 395.3
230000 395.4
235000 392.0
240000 393.1
245000 397.9
250000 402.0
255000 408.9
260000 404.5
265000 404.9
270000 404.7
275000 410.1
280000 407.6
285000 411.2
290000 417.0
295000 409.8
300000 417.2
305000 423.3
310000 418.6
315000 422.1
320000 422.7
325000 435.3
330000 431.4
335000 431.5
340000 434.8
345000 425.4
350000 437.7
355000 431.9
360000 431.0
365000 433.7
370000 446.5
375000 431.8
380000 447.9
385000 444.3
390000 448.8
395000 447.6
400000 449.7
405000 451.8
410000 445.2
415000 444.4
420000 452.2
425000 450.8
430000 447.4
435000 448.4
440000 452.8
445000 451.7
450000 460.4
455000 454.1
460000 454.2
465000 453.2
470000 457.6
475000 456.9
480000 454.7
485000 460.6
490000 461.9
495000 461.7
500000 473.1
505000 482.9
510000 466.4
515000 495.6
520000 487.7
525000 492.4
530000 500.7
535000 499.8
540000 494.2
545000 490.7
550000 503.4
555000 499.4
560000 506.8
565000 504.2
570000 489.9
575000 507.3
580000 510.2
585000 505.3
590000 507.8
595000 514.0
600000 513.1
605000 514.0
610000 512.6
615000 510.1
620000 508.3
625000 508.8
630000 513.3
635000 513.8
640000 510.9
645000 516.9
650000 515.0
655000 518.1
660000 513.4
665000 519.4
670000 516.9
675000 512.1
680000 518.9
685000 515.5
690000 515.7
695000 519.7
700000 517.1
705000 520.3
710000 517.1
715000 520.1
720000 521.6
725000 518.4
730000 525.1
735000 518.1
740000 516.0
745000 522.7
750000 527.5
755000 522.1
760000 527.9
765000 517.8
770000 519.0
775000 524.4
780000 528.3
785000 522.1
790000 529.0
795000 525.3
800000 522.0
805000 525.8
810000 522.6
815000 520.7
820000 529.2
825000 522.6
830000 528.2
835000 529.0
840000 520.3
845000 523.3
850000 513.9
855000 524.8
860000 525.3
865000 521.3
870000 528.2
875000 526.1
880000 529.5
885000 525.2
890000 532.2
895000 529.2
900000 526.1
905000 529.6
910000 526.6
915000 532.5
920000 518.4
925000 525.6
930000 528.5
935000 530.0
940000 530.7
945000 523.8
950000 529.6
955000 526.0
960000 529.9
965000 530.4
970000 529.2
975000 528.8
980000 531.8
985000 530.5
990000 528.0
995000 527.8
1000000 528.2
