5000 20.5
10000 16.1
15000 17.8
20000 18.0
25000 23.2
30000 33.8
35000 33.4
40000 90.1
45000 62.4
50000 158.4
55000 276.7
60000 289.5
65000 193.5
70000 341.9
75000 353.9
80000 369.6
85000 384.4
90000 386.4
95000 360.0
100000 407.4
105000 413.0
110000 413.5
115000 419.8
120000 414.7
125000 413.1
130000 418.9
135000 429.7
140000 435.1
145000 435.5
150000 433.0
155000 436.8
160000 431.9
165000 439.0
170000 422.5
175000 437.8
180000 437.0
185000 441.6
190000 437.0
195000 444.9
200000 444.7
205000 444.9
210000 444.6
215000 443.2
220000 447.9
225000 445.4
230000 443.7
235000 448.7
240000 448.1
245000 446.8
250000 452.0
255000 451.3
260000 457.2
265000 454.7
270000 455.1
275000 453.4
280000 454.9
285000 456.9
290000 455.9
295000 454.9
300000 455.7
305000 459.0
310000 456.2
315000 456.5
320000 464.0
325000 460.1
330000 461.7
335000 460.9
340000 458.9
345000 458.6
350000 463.1
355000 465.8
360000 465.7
365000 462.1
370000 464.6
375000 462.1
380000 463.9
385000 467.0
390000 465.8
395000 463.5
400000 465.0
405000 467.1
410000 465.6
415000 464.8
420000 461.5
425000 462.3
430000 471.7
435000 466.5
440000 466.1
445000 468.8
450000 468.8
455000 465.5
460000 465.9
465000 470.9
470000 466.6
475000 463.1
480000 464.1
485000 469.4
490000 465.8
495000 469.9
500000 466.7
505000 471.2
510000 476.3
515000 473.0
520000 478.6
525000 475.4
530000 477.9
535000 479.4
540000 480.4
545000 472.8
550000 476.7
555000 481.2
560000 480.3
565000 479.8
570000 485.3
575000 484.7
580000 481.2
585000 487.3
590000 484.8
595000 489.6
600000 484.7
605000 492.2
610000 490.4
615000 480.6
620000 488.3
625000 491.5
630000 495.2
635000 481.7
640000 495.6
645000 485.0
650000 491.6
655000 481.0
660000 486.8
665000 489.3
670000 488.8
675000 490.7
680000 489.8
685000 492.2
690000 494.6
695000 489.6
700000 488.7
705000 491.9
710000 492.8
715000 494.0
720000 495.4
725000 494.7
730000 492.6
735000 493.2
740000 491.4
745000 494.4
750000 495.6
755000 494.3
760000 493.8
765000 497.5
770000 490.5
775000 492.4
780000 492.8
785000 496.9
790000 496.9
795000 498.3
800000 497.8
805000 501.1
810000 497.8
815000 498.7
820000 496.0
825000 499.5
830000 499.0
835000 498.0
840000 499.2
845000 503.3
850000 501.5
855000 502.0
860000 498.4
865000 502.6
870000 501.3
875000 497.1
880000 501.6
885000 494.3
890000 499.9
895000 502.5
900000 504.2
905000 505.2
910000 501.1
915000 502.0
920000 503.4
925000 504.6
930000 507.2
935000 503.2
940000 500.6
945000 503.7
950000 505.7
955000 506.4
960000 508.0
965000 503.7
970000 508.9
975000 505.6
980000 503.1
985000 504.5
990000 505.3
995000 506.2
1000000 503.0
