5000 23.7
10000 25.2
15000 23.2
20000 22.8
25000 26.1
30000 44.0
35000 51.1
40000 268.6
45000 437.5
50000 507.3
55000 601.3
60000 645.8
65000 634.2
70000 694.7
75000 692.8
80000 700.6
85000 709.2
90000 712.9
95000 715.7
100000 722.3
105000 722.5
110000 723.5
115000 732.7
120000 750.1
125000 736.1
130000 746.9
135000 756.4
140000 751.9
145000 757.6
150000 765.7
155000 774.5
160000 766.5
165000 760.6
170000 765.5
175000 770.5
180000 785.0
185000 780.8
190000 775.4
195000 781.7
200000 789.0
205000 786.7
210000 788.6
215000 788.8
220000 791.3
225000 792.6
230000 799.5
235000 793.2
240000 793.1
245000 802.9
250000 796.1
255000 796.9
260000 806.5
265000 786.5
270000 808.2
275000 795.5
280000 797.4
285000 799.4
290000 799.7
295000 799.3
300000 804.4
305000 803.6
310000 808.4
315000 794.8
320000 798.5
325000 803.2
330000 798.2
335000 806.7
340000 796.0
345000 807.8
350000 818.5
355000 801.6
360000 800.6
365000 811.5
370000 811.4
375000 813.1
380000 811.0
385000 805.0
390000 814.9
395000 798.4
400000 811.2
405000 808.6
410000 802.0
415000 805.3
420000 806.1
425000 811.5
430000 812.9
435000 804.3
440000 810.6
445000 808.6
450000 815.9
455000 810.4
460000 809.3
465000 803.4
470000 815.4
475000 810.5
480000 819.3
485000 818.0
490000 808.9
495000 815.2
500000 812.9
505000 818.4
510000 811.5
515000 814.9
520000 808.3
525000 815.9
530000 807.1
535000 802.6
540000 813.1
545000 810.2
550000 817.7
555000 810.0
560000 818.7
565000 818.0
570000 809.4
575000 818.8
580000 805.3
585000 810.6
590000 814.0
595000 814.2
600000 815.4
605000 818.0
610000 823.6
615000 812.5
620000 812.3
625000 812.7
630000 822.5
635000 817.0
640000 818.9
645000 812.3
650000 807.5
655000 807.0
660000 820.8
665000 817.8
670000 816.5
675000 814.2
680000 822.6
685000 816.8
690000 821.8
695000 812.8
700000 820.9
705000 817.7
710000 823.6
715000 814.7
720000 809.6
725000 812.7
730000 818.9
735000 823.0
740000 819.2
745000 818.6
750000 810.9
755000 817.0
760000 817.2
765000 816.2
770000 818.7
775000 819.8
780000 814.0
785000 817.3
790000 818.7
795000 816.1
800000 819.2
805000 821.5
810000 816.7
815000 814.8
820000 816.7
825000 818.5
830000 820.8
835000 819.5
840000 814.4
845000 816.4
850000 814.4
855000 817.1
860000 817.9
865000 821.7
870000 820.4
875000 818.8
880000 817.2
885000 819.9
890000 824.3
895000 817.2
900000 820.2
905000 822.0
910000 823.2
915000 822.0
920000 812.1
925000 820.0
930000 817.0
935000 824.8
940000 820.1
945000 823.2
950000 816.4
955000 821.9
960000 822.9
965000 824.3
970000 819.3
975000 818.5
980000 818.9
985000 829.6
990000 824.0
995000 822.2
1000000 820.6
