5000 23.7
10000 26.5
15000 22.0
20000 22.7
25000 22.3
30000 26.9
35000 34.5
40000 49.8
45000 71.3
50000 78.9
55000 117.6
60000 223.8
65000 266.5
70000 278.0
75000 269.4
80000 79.6
85000 301.1
90000 347.2
95000 362.9
100000 394.4
105000 430.8
110000 430.1
115000 449.5
120000 468.2
125000 471.9
130000 474.3
135000 483.8
140000 486.3
145000 477.4
150000 490.4
155000 491.7
160000 493.1
165000 501.5
170000 497.2
175000 494.9
180000 506.0
185000 500.0
190000 502.8
195000 514.9
200000 518.6
205000 515.4
210000 514.7
215000 519.9
220000 480.4
225000 525.2
230000 522.1
235000 526.9
240000 526.1
245000 531.0
250000 530.3
255000 533.4
260000 530.8
265000 540.6
270000 537.6
275000 540.9
280000 543.4
285000 546.4
290000 544.3
295000 545.2
300000 547.2
305000 546.1
310000 557.7
315000 550.7
320000 554.8
325000 555.9
330000 563.1
335000 557.9
340000 561.3
345000 557.7
350000 569.3
355000 562.0
360000 565.6
365000 576.2
370000 573.7
375000 575.7
380000 577.7
385000 577.7
390000 572.8
395000 585.2
400000 579.8
405000 578.4
410000 582.1
415000 580.6
420000 584.1
425000 583.9
430000 587.3
435000 584.8
440000 590.3
445000 600.0
450000 596.6
455000 603.6
460000 597.0
465000 595.2
470000 603.7
475000 607.9
480000 599.8
485000 601.0
490000 597.8
495000 608.7
500000 596.0
505000 608.3
510000 609.5
515000 601.9
520000 613.3
525000 606.4
530000 611.9
535000 609.1
540000 609.0
545000 614.3
550000 611.5
555000 613.1
560000 615.3
565000 610.8
570000 611.1
575000 619.4
580000 616.9
585000 608.7
590000 618.8
595000 616.8
600000 612.2
605000 623.2
610000 615.3
615000 614.4
620000 622.4
625000 617.7
630000 618.9
635000 625.9
640000 622.1
645000 630.1
650000 621.7
655000 626.4
660000 628.3
665000 623.2
670000 628.2
675000 628.6
680000 628.8
685000 623.4
690000 623.3
695000 630.1
700000 630.8
705000 629.6
710000 622.2
715000 626.2
720000 625.0
725000 627.2
730000 630.4
735000 628.3
740000 632.9
745000 631.7
750000 631.4
755000 631.6
760000 634.0
765000 639.2
770000 640.2
775000 633.8
780000 632.1
785000 638.2
790000 635.2
795000 639.8
800000 635.3
805000 639.4
810000 637.3
815000 633.6
820000 641.3
825000 642.5
830000 636.9
835000 639.2
840000 639.2
845000 634.6
850000 647.3
855000 646.1
860000 645.4
865000 641.6
870000 645.3
875000 647.4
880000 649.4
885000 647.2
890000 637.9
895000 649.7
900000 644.4
905000 647.9
910000 645.1
915000 646.3
920000 652.2
925000 648.0
930000 651.4
935000 648.1
940000 650.7
945000 647.4
950000 650.7
955000 649.1
960000 648.8
965000 651.5
970000 648.1
975000 650.7
980000 651.7
985000 648.8
990000 651.0
995000 647.3
1000000 648.5
