5000 4.4
10000 1.3
15000 98.1
20000 97.2
25000 1.2
30000 94.2
35000 291.2
40000 292.5
45000 373.5
50000 98.2
55000 286.5
60000 486.7
65000 487.5
70000 284.1
75000 287.4
80000 194.9
85000 189.6
90000 392.1
95000 479.9
100000 294.5
105000 481.4
110000 381.7
115000 757.9
120000 578.0
125000 747.3
130000 876.2
135000 675.5
140000 766.4
145000 960.1
150000 872.8
155000 764.0
160000 775.0
165000 874.6
170000 868.9
175000 870.7
180000 870.6
185000 878.7
190000 978.4
195000 873.9
200000 962.0
205000 871.4
210000 968.7
215000 973.3
220000 974.6
225000 975.8
230000 781.7
235000 977.2
240000 780.1
245000 876.4
250000 966.4
255000 967.3
260000 966.7
265000 977.2
270000 877.0
275000 972.2
280000 874.1
285000 979.4
290000 976.1
295000 985.8
300000 974.2
305000 878.1
310000 980.7
315000 974.5
320000 881.9
325000 858.6
330000 631.9
335000 863.3
340000 882.7
345000 971.9
350000 976.5
355000 975.4
360000 878.2
365000 975.2
370000 974.2
375000 976.4
380000 981.2
385000 982.6
390000 983.2
395000 972.3
400000 968.0
405000 981.8
410000 883.4
415000 975.4
420000 977.9
425000 976.5
430000 983.0
435000 984.1
440000 879.8
445000 979.1
450000 977.2
455000 886.2
460000 973.2
465000 979.4
470000 984.3
475000 980.0
480000 877.5
485000 392.1
490000 970.6
495000 974.6
500000 976.7
505000 978.1
510000 875.4
515000 971.9
520000 977.3
525000 976.5
530000 975.9
535000 785.3
540000 876.0
545000 881.5
550000 878.9
555000 976.6
560000 981.5
565000 981.2
570000 889.3
575000 783.9
580000 968.0
585000 687.2
590000 782.0
595000 884.8
600000 978.6
605000 982.0
610000 809.3
615000 981.9
620000 981.1
625000 884.5
630000 978.8
635000 882.9
640000 982.5
645000 748.5
650000 941.8
655000 885.4
660000 692.1
665000 978.9
670000 974.2
675000 975.2
680000 979.3
685000 976.9
690000 980.3
695000 982.2
700000 980.2
705000 875.9
710000 977.9
715000 878.4
720000 977.6
725000 912.6
730000 981.6
735000 976.6
740000 884.5
745000 981.6
750000 883.8
755000 975.7
760000 981.8
765000 980.4
770000 970.6
775000 889.6
780000 981.8
785000 931.1
790000 979.0
795000 978.9
800000 979.7
805000 594.5
810000 979.6
815000 875.9
820000 954.2
825000 981.3
830000 878.0
835000 974.6
840000 978.1
845000 978.9
850000 984.3
855000 980.3
860000 947.6
865000 966.5
870000 960.8
875000 980.4
880000 986.4
885000 975.7
890000 980.4
895000 978.4
900000 879.2
905000 985.3
910000 987.3
915000 883.7
920000 976.3
925000 877.7
930000 979.8
935000 780.0
940000 982.9
945000 984.5
950000 983.5
955000 980.3
960000 979.6
965000 973.7
970000 978.2
975000 877.0
980000 982.4
985000 981.5
990000 979.9
995000 881.1
1000000 986.2
1005000 979.1
1010000 983.4
1015000 977.8
1020000 782.7
1025000 977.5
1030000 980.5
1035000 982.6
1040000 879.6
1045000 977.2
1050000 981.8
1055000 975.3
1060000 784.9
1065000 983.1
1070000 981.6
1075000 981.3
1080000 968.2
1085000 982.2
1090000 787.6
1095000 979.6
1100000 882.1
1105000 963.1
1110000 978.5
1115000 979.9
1120000 982.2
1125000 826.1
1130000 772.7
1135000 986.1
1140000 977.8
1145000 978.0
1150000 891.2
1155000 978.0
1160000 976.8
1165000 970.5
1170000 962.4
1175000 979.2
1180000 884.5
1185000 846.0
1190000 884.7
1195000 978.8
1200000 964.3
1205000 984.4
1210000 883.4
1215000 981.2
1220000 802.3
1225000 983.0
1230000 941.1
1235000 981.7
1240000 977.7
1245000 983.6
1250000 983.9
1255000 987.3
1260000 980.5
1265000 977.3
1270000 986.6
1275000 978.9
1280000 981.6
1285000 768.1
1290000 877.7
1295000 976.2
1300000 977.0
1305000 971.6
1310000 978.8
1315000 980.5
1320000 977.1
1325000 976.3
1330000 982.4
1335000 972.3
1340000 974.1
1345000 984.2
1350000 982.0
1355000 969.7
1360000 975.9
1365000 981.3
1370000 981.8
1375000 980.9
1380000 978.8
1385000 985.0
1390000 973.5
1395000 976.4
1400000 980.4
1405000 883.7
1410000 984.6
1415000 988.4
1420000 981.0
1425000 978.8
1430000 978.7
1435000 980.3
1440000 976.7
1445000 734.9
1450000 683.2
1455000 876.0
1460000 885.9
1465000 979.1
1470000 988.7
1475000 969.9
1480000 979.3
1485000 981.0
1490000 881.2
1495000 964.1
1500000 983.7
1505000 981.6
1510000 982.0
1515000 975.0
1520000 976.2
1525000 948.5
1530000 977.0
1535000 885.5
1540000 877.9
1545000 982.5
1550000 981.9
1555000 980.6
1560000 976.3
1565000 969.7
1570000 879.1
1575000 976.4
1580000 976.9
1585000 781.8
1590000 974.6
1595000 982.1
1600000 982.8
1605000 484.9
1610000 968.4
1615000 884.7
1620000 978.3
1625000 883.2
1630000 974.9
1635000 978.3
1640000 977.1
1645000 959.8
1650000 885.4
1655000 977.5
1660000 874.6
1665000 982.2
1670000 978.7
1675000 984.1
1680000 885.8
1685000 981.5
1690000 983.3
1695000 982.2
1700000 960.3
1705000 977.9
1710000 968.8
1715000 984.2
1720000 982.3
1725000 978.7
1730000 977.6
1735000 980.6
1740000 879.9
1745000 979.5
1750000 983.4
1755000 980.5
1760000 981.8
1765000 761.4
1770000 970.6
1775000 976.7
1780000 972.6
1785000 978.4
1790000 980.7
1795000 976.8
1800000 883.3
1805000 973.2
1810000 978.5
1815000 980.1
1820000 973.1
1825000 978.5
1830000 939.6
1835000 977.5
1840000 965.6
1845000 884.4
1850000 984.5
1855000 980.6
1860000 974.3
1865000 976.3
1870000 978.8
1875000 985.4
1880000 980.0
1885000 979.7
1890000 982.4
1895000 981.2
1900000 981.6
1905000 978.3
1910000 986.0
1915000 879.0
1920000 972.8
1925000 982.8
1930000 976.1
1935000 983.3
1940000 982.1
1945000 980.5
1950000 885.2
1955000 978.3
1960000 975.9
1965000 986.2
1970000 979.5
1975000 984.1
1980000 981.7
1985000 981.4
1990000 979.0
1995000 964.7
2000000 981.8
