5000 0.0
10000 0.4
15000 95.7
20000 283.5
25000 0.0
30000 390.1
35000 290.5
40000 768.3
45000 773.1
50000 761.1
55000 582.0
60000 582.9
65000 773.4
70000 576.9
75000 763.2
80000 484.1
85000 871.3
90000 483.6
95000 582.0
100000 871.1
105000 879.3
110000 882.6
115000 962.5
120000 585.7
125000 776.3
130000 419.4
135000 872.7
140000 868.7
145000 974.4
150000 969.3
155000 780.7
160000 981.7
165000 476.7
170000 389.6
175000 771.4
180000 972.5
185000 763.8
190000 845.4
195000 865.2
200000 873.1
205000 778.8
210000 973.3
215000 964.8
220000 970.1
225000 972.9
230000 881.2
235000 869.5
240000 921.1
245000 972.7
250000 876.9
255000 877.8
260000 971.9
265000 981.4
270000 980.3
275000 976.0
280000 973.1
285000 880.3
290000 975.7
295000 973.1
300000 882.4
305000 965.4
310000 788.9
315000 973.0
320000 975.6
325000 780.3
330000 916.9
335000 678.0
340000 971.7
345000 883.1
350000 980.4
355000 965.0
360000 975.3
365000 977.3
370000 974.4
375000 867.9
380000 972.2
385000 967.9
390000 976.8
395000 972.9
400000 981.0
405000 884.6
410000 977.5
415000 884.7
420000 970.3
425000 976.7
430000 977.2
435000 828.3
440000 740.3
445000 980.3
450000 873.4
455000 979.4
460000 988.3
465000 983.8
470000 884.6
475000 977.6
480000 883.2
485000 894.7
490000 875.2
495000 974.0
500000 879.8
505000 972.3
510000 971.6
515000 987.5
520000 976.1
525000 977.7
530000 981.9
535000 881.7
540000 976.0
545000 880.2
550000 957.8
555000 976.3
560000 980.4
565000 979.9
570000 976.9
575000 987.0
580000 893.6
585000 977.5
590000 981.0
595000 978.4
600000 978.2
605000 977.6
610000 980.6
615000 980.4
620000 888.4
625000 977.3
630000 882.9
635000 983.1
640000 982.0
645000 941.4
650000 876.0
655000 875.8
660000 974.1
665000 973.9
670000 898.2
675000 975.7
680000 980.3
685000 978.1
690000 881.9
695000 974.4
700000 977.8
705000 876.2
710000 977.8
715000 976.8
720000 981.3
725000 975.5
730000 876.9
735000 881.1
740000 976.7
745000 980.4
750000 981.6
755000 974.7
760000 983.2
765000 982.0
770000 979.3
775000 982.1
780000 980.1
785000 980.0
790000 982.3
795000 984.4
800000 981.6
805000 647.7
810000 888.8
815000 977.4
820000 966.2
825000 880.5
830000 987.5
835000 982.8
840000 950.1
845000 977.0
850000 979.2
855000 983.8
860000 881.4
865000 982.0
870000 976.3
875000 981.6
880000 973.2
885000 879.1
890000 980.4
895000 981.0
900000 982.8
905000 982.1
910000 980.9
915000 975.0
920000 978.2
925000 984.6
930000 978.6
935000 982.5
940000 977.0
945000 978.2
950000 980.3
955000 986.8
960000 789.5
965000 954.2
970000 882.7
975000 879.8
980000 981.0
985000 977.8
990000 882.4
995000 985.8
1000000 977.9
1005000 970.1
1010000 880.9
1015000 981.0
1020000 978.8
1025000 979.0
1030000 977.0
1035000 978.4
1040000 979.4
1045000 979.9
1050000 986.4
1055000 981.6
1060000 980.7
1065000 925.8
1070000 879.2
1075000 984.6
1080000 979.5
1085000 880.0
1090000 983.1
1095000 984.6
1100000 936.5
1105000 878.8
1110000 984.9
1115000 979.8
1120000 988.7
1125000 753.2
1130000 791.3
1135000 919.2
1140000 877.3
1145000 976.8
1150000 980.7
1155000 960.4
1160000 978.2
1165000 882.4
1170000 988.2
1175000 983.8
1180000 976.3
1185000 983.9
1190000 929.9
1195000 982.7
1200000 984.0
1205000 889.3
1210000 979.0
1215000 787.0
1220000 986.2
1225000 983.5
1230000 983.6
1235000 980.4
1240000 980.9
1245000 985.7
1250000 983.3
1255000 980.0
1260000 882.0
1265000 977.1
1270000 973.0
1275000 982.8
1280000 985.2
1285000 1.2
1290000 866.8
1295000 851.3
1300000 689.0
1305000 976.3
1310000 977.8
1315000 881.8
1320000 976.0
1325000 984.0
1330000 881.8
1335000 980.4
1340000 885.8
1345000 973.1
1350000 887.2
1355000 889.1
1360000 784.6
1365000 978.9
1370000 979.7
1375000 973.9
1380000 979.8
1385000 976.9
1390000 981.0
1395000 978.4
1400000 982.5
1405000 791.3
1410000 982.5
1415000 790.4
1420000 870.4
1425000 981.2
1430000 977.0
1435000 982.8
1440000 984.1
1445000 874.5
1450000 786.8
1455000 975.0
1460000 984.8
1465000 879.1
1470000 981.1
1475000 980.0
1480000 868.4
1485000 982.7
1490000 977.4
1495000 982.4
1500000 981.0
1505000 983.6
1510000 943.6
1515000 982.2
1520000 893.1
1525000 983.1
1530000 974.9
1535000 984.2
1540000 982.6
1545000 985.1
1550000 980.0
1555000 979.9
1560000 884.2
1565000 955.0
1570000 977.9
1575000 880.7
1580000 982.9
1585000 981.5
1590000 884.7
1595000 980.2
1600000 979.6
1605000 975.4
1610000 926.2
1615000 863.4
1620000 983.2
1625000 959.7
1630000 979.6
1635000 976.3
1640000 969.4
1645000 983.6
1650000 980.2
1655000 976.6
1660000 882.6
1665000 891.5
1670000 984.3
1675000 981.6
1680000 980.4
1685000 981.0
1690000 973.5
1695000 982.4
1700000 983.4
1705000 981.4
1710000 974.4
1715000 979.2
1720000 982.4
1725000 983.0
1730000 974.7
1735000 981.5
1740000 981.4
1745000 878.1
1750000 974.1
1755000 981.5
1760000 882.4
1765000 511.9
1770000 877.4
1775000 789.3
1780000 981.0
1785000 985.3
1790000 973.1
1795000 980.8
1800000 981.3
1805000 979.3
1810000 977.7
1815000 977.0
1820000 982.3
1825000 981.6
1830000 976.6
1835000 980.4
1840000 978.8
1845000 967.6
1850000 977.6
1855000 982.6
1860000 980.5
1865000 982.7
1870000 966.9
1875000 978.8
1880000 981.1
1885000 987.3
1890000 984.4
1895000 882.1
1900000 975.6
1905000 982.4
1910000 978.2
1915000 981.7
1920000 884.5
1925000 980.3
1930000 976.1
1935000 982.3
1940000 987.0
1945000 978.6
1950000 981.7
1955000 981.2
1960000 979.4
1965000 978.7
1970000 978.6
1975000 979.5
1980000 978.9
1985000 870.1
1990000 978.6
1995000 984.6
2000000 978.7
