5000 0.5
10000 15.6
15000 0.5
20000 1.3
25000 577.9
30000 778.4
35000 390.4
40000 680.8
45000 0.8
50000 381.0
55000 843.2
60000 838.1
65000 959.2
70000 806.9
75000 964.2
80000 859.6
85000 765.3
90000 966.8
95000 960.6
100000 971.1
105000 967.4
110000 977.8
115000 972.6
120000 967.8
125000 976.1
130000 972.9
135000 872.7
140000 976.6
145000 968.3
150000 974.6
155000 973.5
160000 976.5
165000 809.8
170000 957.6
175000 581.8
180000 874.2
185000 969.3
190000 967.6
195000 967.4
200000 974.8
205000 975.3
210000 873.8
215000 970.1
220000 965.5
225000 971.7
230000 969.0
235000 978.0
240000 956.7
245000 974.8
250000 969.4
255000 968.3
260000 972.2
265000 972.6
270000 968.3
275000 875.8
280000 877.8
285000 967.3
290000 876.2
295000 974.9
300000 977.9
305000 974.2
310000 976.7
315000 975.6
320000 972.6
325000 381.8
330000 946.5
335000 879.5
340000 392.0
345000 965.0
350000 965.7
355000 876.2
360000 969.5
365000 967.6
370000 874.6
375000 971.7
380000 872.7
385000 871.7
390000 975.4
395000 968.7
400000 974.8
405000 974.2
410000 977.2
415000 974.5
420000 974.9
425000 982.4
430000 974.2
435000 978.2
440000 973.1
445000 969.2
450000 979.1
455000 978.1
460000 978.9
465000 970.9
470000 979.0
475000 969.1
480000 967.7
485000 769.8
490000 488.2
495000 970.5
500000 970.5
505000 975.3
510000 976.8
515000 973.5
520000 978.9
525000 970.0
530000 974.1
535000 805.4
540000 975.1
545000 972.6
550000 969.4
555000 976.5
560000 971.2
565000 968.0
570000 971.0
575000 877.0
580000 785.1
585000 972.8
590000 787.2
595000 976.8
600000 875.4
605000 970.7
610000 975.5
615000 976.0
620000 874.1
625000 879.6
630000 978.1
635000 977.7
640000 968.3
645000 808.1
650000 966.4
655000 971.8
660000 982.7
665000 873.6
670000 978.5
675000 968.8
680000 870.0
685000 973.2
690000 981.6
695000 980.7
700000 978.4
705000 971.6
710000 973.1
715000 970.8
720000 980.9
725000 974.2
730000 971.2
735000 976.0
740000 972.9
745000 968.1
750000 971.7
755000 973.4
760000 973.1
765000 972.4
770000 967.7
775000 975.5
780000 973.7
785000 974.3
790000 967.5
795000 976.7
800000 970.0
805000 259.5
810000 876.3
815000 965.4
820000 973.5
825000 968.2
830000 969.5
835000 969.3
840000 968.6
845000 979.3
850000 974.4
855000 973.4
860000 976.5
865000 972.6
870000 979.1
875000 973.3
880000 976.9
885000 976.3
890000 972.8
895000 977.9
900000 971.9
905000 974.1
910000 977.7
915000 968.6
920000 979.1
925000 969.2
930000 970.9
935000 968.2
940000 970.1
945000 978.9
950000 974.7
955000 977.2
960000 967.3
965000 965.8
970000 973.7
975000 940.1
980000 966.9
985000 974.7
990000 973.4
995000 972.1
1000000 970.1
1005000 973.4
1010000 978.5
1015000 968.9
1020000 976.7
1025000 973.7
1030000 976.7
1035000 973.7
1040000 966.9
1045000 977.3
1050000 968.1
1055000 974.4
1060000 969.1
1065000 973.1
1070000 978.3
1075000 978.0
1080000 971.5
1085000 976.8
1090000 974.9
1095000 974.2
1100000 968.8
1105000 979.6
1110000 983.1
1115000 970.8
1120000 974.6
1125000 742.9
1130000 866.8
1135000 972.0
1140000 973.6
1145000 967.6
1150000 973.1
1155000 971.6
1160000 970.4
1165000 906.7
1170000 969.3
1175000 973.1
1180000 980.4
1185000 976.9
1190000 974.4
1195000 976.7
1200000 975.6
1205000 968.2
1210000 971.4
1215000 975.4
1220000 975.6
1225000 981.0
1230000 975.8
1235000 970.7
1240000 974.4
1245000 974.3
1250000 974.9
1255000 975.7
1260000 970.8
1265000 973.2
1270000 972.0
1275000 972.7
1280000 972.6
1285000 526.1
1290000 961.7
1295000 967.4
1300000 927.7
1305000 974.6
1310000 964.9
1315000 973.2
1320000 881.2
1325000 966.7
1330000 978.1
1335000 975.5
1340000 970.7
1345000 975.3
1350000 974.4
1355000 978.0
1360000 979.7
1365000 980.3
1370000 969.5
1375000 982.1
1380000 979.3
1385000 971.4
1390000 972.8
1395000 970.7
1400000 973.4
1405000 981.7
1410000 970.2
1415000 977.4
1420000 969.0
1425000 972.0
1430000 969.4
1435000 975.9
1440000 976.6
1445000 99.2
1450000 968.5
1455000 976.2
1460000 867.3
1465000 969.4
1470000 964.2
1475000 978.8
1480000 971.8
1485000 968.6
1490000 975.1
1495000 976.9
1500000 975.6
1505000 967.7
1510000 974.2
1515000 970.1
1520000 970.5
1525000 973.4
1530000 976.5
1535000 875.1
1540000 971.6
1545000 975.8
1550000 885.1
1555000 975.2
1560000 973.5
1565000 970.8
1570000 975.0
1575000 972.8
1580000 980.8
1585000 968.2
1590000 973.0
1595000 956.1
1600000 974.8
1605000 544.7
1610000 808.6
1615000 971.1
1620000 875.9
1625000 978.2
1630000 973.6
1635000 877.3
1640000 878.5
1645000 977.3
1650000 976.3
1655000 685.7
1660000 978.6
1665000 974.2
1670000 976.9
1675000 970.7
1680000 970.1
1685000 974.6
1690000 976.4
1695000 972.9
1700000 967.0
1705000 973.5
1710000 970.8
1715000 970.5
1720000 970.2
1725000 973.7
1730000 982.7
1735000 978.5
1740000 978.5
1745000 971.1
1750000 978.1
1755000 970.7
1760000 967.7
1765000 961.2
1770000 972.5
1775000 967.7
1780000 971.9
1785000 973.3
1790000 780.6
1795000 967.4
1800000 970.0
1805000 972.8
1810000 969.9
1815000 978.5
1820000 985.4
1825000 981.7
1830000 968.0
1835000 970.0
1840000 977.6
1845000 978.2
1850000 968.9
1855000 882.5
1860000 971.9
1865000 878.5
1870000 977.8
1875000 880.5
1880000 970.0
1885000 878.7
1890000 971.1
1895000 976.2
1900000 972.2
1905000 966.4
1910000 875.9
1915000 973.9
1920000 975.8
1925000 685.4
1930000 978.5
1935000 979.7
1940000 973.2
1945000 976.3
1950000 979.4
1955000 974.0
1960000 980.1
1965000 969.6
1970000 972.8
1975000 974.0
1980000 971.2
1985000 969.3
1990000 970.6
1995000 977.1
2000000 973.5
