5000 5.1
10000 26.8
15000 100.0
20000 191.0
25000 98.4
30000 389.2
35000 98.7
40000 1.4
45000 187.6
50000 295.9
55000 487.3
60000 677.1
65000 767.2
70000 95.0
75000 488.6
80000 662.0
85000 665.1
90000 480.4
95000 656.7
100000 875.4
105000 770.6
110000 676.7
115000 949.6
120000 865.7
125000 771.9
130000 780.5
135000 950.5
140000 582.4
145000 770.4
150000 868.4
155000 868.4
160000 974.5
165000 953.2
170000 688.4
175000 860.2
180000 866.5
185000 833.2
190000 967.8
195000 780.3
200000 973.1
205000 972.2
210000 977.7
215000 969.8
220000 977.1
225000 880.8
230000 625.1
235000 873.7
240000 974.0
245000 980.3
250000 969.5
255000 966.5
260000 971.8
265000 978.0
270000 876.9
275000 877.7
280000 965.7
285000 975.4
290000 973.5
295000 967.0
300000 974.1
305000 875.5
310000 977.4
315000 873.2
320000 972.6
325000 872.1
330000 481.4
335000 973.1
340000 939.6
345000 969.9
350000 875.5
355000 881.4
360000 981.9
365000 961.0
370000 974.5
375000 879.7
380000 978.4
385000 880.2
390000 882.5
395000 976.6
400000 877.6
405000 975.6
410000 979.1
415000 869.9
420000 973.3
425000 975.3
430000 982.2
435000 878.3
440000 976.6
445000 971.1
450000 969.0
455000 863.9
460000 887.5
465000 983.6
470000 973.8
475000 977.4
480000 974.6
485000 685.9
490000 819.9
495000 980.3
500000 980.7
505000 971.9
510000 879.0
515000 887.5
520000 974.9
525000 978.9
530000 881.9
535000 971.9
540000 974.5
545000 980.3
550000 973.4
555000 974.3
560000 972.4
565000 980.7
570000 982.0
575000 974.5
580000 979.9
585000 980.9
590000 979.2
595000 979.2
600000 973.6
605000 978.3
610000 875.6
615000 972.7
620000 979.9
625000 973.7
630000 977.6
635000 878.0
640000 879.8
645000 775.9
650000 975.6
655000 978.0
660000 976.5
665000 977.9
670000 980.3
675000 977.9
680000 980.6
685000 973.1
690000 975.0
695000 982.0
700000 972.6
705000 980.2
710000 978.5
715000 980.2
720000 979.3
725000 981.2
730000 979.5
735000 978.9
740000 979.8
745000 978.5
750000 977.9
755000 978.6
760000 979.5
765000 979.9
770000 977.4
775000 988.2
780000 984.8
785000 889.2
790000 977.6
795000 982.8
800000 979.1
805000 527.8
810000 976.2
815000 879.1
820000 977.0
825000 977.4
830000 791.1
835000 881.3
840000 983.1
845000 979.4
850000 976.7
855000 985.9
860000 877.7
865000 974.3
870000 976.2
875000 984.0
880000 983.6
885000 981.9
890000 973.5
895000 985.1
900000 982.2
905000 975.8
910000 984.3
915000 982.3
920000 982.5
925000 984.2
930000 978.5
935000 979.3
940000 986.4
945000 972.8
950000 885.6
955000 979.4
960000 781.4
965000 773.3
970000 979.8
975000 976.0
980000 984.7
985000 980.5
990000 978.5
995000 976.3
1000000 981.0
1005000 982.5
1010000 885.6
1015000 884.4
1020000 985.7
1025000 890.3
1030000 833.5
1035000 979.4
1040000 969.5
1045000 982.5
1050000 978.5
1055000 979.7
1060000 886.6
1065000 971.0
1070000 971.4
1075000 984.8
1080000 979.3
1085000 981.7
1090000 976.6
1095000 979.6
1100000 985.4
1105000 981.0
1110000 976.8
1115000 976.1
1120000 884.0
1125000 231.8
1130000 937.0
1135000 974.1
1140000 952.3
1145000 958.3
1150000 983.8
1155000 781.0
1160000 977.7
1165000 890.3
1170000 957.6
1175000 977.0
1180000 786.6
1185000 979.3
1190000 976.9
1195000 976.2
1200000 976.2
1205000 885.9
1210000 881.8
1215000 981.9
1220000 981.9
1225000 983.4
1230000 978.9
1235000 981.7
1240000 883.4
1245000 930.8
1250000 977.2
1255000 984.1
1260000 981.7
1265000 981.3
1270000 975.9
1275000 790.8
1280000 980.2
1285000 775.0
1290000 977.2
1295000 975.3
1300000 882.9
1305000 980.1
1310000 782.6
1315000 882.5
1320000 883.6
1325000 977.8
1330000 981.9
1335000 978.3
1340000 983.9
1345000 984.2
1350000 978.9
1355000 987.0
1360000 979.9
1365000 981.2
1370000 981.8
1375000 887.3
1380000 982.8
1385000 971.8
1390000 981.0
1395000 979.1
1400000 982.5
1405000 980.1
1410000 977.3
1415000 983.0
1420000 980.8
1425000 975.0
1430000 983.7
1435000 980.6
1440000 980.9
1445000 684.1
1450000 683.7
1455000 979.5
1460000 979.7
1465000 929.7
1470000 896.4
1475000 977.9
1480000 880.6
1485000 979.5
1490000 985.2
1495000 978.0
1500000 982.3
1505000 976.2
1510000 979.2
1515000 982.3
1520000 976.2
1525000 979.2
1530000 966.7
1535000 982.1
1540000 976.7
1545000 982.9
1550000 978.5
1555000 978.9
1560000 980.7
1565000 981.8
1570000 984.2
1575000 882.0
1580000 979.0
1585000 981.5
1590000 982.0
1595000 976.5
1600000 981.0
1605000 767.2
1610000 780.3
1615000 979.6
1620000 887.1
1625000 944.5
1630000 880.7
1635000 981.4
1640000 967.2
1645000 880.3
1650000 979.5
1655000 975.8
1660000 984.2
1665000 970.6
1670000 983.9
1675000 983.9
1680000 883.7
1685000 985.4
1690000 972.7
1695000 982.6
1700000 975.1
1705000 881.3
1710000 977.1
1715000 908.0
1720000 982.7
1725000 985.6
1730000 977.9
1735000 979.9
1740000 975.6
1745000 977.3
1750000 977.4
1755000 977.4
1760000 979.5
1765000 522.7
1770000 973.5
1775000 787.4
1780000 786.4
1785000 901.2
1790000 980.3
1795000 981.1
1800000 984.6
1805000 943.5
1810000 979.0
1815000 981.9
1820000 980.4
1825000 902.2
1830000 983.6
1835000 984.4
1840000 965.5
1845000 881.7
1850000 984.6
1855000 979.8
1860000 906.5
1865000 982.7
1870000 883.3
1875000 977.0
1880000 851.5
1885000 980.8
1890000 979.5
1895000 979.7
1900000 884.8
1905000 978.9
1910000 974.8
1915000 978.8
1920000 976.9
1925000 978.0
1930000 883.4
1935000 980.9
1940000 963.6
1945000 981.6
1950000 887.5
1955000 985.8
1960000 975.9
1965000 982.6
1970000 976.3
1975000 980.7
1980000 984.7
1985000 984.1
1990000 983.3
1995000 986.8
2000000 980.0
