5000 2.5
10000 0.0
15000 97.8
20000 96.3
25000 581.0
30000 286.8
35000 665.2
40000 958.7
45000 675.5
50000 957.3
55000 758.0
60000 768.7
65000 864.8
70000 763.1
75000 762.6
80000 773.6
85000 956.9
90000 481.6
95000 769.6
100000 872.2
105000 767.0
110000 864.3
115000 679.4
120000 670.7
125000 958.9
130000 767.7
135000 875.8
140000 868.3
145000 916.0
150000 857.7
155000 884.2
160000 962.0
165000 100.8
170000 870.1
175000 777.7
180000 869.8
185000 965.5
190000 867.0
195000 965.4
200000 961.8
205000 964.1
210000 768.1
215000 873.9
220000 874.8
225000 959.8
230000 875.4
235000 771.9
240000 944.8
245000 962.6
250000 870.0
255000 965.7
260000 968.5
265000 866.5
270000 876.0
275000 868.1
280000 972.7
285000 777.0
290000 967.0
295000 871.8
300000 780.4
305000 777.8
310000 974.7
315000 777.6
320000 973.1
325000 616.8
330000 776.7
335000 975.8
340000 779.6
345000 878.6
350000 927.0
355000 965.5
360000 978.0
365000 780.2
370000 970.7
375000 879.7
380000 973.9
385000 973.1
390000 975.5
395000 874.7
400000 974.3
405000 971.6
410000 972.7
415000 978.9
420000 972.0
425000 875.0
430000 977.3
435000 973.7
440000 973.1
445000 974.9
450000 972.1
455000 975.5
460000 975.9
465000 874.6
470000 972.7
475000 878.5
480000 969.1
485000 78.4
490000 683.5
495000 675.7
500000 874.7
505000 970.4
510000 889.5
515000 780.8
520000 874.2
525000 881.1
530000 980.7
535000 981.9
540000 782.0
545000 975.9
550000 880.8
555000 876.8
560000 884.3
565000 975.8
570000 965.0
575000 978.2
580000 881.3
585000 981.0
590000 883.2
595000 983.5
600000 979.6
605000 975.8
610000 974.1
615000 977.8
620000 984.6
625000 984.5
630000 979.6
635000 884.7
640000 778.7
645000 400.2
650000 581.1
655000 970.0
660000 976.4
665000 882.6
670000 979.1
675000 977.4
680000 981.2
685000 978.4
690000 686.7
695000 980.0
700000 881.7
705000 978.2
710000 946.3
715000 980.3
720000 975.2
725000 980.0
730000 888.2
735000 978.3
740000 884.1
745000 974.9
750000 979.2
755000 982.1
760000 975.8
765000 979.0
770000 982.0
775000 976.9
780000 977.0
785000 973.8
790000 979.6
795000 971.3
800000 974.9
805000 501.1
810000 771.9
815000 861.5
820000 970.0
825000 984.2
830000 879.9
835000 882.2
840000 976.0
845000 942.4
850000 810.6
855000 977.8
860000 979.6
865000 976.1
870000 980.1
875000 983.3
880000 978.2
885000 982.2
890000 983.2
895000 979.5
900000 788.7
905000 974.2
910000 981.4
915000 980.8
920000 980.3
925000 972.7
930000 870.1
935000 877.3
940000 974.8
945000 878.3
950000 978.5
955000 985.0
960000 884.6
965000 729.2
970000 770.8
975000 732.8
980000 975.5
985000 978.7
990000 984.5
995000 886.7
1000000 978.3
1005000 881.2
1010000 979.6
1015000 980.6
1020000 885.7
1025000 980.7
1030000 984.6
1035000 889.0
1040000 983.2
1045000 881.2
1050000 884.5
1055000 882.0
1060000 979.6
1065000 975.5
1070000 976.8
1075000 973.7
1080000 979.4
1085000 781.5
1090000 980.4
1095000 980.9
1100000 883.0
1105000 982.1
1110000 978.0
1115000 887.2
1120000 980.9
1125000 948.2
1130000 971.9
1135000 869.3
1140000 975.3
1145000 978.7
1150000 959.7
1155000 977.6
1160000 884.2
1165000 881.4
1170000 981.4
1175000 875.2
1180000 886.2
1185000 984.5
1190000 980.9
1195000 915.8
1200000 980.3
1205000 812.8
1210000 981.7
1215000 982.0
1220000 980.2
1225000 984.8
1230000 981.3
1235000 981.0
1240000 977.2
1245000 974.2
1250000 983.4
1255000 872.5
1260000 885.7
1265000 939.1
1270000 986.5
1275000 978.6
1280000 985.2
1285000 870.2
1290000 833.2
1295000 878.1
1300000 982.8
1305000 981.6
1310000 970.3
1315000 975.5
1320000 975.3
1325000 982.1
1330000 984.3
1335000 980.5
1340000 887.3
1345000 984.9
1350000 976.9
1355000 983.3
1360000 979.3
1365000 977.6
1370000 981.6
1375000 980.9
1380000 978.1
1385000 880.9
1390000 984.6
1395000 978.0
1400000 982.5
1405000 879.6
1410000 980.2
1415000 979.2
1420000 978.5
1425000 981.7
1430000 975.6
1435000 984.0
1440000 935.2
1445000 679.7
1450000 961.5
1455000 976.7
1460000 977.8
1465000 883.5
1470000 984.2
1475000 981.9
1480000 877.6
1485000 980.3
1490000 980.9
1495000 975.4
1500000 981.3
1505000 980.6
1510000 984.2
1515000 981.1
1520000 980.7
1525000 980.2
1530000 882.1
1535000 980.8
1540000 884.9
1545000 982.1
1550000 978.2
1555000 978.0
1560000 980.6
1565000 980.7
1570000 983.5
1575000 981.9
1580000 980.9
1585000 973.8
1590000 982.2
1595000 981.9
1600000 979.9
1605000 688.9
1610000 883.3
1615000 926.9
1620000 978.5
1625000 886.1
1630000 885.1
1635000 882.5
1640000 981.5
1645000 980.7
1650000 977.7
1655000 878.3
1660000 970.8
1665000 981.4
1670000 977.4
1675000 978.4
1680000 975.2
1685000 883.3
1690000 885.9
1695000 984.1
1700000 983.6
1705000 978.9
1710000 876.8
1715000 978.0
1720000 887.3
1725000 974.3
1730000 981.4
1735000 986.1
1740000 983.3
1745000 978.9
1750000 982.6
1755000 985.3
1760000 979.2
1765000 384.7
1770000 786.1
1775000 959.2
1780000 873.6
1785000 952.9
1790000 974.9
1795000 976.3
1800000 787.1
1805000 986.6
1810000 979.2
1815000 980.4
1820000 980.7
1825000 790.1
1830000 987.7
1835000 878.9
1840000 885.6
1845000 977.2
1850000 980.7
1855000 978.6
1860000 984.0
1865000 978.7
1870000 844.5
1875000 980.0
1880000 983.1
1885000 886.2
1890000 984.2
1895000 984.5
1900000 879.0
1905000 979.0
1910000 883.5
1915000 985.3
1920000 978.6
1925000 982.4
1930000 980.5
1935000 977.7
1940000 979.8
1945000 985.0
1950000 981.3
1955000 979.9
1960000 981.0
1965000 984.1
1970000 979.6
1975000 982.9
1980000 984.5
1985000 980.4
1990000 980.1
1995000 978.6
2000000 982.6
