5000 114.7
10000 52.5
15000 376.8
20000 861.8
25000 766.1
30000 776.3
35000 889.5
40000 694.6
45000 1.2
50000 97.5
55000 202.8
60000 286.2
65000 289.7
70000 94.1
75000 274.7
80000 1.6
85000 685.1
90000 886.0
95000 880.0
100000 885.1
105000 783.9
110000 979.0
115000 891.0
120000 789.4
125000 784.1
130000 881.9
135000 883.7
140000 974.8
145000 982.7
150000 883.4
155000 967.7
160000 984.0
165000 979.0
170000 967.3
175000 975.5
180000 977.3
185000 961.9
190000 984.9
195000 876.2
200000 880.2
205000 981.5
210000 976.1
215000 951.7
220000 788.9
225000 992.1
230000 980.9
235000 976.6
240000 980.0
245000 975.4
250000 789.9
255000 978.7
260000 980.1
265000 982.8
270000 981.9
275000 978.7
280000 974.4
285000 981.3
290000 979.3
295000 890.0
300000 980.2
305000 978.3
310000 982.9
315000 986.7
320000 986.0
325000 859.0
330000 884.0
335000 818.1
340000 882.4
345000 976.9
350000 981.4
355000 979.8
360000 980.3
365000 947.6
370000 976.8
375000 981.4
380000 986.4
385000 986.7
390000 982.5
395000 975.3
400000 977.3
405000 970.9
410000 984.0
415000 981.4
420000 884.1
425000 901.5
430000 985.9
435000 903.7
440000 982.7
445000 980.8
450000 985.2
455000 987.9
460000 984.1
465000 987.1
470000 988.3
475000 984.6
480000 939.5
485000 988.2
490000 977.8
495000 973.5
500000 894.3
505000 982.4
510000 786.6
515000 879.5
520000 977.1
525000 979.4
530000 985.0
535000 985.0
540000 982.0
545000 980.8
550000 781.2
555000 983.7
560000 987.7
565000 985.8
570000 991.8
575000 985.5
580000 978.2
585000 983.8
590000 985.7
595000 890.3
600000 983.4
605000 986.4
610000 883.0
615000 985.8
620000 984.6
625000 984.4
630000 982.0
635000 888.2
640000 984.5
645000 986.5
650000 987.0
655000 985.3
660000 982.7
665000 983.9
670000 976.8
675000 983.1
680000 984.1
685000 980.7
690000 984.2
695000 987.9
700000 988.2
705000 884.6
710000 984.6
715000 983.4
720000 981.5
725000 881.5
730000 983.2
735000 978.5
740000 985.9
745000 985.7
750000 978.4
755000 979.6
760000 986.0
765000 984.2
770000 955.3
775000 894.0
780000 983.9
785000 985.2
790000 985.9
795000 983.4
800000 986.1
805000 885.4
810000 988.4
815000 883.5
820000 983.0
825000 984.7
830000 975.7
835000 881.8
840000 983.8
845000 985.4
850000 987.1
855000 887.5
860000 982.9
865000 878.7
870000 982.3
875000 983.7
880000 989.4
885000 876.1
890000 984.1
895000 900.8
900000 789.7
905000 987.7
910000 989.7
915000 984.2
920000 982.9
925000 982.2
930000 983.4
935000 979.0
940000 987.3
945000 987.5
950000 987.3
955000 984.5
960000 985.6
965000 986.3
970000 981.1
975000 985.3
980000 886.8
985000 889.2
990000 981.2
995000 985.2
1000000 990.3
1005000 985.6
1010000 973.6
1015000 982.4
1020000 983.1
1025000 884.0
1030000 985.1
1035000 985.3
1040000 891.5
1045000 974.2
1050000 984.8
1055000 875.4
1060000 893.8
1065000 985.4
1070000 795.5
1075000 985.4
1080000 971.3
1085000 985.6
1090000 985.3
1095000 983.3
1100000 985.4
1105000 879.4
1110000 982.6
1115000 982.2
1120000 934.0
1125000 730.7
1130000 842.6
1135000 989.2
1140000 981.4
1145000 982.3
1150000 889.4
1155000 975.4
1160000 980.4
1165000 806.5
1170000 972.1
1175000 984.3
1180000 888.1
1185000 981.6
1190000 983.9
1195000 980.8
1200000 983.0
1205000 755.5
1210000 790.5
1215000 975.6
1220000 888.3
1225000 985.1
1230000 983.9
1235000 984.8
1240000 891.6
1245000 887.4
1250000 790.7
1255000 892.8
1260000 985.2
1265000 884.8
1270000 990.9
1275000 982.4
1280000 985.6
1285000 871.4
1290000 884.7
1295000 882.8
1300000 885.2
1305000 979.7
1310000 985.7
1315000 882.1
1320000 964.9
1325000 884.5
1330000 980.4
1335000 976.4
1340000 949.5
1345000 987.3
1350000 937.3
1355000 983.0
1360000 788.1
1365000 979.6
1370000 792.2
1375000 788.4
1380000 830.7
1385000 950.8
1390000 831.9
1395000 983.2
1400000 887.4
1405000 984.8
1410000 972.0
1415000 990.4
1420000 883.5
1425000 982.0
1430000 788.3
1435000 985.8
1440000 885.1
1445000 879.6
1450000 794.0
1455000 981.7
1460000 988.3
1465000 942.9
1470000 991.5
1475000 983.5
1480000 888.8
1485000 986.9
1490000 983.9
1495000 983.9
1500000 883.8
1505000 985.8
1510000 982.9
1515000 981.5
1520000 984.4
1525000 978.5
1530000 984.4
1535000 982.6
1540000 979.0
1545000 977.2
1550000 886.9
1555000 674.8
1560000 790.0
1565000 883.4
1570000 984.9
1575000 887.6
1580000 982.3
1585000 977.5
1590000 977.6
1595000 987.8
1600000 792.2
1605000 976.1
1610000 978.0
1615000 987.9
1620000 979.1
1625000 982.1
1630000 983.0
1635000 985.5
1640000 887.4
1645000 884.4
1650000 985.5
1655000 887.2
1660000 977.8
1665000 890.0
1670000 973.7
1675000 986.9
1680000 981.8
1685000 982.3
1690000 870.6
1695000 786.4
1700000 867.9
1705000 982.5
1710000 877.8
1715000 988.0
1720000 986.2
1725000 981.4
1730000 985.4
1735000 981.9
1740000 981.5
1745000 888.2
1750000 986.1
1755000 983.1
1760000 986.9
1765000 879.3
1770000 978.2
1775000 989.9
1780000 879.8
1785000 980.7
1790000 985.8
1795000 981.8
1800000 983.4
1805000 948.9
1810000 792.5
1815000 982.6
1820000 981.0
1825000 981.7
1830000 984.4
1835000 791.2
1840000 980.9
1845000 978.1
1850000 925.9
1855000 983.1
1860000 966.9
1865000 886.3
1870000 982.2
1875000 988.3
1880000 891.4
1885000 984.0
1890000 985.1
1895000 976.1
1900000 984.1
1905000 893.8
1910000 989.7
1915000 976.2
1920000 953.0
1925000 968.6
1930000 869.2
1935000 891.4
1940000 981.6
1945000 983.6
1950000 984.9
1955000 982.9
1960000 981.4
1965000 988.8
1970000 974.9
1975000 986.8
1980000 984.2
1985000 985.8
1990000 981.3
1995000 977.0
2000000 983.9
