5000 58.3
10000 21.7
15000 390.3
20000 565.0
25000 519.8
30000 643.8
35000 974.0
40000 971.4
45000 773.9
50000 969.4
55000 878.3
60000 935.1
65000 971.6
70000 877.3
75000 873.9
80000 972.8
85000 973.9
90000 972.8
95000 871.3
100000 974.6
105000 890.1
110000 976.8
115000 776.7
120000 965.9
125000 973.0
130000 965.8
135000 974.8
140000 880.4
145000 861.0
150000 930.0
155000 793.0
160000 465.3
165000 828.3
170000 775.9
175000 977.7
180000 980.6
185000 763.6
190000 981.3
195000 970.8
200000 758.2
205000 969.2
210000 980.5
215000 969.1
220000 966.0
225000 877.7
230000 981.4
235000 876.9
240000 821.0
245000 627.4
250000 679.8
255000 901.7
260000 950.1
265000 876.6
270000 981.8
275000 976.5
280000 975.0
285000 980.6
290000 976.7
295000 878.3
300000 970.9
305000 969.9
310000 884.7
315000 975.3
320000 972.6
325000 838.3
330000 969.2
335000 974.4
340000 977.1
345000 977.9
350000 981.4
355000 971.8
360000 977.8
365000 979.8
370000 979.4
375000 879.5
380000 976.9
385000 782.3
390000 984.3
395000 973.4
400000 980.9
405000 783.1
410000 974.6
415000 881.4
420000 912.0
425000 879.8
430000 971.6
435000 972.6
440000 969.9
445000 979.3
450000 970.9
455000 974.8
460000 984.4
465000 982.1
470000 977.1
475000 974.8
480000 976.8
485000 690.1
490000 859.3
495000 856.4
500000 884.3
505000 876.3
510000 973.7
515000 979.1
520000 975.3
525000 983.5
530000 885.3
535000 884.3
540000 979.0
545000 785.9
550000 886.4
555000 879.8
560000 882.8
565000 963.8
570000 787.8
575000 931.6
580000 785.3
585000 978.7
590000 787.7
595000 985.0
600000 979.7
605000 978.7
610000 984.8
615000 984.8
620000 990.2
625000 583.6
630000 885.9
635000 986.7
640000 984.9
645000 973.0
650000 834.3
655000 812.6
660000 885.1
665000 948.5
670000 981.3
675000 937.6
680000 978.4
685000 986.3
690000 982.5
695000 979.6
700000 888.5
705000 981.3
710000 788.3
715000 881.0
720000 888.2
725000 876.4
730000 982.0
735000 980.6
740000 979.6
745000 889.3
750000 987.2
755000 978.5
760000 985.5
765000 986.0
770000 885.1
775000 791.3
780000 983.6
785000 979.6
790000 890.0
795000 987.0
800000 986.1
805000 934.0
810000 982.3
815000 892.8
820000 985.5
825000 982.6
830000 987.1
835000 986.6
840000 987.4
845000 983.4
850000 983.4
855000 987.8
860000 984.9
865000 985.6
870000 980.8
875000 984.0
880000 979.7
885000 880.9
890000 811.9
895000 984.9
900000 985.4
905000 986.4
910000 986.4
915000 983.4
920000 984.8
925000 987.9
930000 982.1
935000 985.9
940000 885.1
945000 980.3
950000 892.3
955000 986.8
960000 988.9
965000 850.2
970000 904.2
975000 977.5
980000 879.6
985000 985.7
990000 889.0
995000 989.5
1000000 984.2
1005000 881.0
1010000 984.2
1015000 985.1
1020000 884.7
1025000 887.9
1030000 980.0
1035000 884.5
1040000 978.4
1045000 979.1
1050000 989.8
1055000 985.2
1060000 981.4
1065000 981.5
1070000 979.1
1075000 987.8
1080000 983.3
1085000 982.9
1090000 986.8
1095000 888.9
1100000 983.0
1105000 883.2
1110000 987.8
1115000 988.7
1120000 990.6
1125000 881.4
1130000 979.1
1135000 988.7
1140000 980.7
1145000 982.5
1150000 984.2
1155000 981.5
1160000 928.4
1165000 819.4
1170000 695.4
1175000 987.0
1180000 888.9
1185000 989.4
1190000 984.1
1195000 986.5
1200000 890.1
1205000 875.5
1210000 884.4
1215000 982.8
1220000 889.6
1225000 985.6
1230000 986.0
1235000 981.1
1240000 985.6
1245000 988.5
1250000 890.5
1255000 985.6
1260000 887.7
1265000 980.8
1270000 965.7
1275000 935.1
1280000 987.5
1285000 766.9
1290000 980.4
1295000 885.2
1300000 982.7
1305000 982.1
1310000 988.4
1315000 981.3
1320000 981.8
1325000 940.7
1330000 983.7
1335000 983.0
1340000 984.8
1345000 980.5
1350000 889.8
1355000 983.5
1360000 890.4
1365000 876.5
1370000 982.3
1375000 977.5
1380000 982.9
1385000 981.0
1390000 983.8
1395000 982.5
1400000 986.4
1405000 982.7
1410000 985.2
1415000 988.1
1420000 980.7
1425000 983.9
1430000 982.4
1435000 985.2
1440000 986.5
1445000 876.7
1450000 883.5
1455000 980.6
1460000 989.8
1465000 982.1
1470000 983.3
1475000 987.9
1480000 922.9
1485000 969.8
1490000 985.2
1495000 985.2
1500000 956.9
1505000 988.1
1510000 984.6
1515000 987.0
1520000 988.8
1525000 785.6
1530000 978.2
1535000 986.1
1540000 985.5
1545000 991.3
1550000 954.0
1555000 789.3
1560000 985.4
1565000 984.0
1570000 887.8
1575000 984.5
1580000 890.0
1585000 984.5
1590000 984.2
1595000 984.2
1600000 975.5
1605000 947.4
1610000 883.2
1615000 984.4
1620000 990.0
1625000 981.5
1630000 986.5
1635000 984.1
1640000 928.6
1645000 985.6
1650000 983.5
1655000 946.1
1660000 982.9
1665000 987.1
1670000 989.0
1675000 888.6
1680000 983.6
1685000 973.4
1690000 983.2
1695000 983.7
1700000 895.7
1705000 985.7
1710000 978.8
1715000 970.4
1720000 986.1
1725000 984.3
1730000 981.0
1735000 791.8
1740000 984.0
1745000 981.4
1750000 981.8
1755000 985.9
1760000 983.7
1765000 947.7
1770000 882.8
1775000 919.1
1780000 888.6
1785000 990.1
1790000 811.3
1795000 983.2
1800000 859.8
1805000 839.3
1810000 979.7
1815000 986.8
1820000 989.1
1825000 983.3
1830000 788.7
1835000 982.2
1840000 981.9
1845000 866.4
1850000 891.4
1855000 788.9
1860000 983.7
1865000 760.8
1870000 889.2
1875000 979.9
1880000 984.8
1885000 892.6
1890000 985.5
1895000 887.6
1900000 884.6
1905000 892.0
1910000 891.2
1915000 889.4
1920000 890.9
1925000 972.8
1930000 901.1
1935000 985.0
1940000 990.5
1945000 984.3
1950000 986.1
1955000 984.2
1960000 982.1
1965000 982.2
1970000 852.1
1975000 885.3
1980000 982.6
1985000 888.2
1990000 878.9
1995000 988.8
2000000 936.7
