5000 127.5
10000 16.9
15000 393.2
20000 573.8
25000 715.5
30000 970.4
35000 873.4
40000 781.4
45000 851.8
50000 877.8
55000 635.0
60000 913.0
65000 950.8
70000 966.2
75000 967.3
80000 878.2
85000 639.7
90000 875.4
95000 926.7
100000 976.6
105000 957.0
110000 980.4
115000 788.9
120000 879.0
125000 982.8
130000 881.4
135000 785.9
140000 979.8
145000 880.4
150000 965.0
155000 884.8
160000 979.3
165000 742.9
170000 978.7
175000 969.0
180000 749.9
185000 879.6
190000 942.8
195000 876.3
200000 827.0
205000 891.2
210000 964.9
215000 783.0
220000 731.8
225000 954.9
230000 783.4
235000 889.8
240000 783.6
245000 865.9
250000 981.4
255000 984.9
260000 977.6
265000 985.9
270000 794.4
275000 883.6
280000 983.5
285000 852.0
290000 786.5
295000 879.5
300000 894.1
305000 981.3
310000 991.7
315000 981.2
320000 976.1
325000 877.3
330000 981.8
335000 964.4
340000 976.6
345000 968.6
350000 784.2
355000 892.4
360000 982.3
365000 884.8
370000 970.5
375000 979.3
380000 880.9
385000 835.3
390000 795.5
395000 879.5
400000 985.6
405000 917.7
410000 986.9
415000 982.5
420000 982.3
425000 989.5
430000 981.7
435000 888.7
440000 784.4
445000 885.6
450000 892.7
455000 982.1
460000 990.0
465000 981.4
470000 985.4
475000 976.8
480000 890.5
485000 975.1
490000 939.3
495000 984.1
500000 981.6
505000 980.5
510000 884.6
515000 984.5
520000 985.2
525000 942.4
530000 987.4
535000 983.9
540000 889.5
545000 985.8
550000 980.4
555000 985.1
560000 980.7
565000 922.5
570000 986.1
575000 919.7
580000 984.3
585000 889.2
590000 983.1
595000 961.2
600000 976.2
605000 979.3
610000 983.1
615000 989.3
620000 936.0
625000 978.0
630000 984.9
635000 985.4
640000 983.1
645000 875.1
650000 879.2
655000 983.2
660000 988.4
665000 980.2
670000 985.1
675000 883.0
680000 978.8
685000 987.2
690000 991.7
695000 984.4
700000 885.6
705000 797.3
710000 981.3
715000 978.2
720000 982.9
725000 972.5
730000 980.8
735000 978.0
740000 987.1
745000 973.7
750000 984.7
755000 981.3
760000 979.6
765000 984.2
770000 781.4
775000 897.0
780000 986.0
785000 892.1
790000 970.4
795000 989.1
800000 990.9
805000 978.6
810000 988.4
815000 982.3
820000 981.4
825000 981.5
830000 901.4
835000 969.7
840000 981.0
845000 950.8
850000 991.9
855000 985.3
860000 889.3
865000 885.6
870000 988.3
875000 981.0
880000 983.7
885000 874.3
890000 883.3
895000 983.4
900000 893.2
905000 984.0
910000 987.8
915000 987.0
920000 973.0
925000 984.4
930000 983.9
935000 982.6
940000 860.2
945000 992.4
950000 984.5
955000 987.6
960000 985.6
965000 743.8
970000 890.4
975000 984.0
980000 956.1
985000 979.8
990000 981.1
995000 978.9
1000000 982.4
1005000 889.3
1010000 987.2
1015000 977.8
1020000 887.0
1025000 989.3
1030000 983.1
1035000 979.7
1040000 983.1
1045000 783.8
1050000 962.9
1055000 986.2
1060000 985.3
1065000 987.1
1070000 895.5
1075000 699.3
1080000 978.4
1085000 883.9
1090000 958.4
1095000 988.4
1100000 978.6
1105000 983.6
1110000 989.7
1115000 879.9
1120000 984.1
1125000 884.4
1130000 843.2
1135000 886.0
1140000 793.1
1145000 983.2
1150000 987.1
1155000 788.7
1160000 982.3
1165000 883.3
1170000 901.7
1175000 986.7
1180000 889.5
1185000 982.5
1190000 983.7
1195000 982.2
1200000 983.1
1205000 882.8
1210000 891.3
1215000 884.2
1220000 906.5
1225000 919.6
1230000 985.1
1235000 981.9
1240000 986.4
1245000 983.5
1250000 885.4
1255000 986.2
1260000 983.0
1265000 919.3
1270000 886.4
1275000 989.2
1280000 983.9
1285000 786.1
1290000 987.6
1295000 885.7
1300000 886.9
1305000 980.0
1310000 886.9
1315000 985.4
1320000 987.7
1325000 984.3
1330000 985.1
1335000 982.7
1340000 984.9
1345000 982.0
1350000 887.3
1355000 988.5
1360000 889.2
1365000 979.0
1370000 984.6
1375000 990.0
1380000 986.9
1385000 980.9
1390000 786.7
1395000 989.9
1400000 982.0
1405000 986.4
1410000 985.9
1415000 989.1
1420000 979.2
1425000 982.9
1430000 982.2
1435000 981.4
1440000 795.4
1445000 980.0
1450000 986.3
1455000 986.9
1460000 977.6
1465000 985.8
1470000 836.5
1475000 892.4
1480000 987.6
1485000 892.7
1490000 985.5
1495000 983.7
1500000 985.3
1505000 980.2
1510000 987.0
1515000 983.0
1520000 891.2
1525000 976.7
1530000 984.8
1535000 984.2
1540000 888.3
1545000 983.7
1550000 985.8
1555000 979.2
1560000 987.1
1565000 965.7
1570000 982.7
1575000 981.0
1580000 850.6
1585000 985.1
1590000 983.7
1595000 982.3
1600000 982.8
1605000 883.7
1610000 975.2
1615000 951.6
1620000 746.2
1625000 985.2
1630000 895.1
1635000 986.6
1640000 891.3
1645000 889.6
1650000 979.6
1655000 984.7
1660000 987.5
1665000 978.8
1670000 988.0
1675000 987.2
1680000 986.6
1685000 978.5
1690000 982.1
1695000 986.4
1700000 982.8
1705000 967.5
1710000 982.8
1715000 986.8
1720000 986.6
1725000 977.0
1730000 887.6
1735000 953.6
1740000 980.8
1745000 985.8
1750000 944.2
1755000 922.4
1760000 987.8
1765000 984.6
1770000 980.8
1775000 987.7
1780000 891.0
1785000 988.5
1790000 884.3
1795000 986.8
1800000 883.3
1805000 982.4
1810000 985.5
1815000 985.3
1820000 991.6
1825000 989.2
1830000 957.8
1835000 987.6
1840000 890.1
1845000 972.7
1850000 987.1
1855000 982.9
1860000 983.1
1865000 982.1
1870000 982.8
1875000 978.9
1880000 979.8
1885000 984.6
1890000 982.3
1895000 985.8
1900000 985.8
1905000 986.1
1910000 982.6
1915000 982.3
1920000 983.9
1925000 988.6
1930000 981.6
1935000 986.9
1940000 988.1
1945000 985.4
1950000 983.8
1955000 982.9
1960000 987.9
1965000 981.1
1970000 982.7
1975000 894.9
1980000 969.1
1985000 979.0
1990000 981.3
1995000 991.8
2000000 986.6
