5000 169.8
10000 123.4
15000 579.7
20000 580.2
25000 658.3
30000 875.0
35000 783.5
40000 754.9
45000 481.3
50000 875.8
55000 668.8
60000 973.3
65000 966.1
70000 682.1
75000 883.4
80000 771.7
85000 868.0
90000 975.9
95000 679.0
100000 791.3
105000 879.1
110000 969.2
115000 882.5
120000 773.2
125000 881.2
130000 778.2
135000 966.7
140000 978.3
145000 782.3
150000 780.1
155000 875.9
160000 886.6
165000 669.8
170000 622.7
175000 684.7
180000 976.4
185000 978.0
190000 877.7
195000 885.7
200000 981.3
205000 982.2
210000 986.0
215000 972.8
220000 986.5
225000 980.6
230000 985.4
235000 984.0
240000 982.1
245000 846.2
250000 849.3
255000 873.6
260000 976.7
265000 791.8
270000 985.7
275000 886.8
280000 978.4
285000 801.4
290000 881.2
295000 973.9
300000 984.2
305000 977.5
310000 985.7
315000 977.5
320000 982.1
325000 981.6
330000 978.5
335000 982.9
340000 973.8
345000 982.2
350000 881.1
355000 883.6
360000 986.4
365000 984.8
370000 984.3
375000 985.5
380000 985.9
385000 889.6
390000 983.9
395000 982.7
400000 979.8
405000 974.0
410000 980.7
415000 970.9
420000 878.9
425000 787.4
430000 985.0
435000 983.1
440000 984.9
445000 978.7
450000 902.2
455000 983.8
460000 888.3
465000 987.3
470000 982.8
475000 981.0
480000 983.3
485000 887.8
490000 986.7
495000 990.1
500000 886.9
505000 980.9
510000 979.9
515000 886.3
520000 984.3
525000 987.5
530000 986.1
535000 980.9
540000 979.9
545000 883.8
550000 786.3
555000 981.1
560000 985.3
565000 986.3
570000 981.2
575000 977.5
580000 984.9
585000 990.2
590000 985.2
595000 971.7
600000 984.6
605000 985.7
610000 697.5
615000 985.5
620000 984.3
625000 985.0
630000 982.3
635000 888.1
640000 981.0
645000 980.0
650000 970.6
655000 984.2
660000 983.3
665000 981.2
670000 892.2
675000 985.7
680000 987.3
685000 969.7
690000 981.2
695000 888.9
700000 979.9
705000 989.1
710000 907.9
715000 985.3
720000 986.2
725000 934.0
730000 894.5
735000 982.3
740000 968.5
745000 980.3
750000 949.4
755000 885.0
760000 883.8
765000 980.6
770000 979.8
775000 992.6
780000 987.5
785000 987.9
790000 985.9
795000 987.1
800000 888.8
805000 980.7
810000 981.7
815000 977.8
820000 984.8
825000 888.9
830000 985.4
835000 984.6
840000 988.4
845000 985.2
850000 983.9
855000 990.1
860000 983.8
865000 978.9
870000 699.0
875000 988.3
880000 986.3
885000 972.5
890000 974.7
895000 989.8
900000 920.6
905000 983.9
910000 988.9
915000 987.8
920000 983.7
925000 987.7
930000 981.8
935000 981.2
940000 989.0
945000 980.3
950000 987.0
955000 887.4
960000 983.6
965000 883.6
970000 985.9
975000 980.5
980000 988.9
985000 982.4
990000 937.2
995000 981.3
1000000 983.7
1005000 986.5
1010000 987.5
1015000 984.7
1020000 892.5
1025000 990.6
1030000 982.3
1035000 983.0
1040000 985.4
1045000 864.3
1050000 883.4
1055000 948.3
1060000 985.0
1065000 978.8
1070000 879.8
1075000 985.8
1080000 982.1
1085000 984.6
1090000 790.9
1095000 987.1
1100000 981.7
1105000 981.3
1110000 825.0
1115000 979.5
1120000 891.8
1125000 880.5
1130000 889.1
1135000 981.7
1140000 984.0
1145000 989.6
1150000 891.0
1155000 975.2
1160000 918.8
1165000 988.2
1170000 887.2
1175000 986.0
1180000 980.7
1185000 957.8
1190000 984.1
1195000 943.1
1200000 868.2
1205000 871.2
1210000 881.1
1215000 886.3
1220000 985.8
1225000 977.5
1230000 979.8
1235000 870.5
1240000 984.9
1245000 978.7
1250000 855.2
1255000 987.1
1260000 984.5
1265000 985.8
1270000 978.4
1275000 887.7
1280000 947.0
1285000 878.4
1290000 835.1
1295000 881.2
1300000 955.2
1305000 886.7
1310000 981.8
1315000 885.4
1320000 984.2
1325000 971.7
1330000 887.4
1335000 986.5
1340000 988.3
1345000 988.4
1350000 982.4
1355000 984.5
1360000 989.2
1365000 973.4
1370000 979.4
1375000 952.7
1380000 696.1
1385000 978.8
1390000 978.9
1395000 982.0
1400000 960.7
1405000 886.4
1410000 885.3
1415000 986.6
1420000 986.9
1425000 981.5
1430000 986.4
1435000 891.0
1440000 983.1
1445000 931.5
1450000 982.5
1455000 740.9
1460000 986.9
1465000 985.9
1470000 982.9
1475000 887.8
1480000 982.2
1485000 983.2
1490000 986.4
1495000 830.5
1500000 793.1
1505000 980.4
1510000 888.3
1515000 985.2
1520000 977.9
1525000 969.8
1530000 682.5
1535000 32.0
1540000 288.3
1545000 296.8
1550000 392.4
1555000 583.9
1560000 882.6
1565000 882.0
1570000 987.2
1575000 885.4
1580000 983.8
1585000 885.0
1590000 883.0
1595000 979.1
1600000 887.7
1605000 979.1
1610000 984.7
1615000 888.3
1620000 981.3
1625000 990.4
1630000 980.0
1635000 985.4
1640000 965.9
1645000 980.7
1650000 888.9
1655000 884.8
1660000 985.5
1665000 983.9
1670000 988.8
1675000 987.1
1680000 984.6
1685000 889.3
1690000 976.0
1695000 984.4
1700000 888.7
1705000 979.2
1710000 983.0
1715000 986.1
1720000 986.9
1725000 988.5
1730000 985.3
1735000 952.1
1740000 962.3
1745000 984.5
1750000 981.2
1755000 980.0
1760000 983.4
1765000 861.4
1770000 984.3
1775000 805.2
1780000 963.8
1785000 977.0
1790000 983.6
1795000 966.8
1800000 891.3
1805000 888.3
1810000 984.0
1815000 984.6
1820000 985.0
1825000 989.9
1830000 987.1
1835000 989.8
1840000 979.9
1845000 976.3
1850000 986.7
1855000 952.0
1860000 987.1
1865000 943.6
1870000 981.4
1875000 981.8
1880000 983.2
1885000 984.5
1890000 890.9
1895000 887.3
1900000 884.2
1905000 796.7
1910000 934.8
1915000 983.9
1920000 980.9
1925000 927.7
1930000 981.7
1935000 888.9
1940000 990.1
1945000 887.7
1950000 893.5
1955000 988.1
1960000 881.0
1965000 986.4
1970000 974.1
1975000 988.7
1980000 983.3
1985000 988.0
1990000 987.1
1995000 892.9
2000000 983.4
