5000 45.2
10000 71.1
15000 576.6
20000 866.1
25000 781.7
30000 869.5
35000 965.4
40000 968.3
45000 910.5
50000 775.5
55000 964.0
60000 973.7
65000 876.6
70000 874.4
75000 873.3
80000 774.7
85000 868.0
90000 853.4
95000 978.7
100000 878.9
105000 863.4
110000 964.4
115000 974.5
120000 866.3
125000 873.9
130000 965.0
135000 974.9
140000 781.5
145000 874.4
150000 878.9
155000 985.4
160000 967.7
165000 386.8
170000 685.3
175000 881.2
180000 980.0
185000 877.9
190000 972.5
195000 889.1
200000 952.2
205000 688.5
210000 780.2
215000 878.8
220000 881.4
225000 875.5
230000 979.5
235000 982.6
240000 786.2
245000 872.6
250000 881.0
255000 976.8
260000 787.8
265000 972.4
270000 929.2
275000 972.1
280000 882.1
285000 967.3
290000 883.8
295000 789.0
300000 983.5
305000 687.6
310000 983.5
315000 888.4
320000 977.6
325000 885.9
330000 979.6
335000 890.8
340000 889.5
345000 985.0
350000 987.7
355000 942.1
360000 790.7
365000 945.1
370000 883.8
375000 838.6
380000 799.0
385000 986.2
390000 983.3
395000 983.4
400000 987.0
405000 974.6
410000 877.7
415000 985.3
420000 880.0
425000 980.1
430000 981.1
435000 986.1
440000 983.8
445000 981.3
450000 895.3
455000 983.4
460000 983.5
465000 981.7
470000 981.5
475000 981.3
480000 978.5
485000 870.7
490000 978.6
495000 886.0
500000 983.9
505000 936.6
510000 991.3
515000 884.0
520000 974.7
525000 985.3
530000 983.9
535000 889.1
540000 980.6
545000 988.1
550000 983.7
555000 785.2
560000 983.3
565000 923.0
570000 970.7
575000 976.6
580000 976.4
585000 979.1
590000 983.8
595000 889.6
600000 989.0
605000 982.0
610000 982.7
615000 883.4
620000 984.5
625000 970.2
630000 984.2
635000 886.0
640000 893.0
645000 982.6
650000 978.7
655000 983.7
660000 982.6
665000 985.4
670000 981.0
675000 887.9
680000 887.2
685000 982.7
690000 879.0
695000 883.7
700000 983.7
705000 984.8
710000 887.4
715000 884.4
720000 881.3
725000 978.6
730000 988.9
735000 878.9
740000 984.5
745000 980.1
750000 885.2
755000 987.6
760000 909.4
765000 984.9
770000 984.0
775000 984.7
780000 982.6
785000 982.6
790000 888.4
795000 978.8
800000 982.5
805000 871.1
810000 982.9
815000 976.0
820000 980.6
825000 987.9
830000 984.5
835000 985.2
840000 957.8
845000 982.7
850000 978.6
855000 985.3
860000 986.9
865000 981.8
870000 981.3
875000 986.0
880000 980.7
885000 982.5
890000 986.0
895000 877.5
900000 984.3
905000 982.2
910000 983.6
915000 988.9
920000 982.9
925000 981.7
930000 983.5
935000 888.4
940000 985.2
945000 983.3
950000 976.5
955000 989.9
960000 959.4
965000 942.8
970000 858.1
975000 983.5
980000 975.4
985000 980.9
990000 911.9
995000 983.5
1000000 887.5
1005000 918.6
1010000 981.6
1015000 983.2
1020000 986.4
1025000 987.0
1030000 986.4
1035000 991.8
1040000 889.9
1045000 797.8
1050000 857.7
1055000 951.3
1060000 982.5
1065000 981.1
1070000 980.1
1075000 983.6
1080000 888.8
1085000 979.9
1090000 981.0
1095000 891.5
1100000 984.2
1105000 983.1
1110000 885.9
1115000 991.0
1120000 983.9
1125000 978.3
1130000 963.0
1135000 968.0
1140000 885.4
1145000 885.9
1150000 978.2
1155000 981.3
1160000 985.7
1165000 980.6
1170000 987.1
1175000 982.6
1180000 986.9
1185000 987.4
1190000 985.2
1195000 985.3
1200000 982.7
1205000 980.0
1210000 933.7
1215000 980.2
1220000 983.3
1225000 988.2
1230000 986.3
1235000 983.8
1240000 986.0
1245000 981.5
1250000 985.8
1255000 895.5
1260000 982.6
1265000 990.4
1270000 992.4
1275000 887.3
1280000 987.9
1285000 983.8
1290000 846.7
1295000 886.2
1300000 986.2
1305000 888.4
1310000 981.1
1315000 983.3
1320000 984.3
1325000 983.9
1330000 987.9
1335000 986.2
1340000 988.8
1345000 987.6
1350000 981.7
1355000 986.2
1360000 982.2
1365000 858.1
1370000 977.3
1375000 890.3
1380000 976.6
1385000 980.6
1390000 891.4
1395000 885.2
1400000 985.2
1405000 980.0
1410000 982.7
1415000 979.0
1420000 982.1
1425000 949.8
1430000 978.2
1435000 887.6
1440000 984.2
1445000 979.2
1450000 982.9
1455000 985.1
1460000 983.0
1465000 987.1
1470000 988.3
1475000 890.9
1480000 981.8
1485000 981.5
1490000 984.2
1495000 980.9
1500000 987.9
1505000 983.0
1510000 978.9
1515000 985.7
1520000 985.1
1525000 883.9
1530000 975.9
1535000 984.2
1540000 886.3
1545000 987.0
1550000 982.4
1555000 982.0
1560000 984.1
1565000 985.7
1570000 987.8
1575000 985.7
1580000 985.3
1585000 977.8
1590000 985.1
1595000 984.6
1600000 983.1
1605000 980.0
1610000 786.7
1615000 985.0
1620000 982.3
1625000 986.0
1630000 986.3
1635000 978.1
1640000 985.2
1645000 985.4
1650000 982.7
1655000 981.6
1660000 787.8
1665000 985.3
1670000 987.3
1675000 982.2
1680000 980.8
1685000 974.3
1690000 981.6
1695000 886.1
1700000 887.1
1705000 975.3
1710000 984.1
1715000 984.4
1720000 986.9
1725000 980.2
1730000 985.4
1735000 990.1
1740000 985.7
1745000 982.4
1750000 984.8
1755000 890.0
1760000 987.3
1765000 954.5
1770000 697.0
1775000 989.3
1780000 981.1
1785000 984.0
1790000 979.4
1795000 968.6
1800000 983.4
1805000 893.4
1810000 982.8
1815000 884.1
1820000 987.3
1825000 987.8
1830000 991.4
1835000 980.6
1840000 975.4
1845000 968.9
1850000 800.6
1855000 982.4
1860000 987.1
1865000 980.6
1870000 977.8
1875000 984.3
1880000 986.2
1885000 987.3
1890000 984.0
1895000 987.5
1900000 981.5
1905000 885.8
1910000 794.6
1915000 988.3
1920000 981.9
1925000 980.9
1930000 984.3
1935000 980.7
1940000 982.4
1945000 988.4
1950000 973.7
1955000 983.6
1960000 981.9
1965000 988.2
1970000 982.7
1975000 986.2
1980000 988.4
1985000 785.9
1990000 985.3
1995000 986.0
2000000 987.0
