5000 251.2
10000 166.3
15000 200.1
20000 346.4
25000 56.2
30000 235.7
35000 192.3
40000 177.1
45000 94.9
50000 148.7
55000 71.9
60000 13.7
65000 62.0
70000 251.9
75000 389.7
80000 261.3
85000 14.0
90000 203.1
95000 84.9
100000 504.0
105000 27.5
110000 101.8
115000 378.7
120000 202.9
125000 104.6
130000 140.0
135000 363.9
140000 21.3
145000 302.4
150000 58.2
155000 350.2
160000 305.2
165000 21.9
170000 334.8
175000 162.1
180000 422.6
185000 204.0
190000 108.4
195000 212.4
200000 303.4
205000 110.3
210000 210.6
215000 113.6
220000 268.7
225000 193.9
230000 253.5
235000 293.6
240000 332.9
245000 672.9
250000 206.8
255000 437.8
260000 202.1
265000 412.7
270000 361.1
275000 295.5
280000 171.4
285000 396.5
290000 110.7
295000 305.5
300000 347.4
305000 426.4
310000 205.7
315000 94.8
320000 152.2
325000 124.3
330000 206.2
335000 205.8
340000 244.8
345000 300.0
350000 306.4
355000 332.2
360000 375.0
365000 560.2
370000 111.5
375000 118.2
380000 263.7
385000 102.4
390000 357.1
395000 256.2
400000 129.8
405000 362.2
410000 533.3
415000 628.6
420000 354.4
425000 549.5
430000 433.5
435000 382.3
440000 300.4
445000 361.7
450000 288.9
455000 375.6
460000 263.8
465000 414.2
470000 363.5
475000 85.3
480000 451.6
485000 340.5
490000 262.7
495000 571.0
500000 340.9
505000 536.0
510000 199.1
515000 202.0
520000 363.3
525000 280.6
530000 79.3
535000 574.3
540000 299.5
545000 186.6
550000 656.8
555000 509.9
560000 196.4
565000 367.0
570000 192.5
575000 455.9
580000 197.6
585000 656.0
590000 195.2
595000 172.1
600000 271.4
605000 112.1
610000 644.1
615000 687.2
620000 293.5
625000 208.2
630000 672.2
635000 494.2
640000 346.2
645000 409.3
650000 324.1
655000 193.0
660000 203.6
665000 374.2
670000 92.1
675000 420.8
680000 254.7
685000 695.4
690000 309.0
695000 263.9
700000 357.0
705000 383.6
710000 301.9
715000 566.7
720000 195.0
725000 109.4
730000 284.0
735000 461.1
740000 387.2
745000 466.1
750000 401.9
755000 306.9
760000 554.7
765000 302.5
770000 154.0
775000 382.0
780000 464.1
785000 297.2
790000 278.6
795000 182.7
800000 383.1
805000 366.8
810000 380.9
815000 96.0
820000 579.0
825000 369.3
830000 532.5
835000 596.0
840000 193.3
845000 549.2
850000 585.4
855000 140.8
860000 246.1
865000 93.3
870000 370.2
875000 323.8
880000 580.2
885000 85.1
890000 194.6
895000 184.8
900000 700.9
905000 345.8
910000 208.2
915000 378.4
920000 408.8
925000 59.1
930000 471.9
935000 564.4
940000 256.4
945000 203.2
950000 184.1
955000 212.5
960000 518.5
965000 130.8
970000 292.8
975000 464.7
980000 277.7
985000 402.9
990000 381.1
995000 177.4
1000000 381.4
1005000 204.1
1010000 342.8
1015000 416.6
1020000 375.9
1025000 219.9
1030000 449.2
1035000 206.5
1040000 300.1
1045000 447.6
1050000 304.0
1055000 211.6
1060000 522.8
1065000 602.8
1070000 208.5
1075000 224.0
1080000 280.0
1085000 243.1
1090000 357.6
1095000 508.4
1100000 299.5
1105000 11.4
1110000 319.2
1115000 408.4
1120000 278.7
1125000 514.4
1130000 520.3
1135000 538.8
1140000 354.2
1145000 267.3
1150000 630.8
1155000 438.8
1160000 508.6
1165000 263.6
1170000 451.7
1175000 446.4
1180000 412.2
1185000 110.0
1190000 259.8
1195000 452.3
1200000 750.7
1205000 436.4
1210000 383.2
1215000 413.4
1220000 234.9
1225000 332.9
1230000 175.9
1235000 461.2
1240000 548.5
1245000 157.2
1250000 447.7
1255000 249.0
1260000 302.6
1265000 466.2
1270000 502.1
1275000 238.1
1280000 578.0
1285000 305.7
1290000 209.9
1295000 279.9
1300000 446.0
1305000 195.7
1310000 355.0
1315000 488.5
1320000 410.0
1325000 117.2
1330000 143.0
1335000 208.7
1340000 606.6
1345000 546.6
1350000 284.7
1355000 464.5
1360000 545.1
1365000 264.9
1370000 187.2
1375000 707.1
1380000 362.4
1385000 188.1
1390000 248.0
1395000 258.0
1400000 207.7
1405000 540.3
1410000 192.8
1415000 540.1
1420000 727.7
1425000 558.8
1430000 529.1
1435000 618.8
1440000 388.1
1445000 207.9
1450000 191.9
1455000 426.0
1460000 282.4
1465000 292.1
1470000 178.5
1475000 208.6
1480000 303.2
1485000 274.5
1490000 471.6
1495000 300.8
1500000 268.1
1505000 371.9
1510000 464.7
1515000 267.7
1520000 541.5
1525000 386.2
1530000 561.4
1535000 575.7
1540000 495.4
1545000 289.4
1550000 386.3
1555000 382.1
1560000 234.5
1565000 597.9
1570000 442.4
1575000 529.5
1580000 255.4
1585000 453.0
1590000 475.2
1595000 206.0
1600000 218.9
1605000 151.7
1610000 172.6
1615000 346.2
1620000 343.0
1625000 396.9
1630000 607.5
1635000 476.3
1640000 455.5
1645000 167.1
1650000 98.7
1655000 338.6
1660000 202.9
1665000 115.0
1670000 395.6
1675000 561.5
1680000 114.9
1685000 125.5
1690000 561.8
1695000 371.0
1700000 183.8
1705000 421.5
1710000 278.2
1715000 278.1
1720000 80.9
1725000 429.8
1730000 155.6
1735000 289.2
1740000 71.1
1745000 272.8
1750000 180.8
1755000 206.6
1760000 284.9
1765000 278.7
1770000 656.7
1775000 343.9
1780000 384.2
1785000 456.1
1790000 194.8
1795000 542.8
1800000 189.4
1805000 357.2
1810000 397.0
1815000 405.6
1820000 330.3
1825000 364.7
1830000 426.1
1835000 414.5
1840000 256.6
1845000 91.2
1850000 562.8
1855000 361.9
1860000 365.8
1865000 440.4
1870000 338.7
1875000 450.6
1880000 521.4
1885000 363.1
1890000 384.7
1895000 433.7
1900000 439.2
1905000 395.9
1910000 549.4
1915000 295.4
1920000 350.2
1925000 552.4
1930000 370.4
1935000 354.7
1940000 155.7
1945000 422.6
1950000 307.2
1955000 270.6
1960000 567.6
1965000 458.2
1970000 328.4
1975000 187.4
1980000 401.1
1985000 521.8
1990000 274.4
1995000 569.5
2000000 519.1
