5000 47.5
10000 241.4
15000 158.6
20000 18.2
25000 358.9
30000 243.2
35000 34.9
40000 95.6
45000 185.6
50000 12.2
55000 75.9
60000 201.0
65000 35.8
70000 91.3
75000 379.3
80000 264.2
85000 171.1
90000 186.2
95000 116.5
100000 245.5
105000 213.1
110000 224.9
115000 211.5
120000 260.2
125000 452.5
130000 109.5
135000 94.5
140000 215.8
145000 195.4
150000 248.3
155000 112.6
160000 264.6
165000 16.1
170000 432.8
175000 207.2
180000 60.7
185000 100.8
190000 147.8
195000 488.3
200000 387.4
205000 77.9
210000 491.2
215000 346.1
220000 416.8
225000 306.2
230000 133.5
235000 288.5
240000 283.9
245000 285.7
250000 399.0
255000 193.3
260000 470.9
265000 200.3
270000 217.4
275000 210.2
280000 318.8
285000 464.0
290000 116.0
295000 396.5
300000 382.5
305000 216.0
310000 351.5
315000 299.9
320000 388.1
325000 211.9
330000 114.4
335000 334.3
340000 134.8
345000 258.4
350000 297.9
355000 464.7
360000 201.9
365000 313.0
370000 191.3
375000 307.5
380000 302.8
385000 108.7
390000 98.2
395000 81.3
400000 176.9
405000 332.1
410000 205.3
415000 203.1
420000 370.3
425000 401.3
430000 120.8
435000 288.0
440000 108.5
445000 451.1
450000 361.7
455000 487.7
460000 169.3
465000 279.6
470000 193.7
475000 392.8
480000 396.8
485000 467.4
490000 283.0
495000 10.5
500000 287.3
505000 298.3
510000 456.1
515000 438.0
520000 380.0
525000 215.4
530000 256.8
535000 501.2
540000 286.2
545000 304.2
550000 144.7
555000 464.7
560000 254.0
565000 198.6
570000 305.8
575000 554.4
580000 397.3
585000 164.7
590000 392.4
595000 294.6
600000 111.4
605000 653.3
610000 300.4
615000 629.5
620000 287.0
625000 357.6
630000 83.3
635000 308.2
640000 201.1
645000 177.5
650000 497.5
655000 274.6
660000 271.8
665000 441.0
670000 340.0
675000 329.4
680000 296.2
685000 388.6
690000 580.6
695000 396.8
700000 360.2
705000 462.8
710000 374.6
715000 469.8
720000 270.1
725000 302.8
730000 192.8
735000 461.8
740000 210.2
745000 302.6
750000 401.5
755000 302.8
760000 247.1
765000 380.5
770000 353.3
775000 443.2
780000 395.3
785000 386.3
790000 77.7
795000 389.3
800000 287.7
805000 217.4
810000 94.4
815000 269.1
820000 184.8
825000 448.6
830000 423.0
835000 395.4
840000 183.2
845000 289.0
850000 373.1
855000 268.7
860000 485.8
865000 361.5
870000 464.5
875000 419.2
880000 431.2
885000 306.6
890000 634.5
895000 294.3
900000 367.0
905000 204.3
910000 584.1
915000 241.2
920000 240.1
925000 572.4
930000 453.5
935000 485.9
940000 363.4
945000 546.1
950000 358.7
955000 350.1
960000 509.1
965000 305.2
970000 531.6
975000 417.4
980000 301.6
985000 374.6
990000 456.5
995000 86.6
1000000 451.1
1005000 231.5
1010000 397.6
1015000 628.0
1020000 584.0
1025000 285.4
1030000 335.4
1035000 246.6
1040000 389.3
1045000 527.3
1050000 250.3
1055000 398.5
1060000 257.2
1065000 359.9
1070000 348.2
1075000 541.6
1080000 557.3
1085000 542.3
1090000 347.6
1095000 246.4
1100000 671.5
1105000 143.9
1110000 282.9
1115000 493.3
1120000 486.7
1125000 207.8
1130000 465.7
1135000 399.4
1140000 367.6
1145000 207.1
1150000 655.4
1155000 431.2
1160000 228.9
1165000 258.4
1170000 474.4
1175000 600.5
1180000 160.3
1185000 382.6
1190000 174.2
1195000 319.7
1200000 400.2
1205000 255.6
1210000 274.4
1215000 505.5
1220000 629.0
1225000 299.8
1230000 265.7
1235000 275.8
1240000 290.0
1245000 384.9
1250000 363.2
1255000 305.1
1260000 561.4
1265000 319.7
1270000 157.9
1275000 287.8
1280000 285.8
1285000 377.0
1290000 396.0
1295000 232.9
1300000 491.2
1305000 489.6
1310000 268.7
1315000 374.4
1320000 501.6
1325000 295.2
1330000 372.3
1335000 261.4
1340000 303.3
1345000 408.7
1350000 445.0
1355000 278.7
1360000 585.5
1365000 349.4
1370000 438.3
1375000 586.4
1380000 675.6
1385000 396.6
1390000 8.9
1395000 310.6
1400000 414.4
1405000 148.3
1410000 290.5
1415000 207.5
1420000 249.1
1425000 107.1
1430000 363.6
1435000 381.0
1440000 168.0
1445000 284.2
1450000 277.9
1455000 378.2
1460000 394.3
1465000 382.6
1470000 334.0
1475000 204.2
1480000 436.6
1485000 259.6
1490000 362.4
1495000 206.6
1500000 331.6
1505000 123.2
1510000 633.2
1515000 706.3
1520000 222.9
1525000 307.9
1530000 361.9
1535000 517.5
1540000 245.2
1545000 457.3
1550000 282.1
1555000 274.5
1560000 673.5
1565000 258.1
1570000 179.6
1575000 345.0
1580000 456.7
1585000 246.9
1590000 336.8
1595000 286.3
1600000 211.6
1605000 328.9
1610000 325.9
1615000 386.3
1620000 250.8
1625000 348.2
1630000 330.6
1635000 476.6
1640000 218.6
1645000 204.6
1650000 331.9
1655000 271.9
1660000 328.4
1665000 482.4
1670000 510.7
1675000 525.0
1680000 201.7
1685000 208.7
1690000 429.0
1695000 660.0
1700000 344.9
1705000 213.1
1710000 256.6
1715000 199.4
1720000 178.6
1725000 502.5
1730000 348.1
1735000 372.6
1740000 345.1
1745000 108.0
1750000 617.9
1755000 170.1
1760000 299.0
1765000 361.7
1770000 343.2
1775000 501.4
1780000 583.0
1785000 343.3
1790000 628.6
1795000 292.1
1800000 497.3
1805000 271.7
1810000 351.2
1815000 448.1
1820000 528.1
1825000 484.2
1830000 355.4
1835000 337.4
1840000 321.8
1845000 343.2
1850000 256.7
1855000 338.2
1860000 382.0
1865000 337.0
1870000 407.1
1875000 350.3
1880000 187.2
1885000 561.2
1890000 265.0
1895000 343.5
1900000 176.6
1905000 425.4
1910000 378.1
1915000 453.9
1920000 377.0
1925000 437.6
1930000 546.4
1935000 603.5
1940000 353.4
1945000 546.9
1950000 434.8
1955000 401.2
1960000 127.0
1965000 341.0
1970000 525.0
1975000 607.4
1980000 777.9
1985000 459.6
1990000 166.5
1995000 447.4
2000000 578.9
