5000 80.5
10000 284.5
15000 219.0
20000 232.3
25000 274.0
30000 186.9
35000 114.6
40000 92.9
45000 109.0
50000 254.7
55000 111.4
60000 194.2
65000 320.7
70000 108.9
75000 319.5
80000 114.4
85000 214.3
90000 202.6
95000 145.4
100000 288.3
105000 311.3
110000 69.4
115000 169.2
120000 235.3
125000 88.1
130000 193.6
135000 116.1
140000 183.6
145000 324.1
150000 116.7
155000 118.0
160000 204.9
165000 291.1
170000 213.2
175000 98.9
180000 212.8
185000 303.3
190000 318.6
195000 281.4
200000 267.6
205000 355.9
210000 207.8
215000 206.9
220000 167.5
225000 340.9
230000 196.5
235000 118.5
240000 300.1
245000 205.2
250000 455.7
255000 116.5
260000 15.6
265000 206.8
270000 351.5
275000 592.9
280000 448.0
285000 399.1
290000 283.1
295000 179.6
300000 378.3
305000 293.8
310000 293.8
315000 156.1
320000 20.0
325000 65.6
330000 119.7
335000 197.8
340000 126.9
345000 213.3
350000 396.4
355000 127.0
360000 216.5
365000 113.0
370000 282.0
375000 114.1
380000 166.4
385000 190.4
390000 424.0
395000 458.4
400000 209.9
405000 287.2
410000 351.7
415000 370.4
420000 478.9
425000 189.3
430000 194.3
435000 335.5
440000 207.0
445000 500.4
450000 40.1
455000 296.0
460000 281.3
465000 282.9
470000 283.2
475000 107.8
480000 368.7
485000 172.0
490000 358.4
495000 653.8
500000 301.4
505000 200.1
510000 255.3
515000 349.3
520000 488.8
525000 437.5
530000 472.5
535000 268.5
540000 192.4
545000 210.2
550000 279.8
555000 188.5
560000 278.2
565000 391.6
570000 269.3
575000 203.0
580000 563.4
585000 393.9
590000 280.1
595000 261.5
600000 458.3
605000 474.5
610000 394.3
615000 291.0
620000 261.3
625000 209.0
630000 449.9
635000 726.3
640000 548.1
645000 218.2
650000 113.8
655000 192.9
660000 359.4
665000 252.7
670000 206.1
675000 110.9
680000 283.3
685000 395.0
690000 159.8
695000 401.1
700000 275.8
705000 484.4
710000 298.1
715000 350.2
720000 451.1
725000 202.0
730000 333.6
735000 204.6
740000 187.8
745000 206.8
750000 492.5
755000 474.0
760000 296.5
765000 84.7
770000 185.4
775000 361.4
780000 383.3
785000 485.1
790000 285.5
795000 406.8
800000 267.1
805000 197.9
810000 480.0
815000 299.6
820000 408.8
825000 502.0
830000 362.8
835000 316.4
840000 394.9
845000 469.2
850000 273.5
855000 548.6
860000 358.5
865000 323.4
870000 198.7
875000 371.8
880000 350.6
885000 384.9
890000 270.4
895000 244.1
900000 291.5
905000 169.0
910000 284.2
915000 630.7
920000 289.5
925000 359.0
930000 249.5
935000 375.5
940000 594.5
945000 275.3
950000 284.6
955000 198.4
960000 279.6
965000 310.0
970000 276.0
975000 256.1
980000 520.2
985000 292.0
990000 410.8
995000 303.0
1000000 10.5
1005000 347.0
1010000 274.2
1015000 470.7
1020000 274.4
1025000 527.8
1030000 604.1
1035000 308.5
1040000 297.1
1045000 360.6
1050000 208.2
1055000 212.2
1060000 354.7
1065000 456.1
1070000 296.1
1075000 441.7
1080000 251.5
1085000 363.5
1090000 158.0
1095000 391.7
1100000 554.0
1105000 451.4
1110000 297.3
1115000 592.9
1120000 470.9
1125000 328.1
1130000 305.1
1135000 255.7
1140000 317.9
1145000 463.7
1150000 353.2
1155000 156.1
1160000 461.9
1165000 328.8
1170000 650.0
1175000 286.9
1180000 373.2
1185000 165.6
1190000 378.8
1195000 393.0
1200000 357.0
1205000 540.0
1210000 293.9
1215000 324.3
1220000 303.9
1225000 342.5
1230000 206.0
1235000 106.9
1240000 196.2
1245000 180.5
1250000 270.8
1255000 467.9
1260000 370.6
1265000 414.3
1270000 203.8
1275000 413.5
1280000 206.7
1285000 287.5
1290000 287.2
1295000 356.8
1300000 530.4
1305000 21.2
1310000 254.5
1315000 225.7
1320000 122.9
1325000 465.7
1330000 301.9
1335000 518.7
1340000 192.2
1345000 421.8
1350000 339.0
1355000 401.6
1360000 597.7
1365000 357.2
1370000 285.8
1375000 110.6
1380000 245.4
1385000 316.0
1390000 290.3
1395000 280.1
1400000 659.3
1405000 662.9
1410000 265.8
1415000 262.3
1420000 177.2
1425000 183.8
1430000 557.7
1435000 576.3
1440000 727.9
1445000 557.3
1450000 348.5
1455000 204.9
1460000 254.5
1465000 300.1
1470000 241.5
1475000 166.4
1480000 375.6
1485000 324.9
1490000 397.0
1495000 298.7
1500000 275.2
1505000 300.9
1510000 164.7
1515000 442.1
1520000 336.6
1525000 176.8
1530000 529.8
1535000 81.0
1540000 553.0
1545000 712.5
1550000 203.6
1555000 528.2
1560000 201.1
1565000 462.7
1570000 106.3
1575000 266.1
1580000 460.2
1585000 427.1
1590000 352.9
1595000 332.6
1600000 262.5
1605000 371.8
1610000 319.7
1615000 381.0
1620000 41.4
1625000 187.2
1630000 455.3
1635000 291.9
1640000 16.2
1645000 110.2
1650000 204.7
1655000 570.2
1660000 354.9
1665000 451.1
1670000 513.9
1675000 589.6
1680000 353.9
1685000 175.5
1690000 461.0
1695000 344.4
1700000 63.6
1705000 447.6
1710000 386.8
1715000 414.2
1720000 543.5
1725000 235.9
1730000 614.4
1735000 296.2
1740000 265.0
1745000 122.6
1750000 377.3
1755000 168.4
1760000 624.6
1765000 757.1
1770000 468.5
1775000 261.2
1780000 99.4
1785000 466.8
1790000 566.8
1795000 531.9
1800000 250.6
1805000 437.3
1810000 562.3
1815000 466.5
1820000 413.8
1825000 387.6
1830000 578.2
1835000 356.8
1840000 509.6
1845000 162.8
1850000 466.5
1855000 357.9
1860000 395.7
1865000 104.1
1870000 420.4
1875000 509.4
1880000 389.8
1885000 291.5
1890000 287.2
1895000 328.5
1900000 153.7
1905000 578.0
1910000 318.0
1915000 335.1
1920000 595.8
1925000 314.8
1930000 700.3
1935000 133.4
1940000 467.8
1945000 607.8
1950000 475.7
1955000 412.9
1960000 398.8
1965000 273.6
1970000 163.4
1975000 305.0
1980000 285.4
1985000 273.8
1990000 173.6
1995000 355.4
2000000 329.0
