5000 180.6
10000 111.0
15000 125.4
20000 101.8
25000 256.7
30000 210.1
35000 162.1
40000 323.4
45000 494.4
50000 291.7
55000 274.5
60000 282.6
65000 95.1
70000 429.3
75000 17.9
80000 315.3
85000 166.5
90000 279.6
95000 460.6
100000 367.5
105000 16.6
110000 329.7
115000 215.7
120000 205.4
125000 370.2
130000 317.2
135000 385.2
140000 186.9
145000 100.9
150000 268.9
155000 277.8
160000 218.5
165000 395.9
170000 337.3
175000 119.4
180000 221.6
185000 111.1
190000 187.9
195000 382.4
200000 142.2
205000 12.8
210000 134.6
215000 398.1
220000 93.6
225000 275.2
230000 110.8
235000 314.2
240000 141.2
245000 280.4
250000 208.3
255000 218.4
260000 89.5
265000 494.2
270000 303.0
275000 543.7
280000 218.7
285000 542.1
290000 388.9
295000 452.5
300000 300.9
305000 203.4
310000 406.0
315000 337.3
320000 199.8
325000 125.9
330000 238.8
335000 484.4
340000 249.6
345000 541.2
350000 555.2
355000 560.7
360000 328.3
365000 563.0
370000 535.5
375000 327.7
380000 435.5
385000 361.2
390000 378.8
395000 309.3
400000 90.1
405000 312.1
410000 393.9
415000 277.6
420000 534.0
425000 166.4
430000 373.5
435000 463.3
440000 358.5
445000 366.0
450000 638.4
455000 554.3
460000 202.7
465000 349.8
470000 395.5
475000 281.1
480000 405.7
485000 274.0
490000 112.7
495000 296.9
500000 213.2
505000 467.3
510000 260.8
515000 487.1
520000 400.1
525000 385.0
530000 393.0
535000 571.6
540000 446.0
545000 414.8
550000 481.8
555000 152.6
560000 295.0
565000 377.4
570000 272.0
575000 351.4
580000 279.7
585000 383.4
590000 298.4
595000 629.5
600000 417.6
605000 423.2
610000 269.7
615000 456.2
620000 297.1
625000 645.0
630000 412.8
635000 388.4
640000 337.8
645000 369.5
650000 189.6
655000 443.3
660000 147.0
665000 203.9
670000 590.2
675000 295.3
680000 387.3
685000 209.9
690000 98.2
695000 198.0
700000 471.6
705000 89.2
710000 549.6
715000 283.7
720000 193.9
725000 370.9
730000 462.4
735000 298.5
740000 399.5
745000 198.2
750000 256.8
755000 319.0
760000 510.0
765000 387.2
770000 340.2
775000 107.0
780000 306.7
785000 188.9
790000 178.3
795000 92.0
800000 286.1
805000 331.6
810000 202.7
815000 371.5
820000 254.8
825000 279.6
830000 476.1
835000 537.6
840000 441.2
845000 589.2
850000 791.7
855000 378.5
860000 301.4
865000 365.0
870000 527.6
875000 383.2
880000 542.6
885000 446.1
890000 80.8
895000 436.5
900000 175.7
905000 476.6
910000 507.0
915000 341.3
920000 443.6
925000 523.3
930000 428.6
935000 287.5
940000 242.5
945000 551.6
950000 323.2
955000 236.2
960000 506.6
965000 340.3
970000 450.1
975000 330.9
980000 285.3
985000 263.7
990000 581.2
995000 374.8
1000000 110.2
1005000 484.5
1010000 269.8
1015000 378.6
1020000 383.0
1025000 391.4
1030000 382.1
1035000 108.5
1040000 476.1
1045000 356.9
1050000 292.9
1055000 473.5
1060000 343.6
1065000 443.5
1070000 232.5
1075000 288.7
1080000 300.5
1085000 472.9
1090000 386.1
1095000 617.2
1100000 357.5
1105000 608.5
1110000 553.9
1115000 276.8
1120000 341.9
1125000 278.1
1130000 273.6
1135000 254.7
1140000 379.2
1145000 423.9
1150000 540.8
1155000 356.0
1160000 549.0
1165000 465.7
1170000 252.5
1175000 289.7
1180000 404.2
1185000 403.6
1190000 581.8
1195000 264.4
1200000 456.6
1205000 457.4
1210000 634.3
1215000 537.0
1220000 189.5
1225000 178.9
1230000 212.2
1235000 108.0
1240000 304.9
1245000 329.4
1250000 251.3
1255000 444.5
1260000 178.6
1265000 361.8
1270000 522.8
1275000 292.0
1280000 424.1
1285000 89.3
1290000 69.1
1295000 477.6
1300000 241.5
1305000 131.9
1310000 385.5
1315000 184.3
1320000 271.5
1325000 119.5
1330000 191.1
1335000 727.0
1340000 327.2
1345000 300.8
1350000 133.0
1355000 150.4
1360000 183.9
1365000 275.8
1370000 395.7
1375000 532.4
1380000 489.7
1385000 468.9
1390000 422.2
1395000 462.9
1400000 437.3
1405000 486.7
1410000 285.5
1415000 175.6
1420000 367.6
1425000 395.8
1430000 361.9
1435000 380.2
1440000 403.2
1445000 487.1
1450000 464.1
1455000 541.1
1460000 299.9
1465000 301.2
1470000 468.9
1475000 271.9
1480000 596.6
1485000 317.0
1490000 370.7
1495000 340.7
1500000 459.1
1505000 303.3
1510000 472.9
1515000 550.3
1520000 498.7
1525000 379.7
1530000 518.0
1535000 272.1
1540000 521.1
1545000 474.6
1550000 562.8
1555000 558.8
1560000 400.5
1565000 612.1
1570000 565.0
1575000 206.0
1580000 542.9
1585000 193.5
1590000 334.7
1595000 542.5
1600000 342.7
1605000 375.2
1610000 297.5
1615000 321.2
1620000 513.7
1625000 444.6
1630000 383.7
1635000 414.0
1640000 377.4
1645000 622.7
1650000 367.4
1655000 458.2
1660000 569.4
1665000 327.6
1670000 395.7
1675000 280.7
1680000 438.7
1685000 398.5
1690000 224.6
1695000 182.4
1700000 636.9
1705000 360.4
1710000 365.6
1715000 248.7
1720000 575.2
1725000 239.9
1730000 456.3
1735000 452.5
1740000 150.4
1745000 446.6
1750000 447.6
1755000 319.4
1760000 505.9
1765000 412.5
1770000 364.9
1775000 690.5
1780000 203.0
1785000 284.9
1790000 402.5
1795000 189.2
1800000 415.9
1805000 459.8
1810000 255.1
1815000 477.0
1820000 373.2
1825000 414.1
1830000 158.9
1835000 285.2
1840000 356.4
1845000 271.4
1850000 447.9
1855000 242.2
1860000 341.4
1865000 410.6
1870000 355.1
1875000 331.0
1880000 393.0
1885000 299.8
1890000 278.5
1895000 282.8
1900000 402.5
1905000 13.5
1910000 429.0
1915000 385.6
1920000 474.5
1925000 535.4
1930000 361.6
1935000 585.7
1940000 176.7
1945000 353.0
1950000 184.0
1955000 433.0
1960000 387.3
1965000 354.1
1970000 234.3
1975000 444.4
1980000 111.0
1985000 393.0
1990000 281.5
1995000 174.1
2000000 475.4
