5000 178.9
10000 256.8
15000 99.2
20000 178.0
25000 153.9
30000 209.3
35000 137.1
40000 214.2
45000 14.2
50000 119.3
55000 85.6
60000 384.9
65000 9.2
70000 62.1
75000 165.8
80000 129.0
85000 193.7
90000 72.1
95000 195.4
100000 164.2
105000 112.8
110000 189.7
115000 160.8
120000 261.2
125000 182.0
130000 417.5
135000 115.5
140000 192.3
145000 37.5
150000 107.1
155000 105.4
160000 112.5
165000 120.0
170000 148.6
175000 295.5
180000 168.3
185000 110.5
190000 25.9
195000 374.2
200000 205.2
205000 249.3
210000 124.0
215000 187.4
220000 95.3
225000 284.7
230000 213.6
235000 371.6
240000 110.5
245000 298.0
250000 481.5
255000 111.4
260000 295.7
265000 203.9
270000 263.4
275000 192.7
280000 306.5
285000 392.2
290000 342.4
295000 304.6
300000 211.3
305000 411.3
310000 16.7
315000 503.0
320000 400.1
325000 236.0
330000 295.3
335000 329.1
340000 99.5
345000 113.3
350000 184.4
355000 207.2
360000 298.1
365000 118.3
370000 269.6
375000 459.4
380000 296.9
385000 278.6
390000 508.7
395000 202.3
400000 374.5
405000 375.4
410000 289.8
415000 203.6
420000 489.3
425000 271.3
430000 397.7
435000 196.9
440000 365.3
445000 300.5
450000 339.2
455000 269.7
460000 328.9
465000 590.0
470000 420.6
475000 283.6
480000 459.1
485000 206.6
490000 372.4
495000 474.1
500000 479.9
505000 479.3
510000 639.5
515000 390.8
520000 348.1
525000 362.1
530000 306.0
535000 399.8
540000 397.8
545000 200.5
550000 394.4
555000 350.3
560000 14.4
565000 193.2
570000 474.9
575000 172.5
580000 270.5
585000 405.1
590000 99.3
595000 459.3
600000 529.4
605000 285.2
610000 404.6
615000 374.1
620000 113.2
625000 305.0
630000 109.8
635000 445.3
640000 191.7
645000 184.8
650000 207.8
655000 565.5
660000 157.2
665000 556.1
670000 178.3
675000 488.3
680000 275.2
685000 113.4
690000 378.7
695000 111.8
700000 484.2
705000 298.3
710000 315.9
715000 504.0
720000 301.3
725000 146.8
730000 404.9
735000 346.9
740000 492.7
745000 382.3
750000 83.4
755000 558.4
760000 653.6
765000 226.8
770000 11.8
775000 498.5
780000 277.7
785000 120.0
790000 96.4
795000 442.5
800000 208.2
805000 369.1
810000 445.9
815000 166.5
820000 168.8
825000 447.2
830000 364.6
835000 475.6
840000 315.5
845000 113.9
850000 208.4
855000 107.3
860000 310.3
865000 250.4
870000 254.6
875000 194.4
880000 184.7
885000 303.0
890000 657.1
895000 458.4
900000 388.9
905000 236.4
910000 601.6
915000 525.7
920000 368.6
925000 356.6
930000 200.7
935000 298.2
940000 449.5
945000 238.6
950000 458.4
955000 307.9
960000 223.3
965000 208.9
970000 384.6
975000 573.7
980000 289.0
985000 207.6
990000 110.4
995000 493.8
1000000 357.0
1005000 521.6
1010000 400.8
1015000 348.3
1020000 277.6
1025000 379.9
1030000 367.5
1035000 206.4
1040000 448.4
1045000 435.8
1050000 112.4
1055000 233.3
1060000 497.9
1065000 222.3
1070000 458.8
1075000 340.7
1080000 478.4
1085000 456.7
1090000 260.9
1095000 362.5
1100000 245.5
1105000 376.7
1110000 95.2
1115000 566.4
1120000 392.8
1125000 448.6
1130000 306.9
1135000 488.3
1140000 463.6
1145000 278.7
1150000 479.7
1155000 237.9
1160000 355.1
1165000 394.5
1170000 371.0
1175000 215.2
1180000 432.5
1185000 259.7
1190000 398.6
1195000 286.5
1200000 459.7
1205000 281.0
1210000 357.0
1215000 609.8
1220000 193.9
1225000 459.3
1230000 203.0
1235000 300.4
1240000 377.9
1245000 210.2
1250000 319.4
1255000 91.4
1260000 203.7
1265000 356.8
1270000 452.8
1275000 146.4
1280000 478.2
1285000 248.4
1290000 227.7
1295000 273.6
1300000 302.2
1305000 264.2
1310000 308.1
1315000 615.8
1320000 459.1
1325000 196.9
1330000 423.0
1335000 96.0
1340000 109.6
1345000 279.3
1350000 184.1
1355000 106.2
1360000 179.0
1365000 329.6
1370000 452.4
1375000 393.1
1380000 360.9
1385000 471.3
1390000 442.6
1395000 454.6
1400000 513.1
1405000 448.1
1410000 104.4
1415000 562.7
1420000 320.4
1425000 514.7
1430000 414.4
1435000 313.1
1440000 442.7
1445000 308.2
1450000 487.7
1455000 602.8
1460000 156.6
1465000 519.7
1470000 93.3
1475000 424.7
1480000 378.5
1485000 369.1
1490000 359.5
1495000 285.2
1500000 303.4
1505000 392.0
1510000 369.4
1515000 615.0
1520000 342.0
1525000 515.0
1530000 398.8
1535000 593.8
1540000 674.5
1545000 182.2
1550000 621.7
1555000 271.4
1560000 404.8
1565000 483.4
1570000 340.9
1575000 521.9
1580000 201.7
1585000 523.4
1590000 427.3
1595000 178.5
1600000 465.2
1605000 267.5
1610000 251.4
1615000 196.0
1620000 234.1
1625000 439.6
1630000 342.6
1635000 302.6
1640000 559.4
1645000 385.8
1650000 127.9
1655000 558.5
1660000 439.2
1665000 218.4
1670000 489.1
1675000 497.7
1680000 512.1
1685000 473.6
1690000 433.7
1695000 426.9
1700000 481.0
1705000 98.8
1710000 232.9
1715000 751.2
1720000 443.2
1725000 436.8
1730000 700.2
1735000 397.1
1740000 461.3
1745000 517.8
1750000 288.8
1755000 190.6
1760000 369.9
1765000 288.9
1770000 286.9
1775000 275.7
1780000 529.2
1785000 176.3
1790000 473.7
1795000 462.3
1800000 91.2
1805000 307.1
1810000 209.1
1815000 432.1
1820000 576.3
1825000 422.6
1830000 261.7
1835000 286.4
1840000 425.1
1845000 233.6
1850000 511.5
1855000 371.4
1860000 384.7
1865000 499.8
1870000 365.1
1875000 300.5
1880000 621.4
1885000 184.8
1890000 871.9
1895000 357.4
1900000 199.9
1905000 422.0
1910000 456.0
1915000 208.0
1920000 279.9
1925000 299.2
1930000 388.5
1935000 397.8
1940000 407.9
1945000 262.2
1950000 109.0
1955000 381.0
1960000 206.3
1965000 432.0
1970000 74.9
1975000 418.7
1980000 206.4
1985000 696.1
1990000 304.6
1995000 307.3
2000000 395.6
