5000 23.1
10000 25.1
15000 94.7
20000 81.3
25000 147.3
30000 188.5
35000 233.5
40000 256.9
45000 366.9
50000 405.6
55000 335.3
60000 422.8
65000 583.2
70000 617.0
75000 606.4
80000 643.5
85000 663.4
90000 674.6
95000 686.3
100000 722.2
105000 739.0
110000 737.3
115000 735.2
120000 720.6
125000 754.9
130000 753.4
135000 754.9
140000 746.1
145000 769.9
150000 763.2
155000 751.7
160000 764.0
165000 780.9
170000 783.5
175000 750.7
180000 691.9
185000 777.3
190000 774.5
195000 789.6
200000 779.8
205000 780.6
210000 795.5
215000 793.3
220000 780.2
225000 795.3
230000 801.5
235000 799.5
240000 799.9
245000 790.7
250000 802.4
255000 808.0
260000 794.8
265000 799.1
270000 797.3
275000 811.1
280000 804.8
285000 799.7
290000 801.3
295000 811.6
300000 803.9
305000 807.4
310000 814.8
315000 815.1
320000 813.5
325000 800.3
330000 798.7
335000 807.3
340000 788.3
345000 803.4
350000 807.0
355000 799.7
360000 819.3
365000 801.6
370000 808.2
375000 803.4
380000 808.3
385000 805.9
390000 818.3
395000 807.9
400000 811.4
405000 819.2
410000 803.7
415000 804.8
420000 816.1
425000 729.4
430000 823.4
435000 813.4
440000 815.3
445000 817.9
450000 820.4
455000 826.8
460000 820.4
465000 821.9
470000 815.5
475000 814.7
480000 824.3
485000 817.5
490000 821.2
495000 819.8
500000 816.6
505000 820.0
510000 814.2
515000 816.1
520000 821.0
525000 815.4
530000 825.1
535000 820.3
540000 823.2
545000 819.1
550000 827.0
555000 828.5
560000 813.2
565000 832.1
570000 823.3
575000 829.7
580000 818.6
585000 825.0
590000 823.0
595000 831.5
600000 829.1
605000 822.5
610000 820.6
615000 831.2
620000 819.2
625000 821.7
630000 827.4
635000 821.7
640000 827.7
645000 820.3
650000 829.5
655000 828.1
660000 824.6
665000 821.0
670000 818.2
675000 827.0
680000 823.8
685000 819.8
690000 827.7
695000 826.0
700000 826.3
705000 816.1
710000 822.2
715000 821.1
720000 827.7
725000 823.7
730000 821.5
735000 830.7
740000 827.5
745000 819.5
750000 822.2
755000 835.1
760000 828.6
765000 818.3
770000 833.9
775000 824.7
780000 824.7
785000 818.4
790000 835.2
795000 830.0
800000 830.7
805000 816.3
810000 830.2
815000 834.5
820000 826.3
825000 816.1
830000 834.5
835000 834.8
840000 829.4
845000 822.1
850000 824.7
855000 834.3
860000 819.6
865000 825.7
870000 828.2
875000 828.3
880000 840.3
885000 824.1
890000 824.4
895000 830.4
900000 826.4
905000 823.3
910000 832.3
915000 831.6
920000 828.3
925000 830.2
930000 817.4
935000 831.9
940000 834.8
945000 810.0
950000 815.9
955000 821.6
960000 826.8
965000 812.3
970000 830.7
975000 826.2
980000 837.2
985000 819.7
990000 831.7
995000 835.6
1000000 838.0
1005000 821.0
1010000 834.0
1015000 831.5
1020000 837.3
1025000 815.0
1030000 828.9
1035000 830.6
1040000 837.2
1045000 827.9
1050000 832.0
1055000 827.7
1060000 832.3
1065000 818.4
1070000 833.9
1075000 834.0
1080000 831.4
1085000 824.7
1090000 827.1
1095000 830.0
1100000 834.0
1105000 827.1
1110000 833.7
1115000 831.6
1120000 842.0
1125000 833.6
1130000 828.7
1135000 837.1
1140000 825.9
1145000 827.3
1150000 838.9
1155000 834.1
1160000 832.7
1165000 829.4
1170000 834.3
1175000 829.1
1180000 839.5
1185000 829.0
1190000 837.2
1195000 842.4
1200000 834.5
1205000 827.3
1210000 836.6
1215000 832.1
1220000 841.3
1225000 827.9
1230000 840.7
1235000 842.1
1240000 832.6
1245000 830.0
1250000 825.3
1255000 831.5
1260000 827.8
1265000 829.7
1270000 836.8
1275000 828.2
1280000 838.4
1285000 834.7
1290000 836.7
1295000 844.1
1300000 833.7
1305000 828.9
1310000 841.9
1315000 840.4
1320000 839.9
1325000 828.1
1330000 830.3
1335000 832.5
1340000 833.6
1345000 833.0
1350000 834.9
1355000 833.0
1360000 846.6
1365000 818.4
1370000 840.1
1375000 842.7
1380000 839.9
1385000 825.9
1390000 820.3
1395000 846.3
1400000 831.2
1405000 839.9
1410000 832.2
1415000 845.4
1420000 839.5
1425000 806.5
1430000 837.2
1435000 837.5
1440000 839.7
1445000 817.1
1450000 764.1
1455000 841.4
1460000 834.5
1465000 838.2
1470000 833.1
1475000 837.6
1480000 852.9
1485000 828.2
1490000 831.2
1495000 823.4
1500000 834.8
1505000 803.0
1510000 839.9
1515000 840.5
1520000 831.7
1525000 818.3
1530000 844.1
1535000 832.7
1540000 831.2
1545000 830.4
1550000 837.8
1555000 842.5
1560000 839.3
1565000 830.2
1570000 830.7
1575000 839.1
1580000 838.6
1585000 822.4
1590000 843.0
1595000 839.2
1600000 835.7
1605000 819.3
1610000 830.1
1615000 844.4
1620000 848.1
1625000 817.8
1630000 840.7
1635000 834.8
1640000 850.1
1645000 823.2
1650000 843.0
1655000 837.5
1660000 846.9
1665000 833.2
1670000 838.9
1675000 841.3
1680000 833.8
1685000 822.8
1690000 843.9
1695000 843.5
1700000 841.0
1705000 820.9
1710000 832.0
1715000 842.9
1720000 838.9
1725000 816.0
1730000 837.0
1735000 840.9
1740000 841.7
1745000 816.1
1750000 842.6
1755000 839.9
1760000 848.5
1765000 820.5
1770000 840.3
1775000 844.6
1780000 831.8
1785000 834.6
1790000 839.0
1795000 835.8
1800000 676.6
1805000 838.4
1810000 836.0
1815000 847.0
1820000 840.1
1825000 818.8
1830000 836.4
1835000 836.5
1840000 839.9
1845000 822.9
1850000 827.4
1855000 845.7
1860000 839.5
1865000 836.3
1870000 841.3
1875000 842.7
1880000 844.4
1885000 825.3
1890000 844.7
1895000 837.9
1900000 845.0
1905000 824.6
1910000 754.6
1915000 847.0
1920000 846.0
1925000 829.6
1930000 841.2
1935000 844.9
1940000 840.0
1945000 838.5
1950000 839.6
1955000 833.6
1960000 841.8
1965000 819.6
1970000 845.6
1975000 838.0
1980000 835.1
1985000 820.9
1990000 842.3
1995000 844.2
2000000 845.9
