5000 19.1
10000 16.3
15000 114.3
20000 141.4
25000 150.9
30000 193.1
35000 223.5
40000 220.2
45000 321.4
50000 398.9
55000 333.0
60000 475.5
65000 561.4
70000 643.1
75000 655.6
80000 585.3
85000 686.8
90000 690.5
95000 692.3
100000 690.0
105000 643.6
110000 730.4
115000 725.0
120000 736.9
125000 719.9
130000 751.5
135000 748.2
140000 752.8
145000 761.0
150000 751.0
155000 767.9
160000 774.7
165000 773.0
170000 807.6
175000 787.7
180000 786.4
185000 790.0
190000 797.0
195000 656.7
200000 805.0
205000 790.0
210000 809.8
215000 801.5
220000 803.3
225000 803.5
230000 806.5
235000 807.9
240000 833.1
245000 810.2
250000 837.6
255000 833.6
260000 827.5
265000 821.9
270000 838.0
275000 853.6
280000 833.3
285000 834.3
290000 841.7
295000 846.0
300000 856.5
305000 835.7
310000 852.7
315000 863.9
320000 857.0
325000 821.5
330000 841.3
335000 856.2
340000 853.8
345000 837.5
350000 867.4
355000 854.7
360000 861.3
365000 833.7
370000 851.6
375000 857.8
380000 873.1
385000 854.0
390000 852.7
395000 857.6
400000 868.7
405000 839.5
410000 863.6
415000 872.9
420000 870.2
425000 851.8
430000 865.7
435000 834.8
440000 863.0
445000 829.8
450000 856.5
455000 862.2
460000 856.0
465000 839.0
470000 863.6
475000 866.8
480000 865.0
485000 849.6
490000 871.6
495000 877.7
500000 879.7
505000 838.6
510000 866.1
515000 863.1
520000 875.2
525000 851.3
530000 857.3
535000 868.1
540000 882.4
545000 838.3
550000 869.7
555000 877.2
560000 876.2
565000 844.6
570000 872.5
575000 875.7
580000 873.3
585000 852.0
590000 850.8
595000 874.4
600000 864.7
605000 838.3
610000 873.6
615000 866.9
620000 872.7
625000 870.3
630000 873.7
635000 877.6
640000 882.4
645000 848.4
650000 859.8
655000 869.7
660000 872.5
665000 836.8
670000 882.9
675000 868.8
680000 882.0
685000 859.4
690000 861.1
695000 877.4
700000 871.4
705000 860.7
710000 872.1
715000 877.0
720000 880.4
725000 838.5
730000 872.3
735000 878.0
740000 880.4
745000 862.1
750000 881.9
755000 875.7
760000 871.5
765000 865.9
770000 855.0
775000 879.6
780000 875.2
785000 852.7
790000 876.1
795000 880.9
800000 888.1
805000 872.2
810000 879.6
815000 884.0
820000 881.8
825000 867.1
830000 879.6
835000 890.5
840000 885.1
845000 855.2
850000 879.0
855000 886.6
860000 866.7
865000 863.9
870000 882.9
875000 888.0
880000 879.7
885000 863.5
890000 877.0
895000 874.7
900000 874.3
905000 863.3
910000 871.1
915000 874.9
920000 885.7
925000 850.8
930000 875.4
935000 886.5
940000 887.5
945000 864.1
950000 875.1
955000 875.4
960000 869.3
965000 856.1
970000 869.5
975000 878.5
980000 883.9
985000 855.0
990000 882.7
995000 887.0
1000000 883.3
1005000 866.5
1010000 870.6
1015000 877.5
1020000 893.0
1025000 864.6
1030000 872.3
1035000 884.4
1040000 884.7
1045000 868.2
1050000 884.2
1055000 880.6
1060000 883.3
1065000 866.2
1070000 869.8
1075000 879.0
1080000 888.0
1085000 874.2
1090000 886.9
1095000 885.4
1100000 889.4
1105000 861.7
1110000 876.7
1115000 877.2
1120000 883.0
1125000 857.6
1130000 880.9
1135000 883.1
1140000 887.7
1145000 850.0
1150000 885.5
1155000 881.9
1160000 902.6
1165000 851.8
1170000 873.5
1175000 884.1
1180000 887.7
1185000 858.1
1190000 877.2
1195000 885.6
1200000 891.9
1205000 867.4
1210000 878.4
1215000 812.3
1220000 888.2
1225000 862.9
1230000 870.4
1235000 875.3
1240000 879.4
1245000 856.2
1250000 885.7
1255000 877.0
1260000 885.0
1265000 852.6
1270000 879.3
1275000 872.1
1280000 888.9
1285000 850.1
1290000 863.1
1295000 881.8
1300000 894.0
1305000 860.3
1310000 890.7
1315000 890.7
1320000 891.2
1325000 850.1
1330000 861.9
1335000 890.6
1340000 869.5
1345000 848.1
1350000 876.3
1355000 894.4
1360000 887.1
1365000 867.5
1370000 875.3
1375000 883.8
1380000 892.6
1385000 863.5
1390000 878.3
1395000 893.3
1400000 890.1
1405000 856.6
1410000 880.3
1415000 888.6
1420000 888.1
1425000 852.9
1430000 877.7
1435000 895.5
1440000 898.8
1445000 853.1
1450000 873.7
1455000 893.9
1460000 890.6
1465000 857.0
1470000 872.1
1475000 885.0
1480000 882.7
1485000 858.7
1490000 877.0
1495000 893.5
1500000 897.9
1505000 845.3
1510000 871.2
1515000 886.3
1520000 873.2
1525000 855.3
1530000 869.6
1535000 873.4
1540000 890.8
1545000 857.5
1550000 883.1
1555000 882.1
1560000 886.2
1565000 851.0
1570000 874.9
1575000 877.2
1580000 888.8
1585000 866.1
1590000 871.4
1595000 883.6
1600000 883.5
1605000 844.2
1610000 882.2
1615000 883.8
1620000 886.6
1625000 858.5
1630000 870.5
1635000 889.9
1640000 895.7
1645000 852.8
1650000 871.5
1655000 881.7
1660000 899.6
1665000 864.5
1670000 871.1
1675000 885.0
1680000 887.8
1685000 858.6
1690000 878.8
1695000 797.2
1700000 888.8
1705000 862.1
1710000 871.3
1715000 878.2
1720000 886.7
1725000 862.4
1730000 875.4
1735000 879.8
1740000 901.6
1745000 840.4
1750000 883.6
1755000 894.8
1760000 894.5
1765000 848.1
1770000 882.3
1775000 889.1
1780000 882.0
1785000 852.7
1790000 882.8
1795000 892.7
1800000 891.9
1805000 861.5
1810000 878.9
1815000 900.2
1820000 894.1
1825000 859.8
1830000 880.7
1835000 891.4
1840000 894.2
1845000 849.0
1850000 880.1
1855000 888.2
1860000 802.6
1865000 854.3
1870000 875.7
1875000 899.9
1880000 887.6
1885000 845.4
1890000 879.7
1895000 880.0
1900000 888.6
1905000 865.1
1910000 884.9
1915000 889.9
1920000 877.5
1925000 856.5
1930000 881.7
1935000 884.4
1940000 894.9
1945000 834.9
1950000 870.1
1955000 872.3
1960000 886.4
1965000 854.8
1970000 889.1
1975000 882.7
1980000 890.5
1985000 848.7
1990000 877.4
1995000 877.0
2000000 893.8
