5000 23.0
10000 19.3
15000 56.2
20000 93.2
25000 117.5
30000 146.9
35000 174.2
40000 129.0
45000 292.3
50000 329.3
55000 240.1
60000 369.2
65000 497.9
70000 515.7
75000 573.9
80000 615.0
85000 648.4
90000 641.0
95000 624.5
100000 418.2
105000 710.3
110000 728.4
115000 704.7
120000 666.6
125000 748.4
130000 653.1
135000 741.8
140000 735.3
145000 767.9
150000 753.1
155000 746.4
160000 766.2
165000 747.6
170000 754.6
175000 758.4
180000 762.8
185000 776.2
190000 704.6
195000 763.3
200000 792.6
205000 772.9
210000 780.7
215000 781.2
220000 786.3
225000 784.0
230000 792.3
235000 792.3
240000 788.8
245000 789.3
250000 800.7
255000 813.2
260000 793.7
265000 756.8
270000 804.6
275000 805.8
280000 805.4
285000 792.9
290000 804.1
295000 802.8
300000 800.0
305000 806.0
310000 811.1
315000 806.7
320000 813.1
325000 782.4
330000 810.8
335000 808.6
340000 811.0
345000 817.4
350000 821.4
355000 819.0
360000 817.2
365000 807.9
370000 812.3
375000 818.4
380000 825.6
385000 801.0
390000 821.2
395000 824.9
400000 823.1
405000 815.7
410000 820.2
415000 816.6
420000 821.9
425000 803.5
430000 828.3
435000 814.6
440000 823.7
445000 807.1
450000 822.4
455000 828.1
460000 819.9
465000 823.6
470000 824.0
475000 819.5
480000 823.2
485000 823.9
490000 823.0
495000 816.0
500000 815.6
505000 825.7
510000 824.5
515000 818.2
520000 835.0
525000 827.2
530000 817.4
535000 826.2
540000 824.7
545000 828.6
550000 830.7
555000 834.3
560000 832.2
565000 814.5
570000 826.7
575000 832.2
580000 821.8
585000 832.8
590000 829.2
595000 838.9
600000 837.1
605000 820.9
610000 828.6
615000 815.5
620000 832.6
625000 831.8
630000 831.1
635000 826.7
640000 838.7
645000 819.8
650000 835.6
655000 835.3
660000 831.4
665000 835.4
670000 834.6
675000 825.1
680000 837.6
685000 828.3
690000 837.4
695000 836.5
700000 830.9
705000 823.0
710000 833.9
715000 830.5
720000 844.0
725000 835.1
730000 833.9
735000 829.6
740000 838.1
745000 829.9
750000 830.8
755000 830.7
760000 838.3
765000 825.2
770000 837.4
775000 830.3
780000 751.3
785000 832.4
790000 829.5
795000 836.2
800000 833.4
805000 822.6
810000 836.1
815000 828.0
820000 827.6
825000 827.5
830000 831.8
835000 840.4
840000 841.0
845000 833.8
850000 844.2
855000 845.7
860000 837.6
865000 823.1
870000 828.8
875000 841.8
880000 828.7
885000 825.2
890000 839.9
895000 842.7
900000 830.3
905000 830.9
910000 827.0
915000 837.9
920000 837.9
925000 834.9
930000 831.8
935000 832.6
940000 830.6
945000 825.8
950000 842.1
955000 833.9
960000 834.8
965000 836.2
970000 838.7
975000 829.4
980000 838.9
985000 834.6
990000 842.1
995000 835.6
1000000 839.9
1005000 825.5
1010000 830.9
1015000 847.8
1020000 841.3
1025000 831.2
1030000 841.0
1035000 841.3
1040000 840.6
1045000 829.7
1050000 831.9
1055000 837.6
1060000 841.6
1065000 831.5
1070000 837.2
1075000 839.9
1080000 839.1
1085000 821.2
1090000 833.5
1095000 846.5
1100000 846.7
1105000 831.7
1110000 836.1
1115000 839.7
1120000 844.0
1125000 832.7
1130000 835.8
1135000 837.1
1140000 840.1
1145000 827.8
1150000 840.3
1155000 845.0
1160000 842.4
1165000 821.2
1170000 832.8
1175000 842.0
1180000 842.0
1185000 827.9
1190000 837.2
1195000 837.8
1200000 838.3
1205000 839.0
1210000 834.1
1215000 844.6
1220000 849.3
1225000 831.1
1230000 835.3
1235000 833.9
1240000 838.1
1245000 831.0
1250000 839.4
1255000 843.1
1260000 839.8
1265000 822.8
1270000 836.6
1275000 846.8
1280000 838.5
1285000 812.9
1290000 836.1
1295000 832.7
1300000 841.9
1305000 833.2
1310000 842.1
1315000 840.2
1320000 841.8
1325000 840.7
1330000 833.1
1335000 845.2
1340000 838.9
1345000 818.5
1350000 832.7
1355000 842.6
1360000 843.8
1365000 833.5
1370000 838.8
1375000 846.0
1380000 845.0
1385000 835.6
1390000 837.7
1395000 827.3
1400000 847.1
1405000 825.7
1410000 842.5
1415000 835.9
1420000 840.2
1425000 830.6
1430000 847.1
1435000 848.1
1440000 837.1
1445000 829.2
1450000 832.4
1455000 840.2
1460000 843.5
1465000 839.6
1470000 844.9
1475000 839.6
1480000 838.8
1485000 822.5
1490000 838.0
1495000 843.1
1500000 845.6
1505000 836.5
1510000 844.5
1515000 836.2
1520000 833.4
1525000 831.5
1530000 837.6
1535000 850.8
1540000 835.4
1545000 842.6
1550000 838.3
1555000 842.2
1560000 840.6
1565000 830.0
1570000 843.5
1575000 844.1
1580000 833.1
1585000 827.1
1590000 829.0
1595000 831.0
1600000 832.2
1605000 822.9
1610000 839.0
1615000 843.9
1620000 840.6
1625000 834.6
1630000 841.2
1635000 847.6
1640000 845.2
1645000 836.1
1650000 840.4
1655000 849.1
1660000 834.2
1665000 825.7
1670000 841.5
1675000 838.0
1680000 838.5
1685000 835.4
1690000 839.5
1695000 838.7
1700000 840.5
1705000 834.3
1710000 849.4
1715000 846.8
1720000 836.1
1725000 839.8
1730000 839.7
1735000 843.3
1740000 843.4
1745000 841.8
1750000 843.6
1755000 852.7
1760000 838.1
1765000 838.9
1770000 846.1
1775000 843.3
1780000 848.7
1785000 831.3
1790000 836.8
1795000 840.0
1800000 852.2
1805000 825.0
1810000 843.5
1815000 844.5
1820000 843.7
1825000 834.0
1830000 838.0
1835000 850.1
1840000 852.1
1845000 831.5
1850000 839.9
1855000 842.3
1860000 832.2
1865000 841.5
1870000 757.0
1875000 844.8
1880000 843.4
1885000 833.4
1890000 838.5
1895000 844.7
1900000 842.7
1905000 831.2
1910000 837.5
1915000 845.7
1920000 846.9
1925000 842.7
1930000 843.7
1935000 836.0
1940000 843.0
1945000 824.9
1950000 827.0
1955000 845.4
1960000 842.5
1965000 841.3
1970000 836.7
1975000 841.9
1980000 763.4
1985000 833.2
1990000 836.5
1995000 848.2
2000000 843.4
