5000 16.3
10000 20.1
15000 86.7
20000 137.3
25000 163.6
30000 157.2
35000 155.8
40000 93.1
45000 269.2
50000 310.0
55000 243.0
60000 84.9
65000 100.3
70000 453.7
75000 566.3
80000 535.9
85000 573.4
90000 571.1
95000 509.4
100000 573.7
105000 671.8
110000 660.6
115000 709.1
120000 706.1
125000 713.1
130000 693.9
135000 703.5
140000 698.0
145000 729.3
150000 699.9
155000 651.7
160000 724.1
165000 738.3
170000 729.0
175000 738.1
180000 723.7
185000 743.6
190000 746.9
195000 738.7
200000 739.0
205000 743.9
210000 757.6
215000 741.0
220000 758.0
225000 746.1
230000 748.8
235000 756.0
240000 760.7
245000 758.4
250000 776.1
255000 764.2
260000 775.9
265000 769.8
270000 774.0
275000 764.8
280000 774.9
285000 778.7
290000 768.0
295000 768.0
300000 768.0
305000 780.5
310000 789.7
315000 785.0
320000 788.6
325000 781.8
330000 790.6
335000 780.1
340000 794.4
345000 797.1
350000 780.5
355000 776.6
360000 790.9
365000 796.0
370000 792.8
375000 797.5
380000 803.5
385000 791.9
390000 798.3
395000 805.3
400000 804.8
405000 799.5
410000 796.0
415000 800.1
420000 806.0
425000 793.0
430000 794.6
435000 802.8
440000 814.1
445000 807.1
450000 801.3
455000 807.5
460000 808.7
465000 798.7
470000 816.0
475000 806.3
480000 808.6
485000 793.3
490000 804.3
495000 823.0
500000 810.4
505000 804.4
510000 814.4
515000 827.1
520000 829.7
525000 801.7
530000 829.9
535000 810.2
540000 814.4
545000 824.3
550000 824.1
555000 828.6
560000 829.2
565000 815.7
570000 820.6
575000 817.6
580000 826.5
585000 820.7
590000 823.4
595000 822.8
600000 826.0
605000 810.3
610000 818.2
615000 827.3
620000 837.7
625000 826.1
630000 831.8
635000 821.5
640000 825.7
645000 805.9
650000 827.7
655000 834.4
660000 831.0
665000 819.8
670000 836.9
675000 833.9
680000 829.5
685000 824.4
690000 843.2
695000 826.2
700000 828.7
705000 819.8
710000 832.1
715000 835.6
720000 839.0
725000 813.5
730000 824.7
735000 837.4
740000 825.5
745000 829.5
750000 834.7
755000 825.7
760000 824.7
765000 836.0
770000 834.4
775000 833.2
780000 830.7
785000 807.8
790000 832.3
795000 839.1
800000 827.6
805000 824.1
810000 830.7
815000 832.3
820000 834.7
825000 819.3
830000 829.0
835000 828.7
840000 832.2
845000 820.5
850000 829.0
855000 832.1
860000 826.0
865000 831.2
870000 833.1
875000 840.5
880000 842.0
885000 827.1
890000 836.3
895000 843.6
900000 840.7
905000 832.1
910000 827.9
915000 832.0
920000 831.7
925000 804.7
930000 835.9
935000 841.5
940000 833.4
945000 834.4
950000 831.1
955000 840.2
960000 835.6
965000 837.4
970000 831.4
975000 829.0
980000 838.4
985000 829.2
990000 837.8
995000 833.0
1000000 837.0
1005000 828.2
1010000 843.0
1015000 834.8
1020000 837.2
1025000 841.5
1030000 841.4
1035000 835.5
1040000 842.9
1045000 828.8
1050000 838.4
1055000 841.3
1060000 842.2
1065000 836.3
1070000 831.7
1075000 834.0
1080000 846.6
1085000 833.3
1090000 841.4
1095000 845.1
1100000 841.8
1105000 831.3
1110000 837.9
1115000 840.3
1120000 840.3
1125000 828.0
1130000 847.2
1135000 843.4
1140000 840.2
1145000 829.9
1150000 841.7
1155000 839.9
1160000 843.6
1165000 836.2
1170000 839.4
1175000 842.8
1180000 843.3
1185000 834.5
1190000 840.8
1195000 838.4
1200000 844.1
1205000 833.5
1210000 835.9
1215000 844.7
1220000 835.3
1225000 830.0
1230000 842.7
1235000 838.9
1240000 844.1
1245000 837.2
1250000 831.1
1255000 837.5
1260000 845.7
1265000 832.4
1270000 847.7
1275000 843.3
1280000 841.1
1285000 841.8
1290000 845.3
1295000 767.6
1300000 842.3
1305000 818.6
1310000 848.3
1315000 839.9
1320000 843.2
1325000 829.1
1330000 832.1
1335000 838.8
1340000 835.0
1345000 827.8
1350000 836.8
1355000 843.6
1360000 843.2
1365000 833.5
1370000 846.4
1375000 839.0
1380000 846.2
1385000 839.6
1390000 827.0
1395000 843.1
1400000 846.3
1405000 829.6
1410000 848.4
1415000 839.4
1420000 840.0
1425000 837.8
1430000 842.8
1435000 843.9
1440000 851.1
1445000 832.3
1450000 847.4
1455000 837.7
1460000 844.3
1465000 826.3
1470000 845.5
1475000 836.1
1480000 841.4
1485000 827.7
1490000 844.2
1495000 838.7
1500000 843.5
1505000 828.8
1510000 840.4
1515000 845.9
1520000 850.8
1525000 827.2
1530000 834.9
1535000 838.1
1540000 829.7
1545000 820.6
1550000 842.8
1555000 842.1
1560000 839.9
1565000 817.8
1570000 840.0
1575000 838.2
1580000 845.5
1585000 825.5
1590000 837.4
1595000 842.3
1600000 846.9
1605000 831.6
1610000 828.1
1615000 839.8
1620000 838.6
1625000 827.4
1630000 840.8
1635000 837.3
1640000 837.5
1645000 829.7
1650000 838.6
1655000 840.0
1660000 843.2
1665000 814.3
1670000 835.1
1675000 848.7
1680000 849.8
1685000 829.5
1690000 838.4
1695000 841.5
1700000 771.5
1705000 842.7
1710000 836.8
1715000 848.2
1720000 840.7
1725000 830.6
1730000 831.0
1735000 842.2
1740000 845.6
1745000 839.7
1750000 840.0
1755000 843.9
1760000 836.8
1765000 835.5
1770000 838.5
1775000 850.3
1780000 844.6
1785000 821.4
1790000 838.0
1795000 841.8
1800000 829.4
1805000 835.6
1810000 836.5
1815000 850.1
1820000 834.9
1825000 812.1
1830000 838.1
1835000 850.7
1840000 842.2
1845000 829.5
1850000 854.2
1855000 845.3
1860000 836.9
1865000 830.1
1870000 846.2
1875000 835.1
1880000 838.4
1885000 830.3
1890000 839.5
1895000 836.9
1900000 833.7
1905000 822.8
1910000 839.7
1915000 831.6
1920000 845.0
1925000 824.8
1930000 838.6
1935000 842.3
1940000 842.1
1945000 828.1
1950000 850.0
1955000 845.0
1960000 834.3
1965000 826.1
1970000 842.7
1975000 838.4
1980000 842.2
1985000 826.8
1990000 841.4
1995000 847.4
2000000 841.6
