5000 17.6
10000 28.2
15000 110.3
20000 175.8
25000 188.1
30000 207.3
35000 260.1
40000 265.7
45000 386.9
50000 425.4
55000 484.9
60000 489.4
65000 510.3
70000 570.9
75000 640.9
80000 643.8
85000 651.0
90000 686.4
95000 629.2
100000 713.2
105000 707.9
110000 714.4
115000 735.3
120000 732.2
125000 710.9
130000 729.6
135000 727.3
140000 668.9
145000 738.7
150000 678.5
155000 755.8
160000 752.4
165000 769.5
170000 766.7
175000 765.2
180000 752.5
185000 754.4
190000 771.2
195000 776.6
200000 773.2
205000 765.8
210000 778.5
215000 779.8
220000 772.5
225000 792.8
230000 788.9
235000 777.0
240000 798.9
245000 776.5
250000 712.7
255000 779.7
260000 782.7
265000 796.7
270000 810.8
275000 785.6
280000 786.9
285000 806.9
290000 802.2
295000 798.9
300000 799.3
305000 800.4
310000 815.7
315000 789.7
320000 795.6
325000 810.5
330000 798.6
335000 794.8
340000 817.8
345000 812.4
350000 816.3
355000 797.7
360000 805.2
365000 804.7
370000 800.7
375000 808.7
380000 793.6
385000 819.9
390000 824.3
395000 811.0
400000 815.4
405000 810.3
410000 816.2
415000 818.5
420000 805.2
425000 804.9
430000 811.7
435000 811.6
440000 810.2
445000 821.9
450000 813.4
455000 815.7
460000 805.9
465000 820.1
470000 809.9
475000 822.6
480000 812.4
485000 810.8
490000 815.0
495000 820.2
500000 809.0
505000 809.8
510000 816.6
515000 823.8
520000 742.8
525000 822.1
530000 821.6
535000 808.8
540000 819.5
545000 806.9
550000 820.6
555000 823.4
560000 829.0
565000 822.7
570000 824.6
575000 821.4
580000 824.7
585000 832.5
590000 824.6
595000 824.1
600000 824.1
605000 820.9
610000 819.8
615000 823.6
620000 817.5
625000 798.0
630000 820.3
635000 814.0
640000 822.1
645000 820.5
650000 824.6
655000 823.9
660000 819.7
665000 812.6
670000 822.6
675000 822.4
680000 822.7
685000 812.4
690000 815.6
695000 828.8
700000 816.0
705000 810.1
710000 825.8
715000 815.6
720000 822.0
725000 822.8
730000 820.2
735000 826.3
740000 822.8
745000 815.9
750000 824.5
755000 826.7
760000 828.4
765000 819.1
770000 828.4
775000 827.7
780000 821.0
785000 822.9
790000 831.4
795000 817.0
800000 814.2
805000 827.6
810000 819.2
815000 826.1
820000 818.8
825000 824.5
830000 827.7
835000 814.3
840000 829.5
845000 817.1
850000 824.7
855000 823.8
860000 828.0
865000 817.8
870000 829.6
875000 826.9
880000 821.5
885000 817.2
890000 822.6
895000 831.6
900000 834.7
905000 815.0
910000 824.1
915000 826.5
920000 826.3
925000 818.6
930000 831.4
935000 831.0
940000 831.1
945000 821.6
950000 825.6
955000 832.6
960000 826.8
965000 818.7
970000 832.5
975000 827.8
980000 829.8
985000 824.8
990000 823.9
995000 829.5
1000000 827.7
1005000 806.3
1010000 819.5
1015000 825.3
1020000 828.0
1025000 826.0
1030000 823.1
1035000 832.1
1040000 832.8
1045000 821.2
1050000 828.4
1055000 837.9
1060000 827.2
1065000 822.9
1070000 832.1
1075000 812.1
1080000 830.9
1085000 838.3
1090000 827.7
1095000 836.5
1100000 838.1
1105000 818.2
1110000 825.3
1115000 844.0
1120000 832.0
1125000 819.7
1130000 833.1
1135000 836.6
1140000 840.4
1145000 823.1
1150000 837.6
1155000 827.7
1160000 832.1
1165000 824.3
1170000 838.8
1175000 846.3
1180000 841.0
1185000 829.3
1190000 829.6
1195000 838.7
1200000 826.2
1205000 837.3
1210000 836.1
1215000 823.5
1220000 833.9
1225000 817.6
1230000 831.9
1235000 832.9
1240000 836.3
1245000 826.3
1250000 833.5
1255000 828.1
1260000 839.3
1265000 816.9
1270000 828.1
1275000 825.6
1280000 839.5
1285000 749.2
1290000 844.0
1295000 826.6
1300000 826.5
1305000 815.9
1310000 830.6
1315000 838.3
1320000 833.7
1325000 826.7
1330000 833.3
1335000 831.4
1340000 828.9
1345000 826.0
1350000 825.3
1355000 829.5
1360000 841.1
1365000 830.5
1370000 832.2
1375000 834.4
1380000 832.2
1385000 812.9
1390000 831.8
1395000 838.6
1400000 828.0
1405000 828.8
1410000 826.2
1415000 830.3
1420000 841.9
1425000 814.7
1430000 836.9
1435000 831.0
1440000 834.0
1445000 825.1
1450000 826.4
1455000 827.8
1460000 835.5
1465000 746.0
1470000 834.3
1475000 834.1
1480000 830.6
1485000 831.5
1490000 837.8
1495000 836.2
1500000 841.9
1505000 831.6
1510000 833.5
1515000 832.1
1520000 836.0
1525000 829.4
1530000 836.6
1535000 835.4
1540000 836.0
1545000 821.1
1550000 833.2
1555000 841.2
1560000 835.0
1565000 827.6
1570000 837.8
1575000 837.4
1580000 836.5
1585000 832.5
1590000 841.8
1595000 840.0
1600000 843.6
1605000 815.1
1610000 754.4
1615000 830.7
1620000 837.9
1625000 827.0
1630000 836.2
1635000 839.6
1640000 830.5
1645000 809.6
1650000 838.0
1655000 832.6
1660000 847.8
1665000 829.4
1670000 841.5
1675000 831.5
1680000 838.1
1685000 821.1
1690000 821.9
1695000 840.4
1700000 848.1
1705000 828.3
1710000 836.3
1715000 842.7
1720000 842.4
1725000 835.6
1730000 839.3
1735000 833.7
1740000 835.1
1745000 829.8
1750000 840.3
1755000 842.1
1760000 839.4
1765000 824.9
1770000 834.4
1775000 837.7
1780000 839.7
1785000 829.5
1790000 843.3
1795000 839.9
1800000 837.3
1805000 836.9
1810000 828.3
1815000 841.3
1820000 839.7
1825000 833.5
1830000 836.6
1835000 834.3
1840000 834.4
1845000 827.2
1850000 840.8
1855000 833.6
1860000 838.8
1865000 822.2
1870000 841.9
1875000 825.8
1880000 844.3
1885000 828.1
1890000 830.1
1895000 841.9
1900000 837.1
1905000 830.0
1910000 842.5
1915000 839.4
1920000 836.1
1925000 791.4
1930000 840.3
1935000 834.9
1940000 841.2
1945000 814.8
1950000 828.3
1955000 846.2
1960000 840.1
1965000 820.2
1970000 844.3
1975000 839.4
1980000 835.0
1985000 830.7
1990000 835.4
1995000 841.5
2000000 837.6
