5000 53.4
10000 82.6
15000 81.8
20000 69.1
25000 52.4
30000 157.4
35000 79.3
40000 59.8
45000 74.0
50000 80.0
55000 73.7
60000 63.2
65000 112.4
70000 80.0
75000 122.7
80000 79.8
85000 50.3
90000 140.7
95000 141.5
100000 120.5
105000 65.8
110000 121.9
115000 74.8
120000 110.2
125000 75.3
130000 142.5
135000 64.7
140000 56.1
145000 84.3
150000 86.7
155000 110.6
160000 159.0
165000 97.2
170000 51.9
175000 257.8
180000 158.7
185000 166.9
190000 229.5
195000 162.9
200000 251.4
205000 69.1
210000 122.3
215000 136.5
220000 252.0
225000 239.9
230000 55.2
235000 125.4
240000 64.1
245000 138.8
250000 237.8
255000 331.9
260000 67.0
265000 337.7
270000 443.6
275000 271.7
280000 306.7
285000 390.1
290000 209.3
295000 265.4
300000 197.5
305000 406.6
310000 231.3
315000 377.0
320000 274.2
325000 241.8
330000 443.2
335000 235.4
340000 420.3
345000 194.9
350000 643.4
355000 94.8
360000 247.9
365000 227.8
370000 308.0
375000 313.2
380000 132.2
385000 430.4
390000 350.7
395000 365.5
400000 257.9
405000 379.5
410000 203.7
415000 372.1
420000 453.7
425000 182.3
430000 204.8
435000 377.7
440000 272.5
445000 657.5
450000 450.2
455000 336.1
460000 271.1
465000 351.2
470000 296.4
475000 319.5
480000 201.0
485000 188.7
490000 316.4
495000 310.2
500000 258.5
505000 414.9
510000 492.5
515000 222.3
520000 330.6
525000 216.8
530000 300.3
535000 227.8
540000 303.8
545000 416.3
550000 390.1
555000 203.6
560000 393.1
565000 320.9
570000 289.7
575000 449.6
580000 376.3
585000 515.4
590000 284.0
595000 429.4
600000 537.0
605000 488.7
610000 651.2
615000 478.4
620000 562.6
625000 500.3
630000 576.3
635000 444.3
640000 342.9
645000 104.8
650000 404.8
655000 545.2
660000 470.1
665000 431.8
670000 594.0
675000 578.4
680000 445.3
685000 478.8
690000 429.5
695000 338.2
700000 436.7
705000 356.4
710000 613.9
715000 415.6
720000 424.3
725000 348.0
730000 151.9
735000 366.5
740000 320.6
745000 208.7
750000 385.6
755000 301.2
760000 517.7
765000 356.9
770000 550.4
775000 356.9
780000 565.9
785000 195.4
790000 504.3
795000 398.7
800000 563.9
805000 275.7
810000 514.3
815000 442.9
820000 231.3
825000 481.1
830000 441.4
835000 499.5
840000 623.5
845000 416.8
850000 388.2
855000 448.6
860000 470.9
865000 501.4
870000 502.0
875000 485.0
880000 397.6
885000 294.2
890000 689.5
895000 553.8
900000 742.5
905000 466.9
910000 302.1
915000 427.4
920000 459.2
925000 513.7
930000 565.1
935000 268.5
940000 554.0
945000 522.8
950000 580.7
955000 306.8
960000 458.3
965000 376.9
970000 376.2
975000 524.5
980000 336.9
985000 322.3
990000 471.6
995000 635.8
1000000 469.4
1005000 486.2
1010000 308.0
1015000 665.4
1020000 359.4
1025000 409.0
1030000 502.1
1035000 410.2
1040000 496.5
1045000 360.8
1050000 563.4
1055000 280.3
1060000 404.9
1065000 355.9
1070000 520.6
1075000 327.3
1080000 527.7
1085000 549.8
1090000 565.8
1095000 460.7
1100000 723.8
1105000 445.3
1110000 312.3
1115000 487.4
1120000 400.1
1125000 302.5
1130000 479.5
1135000 343.4
1140000 449.1
1145000 686.7
1150000 410.2
1155000 274.5
1160000 626.2
1165000 462.6
1170000 506.7
1175000 482.4
1180000 577.1
1185000 610.3
1190000 495.5
1195000 275.8
1200000 444.7
1205000 518.0
1210000 406.6
1215000 484.7
1220000 421.2
1225000 495.4
1230000 544.1
1235000 668.4
1240000 516.6
1245000 543.3
1250000 421.1
1255000 346.3
1260000 354.7
1265000 349.3
1270000 696.9
1275000 403.2
1280000 439.0
1285000 259.1
1290000 202.1
1295000 353.2
1300000 479.0
1305000 233.3
1310000 464.3
1315000 81.1
1320000 236.3
1325000 289.7
1330000 490.2
1335000 403.5
1340000 279.5
1345000 202.9
1350000 499.9
1355000 358.9
1360000 336.5
1365000 443.0
1370000 374.6
1375000 332.7
1380000 521.5
1385000 487.4
1390000 511.8
1395000 371.3
1400000 365.3
1405000 429.2
1410000 293.6
1415000 433.1
1420000 572.1
1425000 462.4
1430000 467.6
1435000 275.6
1440000 639.1
1445000 286.3
1450000 140.0
1455000 466.1
1460000 473.4
1465000 587.0
1470000 505.0
1475000 502.0
1480000 400.7
1485000 572.2
1490000 346.6
1495000 532.9
1500000 335.7
1505000 503.3
1510000 463.3
1515000 558.4
1520000 447.3
1525000 476.3
1530000 534.2
1535000 423.0
1540000 455.1
1545000 419.6
1550000 543.2
1555000 599.8
1560000 442.5
1565000 378.5
1570000 550.8
1575000 738.5
1580000 261.0
1585000 443.7
1590000 601.3
1595000 472.2
1600000 521.1
1605000 96.8
1610000 465.8
1615000 267.4
1620000 479.8
1625000 447.3
1630000 405.9
1635000 471.3
1640000 302.0
1645000 462.1
1650000 524.4
1655000 484.8
1660000 520.5
1665000 281.7
1670000 537.1
1675000 346.3
1680000 621.1
1685000 460.4
1690000 486.5
1695000 391.2
1700000 491.9
1705000 497.7
1710000 567.9
1715000 515.8
1720000 334.1
1725000 448.6
1730000 448.6
1735000 671.4
1740000 528.8
1745000 291.1
1750000 506.5
1755000 576.8
1760000 525.7
1765000 144.1
1770000 576.4
1775000 405.5
1780000 547.4
1785000 512.2
1790000 436.3
1795000 320.9
1800000 564.1
1805000 470.6
1810000 623.9
1815000 592.4
1820000 495.6
1825000 596.3
1830000 510.2
1835000 639.3
1840000 601.4
1845000 433.3
1850000 704.0
1855000 521.4
1860000 607.0
1865000 370.3
1870000 358.8
1875000 495.8
1880000 561.7
1885000 561.6
1890000 446.6
1895000 554.6
1900000 472.9
1905000 563.2
1910000 537.2
1915000 576.2
1920000 255.5
1925000 479.7
1930000 586.5
1935000 364.9
1940000 424.4
1945000 573.0
1950000 417.8
1955000 469.0
1960000 563.7
1965000 489.2
1970000 466.2
1975000 609.8
1980000 404.2
1985000 395.8
1990000 462.2
1995000 475.6
2000000 453.0
