5000 83.8
10000 68.0
15000 97.6
20000 83.9
25000 56.8
30000 86.9
35000 70.5
40000 137.4
45000 123.4
50000 73.1
55000 81.1
60000 71.4
65000 64.7
70000 69.3
75000 70.0
80000 82.0
85000 156.8
90000 36.2
95000 65.9
100000 67.1
105000 72.4
110000 96.3
115000 136.9
120000 102.5
125000 52.4
130000 183.2
135000 43.0
140000 83.4
145000 83.1
150000 152.7
155000 71.4
160000 79.0
165000 318.3
170000 130.2
175000 72.2
180000 213.7
185000 69.5
190000 230.9
195000 59.9
200000 93.3
205000 127.8
210000 67.9
215000 105.2
220000 99.4
225000 80.4
230000 191.9
235000 169.5
240000 166.6
245000 216.8
250000 243.6
255000 87.3
260000 143.1
265000 184.0
270000 191.9
275000 132.6
280000 130.7
285000 144.7
290000 110.0
295000 133.3
300000 163.5
305000 278.7
310000 213.4
315000 285.8
320000 96.3
325000 72.9
330000 199.5
335000 215.7
340000 192.7
345000 79.7
350000 274.9
355000 348.1
360000 170.6
365000 159.6
370000 106.1
375000 425.3
380000 325.9
385000 70.7
390000 173.9
395000 130.6
400000 278.4
405000 323.2
410000 308.0
415000 186.0
420000 282.8
425000 431.3
430000 330.2
435000 229.6
440000 333.3
445000 349.5
450000 248.9
455000 202.4
460000 424.5
465000 408.1
470000 349.1
475000 167.3
480000 238.6
485000 75.2
490000 325.0
495000 353.2
500000 332.6
505000 284.0
510000 233.2
515000 510.4
520000 407.8
525000 262.7
530000 361.1
535000 302.2
540000 201.0
545000 239.9
550000 379.0
555000 137.9
560000 462.0
565000 394.1
570000 509.5
575000 335.0
580000 323.8
585000 365.7
590000 332.8
595000 134.1
600000 480.7
605000 288.7
610000 219.0
615000 362.4
620000 523.3
625000 217.9
630000 313.2
635000 343.3
640000 328.1
645000 393.3
650000 250.5
655000 470.6
660000 270.4
665000 317.9
670000 546.6
675000 280.6
680000 527.0
685000 362.3
690000 239.9
695000 181.0
700000 412.3
705000 339.3
710000 236.8
715000 548.4
720000 414.6
725000 140.9
730000 429.0
735000 351.8
740000 181.8
745000 464.2
750000 203.6
755000 283.1
760000 454.8
765000 407.0
770000 333.2
775000 578.4
780000 369.2
785000 278.7
790000 396.1
795000 324.0
800000 485.5
805000 233.7
810000 339.2
815000 342.2
820000 372.7
825000 264.9
830000 449.7
835000 411.9
840000 481.1
845000 351.9
850000 512.4
855000 390.4
860000 259.1
865000 499.6
870000 554.4
875000 450.9
880000 534.9
885000 628.7
890000 578.1
895000 453.9
900000 358.9
905000 732.2
910000 400.7
915000 530.0
920000 604.5
925000 280.0
930000 503.6
935000 400.8
940000 237.9
945000 416.8
950000 473.8
955000 601.9
960000 561.7
965000 245.5
970000 388.9
975000 434.9
980000 384.6
985000 430.5
990000 532.5
995000 396.9
1000000 404.0
1005000 422.2
1010000 441.5
1015000 415.1
1020000 350.6
1025000 364.8
1030000 508.5
1035000 353.3
1040000 578.0
1045000 518.3
1050000 591.8
1055000 627.2
1060000 401.6
1065000 333.4
1070000 548.5
1075000 630.7
1080000 510.4
1085000 515.9
1090000 533.7
1095000 604.2
1100000 552.6
1105000 527.7
1110000 641.2
1115000 433.4
1120000 530.1
1125000 292.3
1130000 438.1
1135000 503.9
1140000 409.8
1145000 521.2
1150000 451.7
1155000 652.9
1160000 510.3
1165000 396.3
1170000 593.2
1175000 581.4
1180000 483.3
1185000 546.3
1190000 281.7
1195000 748.2
1200000 347.2
1205000 460.2
1210000 530.0
1215000 548.2
1220000 388.9
1225000 490.3
1230000 596.9
1235000 295.7
1240000 368.3
1245000 545.6
1250000 305.1
1255000 499.7
1260000 487.6
1265000 513.7
1270000 602.0
1275000 443.9
1280000 602.6
1285000 414.5
1290000 404.2
1295000 370.8
1300000 478.3
1305000 601.5
1310000 552.8
1315000 711.3
1320000 629.9
1325000 418.9
1330000 334.5
1335000 700.2
1340000 758.5
1345000 576.6
1350000 417.2
1355000 477.7
1360000 774.1
1365000 401.9
1370000 546.4
1375000 396.6
1380000 588.3
1385000 426.7
1390000 614.2
1395000 296.0
1400000 614.7
1405000 512.1
1410000 430.0
1415000 272.3
1420000 496.8
1425000 417.1
1430000 481.1
1435000 576.2
1440000 523.8
1445000 257.6
1450000 433.9
1455000 504.9
1460000 422.6
1465000 369.1
1470000 469.8
1475000 577.0
1480000 491.9
1485000 486.8
1490000 559.4
1495000 396.4
1500000 654.3
1505000 574.8
1510000 454.7
1515000 447.7
1520000 386.7
1525000 379.7
1530000 671.3
1535000 438.6
1540000 427.1
1545000 588.9
1550000 240.5
1555000 561.3
1560000 285.6
1565000 338.8
1570000 289.9
1575000 562.2
1580000 536.4
1585000 424.2
1590000 247.9
1595000 619.4
1600000 384.1
1605000 345.1
1610000 333.9
1615000 385.5
1620000 474.9
1625000 580.8
1630000 667.9
1635000 462.3
1640000 507.8
1645000 616.3
1650000 606.2
1655000 488.6
1660000 425.3
1665000 521.7
1670000 574.9
1675000 564.9
1680000 466.1
1685000 531.3
1690000 350.4
1695000 524.8
1700000 658.0
1705000 549.3
1710000 616.3
1715000 556.5
1720000 538.2
1725000 442.6
1730000 617.8
1735000 430.0
1740000 734.0
1745000 485.1
1750000 557.1
1755000 468.0
1760000 670.0
1765000 271.9
1770000 437.5
1775000 452.3
1780000 485.3
1785000 548.8
1790000 441.4
1795000 383.0
1800000 632.5
1805000 425.0
1810000 381.3
1815000 665.1
1820000 691.8
1825000 556.4
1830000 558.3
1835000 543.5
1840000 368.6
1845000 403.8
1850000 524.6
1855000 637.3
1860000 472.2
1865000 533.2
1870000 394.7
1875000 471.8
1880000 702.9
1885000 702.5
1890000 555.0
1895000 295.3
1900000 533.5
1905000 538.0
1910000 493.1
1915000 372.8
1920000 514.7
1925000 562.4
1930000 682.9
1935000 634.7
1940000 660.8
1945000 430.1
1950000 533.8
1955000 509.3
1960000 441.8
1965000 583.9
1970000 592.3
1975000 528.5
1980000 594.8
1985000 700.9
1990000 397.1
1995000 455.9
2000000 577.3
