5000 70.9
10000 86.4
15000 64.1
20000 69.8
25000 72.1
30000 58.7
35000 69.8
40000 130.6
45000 57.6
50000 67.9
55000 103.7
60000 87.0
65000 65.3
70000 69.4
75000 84.2
80000 63.7
85000 134.6
90000 99.9
95000 59.8
100000 188.1
105000 140.7
110000 149.3
115000 128.9
120000 111.2
125000 89.4
130000 122.3
135000 77.7
140000 61.6
145000 157.6
150000 63.7
155000 91.4
160000 179.5
165000 204.0
170000 178.1
175000 216.5
180000 112.4
185000 212.8
190000 107.6
195000 102.3
200000 86.1
205000 156.2
210000 111.3
215000 127.0
220000 135.7
225000 83.4
230000 193.4
235000 245.6
240000 276.0
245000 48.4
250000 235.0
255000 263.8
260000 231.3
265000 283.4
270000 232.5
275000 334.4
280000 230.9
285000 102.3
290000 222.0
295000 275.2
300000 209.9
305000 472.4
310000 181.5
315000 347.1
320000 161.7
325000 147.7
330000 374.8
335000 273.8
340000 317.0
345000 390.2
350000 204.0
355000 479.2
360000 319.8
365000 442.1
370000 372.1
375000 361.2
380000 232.5
385000 152.5
390000 193.2
395000 179.9
400000 146.0
405000 498.7
410000 343.5
415000 78.2
420000 326.6
425000 244.5
430000 463.6
435000 321.4
440000 227.5
445000 266.7
450000 52.8
455000 163.8
460000 196.1
465000 170.3
470000 458.6
475000 254.7
480000 245.8
485000 273.8
490000 315.9
495000 456.9
500000 147.9
505000 234.9
510000 391.8
515000 554.7
520000 202.4
525000 467.3
530000 422.3
535000 379.1
540000 86.4
545000 404.1
550000 433.5
555000 343.8
560000 360.7
565000 395.0
570000 449.9
575000 290.5
580000 309.5
585000 87.1
590000 326.6
595000 288.4
600000 455.9
605000 274.4
610000 135.2
615000 524.5
620000 647.8
625000 433.6
630000 337.6
635000 335.2
640000 487.1
645000 391.3
650000 414.3
655000 543.8
660000 421.3
665000 590.0
670000 478.0
675000 301.0
680000 419.9
685000 391.9
690000 321.1
695000 521.6
700000 356.8
705000 547.6
710000 535.2
715000 366.4
720000 291.3
725000 367.2
730000 348.5
735000 379.8
740000 458.3
745000 292.0
750000 590.0
755000 399.1
760000 483.9
765000 386.0
770000 300.5
775000 296.4
780000 538.3
785000 287.3
790000 437.4
795000 472.8
800000 360.7
805000 330.2
810000 682.2
815000 334.4
820000 486.9
825000 707.1
830000 335.9
835000 492.4
840000 449.0
845000 195.3
850000 468.1
855000 260.2
860000 367.8
865000 472.1
870000 399.1
875000 344.1
880000 302.5
885000 456.2
890000 511.3
895000 230.5
900000 514.2
905000 558.9
910000 409.9
915000 442.3
920000 313.4
925000 509.9
930000 386.2
935000 485.5
940000 525.6
945000 453.1
950000 265.4
955000 419.0
960000 403.0
965000 374.4
970000 446.6
975000 509.6
980000 722.8
985000 416.6
990000 359.2
995000 562.2
1000000 346.0
1005000 501.9
1010000 616.8
1015000 571.8
1020000 605.7
1025000 642.0
1030000 545.4
1035000 414.9
1040000 538.4
1045000 512.1
1050000 417.3
1055000 528.3
1060000 574.9
1065000 374.8
1070000 534.9
1075000 265.5
1080000 367.4
1085000 436.7
1090000 485.8
1095000 500.8
1100000 370.9
1105000 557.5
1110000 520.2
1115000 458.4
1120000 613.6
1125000 312.9
1130000 492.3
1135000 479.4
1140000 239.8
1145000 643.9
1150000 618.1
1155000 445.2
1160000 484.4
1165000 489.2
1170000 529.1
1175000 523.1
1180000 554.0
1185000 655.5
1190000 254.7
1195000 310.1
1200000 532.1
1205000 518.2
1210000 758.1
1215000 532.8
1220000 436.1
1225000 563.3
1230000 587.3
1235000 574.1
1240000 336.1
1245000 587.0
1250000 379.6
1255000 608.2
1260000 326.4
1265000 260.3
1270000 623.4
1275000 451.8
1280000 593.0
1285000 181.9
1290000 304.7
1295000 237.0
1300000 505.3
1305000 452.1
1310000 435.5
1315000 424.7
1320000 423.5
1325000 612.0
1330000 629.6
1335000 423.7
1340000 514.4
1345000 431.8
1350000 573.3
1355000 665.5
1360000 444.1
1365000 487.6
1370000 511.5
1375000 589.8
1380000 406.6
1385000 407.9
1390000 627.6
1395000 575.0
1400000 630.2
1405000 484.0
1410000 670.4
1415000 732.9
1420000 471.5
1425000 674.3
1430000 485.5
1435000 460.2
1440000 449.0
1445000 244.0
1450000 488.6
1455000 415.6
1460000 298.9
1465000 396.4
1470000 329.6
1475000 246.7
1480000 489.7
1485000 349.3
1490000 599.8
1495000 412.3
1500000 321.9
1505000 528.5
1510000 615.9
1515000 367.0
1520000 542.8
1525000 591.6
1530000 354.9
1535000 455.9
1540000 459.9
1545000 390.8
1550000 252.1
1555000 493.8
1560000 400.1
1565000 432.8
1570000 571.6
1575000 526.4
1580000 446.1
1585000 544.5
1590000 433.1
1595000 297.3
1600000 427.0
1605000 195.7
1610000 150.5
1615000 463.8
1620000 430.6
1625000 474.3
1630000 393.7
1635000 629.5
1640000 390.5
1645000 324.9
1650000 361.6
1655000 502.4
1660000 548.0
1665000 341.3
1670000 432.8
1675000 380.5
1680000 308.6
1685000 450.9
1690000 399.1
1695000 511.9
1700000 408.9
1705000 469.1
1710000 567.6
1715000 361.9
1720000 350.5
1725000 482.0
1730000 465.3
1735000 252.4
1740000 462.9
1745000 308.9
1750000 467.3
1755000 659.0
1760000 395.3
1765000 197.7
1770000 378.2
1775000 336.8
1780000 401.7
1785000 432.3
1790000 462.0
1795000 492.5
1800000 433.9
1805000 598.5
1810000 514.4
1815000 465.1
1820000 480.7
1825000 439.6
1830000 651.9
1835000 223.9
1840000 666.4
1845000 648.0
1850000 557.7
1855000 554.0
1860000 504.2
1865000 433.2
1870000 611.2
1875000 489.0
1880000 465.6
1885000 456.0
1890000 576.8
1895000 549.7
1900000 377.3
1905000 602.0
1910000 398.7
1915000 614.1
1920000 495.2
1925000 410.8
1930000 462.9
1935000 456.9
1940000 577.8
1945000 530.7
1950000 495.5
1955000 506.2
1960000 313.2
1965000 508.3
1970000 638.9
1975000 503.9
1980000 583.1
1985000 358.2
1990000 582.7
1995000 571.2
2000000 522.0
