5000 53.0
10000 65.3
15000 92.4
20000 65.0
25000 96.7
30000 150.3
35000 102.7
40000 76.3
45000 158.8
50000 54.8
55000 96.3
60000 167.8
65000 65.9
70000 188.9
75000 85.8
80000 118.2
85000 64.6
90000 69.1
95000 150.3
100000 193.9
105000 162.9
110000 77.7
115000 109.4
120000 104.5
125000 139.3
130000 91.9
135000 148.5
140000 138.3
145000 137.3
150000 124.4
155000 195.8
160000 142.5
165000 133.2
170000 104.6
175000 75.9
180000 130.1
185000 299.9
190000 62.4
195000 128.0
200000 72.7
205000 250.0
210000 146.9
215000 423.2
220000 209.1
225000 58.4
230000 213.4
235000 167.2
240000 451.6
245000 478.2
250000 339.4
255000 257.5
260000 174.4
265000 208.4
270000 303.0
275000 74.6
280000 405.1
285000 125.8
290000 173.4
295000 110.6
300000 293.7
305000 284.4
310000 479.7
315000 197.4
320000 156.9
325000 125.7
330000 267.1
335000 386.9
340000 238.2
345000 407.0
350000 550.5
355000 306.5
360000 314.5
365000 324.7
370000 382.7
375000 165.3
380000 449.2
385000 407.6
390000 187.8
395000 209.7
400000 355.6
405000 386.4
410000 388.0
415000 593.9
420000 241.1
425000 367.2
430000 179.4
435000 260.5
440000 363.8
445000 509.7
450000 398.3
455000 403.3
460000 439.9
465000 257.1
470000 354.0
475000 141.4
480000 388.9
485000 289.6
490000 225.6
495000 463.9
500000 619.7
505000 568.9
510000 507.5
515000 407.5
520000 320.3
525000 503.8
530000 411.8
535000 429.8
540000 604.9
545000 429.1
550000 582.9
555000 283.6
560000 245.9
565000 476.5
570000 521.4
575000 428.8
580000 535.8
585000 208.1
590000 464.5
595000 284.2
600000 214.5
605000 508.0
610000 533.1
615000 378.3
620000 368.3
625000 444.2
630000 396.4
635000 458.3
640000 434.0
645000 409.8
650000 669.1
655000 475.8
660000 301.3
665000 483.9
670000 452.6
675000 206.4
680000 490.3
685000 408.1
690000 578.1
695000 360.1
700000 398.6
705000 392.7
710000 635.7
715000 567.5
720000 673.2
725000 332.0
730000 418.6
735000 320.5
740000 327.1
745000 536.7
750000 373.7
755000 448.2
760000 424.8
765000 734.2
770000 401.3
775000 399.2
780000 557.9
785000 413.7
790000 466.4
795000 444.1
800000 562.5
805000 234.0
810000 446.9
815000 671.9
820000 325.3
825000 388.5
830000 572.7
835000 582.9
840000 419.8
845000 491.0
850000 507.5
855000 456.3
860000 600.4
865000 493.8
870000 456.5
875000 453.1
880000 517.2
885000 400.3
890000 366.1
895000 527.2
900000 561.2
905000 435.9
910000 339.9
915000 445.2
920000 661.0
925000 448.9
930000 531.7
935000 623.1
940000 354.1
945000 663.9
950000 472.9
955000 544.8
960000 258.5
965000 513.2
970000 388.7
975000 396.3
980000 349.1
985000 539.1
990000 552.9
995000 431.5
1000000 513.4
1005000 499.1
1010000 574.6
1015000 533.6
1020000 498.1
1025000 462.3
1030000 557.7
1035000 412.9
1040000 628.0
1045000 608.1
1050000 418.9
1055000 678.9
1060000 695.8
1065000 567.2
1070000 642.6
1075000 652.8
1080000 357.5
1085000 569.8
1090000 640.2
1095000 556.4
1100000 528.1
1105000 639.0
1110000 368.5
1115000 502.6
1120000 400.0
1125000 312.6
1130000 452.1
1135000 381.0
1140000 690.7
1145000 539.3
1150000 370.6
1155000 512.7
1160000 466.2
1165000 578.9
1170000 549.8
1175000 505.2
1180000 407.7
1185000 530.0
1190000 628.9
1195000 516.8
1200000 712.1
1205000 545.0
1210000 614.3
1215000 581.9
1220000 531.2
1225000 404.7
1230000 526.4
1235000 334.9
1240000 674.9
1245000 666.8
1250000 364.9
1255000 697.7
1260000 646.4
1265000 386.1
1270000 526.5
1275000 568.7
1280000 548.6
1285000 408.9
1290000 363.7
1295000 450.9
1300000 487.0
1305000 458.7
1310000 516.6
1315000 504.9
1320000 444.1
1325000 503.9
1330000 300.6
1335000 635.5
1340000 501.0
1345000 626.5
1350000 616.9
1355000 608.0
1360000 596.6
1365000 526.8
1370000 409.2
1375000 658.9
1380000 420.9
1385000 521.9
1390000 689.2
1395000 624.5
1400000 543.5
1405000 650.9
1410000 505.8
1415000 647.2
1420000 540.4
1425000 707.7
1430000 477.2
1435000 442.9
1440000 728.3
1445000 255.9
1450000 544.2
1455000 647.6
1460000 422.0
1465000 578.4
1470000 560.0
1475000 602.3
1480000 632.2
1485000 424.0
1490000 452.0
1495000 506.4
1500000 433.7
1505000 562.5
1510000 585.7
1515000 462.2
1520000 648.8
1525000 536.9
1530000 584.7
1535000 502.9
1540000 505.0
1545000 727.7
1550000 475.5
1555000 542.4
1560000 358.3
1565000 508.1
1570000 651.5
1575000 555.6
1580000 248.2
1585000 375.3
1590000 396.0
1595000 576.2
1600000 472.9
1605000 271.6
1610000 463.9
1615000 533.8
1620000 482.1
1625000 334.9
1630000 465.0
1635000 406.4
1640000 522.7
1645000 560.3
1650000 563.7
1655000 422.4
1660000 424.3
1665000 813.4
1670000 487.4
1675000 445.4
1680000 716.2
1685000 619.0
1690000 506.9
1695000 664.1
1700000 586.1
1705000 423.1
1710000 515.0
1715000 690.0
1720000 458.1
1725000 609.3
1730000 395.4
1735000 502.3
1740000 463.7
1745000 405.3
1750000 474.7
1755000 387.8
1760000 527.2
1765000 253.3
1770000 506.6
1775000 341.4
1780000 581.6
1785000 358.9
1790000 470.3
1795000 288.8
1800000 597.8
1805000 550.8
1810000 378.6
1815000 359.2
1820000 592.8
1825000 529.3
1830000 527.2
1835000 545.0
1840000 658.1
1845000 425.2
1850000 685.5
1855000 599.7
1860000 500.3
1865000 496.7
1870000 422.8
1875000 302.1
1880000 394.5
1885000 702.7
1890000 751.5
1895000 547.0
1900000 458.0
1905000 502.7
1910000 656.1
1915000 415.5
1920000 653.0
1925000 515.2
1930000 505.2
1935000 494.7
1940000 627.8
1945000 408.2
1950000 275.0
1955000 542.2
1960000 447.0
1965000 596.5
1970000 461.1
1975000 665.9
1980000 564.8
1985000 502.2
1990000 475.0
1995000 560.7
2000000 557.2
