5000 48.7
10000 80.4
15000 73.2
20000 56.3
25000 108.6
30000 132.6
35000 88.7
40000 72.1
45000 110.0
50000 80.3
55000 172.8
60000 84.1
65000 112.3
70000 53.4
75000 54.0
80000 80.4
85000 79.6
90000 142.7
95000 175.2
100000 159.8
105000 210.6
110000 49.1
115000 136.9
120000 146.1
125000 170.5
130000 128.3
135000 256.2
140000 141.3
145000 96.8
150000 66.8
155000 185.9
160000 215.3
165000 84.8
170000 67.2
175000 138.1
180000 81.4
185000 125.8
190000 223.4
195000 298.8
200000 186.6
205000 97.8
210000 214.5
215000 60.3
220000 142.0
225000 311.9
230000 232.0
235000 208.7
240000 316.9
245000 359.9
250000 103.9
255000 216.4
260000 77.8
265000 292.2
270000 282.0
275000 266.7
280000 504.6
285000 222.1
290000 239.8
295000 215.4
300000 271.6
305000 391.1
310000 259.4
315000 213.9
320000 58.9
325000 259.2
330000 143.2
335000 297.4
340000 150.6
345000 234.8
350000 533.7
355000 356.4
360000 296.0
365000 306.8
370000 217.9
375000 259.2
380000 429.3
385000 494.6
390000 210.1
395000 355.9
400000 380.1
405000 514.7
410000 336.2
415000 382.5
420000 360.6
425000 296.5
430000 703.1
435000 549.3
440000 428.4
445000 407.3
450000 452.6
455000 361.1
460000 404.4
465000 443.1
470000 477.7
475000 304.7
480000 387.0
485000 256.0
490000 450.4
495000 411.1
500000 506.8
505000 540.9
510000 232.0
515000 414.6
520000 489.5
525000 236.2
530000 570.1
535000 408.7
540000 486.0
545000 689.9
550000 443.8
555000 531.5
560000 567.2
565000 264.3
570000 604.6
575000 582.1
580000 253.0
585000 276.3
590000 355.2
595000 367.7
600000 462.9
605000 354.8
610000 454.4
615000 395.7
620000 413.9
625000 563.3
630000 523.7
635000 368.5
640000 525.3
645000 207.3
650000 215.7
655000 313.8
660000 451.2
665000 450.6
670000 457.4
675000 198.2
680000 548.1
685000 419.5
690000 474.2
695000 557.5
700000 360.7
705000 305.7
710000 551.1
715000 643.2
720000 311.8
725000 568.1
730000 601.8
735000 463.5
740000 183.7
745000 351.7
750000 472.3
755000 548.2
760000 566.4
765000 589.8
770000 560.5
775000 279.8
780000 584.3
785000 508.2
790000 439.3
795000 523.0
800000 535.4
805000 676.5
810000 576.6
815000 546.3
820000 501.4
825000 264.3
830000 399.5
835000 515.6
840000 582.3
845000 448.5
850000 598.2
855000 664.7
860000 473.3
865000 434.3
870000 523.0
875000 514.1
880000 656.2
885000 522.3
890000 630.1
895000 589.3
900000 281.1
905000 764.1
910000 637.7
915000 473.0
920000 601.3
925000 453.7
930000 403.0
935000 450.8
940000 541.9
945000 602.0
950000 724.4
955000 616.4
960000 699.9
965000 464.5
970000 533.0
975000 377.8
980000 636.2
985000 485.3
990000 641.2
995000 626.9
1000000 435.9
1005000 269.8
1010000 507.9
1015000 466.8
1020000 508.5
1025000 553.3
1030000 586.1
1035000 638.7
1040000 790.6
1045000 313.0
1050000 745.2
1055000 356.9
1060000 683.3
1065000 682.8
1070000 639.5
1075000 531.8
1080000 683.6
1085000 474.8
1090000 811.4
1095000 553.6
1100000 716.5
1105000 663.9
1110000 550.6
1115000 441.8
1120000 687.2
1125000 324.9
1130000 579.8
1135000 589.1
1140000 632.3
1145000 585.0
1150000 619.0
1155000 510.0
1160000 718.0
1165000 733.0
1170000 691.1
1175000 704.9
1180000 626.3
1185000 774.0
1190000 561.4
1195000 544.7
1200000 539.8
1205000 629.0
1210000 591.0
1215000 699.5
1220000 692.1
1225000 569.3
1230000 525.8
1235000 727.0
1240000 629.5
1245000 408.9
1250000 550.9
1255000 475.9
1260000 629.4
1265000 520.9
1270000 644.4
1275000 540.2
1280000 586.1
1285000 350.0
1290000 612.4
1295000 657.1
1300000 716.9
1305000 290.1
1310000 378.4
1315000 513.7
1320000 501.7
1325000 580.5
1330000 598.8
1335000 461.0
1340000 579.2
1345000 583.4
1350000 517.5
1355000 457.9
1360000 609.5
1365000 552.1
1370000 495.5
1375000 619.2
1380000 560.4
1385000 676.6
1390000 483.8
1395000 723.6
1400000 717.1
1405000 727.3
1410000 512.0
1415000 568.4
1420000 702.2
1425000 712.3
1430000 490.8
1435000 441.2
1440000 635.3
1445000 442.8
1450000 675.8
1455000 591.3
1460000 711.1
1465000 709.5
1470000 642.0
1475000 641.6
1480000 658.9
1485000 742.9
1490000 617.4
1495000 780.7
1500000 611.1
1505000 658.7
1510000 648.4
1515000 563.8
1520000 498.4
1525000 558.0
1530000 551.0
1535000 711.9
1540000 681.5
1545000 652.0
1550000 686.7
1555000 719.3
1560000 590.2
1565000 602.0
1570000 631.7
1575000 724.1
1580000 612.8
1585000 514.3
1590000 742.2
1595000 771.9
1600000 565.1
1605000 193.0
1610000 211.9
1615000 545.5
1620000 442.3
1625000 697.3
1630000 480.8
1635000 572.1
1640000 455.3
1645000 471.5
1650000 488.9
1655000 538.4
1660000 554.8
1665000 599.1
1670000 494.4
1675000 505.0
1680000 422.3
1685000 282.0
1690000 596.3
1695000 504.2
1700000 670.7
1705000 634.2
1710000 560.0
1715000 463.3
1720000 370.5
1725000 648.0
1730000 524.6
1735000 726.5
1740000 588.0
1745000 643.8
1750000 365.0
1755000 660.8
1760000 682.3
1765000 379.9
1770000 453.1
1775000 639.4
1780000 568.6
1785000 544.9
1790000 559.0
1795000 789.8
1800000 592.3
1805000 494.3
1810000 714.1
1815000 707.6
1820000 637.8
1825000 618.1
1830000 705.2
1835000 671.6
1840000 629.2
1845000 740.6
1850000 434.4
1855000 559.5
1860000 699.3
1865000 394.9
1870000 704.9
1875000 713.7
1880000 703.5
1885000 592.7
1890000 396.7
1895000 580.4
1900000 581.9
1905000 510.9
1910000 695.7
1915000 568.5
1920000 585.7
1925000 560.4
1930000 638.4
1935000 795.5
1940000 666.2
1945000 708.8
1950000 588.7
1955000 531.3
1960000 696.7
1965000 558.5
1970000 438.4
1975000 733.1
1980000 538.0
1985000 627.7
1990000 748.6
1995000 644.2
2000000 552.0
