5000 0.0
10000 0.0
15000 3.6
20000 5.6
25000 2.8
30000 0.0
35000 27.4
40000 31.3
45000 37.6
50000 48.1
55000 54.5
60000 24.2
65000 36.3
70000 68.6
75000 74.1
80000 67.7
85000 75.3
90000 71.9
95000 349.9
100000 126.5
105000 274.7
110000 793.4
115000 634.3
120000 562.3
125000 186.4
130000 546.0
135000 638.4
140000 703.2
145000 639.3
150000 530.9
155000 719.4
160000 360.9
165000 811.8
170000 366.5
175000 836.9
180000 473.0
185000 547.2
190000 347.1
195000 677.8
200000 625.0
205000 362.0
210000 720.5
215000 541.5
220000 437.2
225000 447.1
230000 463.6
235000 537.9
240000 291.1
245000 552.2
250000 636.2
255000 682.2
260000 434.6
265000 615.4
270000 436.8
275000 728.9
280000 558.3
285000 637.9
290000 552.8
295000 460.6
300000 613.5
305000 694.8
310000 427.5
315000 805.6
320000 732.2
325000 596.2
330000 726.7
335000 678.6
340000 437.5
345000 768.5
350000 820.0
355000 522.3
360000 624.0
365000 571.6
370000 874.8
375000 731.4
380000 606.6
385000 758.8
390000 755.2
395000 721.5
400000 623.1
405000 624.7
410000 602.5
415000 721.4
420000 810.5
425000 533.2
430000 517.2
435000 791.8
440000 708.0
445000 599.3
450000 665.7
455000 775.1
460000 803.8
465000 781.1
470000 578.2
475000 673.5
480000 712.3
485000 826.7
490000 625.6
495000 778.1
500000 686.8
505000 860.1
510000 488.7
515000 671.0
520000 606.4
525000 685.2
530000 722.5
535000 773.8
540000 531.4
545000 667.9
550000 780.3
555000 493.9
560000 836.0
565000 764.7
570000 726.9
575000 845.7
580000 749.8
585000 753.5
590000 791.5
595000 669.2
600000 519.9
605000 626.3
610000 855.4
615000 769.4
620000 682.2
625000 743.9
630000 787.4
635000 795.0
640000 682.6
645000 554.8
650000 693.2
655000 524.7
660000 544.6
665000 757.6
670000 530.3
675000 705.2
680000 794.0
685000 821.2
690000 800.7
695000 693.1
700000 788.2
705000 752.2
710000 500.7
715000 437.0
720000 807.9
725000 668.5
730000 784.7
735000 606.2
740000 866.1
745000 801.6
750000 805.3
755000 846.8
760000 575.9
765000 773.4
770000 873.2
775000 708.7
780000 750.0
785000 867.3
790000 765.8
795000 816.5
800000 720.5
805000 707.6
810000 794.7
815000 696.3
820000 751.7
825000 849.4
830000 711.5
835000 750.4
840000 834.7
845000 774.2
850000 685.7
855000 812.7
860000 495.0
865000 749.3
870000 888.7
875000 689.5
880000 605.5
885000 881.5
890000 761.9
895000 783.6
900000 652.9
905000 769.0
910000 698.3
915000 696.4
920000 761.6
925000 780.9
930000 822.2
935000 658.2
940000 891.8
945000 684.7
950000 856.4
955000 603.5
960000 796.7
965000 638.7
970000 791.1
975000 792.5
980000 620.8
985000 787.5
990000 681.0
995000 794.4
1000000 598.8
1005000 770.4
1010000 594.4
1015000 603.5
1020000 772.9
1025000 689.4
1030000 809.9
1035000 686.1
1040000 749.1
1045000 769.5
1050000 792.3
1055000 728.2
1060000 815.1
1065000 701.4
1070000 742.3
1075000 890.3
1080000 837.0
1085000 802.0
1090000 844.8
1095000 753.3
1100000 865.5
1105000 649.3
1110000 653.6
1115000 800.3
1120000 731.3
1125000 663.2
1130000 856.1
1135000 901.7
1140000 806.6
1145000 708.4
1150000 605.9
1155000 792.1
1160000 810.2
1165000 671.7
1170000 860.6
1175000 762.8
1180000 808.0
1185000 720.7
1190000 870.5
1195000 875.5
1200000 775.2
1205000 801.0
1210000 555.3
1215000 654.3
1220000 715.6
1225000 860.6
1230000 890.3
1235000 722.4
1240000 725.2
1245000 763.0
1250000 814.2
1255000 803.1
1260000 774.4
1265000 804.2
1270000 749.5
1275000 854.7
1280000 723.1
1285000 6.3
1290000 312.3
1295000 765.2
1300000 835.8
1305000 540.1
1310000 679.1
1315000 693.9
1320000 611.8
1325000 716.9
1330000 773.7
1335000 869.1
1340000 786.9
1345000 704.5
1350000 731.1
1355000 588.3
1360000 632.5
1365000 774.6
1370000 423.0
1375000 850.8
1380000 784.1
1385000 713.3
1390000 769.7
1395000 400.3
1400000 698.7
1405000 604.2
1410000 716.6
1415000 749.8
1420000 694.9
1425000 864.6
1430000 660.9
1435000 885.3
1440000 846.6
1445000 808.1
1450000 782.8
1455000 818.3
1460000 820.8
1465000 834.1
1470000 827.2
1475000 879.4
1480000 837.3
1485000 840.7
1490000 798.6
1495000 849.0
1500000 836.9
1505000 817.7
1510000 879.1
1515000 873.1
1520000 841.7
1525000 854.2
1530000 827.6
1535000 837.0
1540000 818.7
1545000 846.4
1550000 805.1
1555000 844.7
1560000 813.3
1565000 820.9
1570000 839.2
1575000 871.5
1580000 859.3
1585000 848.2
1590000 816.2
1595000 875.9
1600000 826.8
1605000 301.5
1610000 676.4
1615000 644.3
1620000 721.6
1625000 898.4
1630000 833.9
1635000 730.9
1640000 768.1
1645000 818.6
1650000 727.7
1655000 802.5
1660000 705.7
1665000 855.2
1670000 840.8
1675000 865.8
1680000 859.2
1685000 849.0
1690000 838.2
1695000 611.0
1700000 732.8
1705000 560.0
1710000 707.7
1715000 794.3
1720000 772.6
1725000 630.3
1730000 885.7
1735000 856.3
1740000 709.2
1745000 702.8
1750000 805.8
1755000 507.9
1760000 564.6
1765000 672.9
1770000 775.8
1775000 779.2
1780000 876.3
1785000 849.1
1790000 793.9
1795000 868.9
1800000 897.3
1805000 744.2
1810000 846.2
1815000 749.4
1820000 766.9
1825000 794.1
1830000 844.2
1835000 686.5
1840000 839.7
1845000 752.0
1850000 818.6
1855000 826.1
1860000 767.4
1865000 802.8
1870000 878.2
1875000 741.6
1880000 837.7
1885000 873.1
1890000 850.3
1895000 815.1
1900000 832.9
1905000 789.1
1910000 896.2
1915000 864.1
1920000 831.7
1925000 848.1
1930000 853.3
1935000 871.4
1940000 822.2
1945000 833.7
1950000 856.1
1955000 897.2
1960000 804.2
1965000 813.4
1970000 854.0
1975000 814.0
1980000 763.1
1985000 844.7
1990000 845.4
1995000 812.0
2000000 861.8
