5000 0.0
10000 0.0
15000 0.0
20000 2.4
25000 0.0
30000 0.0
35000 0.0
40000 1.3
45000 7.0
50000 0.0
55000 7.5
60000 47.8
65000 33.2
70000 544.8
75000 558.9
80000 282.4
85000 326.3
90000 646.6
95000 706.1
100000 590.6
105000 461.2
110000 722.9
115000 623.4
120000 801.3
125000 449.9
130000 623.1
135000 721.9
140000 661.9
145000 698.2
150000 773.5
155000 724.0
160000 525.3
165000 628.2
170000 761.6
175000 668.0
180000 878.5
185000 415.5
190000 706.4
195000 849.0
200000 769.8
205000 742.2
210000 831.1
215000 707.2
220000 793.8
225000 738.2
230000 493.0
235000 851.9
240000 709.7
245000 659.5
250000 661.7
255000 698.5
260000 685.8
265000 865.3
270000 855.9
275000 688.4
280000 541.7
285000 896.6
290000 817.2
295000 686.6
300000 852.7
305000 795.1
310000 708.1
315000 713.7
320000 803.7
325000 652.2
330000 459.6
335000 712.5
340000 693.1
345000 594.1
350000 796.3
355000 586.9
360000 530.3
365000 798.2
370000 825.6
375000 660.9
380000 614.4
385000 750.1
390000 714.1
395000 695.1
400000 772.4
405000 832.5
410000 881.0
415000 740.5
420000 779.2
425000 702.5
430000 567.0
435000 850.1
440000 666.7
445000 727.1
450000 720.4
455000 825.2
460000 842.0
465000 792.4
470000 863.3
475000 868.1
480000 865.3
485000 753.1
490000 788.9
495000 828.9
500000 789.6
505000 845.8
510000 740.8
515000 831.5
520000 767.2
525000 832.8
530000 816.2
535000 895.1
540000 842.5
545000 886.3
550000 857.3
555000 866.5
560000 845.8
565000 829.0
570000 813.5
575000 754.8
580000 895.3
585000 735.7
590000 615.2
595000 655.7
600000 853.2
605000 754.3
610000 778.6
615000 860.3
620000 783.8
625000 836.0
630000 863.9
635000 883.0
640000 839.3
645000 408.0
650000 625.2
655000 713.2
660000 539.0
665000 599.6
670000 590.0
675000 674.0
680000 747.5
685000 768.7
690000 809.4
695000 793.7
700000 798.9
705000 833.9
710000 776.4
715000 767.3
720000 786.0
725000 758.4
730000 633.3
735000 536.1
740000 608.0
745000 758.4
750000 672.2
755000 898.0
760000 845.2
765000 690.8
770000 748.8
775000 853.8
780000 607.3
785000 841.2
790000 829.1
795000 596.8
800000 792.3
805000 686.3
810000 687.1
815000 862.1
820000 846.1
825000 637.7
830000 758.1
835000 760.0
840000 767.5
845000 764.8
850000 879.1
855000 857.9
860000 814.2
