5000 1.7
10000 0.0
15000 6.4
20000 407.1
25000 697.2
30000 789.2
35000 816.0
40000 849.6
45000 801.7
50000 873.5
55000 839.5
60000 820.5
65000 904.1
70000 856.6
75000 866.0
80000 877.6
85000 881.6
90000 831.3
95000 816.0
100000 843.9
105000 818.2
110000 857.4
115000 873.4
120000 855.4
125000 865.3
130000 849.4
135000 819.1
140000 850.9
145000 841.9
150000 807.8
155000 773.9
160000 857.5
165000 824.4
170000 814.7
175000 844.2
180000 840.3
185000 813.5
190000 867.6
195000 888.4
200000 759.1
205000 820.9
210000 824.6
215000 858.9
220000 827.4
225000 800.1
230000 874.1
235000 868.6
240000 882.3
245000 857.4
250000 800.8
255000 856.7
260000 844.0
265000 826.0
270000 844.6
275000 822.7
280000 826.8
285000 842.6
290000 858.3
295000 808.8
300000 816.5
305000 817.2
310000 840.2
315000 828.3
320000 835.1
325000 334.8
330000 866.0
335000 688.8
340000 829.9
345000 821.0
350000 864.4
355000 788.3
360000 813.9
365000 795.6
370000 812.9
375000 882.1
380000 798.6
385000 852.8
390000 884.6
395000 844.3
400000 863.2
405000 807.7
410000 827.7
415000 850.2
420000 860.5
425000 840.6
430000 870.1
435000 896.9
440000 849.3
445000 877.0
450000 832.3
455000 862.1
460000 840.3
465000 826.1
470000 852.3
475000 790.2
480000 852.5
485000 891.6
490000 781.6
495000 806.4
500000 894.8
505000 873.4
510000 840.0
515000 807.4
520000 810.8
525000 851.7
530000 857.2
535000 805.4
540000 758.3
545000 836.8
550000 848.5
555000 780.7
560000 824.8
565000 842.6
570000 818.1
575000 842.1
580000 810.8
585000 873.6
590000 786.4
595000 857.9
600000 884.5
605000 840.1
610000 800.4
615000 877.3
620000 838.5
625000 833.7
630000 870.5
635000 845.8
640000 847.6
645000 417.2
650000 753.3
655000 699.2
660000 834.4
665000 745.3
670000 812.8
675000 776.1
680000 703.8
685000 827.7
690000 861.5
695000 873.0
700000 799.2
705000 881.6
710000 852.1
715000 849.6
720000 848.2
725000 877.6
730000 847.7
735000 874.9
740000 806.6
745000 796.1
750000 832.2
755000 867.4
760000 833.4
765000 815.7
770000 805.4
775000 821.1
780000 875.1
785000 774.0
790000 809.8
795000 849.2
800000 816.9
805000 799.9
810000 855.9
815000 824.5
820000 808.7
825000 838.8
830000 865.2
835000 902.1
840000 841.7
845000 803.8
850000 877.3
855000 826.1
860000 870.8
865000 828.3
870000 859.2
875000 824.3
880000 855.4
885000 850.3
890000 843.8
895000 786.3
900000 784.8
905000 860.7
910000 853.5
915000 900.0
920000 836.4
925000 884.9
930000 844.3
935000 811.2
940000 824.4
945000 817.5
950000 844.0
955000 849.9
960000 832.5
965000 261.8
970000 670.8
975000 504.0
980000 868.2
985000 793.2
990000 679.2
995000 712.7
1000000 588.3
1005000 839.7
1010000 808.3
1015000 826.3
1020000 839.2
1025000 795.2
1030000 814.7
1035000 870.7
1040000 853.5
1045000 889.9
1050000 848.5
1055000 809.2
1060000 813.5
1065000 815.6
1070000 857.6
1075000 831.7
1080000 794.1
1085000 819.8
1090000 815.8
1095000 884.5
1100000 871.1
1105000 807.7
1110000 805.6
1115000 860.8
1120000 810.4
1125000 860.1
1130000 825.1
1135000 824.0
1140000 851.1
1145000 875.1
1150000 882.7
1155000 817.3
1160000 821.7
1165000 868.0
1170000 857.9
1175000 813.7
1180000 788.8
1185000 715.7
1190000 834.3
1195000 844.7
1200000 874.1
1205000 855.1
1210000 821.8
1215000 913.4
1220000 787.9
1225000 849.1
1230000 863.2
1235000 881.4
1240000 795.6
1245000 905.1
1250000 813.4
1255000 837.3
1260000 884.0
1265000 860.2
1270000 874.9
1275000 840.6
1280000 829.1
1285000 768.2
1290000 543.2
1295000 798.3
1300000 608.7
1305000 836.1
1310000 824.6
1315000 818.1
1320000 882.4
1325000 857.6
1330000 806.5
1335000 785.1
1340000 846.4
1345000 836.4
1350000 858.0
1355000 847.8
1360000 893.6
1365000 846.7
1370000 892.4
1375000 842.6
1380000 824.0
1385000 804.0
1390000 846.9
1395000 872.4
1400000 809.3
1405000 847.0
1410000 843.8
1415000 842.3
1420000 847.9
1425000 835.3
1430000 801.4
1435000 820.9
1440000 837.3
1445000 837.1
1450000 864.2
1455000 786.7
1460000 835.4
1465000 904.6
1470000 850.8
1475000 877.8
1480000 830.5
1485000 892.4
1490000 851.7
1495000 817.8
1500000 839.6
1505000 832.3
1510000 819.1
1515000 847.6
1520000 818.9
1525000 875.3
1530000 820.6
1535000 838.8
1540000 780.5
1545000 857.8
1550000 890.8
1555000 875.4
1560000 891.2
1565000 861.6
1570000 830.1
1575000 850.9
1580000 848.1
1585000 866.3
1590000 878.5
1595000 811.3
1600000 878.0
1605000 316.5
1610000 854.9
1615000 845.9
1620000 750.4
1625000 856.6
1630000 831.9
1635000 836.0
1640000 860.4
1645000 788.2
1650000 802.1
1655000 874.4
1660000 830.8
1665000 812.5
1670000 861.4
1675000 905.5
1680000 825.3
1685000 862.8
1690000 811.3
1695000 831.8
1700000 825.3
1705000 814.2
1710000 811.9
1715000 887.9
1720000 870.7
1725000 841.0
1730000 779.7
1735000 866.4
1740000 828.2
1745000 852.4
1750000 823.0
1755000 839.3
1760000 816.6
1765000 847.9
1770000 793.9
1775000 797.5
1780000 780.5
1785000 837.6
1790000 854.5
1795000 814.2
1800000 826.5
1805000 841.2
1810000 905.9
1815000 828.7
1820000 871.6
1825000 836.1
1830000 776.2
1835000 799.3
1840000 824.5
1845000 843.3
1850000 830.7
1855000 835.1
1860000 886.7
1865000 882.1
1870000 846.0
1875000 846.6
1880000 801.9
1885000 799.5
1890000 849.5
1895000 795.8
1900000 878.6
1905000 810.3
1910000 821.8
1915000 857.7
1920000 798.4
1925000 848.4
1930000 798.6
1935000 793.6
1940000 797.6
1945000 869.5
1950000 861.9
1955000 860.6
1960000 817.1
1965000 834.0
1970000 834.4
1975000 812.5
1980000 858.5
1985000 829.6
1990000 823.0
1995000 846.5
2000000 798.0
