5000 0.0
10000 0.0
15000 10.7
20000 0.0
25000 0.0
30000 0.0
35000 0.0
40000 0.9
45000 0.0
50000 0.0
55000 198.1
60000 0.0
65000 0.0
70000 0.0
75000 100.0
80000 100.0
85000 0.0
90000 100.0
95000 0.0
100000 0.0
105000 98.2
110000 0.0
115000 0.0
120000 0.0
125000 198.9
130000 100.0
135000 100.0
140000 0.0
145000 4.9
150000 0.0
155000 100.0
160000 100.0
165000 199.6
170000 0.0
175000 99.4
180000 0.0
185000 0.0
190000 0.0
195000 98.5
200000 0.0
205000 0.0
210000 0.0
215000 199.4
220000 100.0
225000 199.1
230000 100.0
235000 100.0
240000 0.0
245000 0.0
250000 0.0
255000 99.4
260000 0.0
265000 96.6
270000 0.0
275000 0.0
280000 100.0
285000 200.0
290000 100.0
295000 100.0
300000 99.2
305000 0.0
310000 0.0
315000 0.0
320000 100.0
325000 100.0
330000 0.0
335000 98.1
340000 100.0
345000 0.0
350000 0.0
355000 0.0
360000 100.0
365000 0.0
370000 0.0
375000 0.0
380000 100.0
385000 0.0
390000 0.0
395000 3.0
400000 0.0
405000 0.0
410000 0.0
415000 100.0
420000 100.0
425000 100.0
430000 100.0
435000 100.0
440000 0.0
445000 0.0
450000 0.0
455000 200.0
460000 0.0
465000 0.0
470000 100.0
475000 197.3
480000 0.0
485000 0.0
490000 100.0
495000 5.7
500000 0.0
505000 0.0
510000 0.0
515000 200.0
520000 96.0
525000 99.6
530000 0.0
535000 100.0
540000 97.9
545000 100.0
550000 100.0
555000 100.0
560000 0.0
565000 0.0
570000 0.0
575000 199.0
580000 97.8
585000 0.0
590000 0.0
595000 0.0
600000 200.0
605000 100.0
610000 0.0
615000 7.8
620000 0.0
625000 100.0
630000 100.0
635000 97.0
640000 0.0
645000 0.0
650000 0.0
655000 99.3
660000 295.2
665000 98.1
670000 0.0
675000 100.0
680000 0.0
685000 299.5
690000 199.2
695000 99.0
700000 0.0
705000 198.8
710000 0.0
715000 0.0
720000 11.1
725000 93.6
730000 377.9
735000 144.5
740000 649.9
745000 149.8
750000 633.7
755000 711.2
760000 599.9
765000 713.3
770000 432.1
775000 739.3
780000 725.5
785000 560.1
790000 698.0
795000 730.8
800000 626.8
805000 634.1
810000 894.7
815000 648.0
820000 554.1
825000 685.1
830000 855.1
835000 893.8
840000 732.1
845000 853.7
850000 856.8
855000 819.3
860000 818.3
865000 807.2
870000 890.5
875000 767.5
880000 809.2
885000 871.1
890000 744.9
895000 875.4
900000 837.2
905000 813.3
910000 790.6
915000 849.2
920000 846.8
925000 866.0
930000 785.9
935000 831.3
940000 825.0
945000 843.0
950000 822.8
955000 812.5
960000 789.9
965000 485.7
970000 599.1
975000 709.9
980000 570.9
985000 826.1
990000 895.4
995000 703.8
1000000 685.0
1005000 792.6
1010000 873.7
1015000 838.8
1020000 818.3
1025000 811.7
1030000 837.3
1035000 868.3
1040000 858.9
1045000 803.9
1050000 868.1
1055000 829.3
1060000 838.3
1065000 838.0
1070000 891.1
1075000 776.0
1080000 809.2
1085000 817.2
1090000 812.8
1095000 841.2
1100000 814.5
1105000 856.0
1110000 852.0
1115000 801.9
1120000 869.2
1125000 828.0
1130000 848.7
1135000 864.1
1140000 847.9
1145000 881.0
1150000 838.4
1155000 876.4
1160000 854.6
1165000 916.5
1170000 819.1
1175000 896.1
1180000 831.7
1185000 894.0
1190000 850.5
1195000 858.4
1200000 812.3
1205000 791.7
1210000 807.7
1215000 819.6
1220000 823.0
1225000 790.3
1230000 838.3
1235000 858.3
1240000 820.8
1245000 824.4
1250000 852.6
1255000 884.0
1260000 840.6
1265000 767.9
1270000 867.3
1275000 854.3
1280000 913.2
1285000 445.4
1290000 746.4
1295000 807.6
1300000 749.7
1305000 682.5
1310000 798.7
1315000 763.3
1320000 813.2
1325000 795.5
1330000 782.7
1335000 803.0
1340000 751.1
1345000 801.1
1350000 874.4
1355000 694.1
1360000 897.8
1365000 897.0
1370000 869.9
1375000 878.0
1380000 909.5
1385000 865.8
1390000 809.6
1395000 809.8
1400000 784.2
1405000 797.2
1410000 849.9
1415000 852.7
1420000 803.6
1425000 842.2
1430000 852.9
1435000 840.7
1440000 776.3
1445000 829.8
1450000 828.9
1455000 829.5
1460000 824.7
1465000 831.2
1470000 838.1
1475000 786.8
1480000 876.8
1485000 881.4
1490000 818.9
1495000 856.9
1500000 826.0
1505000 836.9
1510000 857.9
1515000 763.6
1520000 830.9
1525000 803.8
1530000 873.6
1535000 860.6
1540000 821.3
1545000 815.1
1550000 895.8
1555000 881.7
1560000 860.0
1565000 874.3
1570000 833.0
1575000 837.5
1580000 810.1
1585000 814.6
1590000 846.6
1595000 851.0
1600000 825.5
1605000 403.0
1610000 475.6
1615000 719.2
1620000 657.9
1625000 775.5
1630000 720.6
1635000 844.3
1640000 762.4
1645000 899.3
1650000 819.4
1655000 853.1
1660000 712.5
1665000 726.7
1670000 668.3
1675000 859.5
1680000 843.2
1685000 741.1
1690000 826.5
1695000 833.5
1700000 745.2
1705000 856.1
1710000 889.2
1715000 831.4
1720000 823.3
1725000 766.5
1730000 765.3
1735000 670.3
1740000 833.9
1745000 869.2
1750000 674.7
1755000 710.6
1760000 869.3
1765000 821.9
1770000 861.9
1775000 777.7
1780000 889.2
1785000 862.2
1790000 778.6
1795000 819.2
1800000 872.0
1805000 830.8
1810000 911.4
1815000 798.9
1820000 787.0
1825000 776.0
1830000 778.8
1835000 872.3
1840000 788.7
1845000 877.1
1850000 834.2
1855000 851.7
1860000 844.4
1865000 875.9
1870000 871.8
1875000 849.7
1880000 821.8
1885000 792.4
1890000 859.9
1895000 870.1
1900000 851.7
1905000 758.0
1910000 852.1
1915000 774.1
1920000 838.3
1925000 836.6
1930000 891.6
1935000 861.8
1940000 820.3
1945000 871.1
1950000 832.5
1955000 818.1
1960000 867.9
1965000 816.9
1970000 842.7
1975000 810.3
1980000 887.2
1985000 881.2
1990000 890.9
1995000 856.3
2000000 890.5
