5000 0.0
10000 2.0
15000 1.5
20000 0.0
25000 0.2
30000 0.0
35000 2.1
40000 4.6
45000 0.0
50000 35.7
55000 368.7
60000 520.3
65000 347.3
70000 454.9
75000 479.6
80000 631.0
85000 882.2
90000 527.0
95000 707.8
100000 750.4
105000 714.5
110000 774.5
115000 799.7
120000 601.7
125000 788.6
130000 617.8
135000 699.3
140000 611.8
145000 689.4
150000 442.6
155000 595.3
160000 832.6
165000 678.0
170000 791.9
175000 681.7
180000 495.0
185000 886.4
190000 705.4
195000 735.1
200000 872.7
205000 673.6
210000 689.4
215000 675.5
220000 817.2
225000 490.7
230000 808.2
235000 779.6
240000 780.9
245000 593.0
250000 689.5
255000 700.8
260000 801.1
265000 865.9
270000 903.5
275000 858.3
280000 691.5
285000 810.4
290000 624.8
295000 813.4
300000 770.8
305000 839.7
310000 875.5
315000 876.4
320000 704.5
325000 629.7
330000 599.5
335000 440.3
340000 505.5
345000 697.9
350000 623.8
355000 777.2
360000 605.7
365000 743.5
370000 659.8
375000 801.5
380000 876.1
385000 791.8
390000 769.2
395000 881.6
400000 711.9
405000 596.0
410000 688.6
415000 733.0
420000 695.0
425000 838.4
430000 618.4
435000 751.0
440000 845.3
445000 681.3
450000 572.5
455000 874.5
460000 780.0
465000 701.4
470000 615.8
475000 778.7
480000 854.7
485000 676.2
490000 689.4
495000 742.5
500000 928.5
505000 783.0
510000 788.3
515000 709.7
520000 598.3
525000 777.9
530000 873.9
535000 784.1
540000 906.1
545000 753.7
550000 744.4
555000 756.3
560000 817.0
565000 743.4
570000 662.2
575000 879.0
580000 853.3
585000 786.7
590000 701.9
595000 823.1
600000 853.5
605000 815.7
610000 766.3
615000 703.2
620000 784.7
625000 831.4
630000 850.9
635000 603.1
640000 837.9
645000 393.3
650000 789.8
655000 668.1
660000 797.8
665000 788.4
670000 846.4
675000 844.0
680000 784.2
685000 782.6
690000 818.7
695000 924.9
700000 655.1
705000 862.8
710000 681.5
715000 766.2
720000 856.1
725000 807.9
730000 640.6
735000 843.6
740000 788.5
745000 875.2
750000 785.5
755000 653.2
760000 610.5
765000 781.4
770000 826.6
775000 690.3
780000 734.9
785000 790.8
790000 867.7
795000 859.3
800000 887.5
805000 860.3
810000 838.3
815000 765.4
820000 736.5
825000 757.9
830000 739.0
835000 784.8
840000 835.1
845000 851.1
850000 814.2
855000 447.8
860000 776.6
865000 865.5
870000 894.4
875000 854.1
880000 508.1
885000 761.4
890000 864.2
895000 802.4
900000 763.6
905000 834.3
910000 854.8
915000 839.2
920000 859.7
925000 693.7
930000 882.8
935000 758.7
940000 856.0
945000 856.8
950000 803.4
955000 848.0
960000 815.0
965000 469.9
970000 687.0
975000 559.2
980000 725.9
985000 696.5
990000 654.6
995000 797.4
1000000 554.9
1005000 782.0
1010000 618.2
1015000 645.9
1020000 814.0
1025000 782.0
1030000 836.3
1035000 717.1
1040000 794.0
1045000 724.4
1050000 705.0
1055000 683.3
1060000 709.2
1065000 704.6
1070000 873.2
1075000 744.6
1080000 573.5
1085000 724.4
1090000 776.5
1095000 554.9
1100000 864.5
1105000 692.7
1110000 721.3
1115000 663.1
1120000 888.5
1125000 638.0
1130000 842.4
1135000 708.0
1140000 849.6
1145000 827.3
1150000 838.9
1155000 779.7
1160000 744.7
1165000 800.7
1170000 583.9
1175000 862.2
1180000 724.4
1185000 761.5
1190000 704.7
1195000 779.8
1200000 876.1
1205000 741.7
1210000 841.0
1215000 765.0
1220000 728.8
1225000 830.3
1230000 737.8
1235000 900.7
1240000 878.5
1245000 821.0
1250000 803.4
1255000 842.2
1260000 826.0
1265000 821.7
1270000 801.7
1275000 853.2
1280000 872.9
1285000 85.1
1290000 561.3
1295000 825.0
1300000 694.9
1305000 593.5
1310000 787.6
1315000 760.6
1320000 799.4
1325000 797.7
1330000 872.2
1335000 863.0
1340000 862.3
1345000 830.5
1350000 871.9
1355000 841.3
1360000 831.5
1365000 857.5
1370000 841.6
1375000 840.3
1380000 837.5
1385000 797.0
1390000 818.1
1395000 866.8
1400000 812.4
1405000 837.8
1410000 822.7
1415000 820.7
1420000 864.4
1425000 836.5
1430000 822.6
1435000 838.5
1440000 864.6
1445000 810.2
1450000 848.2
1455000 832.4
1460000 874.5
1465000 877.8
1470000 867.3
1475000 883.5
1480000 850.6
1485000 823.7
1490000 858.6
1495000 812.7
1500000 840.8
1505000 854.9
1510000 841.9
1515000 832.6
1520000 910.8
1525000 833.2
1530000 880.9
1535000 844.3
1540000 802.1
1545000 876.2
1550000 861.1
1555000 860.9
1560000 867.5
1565000 846.0
1570000 829.7
1575000 862.0
1580000 879.8
1585000 815.9
1590000 773.4
1595000 807.8
1600000 852.6
1605000 532.3
1610000 634.6
1615000 826.7
1620000 778.8
1625000 529.1
1630000 864.1
1635000 813.7
1640000 714.6
1645000 744.0
1650000 853.5
1655000 832.4
1660000 789.5
1665000 841.9
1670000 878.4
1675000 808.2
1680000 814.7
1685000 888.2
1690000 758.3
1695000 798.4
1700000 829.7
1705000 870.9
1710000 847.7
1715000 862.5
1720000 843.8
1725000 864.2
1730000 847.1
1735000 800.5
1740000 820.2
1745000 845.8
1750000 787.1
1755000 884.3
1760000 839.0
1765000 861.8
1770000 828.4
1775000 885.9
1780000 853.1
1785000 822.7
1790000 822.2
1795000 802.9
1800000 820.8
1805000 887.1
1810000 855.8
1815000 851.6
1820000 812.5
1825000 839.5
1830000 727.0
1835000 819.7
1840000 809.9
1845000 822.9
1850000 785.1
1855000 876.9
1860000 854.4
1865000 829.6
1870000 846.4
1875000 809.0
1880000 855.6
1885000 912.7
1890000 848.4
1895000 860.4
1900000 808.0
1905000 829.0
1910000 806.6
1915000 900.2
1920000 844.7
1925000 868.1
1930000 840.5
1935000 852.0
1940000 863.7
1945000 859.1
1950000 824.7
1955000 821.6
1960000 881.9
1965000 759.3
1970000 879.9
1975000 804.0
1980000 851.6
1985000 816.9
1990000 824.5
1995000 877.2
2000000 854.8
