5000 12.2
10000 8.9
15000 0.1
20000 0.3
25000 102.3
30000 79.5
35000 111.7
40000 429.5
45000 547.2
50000 602.8
55000 345.8
60000 516.7
65000 623.3
70000 709.8
75000 694.9
80000 709.7
85000 722.6
90000 719.8
95000 728.2
100000 739.4
105000 738.7
110000 739.1
115000 754.4
120000 770.2
125000 767.5
130000 775.8
135000 775.0
140000 789.9
145000 788.0
150000 767.3
155000 763.5
160000 806.5
165000 795.8
170000 783.4
175000 802.6
180000 799.7
185000 782.1
190000 815.8
195000 782.4
200000 824.4
205000 824.3
210000 846.1
215000 832.6
220000 843.3
225000 840.9
230000 862.4
235000 841.2
240000 863.8
245000 865.2
250000 876.3
255000 868.2
260000 874.4
265000 880.8
270000 872.9
275000 874.4
280000 882.9
285000 887.0
290000 880.8
295000 885.8
300000 883.3
305000 882.0
310000 880.7
315000 885.7
320000 816.4
325000 887.2
330000 886.0
335000 886.1
340000 883.3
345000 886.1
350000 887.8
355000 887.3
360000 889.9
365000 886.8
370000 887.0
375000 888.7
380000 886.5
385000 891.2
390000 888.2
395000 886.6
400000 890.2
405000 888.6
410000 890.8
415000 889.1
420000 890.4
425000 889.6
430000 889.6
435000 889.0
440000 892.1
445000 891.5
450000 888.5
455000 887.9
460000 895.5
465000 891.7
470000 890.7
475000 889.7
480000 889.0
485000 893.3
490000 892.0
495000 889.4
500000 894.8
505000 889.6
510000 893.8
515000 893.3
520000 889.1
525000 892.7
530000 893.2
535000 894.3
540000 894.7
545000 898.2
550000 894.6
555000 895.2
560000 896.0
565000 898.2
570000 895.4
575000 895.8
580000 895.2
585000 898.3
590000 897.0
595000 896.8
600000 897.8
605000 896.0
610000 897.4
615000 898.8
620000 896.5
625000 898.8
630000 898.8
635000 896.9
640000 899.8
645000 897.3
650000 898.9
655000 900.0
660000 895.7
665000 898.8
670000 898.3
675000 902.6
680000 900.2
685000 900.7
690000 899.2
695000 901.9
700000 899.5
705000 898.2
710000 900.6
715000 900.0
720000 899.0
725000 899.6
730000 900.6
735000 902.3
740000 901.9
745000 900.7
750000 900.2
755000 902.2
760000 899.6
765000 901.8
770000 901.5
775000 900.4
780000 902.4
785000 904.1
790000 903.8
795000 901.7
800000 903.4
805000 902.3
810000 902.5
815000 903.6
820000 903.6
825000 904.0
830000 903.0
835000 902.8
840000 902.1
845000 900.5
850000 901.6
855000 904.6
860000 904.9
865000 905.6
870000 906.5
875000 907.0
880000 904.4
885000 906.0
890000 906.3
895000 905.4
900000 903.9
905000 903.1
910000 906.6
915000 905.5
920000 905.7
925000 905.2
930000 906.9
935000 906.7
940000 909.3
945000 906.0
950000 906.2
955000 905.7
960000 907.5
965000 907.5
970000 906.0
975000 904.0
980000 905.8
985000 907.6
990000 908.3
995000 908.2
1000000 904.4
