5000 13.7
10000 9.3
15000 0.2
20000 15.8
25000 150.4
30000 276.0
35000 383.2
40000 417.6
45000 476.9
50000 178.3
55000 414.1
60000 582.0
65000 621.6
70000 636.5
75000 250.6
80000 670.0
85000 682.0
90000 699.8
95000 727.9
100000 725.0
105000 722.7
110000 752.5
115000 762.9
120000 769.9
125000 783.1
130000 788.4
135000 779.7
140000 796.3
145000 797.1
150000 801.9
155000 798.7
160000 802.0
165000 796.8
170000 813.1
175000 812.5
180000 829.4
185000 825.9
190000 816.0
195000 835.4
200000 805.9
205000 829.5
210000 819.8
215000 822.6
220000 832.8
225000 837.7
230000 840.8
235000 849.5
240000 838.6
245000 838.4
250000 854.8
255000 838.5
260000 829.0
265000 848.5
270000 857.2
275000 854.5
280000 861.1
285000 843.6
290000 868.0
295000 858.4
300000 851.3
305000 869.2
310000 864.4
315000 860.2
320000 876.3
325000 883.2
330000 877.3
335000 886.6
340000 887.2
345000 880.3
350000 887.4
355000 883.5
360000 887.1
365000 871.4
370000 886.7
375000 893.4
380000 892.2
385000 870.9
390000 879.1
395000 887.4
400000 883.0
405000 893.8
410000 891.4
415000 804.7
420000 891.0
425000 891.3
430000 891.5
435000 866.1
440000 895.3
445000 891.6
450000 885.1
455000 895.3
460000 895.0
465000 889.0
470000 890.5
475000 893.4
480000 895.3
485000 863.8
490000 880.7
495000 896.5
500000 896.1
505000 891.3
510000 884.0
515000 897.1
520000 898.7
525000 897.9
530000 895.1
535000 900.0
540000 855.5
545000 850.5
550000 898.4
555000 896.1
560000 867.3
565000 897.8
570000 897.8
575000 891.6
580000 886.7
585000 891.3
590000 900.4
595000 900.7
600000 885.7
605000 896.5
610000 900.1
615000 891.1
620000 867.7
625000 899.8
630000 892.9
635000 900.0
640000 899.6
645000 900.0
650000 901.3
655000 887.9
660000 896.9
665000 899.6
670000 902.8
675000 899.7
680000 900.1
685000 898.3
690000 900.1
695000 900.2
700000 899.4
705000 900.5
710000 899.2
715000 901.0
720000 904.8
725000 903.0
730000 900.6
735000 902.5
740000 901.6
745000 896.5
750000 58.7
755000 899.6
760000 897.6
765000 898.7
770000 902.6
775000 901.6
780000 900.9
785000 293.2
790000 901.3
795000 900.8
800000 903.1
805000 901.7
810000 902.9
815000 902.4
820000 902.5
825000 901.6
830000 900.4
835000 890.1
840000 904.9
845000 902.2
850000 903.0
855000 902.1
860000 901.1
865000 902.7
870000 901.3
875000 902.6
880000 897.8
885000 901.0
890000 904.3
895000 902.3
900000 903.4
905000 901.8
910000 899.0
915000 905.9
920000 905.2
925000 902.0
930000 903.4
935000 903.1
940000 905.3
945000 902.3
950000 901.2
955000 902.5
960000 902.2
965000 903.9
970000 895.8
975000 897.8
980000 904.1
985000 906.3
990000 904.9
995000 906.2
1000000 899.1
