5000 1.1
10000 0.9
15000 1.1
20000 20.1
25000 58.2
30000 197.5
35000 238.5
40000 422.1
45000 505.0
50000 604.6
55000 644.6
60000 675.7
65000 729.5
70000 739.5
75000 763.4
80000 771.9
85000 766.8
90000 794.7
95000 796.3
100000 802.0
105000 805.5
110000 822.7
115000 803.6
120000 826.7
125000 824.7
130000 832.7
135000 839.9
140000 845.4
145000 834.7
150000 839.2
155000 848.1
160000 847.8
165000 854.5
170000 854.2
175000 865.3
180000 858.5
185000 862.9
190000 868.5
195000 871.3
200000 869.1
205000 842.6
210000 870.6
215000 858.8
220000 872.2
225000 880.3
230000 875.9
235000 873.6
240000 875.1
245000 879.3
250000 885.0
255000 844.2
260000 881.1
265000 881.0
270000 881.0
275000 887.9
280000 882.9
285000 881.0
290000 888.3
295000 885.5
300000 889.3
305000 880.9
310000 879.3
315000 885.2
320000 887.0
325000 885.0
330000 888.5
335000 869.4
340000 885.0
345000 894.1
350000 883.1
355000 881.3
360000 885.2
365000 890.1
370000 888.9
375000 890.3
380000 887.0
385000 896.1
390000 894.8
395000 891.4
400000 891.8
405000 894.7
410000 896.6
415000 895.6
420000 894.4
425000 897.0
430000 897.8
435000 902.7
440000 896.4
445000 901.3
450000 904.5
455000 900.5
460000 901.2
465000 902.4
470000 902.1
475000 900.1
480000 904.6
485000 899.6
490000 904.1
495000 905.1
500000 905.4
505000 905.3
510000 903.2
515000 902.4
520000 904.8
525000 904.6
530000 904.2
535000 905.4
540000 906.3
545000 905.9
550000 906.9
555000 905.7
560000 896.6
565000 906.4
570000 905.9
575000 908.3
580000 906.3
585000 909.4
590000 906.8
595000 908.6
600000 905.9
605000 908.6
610000 910.2
615000 907.7
620000 909.3
625000 908.7
630000 907.6
635000 910.4
640000 908.5
645000 909.1
650000 908.3
655000 906.9
660000 907.8
665000 911.8
670000 908.1
675000 910.4
680000 909.4
685000 909.4
690000 910.2
695000 910.6
700000 910.5
705000 910.1
710000 909.5
715000 911.1
720000 910.8
725000 910.7
730000 913.1
735000 910.3
740000 910.6
745000 911.1
750000 911.6
755000 911.4
760000 909.2
765000 912.6
770000 912.3
775000 913.1
780000 911.2
785000 912.0
790000 912.6
795000 913.1
800000 911.7
805000 912.0
810000 911.8
815000 911.6
820000 912.4
825000 913.4
830000 911.8
835000 912.6
840000 910.4
845000 911.5
850000 913.1
855000 911.7
860000 910.7
865000 912.9
870000 913.7
875000 913.8
880000 912.3
885000 912.9
890000 913.5
895000 913.8
900000 913.9
905000 911.6
910000 915.4
915000 912.6
920000 913.5
925000 913.4
930000 913.1
935000 913.9
940000 914.1
945000 913.2
950000 913.9
955000 913.7
960000 913.8
965000 914.1
970000 912.1
975000 913.2
980000 913.3
985000 914.6
990000 914.5
995000 913.5
1000000 915.4
