5000 1.3
10000 1.4
15000 0.2
20000 15.1
25000 92.1
30000 166.0
35000 60.3
40000 427.5
45000 463.6
50000 533.0
55000 561.3
60000 413.2
65000 603.1
70000 671.2
75000 686.7
80000 589.7
85000 721.7
90000 742.2
95000 713.1
100000 719.9
105000 742.4
110000 795.8
115000 778.1
120000 796.6
125000 819.5
130000 818.0
135000 835.1
140000 827.7
145000 827.8
150000 835.5
155000 862.6
160000 860.1
165000 859.0
170000 860.8
175000 865.6
180000 866.5
185000 867.7
190000 868.6
195000 859.7
200000 871.2
205000 867.2
210000 873.4
215000 873.3
220000 870.4
225000 875.0
230000 877.9
235000 873.4
240000 878.8
245000 867.4
250000 873.4
255000 880.8
260000 871.2
265000 874.1
270000 880.1
275000 881.8
280000 885.5
285000 874.7
290000 884.4
295000 885.4
300000 888.4
305000 881.5
310000 888.5
315000 886.1
320000 882.6
325000 882.1
330000 881.3
335000 885.3
340000 881.7
345000 893.0
350000 889.5
355000 889.4
360000 890.5
365000 886.5
370000 892.2
375000 893.8
380000 891.4
385000 894.6
390000 895.3
395000 894.3
400000 894.4
405000 897.1
410000 893.6
415000 893.4
420000 896.0
425000 895.5
430000 893.8
435000 899.1
440000 893.4
445000 896.5
450000 895.7
455000 893.5
460000 896.9
465000 899.0
470000 896.9
475000 896.8
480000 896.6
485000 899.3
490000 898.5
495000 899.1
500000 897.9
505000 899.5
510000 896.5
515000 900.4
520000 899.3
525000 900.2
530000 898.1
535000 898.2
540000 900.6
545000 899.3
550000 901.0
555000 896.0
560000 899.2
565000 900.9
570000 898.2
575000 899.1
580000 901.9
585000 899.5
590000 898.7
595000 897.9
600000 902.2
605000 900.3
610000 900.4
615000 900.5
620000 902.3
625000 901.3
630000 899.8
635000 900.9
640000 902.0
645000 902.2
650000 899.7
655000 900.6
660000 903.5
665000 904.5
670000 901.4
675000 899.0
680000 904.1
685000 902.5
690000 903.9
695000 902.6
700000 899.8
705000 902.1
710000 903.0
715000 903.3
720000 900.8
725000 903.2
730000 903.0
735000 900.6
740000 904.4
745000 902.3
750000 902.8
755000 905.1
760000 903.5
765000 904.0
770000 904.1
775000 903.7
780000 901.0
785000 905.4
790000 906.7
795000 903.6
800000 902.5
805000 905.1
810000 903.4
815000 905.2
820000 906.7
825000 905.0
830000 907.6
835000 903.1
840000 905.2
845000 903.2
850000 906.4
855000 904.6
860000 904.0
865000 905.5
870000 904.8
875000 906.6
880000 905.8
885000 904.9
890000 905.0
895000 906.2
900000 906.8
905000 903.0
910000 905.9
915000 906.2
920000 906.6
925000 905.5
930000 905.4
935000 904.6
940000 905.3
945000 905.6
950000 905.5
955000 906.8
960000 907.4
965000 907.5
970000 905.9
975000 906.4
980000 907.6
985000 907.4
990000 906.2
995000 906.4
1000000 904.9
