5000 4.2
10000 3.9
15000 0.2
20000 2.9
25000 83.7
30000 106.9
35000 144.0
40000 111.5
45000 268.6
50000 392.7
55000 493.9
60000 587.7
65000 605.5
70000 671.0
75000 694.1
80000 700.6
85000 720.4
90000 721.2
95000 718.2
100000 712.3
105000 728.3
110000 741.1
115000 760.4
120000 760.7
125000 770.1
130000 775.4
135000 773.0
140000 771.9
145000 789.9
150000 797.6
155000 802.1
160000 803.3
165000 805.7
170000 803.3
175000 816.8
180000 819.4
185000 793.1
190000 817.8
195000 829.0
200000 826.7
205000 817.7
210000 814.9
215000 817.8
220000 860.0
225000 864.0
230000 846.9
235000 834.9
240000 845.8
245000 864.8
250000 870.3
255000 871.1
260000 868.3
265000 868.5
270000 865.6
275000 866.5
280000 858.6
285000 877.7
290000 876.3
295000 871.2
300000 878.8
305000 874.3
310000 876.1
315000 877.5
320000 880.6
325000 877.2
330000 873.9
335000 874.2
340000 878.2
345000 880.6
350000 880.8
355000 882.5
360000 884.2
365000 883.9
370000 880.3
375000 879.0
380000 876.5
385000 882.0
390000 884.9
395000 884.3
400000 879.9
405000 885.0
410000 885.3
415000 883.3
420000 882.1
425000 882.4
430000 885.3
435000 885.1
440000 884.8
445000 889.5
450000 882.8
455000 887.7
460000 885.4
465000 887.4
470000 888.1
475000 888.5
480000 890.1
485000 887.6
490000 892.0
495000 889.6
500000 889.2
505000 892.4
510000 889.4
515000 886.5
520000 888.2
525000 891.0
530000 889.8
535000 889.7
540000 890.1
545000 891.1
550000 892.0
555000 889.4
560000 890.2
565000 893.5
570000 892.9
575000 891.5
580000 889.6
585000 891.5
590000 894.7
595000 892.4
600000 893.9
605000 893.7
610000 894.0
615000 896.3
620000 894.1
625000 895.9
630000 896.0
635000 894.4
640000 895.6
645000 894.5
650000 893.2
655000 895.9
660000 895.6
665000 897.0
670000 898.2
675000 896.5
680000 897.0
685000 897.1
690000 895.9
695000 895.7
700000 899.7
705000 897.2
710000 899.4
715000 899.7
720000 899.2
725000 898.8
730000 899.9
735000 898.4
740000 898.8
745000 898.1
750000 897.4
755000 900.1
760000 900.8
765000 899.8
770000 900.4
775000 899.5
780000 900.3
785000 900.5
790000 902.1
795000 902.2
800000 902.3
805000 900.5
810000 900.2
815000 899.7
820000 901.3
825000 903.3
830000 903.1
835000 903.8
840000 902.4
845000 903.5
850000 903.6
855000 903.8
860000 904.0
865000 903.9
870000 903.8
875000 903.7
880000 903.8
885000 904.1
890000 902.1
895000 902.9
900000 904.1
905000 905.5
910000 901.6
915000 906.1
920000 906.3
925000 903.2
930000 905.9
935000 905.7
940000 905.1
945000 907.3
950000 905.4
955000 905.4
960000 904.6
965000 904.6
970000 905.1
975000 905.6
980000 907.1
985000 906.7
990000 903.4
995000 905.0
1000000 907.2
