5000 2.5
10000 2.0
15000 0.2
20000 0.9
25000 179.6
30000 311.2
35000 229.4
40000 180.7
45000 334.1
50000 522.8
55000 582.0
60000 603.2
65000 661.1
70000 699.7
75000 636.0
80000 653.4
85000 725.7
90000 714.1
95000 732.5
100000 743.9
105000 735.7
110000 749.5
115000 759.0
120000 758.0
125000 773.4
130000 776.4
135000 781.0
140000 773.0
145000 771.5
150000 784.5
155000 790.8
160000 792.6
165000 787.1
170000 755.0
175000 764.3
180000 788.2
185000 804.4
190000 807.6
195000 800.9
200000 809.7
205000 821.1
210000 807.8
215000 819.5
220000 827.3
225000 838.0
230000 815.5
235000 838.8
240000 816.7
245000 843.5
250000 836.4
255000 825.9
260000 842.3
265000 868.0
270000 852.0
275000 857.9
280000 870.5
285000 855.4
290000 834.6
295000 864.0
300000 877.1
305000 862.1
310000 873.9
315000 864.4
320000 879.7
325000 871.6
330000 868.6
335000 824.7
340000 881.6
345000 881.2
350000 866.9
355000 871.0
360000 885.0
365000 886.6
370000 880.0
375000 886.1
380000 879.7
385000 887.4
390000 887.4
395000 878.1
400000 886.9
405000 878.1
410000 882.7
415000 884.5
420000 886.9
425000 889.7
430000 886.2
435000 885.5
440000 886.7
445000 888.1
450000 887.8
455000 887.4
460000 888.5
465000 882.2
470000 886.3
475000 889.0
480000 889.8
485000 890.4
490000 892.3
495000 889.1
500000 889.6
505000 890.2
510000 890.1
515000 893.0
520000 889.8
525000 891.2
530000 891.1
535000 892.0
540000 885.1
545000 889.4
550000 886.2
555000 886.1
560000 891.2
565000 891.7
570000 891.8
575000 890.8
580000 891.0
585000 893.3
590000 890.7
595000 894.1
600000 892.5
605000 893.2
610000 893.7
615000 894.8
620000 893.4
625000 893.0
630000 895.5
635000 896.7
640000 897.8
645000 892.6
650000 896.2
655000 894.3
660000 894.5
665000 892.8
670000 895.1
675000 896.5
680000 896.7
685000 894.7
690000 894.7
695000 895.1
700000 895.3
705000 895.8
710000 895.2
715000 893.9
720000 896.2
725000 895.1
730000 894.3
735000 896.3
740000 893.8
745000 897.2
750000 899.4
755000 898.3
760000 897.8
765000 896.6
770000 898.9
775000 898.5
780000 895.4
785000 897.3
790000 899.8
795000 897.6
800000 899.4
805000 895.2
810000 897.5
815000 894.7
820000 896.9
825000 898.7
830000 899.0
835000 901.1
840000 899.8
845000 898.8
850000 899.0
855000 898.4
860000 899.5
865000 897.7
870000 901.3
875000 896.7
880000 899.2
885000 898.7
890000 899.3
895000 900.0
900000 899.3
905000 900.8
910000 898.3
915000 898.4
920000 899.0
925000 901.9
930000 899.9
935000 900.0
940000 901.7
945000 900.3
950000 899.7
955000 899.9
960000 900.7
965000 899.7
970000 900.8
975000 901.9
980000 900.8
985000 901.5
990000 902.7
995000 900.3
1000000 902.3
