5000 0.2
10000 0.2
15000 1.1
20000 19.3
25000 36.7
30000 302.5
35000 411.1
40000 408.8
45000 330.1
50000 241.8
55000 578.9
60000 643.8
65000 644.1
70000 663.2
75000 602.0
80000 585.7
85000 697.9
90000 683.3
95000 731.9
100000 642.3
105000 739.7
110000 730.9
115000 750.8
120000 762.5
125000 752.9
130000 770.5
135000 777.2
140000 790.2
145000 741.3
150000 794.3
155000 810.2
160000 818.6
165000 818.0
170000 785.8
175000 819.0
180000 812.5
185000 833.8
190000 846.8
195000 819.6
200000 813.0
205000 848.3
210000 846.8
215000 851.4
220000 847.9
225000 858.4
230000 873.4
235000 866.1
240000 860.6
245000 867.6
250000 866.1
255000 859.4
260000 835.9
265000 873.9
270000 865.3
275000 864.0
280000 867.7
285000 871.7
290000 866.2
295000 874.6
300000 879.4
305000 875.9
310000 883.0
315000 875.0
320000 881.6
325000 881.9
330000 878.0
335000 874.8
340000 883.9
345000 887.4
350000 884.5
355000 883.8
360000 879.5
365000 883.3
370000 884.4
375000 889.0
380000 883.6
385000 880.8
390000 885.8
395000 883.1
400000 890.0
405000 887.0
410000 888.4
415000 887.4
420000 890.7
425000 888.8
430000 890.3
435000 890.5
440000 892.2
445000 875.5
450000 890.6
455000 894.7
460000 894.3
465000 893.5
470000 893.6
475000 898.6
480000 895.7
485000 896.6
490000 898.4
495000 896.6
500000 885.6
505000 896.7
510000 898.5
515000 894.8
520000 893.4
525000 894.8
530000 901.0
535000 894.3
540000 900.7
545000 900.7
550000 898.7
555000 899.8
560000 897.4
565000 898.0
570000 900.1
575000 899.2
580000 898.6
585000 900.2
590000 901.8
595000 899.4
600000 896.5
605000 903.8
610000 896.5
615000 902.5
620000 903.5
625000 902.6
630000 900.4
635000 902.8
640000 903.0
645000 903.4
650000 904.8
655000 902.3
660000 905.8
665000 905.1
670000 906.3
675000 901.9
680000 902.8
685000 901.8
690000 905.7
695000 906.4
700000 905.3
705000 904.0
710000 904.2
715000 905.5
720000 906.1
725000 908.2
730000 907.0
735000 907.2
740000 907.2
745000 906.1
750000 906.2
755000 908.3
760000 908.9
765000 906.8
770000 907.8
775000 907.7
780000 907.9
785000 907.9
790000 909.9
795000 908.0
800000 908.5
805000 907.0
810000 836.1
815000 907.2
820000 909.7
825000 908.3
830000 908.2
835000 909.6
840000 909.6
845000 907.6
850000 909.2
855000 907.9
860000 908.6
865000 908.6
870000 909.0
875000 910.2
880000 908.2
885000 906.9
890000 908.9
895000 910.2
900000 908.0
905000 908.4
910000 909.3
915000 909.4
920000 911.3
925000 906.7
930000 910.6
935000 907.8
940000 909.1
945000 909.8
950000 909.9
955000 907.0
960000 911.8
965000 911.7
970000 911.1
975000 910.8
980000 911.2
985000 908.2
990000 911.8
995000 909.7
1000000 910.4
