5000 0.8
10000 0.8
15000 0.2
20000 27.4
25000 130.6
30000 299.2
35000 346.7
40000 559.1
45000 610.9
50000 375.7
55000 704.9
60000 727.5
65000 753.0
70000 785.4
75000 763.6
80000 758.7
85000 795.0
90000 801.4
95000 816.6
100000 803.2
105000 830.0
110000 842.9
115000 838.9
120000 851.4
125000 860.2
130000 852.7
135000 871.9
140000 861.5
145000 836.2
150000 861.8
155000 881.3
160000 876.4
165000 878.7
170000 881.3
175000 885.6
180000 887.5
185000 880.8
190000 889.4
195000 884.6
200000 891.6
205000 891.3
210000 896.3
215000 894.6
220000 893.7
225000 886.8
230000 888.4
235000 894.7
240000 893.4
245000 894.8
250000 892.7
255000 894.1
260000 896.4
265000 900.8
270000 902.1
275000 899.9
280000 900.7
285000 899.5
290000 880.8
295000 907.1
300000 907.2
305000 906.1
310000 905.8
315000 905.9
320000 902.9
325000 903.2
330000 906.0
335000 907.9
340000 907.5
345000 904.8
350000 884.6
355000 910.9
360000 909.9
365000 909.9
370000 910.5
375000 909.1
380000 910.8
385000 910.3
390000 910.8
395000 911.4
400000 911.9
405000 912.3
410000 912.5
415000 911.4
420000 913.4
425000 912.0
430000 912.1
435000 913.2
440000 914.5
445000 912.2
450000 914.1
455000 913.7
460000 913.9
465000 914.4
470000 913.2
475000 913.2
480000 912.8
485000 911.2
490000 913.2
495000 836.8
500000 910.1
505000 914.8
510000 915.2
515000 917.0
520000 914.8
525000 916.9
530000 916.4
535000 914.0
540000 917.0
545000 914.9
550000 914.6
555000 916.9
560000 914.6
565000 915.8
570000 912.7
575000 915.7
580000 914.3
585000 911.4
590000 916.3
595000 910.8
600000 917.0
605000 912.4
610000 917.6
615000 913.9
620000 915.2
625000 915.0
630000 916.4
635000 917.5
640000 913.8
645000 918.8
650000 918.3
655000 917.7
660000 917.1
665000 917.6
670000 916.5
675000 917.2
680000 918.6
685000 918.2
690000 915.2
695000 918.0
700000 919.8
705000 919.8
710000 918.3
715000 920.8
720000 916.9
725000 918.8
730000 911.1
735000 919.3
740000 920.1
745000 920.1
750000 918.3
755000 919.1
760000 917.6
765000 920.5
770000 920.4
775000 916.2
780000 919.9
785000 919.8
790000 919.8
795000 917.9
800000 916.7
805000 917.7
810000 920.5
815000 915.7
820000 919.1
825000 831.8
830000 917.7
835000 920.8
840000 921.8
845000 920.4
850000 921.3
855000 921.1
860000 921.5
865000 920.9
870000 920.7
875000 842.6
880000 921.0
885000 919.2
890000 919.7
895000 919.1
900000 919.4
905000 921.2
910000 921.0
915000 917.7
920000 920.5
925000 919.3
930000 922.4
935000 920.5
940000 921.7
945000 920.3
950000 919.9
955000 921.5
960000 920.2
965000 922.2
970000 915.3
975000 920.8
980000 918.0
985000 921.8
990000 921.3
995000 921.4
1000000 921.2
