5000 1.3
10000 1.2
15000 0.1
20000 23.6
25000 139.0
30000 88.5
35000 283.2
40000 447.8
45000 467.7
50000 437.3
55000 538.4
60000 575.3
65000 624.3
70000 647.9
75000 693.7
80000 706.3
85000 720.5
90000 726.6
95000 726.6
100000 733.6
105000 741.0
110000 737.7
115000 740.1
120000 747.9
125000 753.0
130000 753.8
135000 760.8
140000 753.5
145000 752.7
150000 772.8
155000 716.1
160000 781.5
165000 779.4
170000 773.0
175000 775.3
180000 782.0
185000 778.9
190000 789.5
195000 794.2
200000 789.6
205000 777.5
210000 797.1
215000 807.7
220000 782.2
225000 819.7
230000 811.0
235000 830.4
240000 821.2
245000 822.3
250000 837.9
255000 843.0
260000 839.1
265000 840.6
270000 854.2
275000 839.2
280000 862.4
285000 862.1
290000 860.9
295000 871.6
300000 860.0
305000 863.5
310000 854.2
315000 874.0
320000 881.1
325000 859.2
330000 867.4
335000 873.7
340000 879.7
345000 877.2
350000 881.9
355000 875.9
360000 882.7
365000 880.9
370000 877.5
375000 880.2
380000 884.1
385000 883.6
390000 882.6
395000 878.6
400000 884.2
405000 887.5
410000 884.7
415000 884.6
420000 887.9
425000 870.2
430000 886.7
435000 883.7
440000 880.1
445000 872.1
450000 887.2
455000 886.0
460000 885.6
465000 886.3
470000 886.6
475000 885.1
480000 889.6
485000 885.6
490000 890.6
495000 885.0
500000 882.4
505000 890.3
510000 886.3
515000 888.9
520000 892.5
525000 888.9
530000 893.4
535000 888.9
540000 892.1
545000 889.4
550000 891.6
555000 888.2
560000 889.2
565000 891.7
570000 890.8
575000 894.1
580000 893.8
585000 888.0
590000 891.6
595000 894.2
600000 892.0
605000 889.6
610000 887.1
615000 894.3
620000 892.3
625000 887.5
630000 895.4
635000 894.3
640000 891.3
645000 891.5
650000 890.4
655000 889.5
660000 892.0
665000 889.7
670000 894.9
675000 897.3
680000 891.4
685000 895.3
690000 895.4
695000 893.7
700000 894.0
705000 893.7
710000 892.6
715000 892.8
720000 894.2
725000 894.9
730000 897.2
735000 893.2
740000 893.7
745000 891.4
750000 892.0
755000 892.6
760000 897.3
765000 895.7
770000 896.1
775000 896.5
780000 896.4
785000 896.5
790000 894.1
795000 897.0
800000 893.6
805000 896.7
810000 897.3
815000 895.1
820000 891.9
825000 891.3
830000 898.6
835000 895.3
840000 894.0
845000 896.4
850000 899.3
855000 896.6
860000 895.3
865000 895.2
870000 899.1
875000 897.5
880000 899.7
885000 893.8
890000 897.2
895000 898.4
900000 889.6
905000 898.5
910000 896.5
915000 892.0
920000 899.4
925000 896.5
930000 896.4
935000 897.1
940000 896.5
945000 895.9
950000 899.2
955000 899.6
960000 901.9
965000 898.3
970000 896.7
975000 899.2
980000 899.6
985000 899.2
990000 900.6
995000 896.8
1000000 899.6
