5000 13.2
10000 11.5
15000 1.0
20000 22.8
25000 114.6
30000 72.2
35000 151.2
40000 300.1
45000 390.6
50000 472.4
55000 551.4
60000 550.3
65000 537.9
70000 649.3
75000 659.8
80000 599.0
85000 679.7
90000 675.0
95000 702.0
100000 688.7
105000 714.8
110000 737.9
115000 715.1
120000 750.8
125000 760.0
130000 775.8
135000 782.3
140000 756.5
145000 779.6
150000 783.6
155000 791.6
160000 766.8
165000 786.2
170000 789.4
175000 803.2
180000 814.2
185000 791.7
190000 815.1
195000 822.3
200000 832.8
205000 829.3
210000 823.9
215000 832.4
220000 826.9
225000 844.8
230000 807.5
235000 842.7
240000 852.1
245000 850.0
250000 852.0
255000 840.4
260000 840.1
265000 860.9
270000 828.7
275000 863.3
280000 873.3
285000 877.3
290000 876.7
295000 861.5
300000 880.4
305000 874.3
310000 823.8
315000 874.1
320000 888.6
325000 878.7
330000 876.5
335000 885.6
340000 885.7
345000 867.7
350000 869.6
355000 885.0
360000 889.4
365000 887.8
370000 888.8
375000 891.8
380000 887.8
385000 869.1
390000 886.7
395000 890.2
400000 889.6
405000 892.1
410000 894.1
415000 889.7
420000 892.3
425000 889.5
430000 893.3
435000 897.5
440000 896.9
445000 892.0
450000 893.2
455000 895.2
460000 894.9
465000 896.8
470000 895.7
475000 892.2
480000 897.1
485000 895.2
490000 897.2
495000 896.4
500000 896.6
505000 899.1
510000 897.3
515000 895.8
520000 896.9
525000 892.4
530000 894.1
535000 898.3
540000 896.3
545000 895.2
550000 898.0
555000 897.3
560000 896.1
565000 899.8
570000 896.7
575000 898.9
580000 900.0
585000 899.5
590000 899.2
595000 899.5
600000 902.6
605000 902.3
610000 901.3
615000 900.5
620000 902.8
625000 904.3
630000 901.9
635000 903.3
640000 902.3
645000 903.9
650000 902.1
655000 902.8
660000 904.9
665000 902.5
670000 906.6
675000 906.3
680000 902.5
685000 903.8
690000 906.3
695000 904.6
700000 905.2
705000 905.1
710000 905.6
715000 905.4
720000 905.1
725000 904.0
730000 903.1
735000 904.2
740000 907.2
745000 906.4
750000 906.1
755000 906.4
760000 906.1
765000 903.3
770000 905.3
775000 906.2
780000 908.4
785000 906.3
790000 907.4
795000 905.9
800000 907.6
805000 906.8
810000 907.4
815000 905.2
820000 908.7
825000 907.7
830000 904.5
835000 909.0
840000 906.4
845000 906.5
850000 906.8
855000 907.1
860000 907.6
865000 907.7
870000 907.3
875000 908.5
880000 906.8
885000 909.5
890000 907.8
895000 910.1
900000 906.8
905000 908.6
910000 907.6
915000 909.1
920000 909.3
925000 907.5
930000 905.6
935000 909.6
940000 909.1
945000 909.0
950000 910.2
955000 908.4
960000 908.3
965000 910.9
970000 911.3
975000 910.8
980000 908.1
985000 909.3
990000 908.8
995000 909.0
1000000 908.6
