5000 7.7
10000 10.1
15000 2.0
20000 20.5
25000 56.5
30000 293.3
35000 256.6
40000 397.8
45000 446.9
50000 513.3
55000 544.7
60000 587.5
65000 628.6
70000 650.5
75000 657.5
80000 650.0
85000 680.0
90000 689.5
95000 711.0
100000 724.8
105000 734.8
110000 696.5
115000 728.2
120000 762.5
125000 764.0
130000 747.3
135000 767.9
140000 787.4
145000 798.8
150000 795.9
155000 810.7
160000 793.9
165000 783.5
170000 801.4
175000 807.8
180000 814.2
185000 807.0
190000 814.1
195000 831.7
200000 838.3
205000 811.7
210000 829.4
215000 829.4
220000 835.7
225000 836.7
230000 845.1
235000 839.4
240000 842.7
245000 841.8
250000 855.1
255000 845.3
260000 861.8
265000 860.7
270000 856.9
275000 847.2
280000 862.7
285000 864.0
290000 871.3
295000 862.1
300000 872.5
305000 874.7
310000 876.9
315000 880.9
320000 887.1
325000 880.7
330000 883.4
335000 880.6
340000 886.4
345000 783.3
350000 880.9
355000 886.5
360000 881.5
365000 889.9
370000 888.7
375000 887.0
380000 884.8
385000 887.8
390000 886.8
395000 885.8
400000 884.9
405000 889.2
410000 892.5
415000 892.8
420000 893.3
425000 894.0
430000 893.1
435000 887.7
440000 897.2
445000 891.6
450000 895.9
455000 895.2
460000 895.3
465000 894.6
470000 897.0
475000 894.9
480000 894.6
485000 892.3
490000 893.6
495000 894.4
500000 897.9
505000 892.4
510000 895.5
515000 896.2
520000 892.5
525000 896.4
530000 893.6
535000 897.2
540000 899.2
545000 899.3
550000 896.9
555000 896.5
560000 901.4
565000 898.0
570000 857.4
575000 895.8
580000 900.1
585000 898.4
590000 899.8
595000 897.7
600000 898.7
605000 896.4
610000 901.4
615000 901.4
620000 898.3
625000 901.2
630000 901.5
635000 896.8
640000 904.2
645000 898.5
650000 899.2
655000 900.1
660000 903.2
665000 902.5
670000 902.1
675000 903.3
680000 903.5
685000 901.5
690000 902.1
695000 903.2
700000 902.2
705000 901.9
710000 903.0
715000 904.7
720000 904.7
725000 903.9
730000 903.3
735000 905.2
740000 905.1
745000 902.2
750000 904.1
755000 903.7
760000 905.7
765000 904.7
770000 904.8
775000 907.5
780000 905.8
785000 906.7
790000 905.2
795000 903.6
800000 905.8
805000 906.5
810000 906.8
815000 906.3
820000 905.2
825000 906.8
830000 907.8
835000 907.5
840000 906.9
845000 907.7
850000 907.5
855000 905.7
860000 907.4
865000 908.4
870000 907.5
875000 908.5
880000 906.8
885000 906.3
890000 906.3
895000 907.3
900000 909.1
905000 910.1
910000 908.4
915000 909.5
920000 908.2
925000 908.6
930000 907.6
935000 909.2
940000 907.9
945000 909.2
950000 908.7
955000 908.3
960000 908.5
965000 908.4
970000 909.4
975000 909.4
980000 908.9
985000 909.7
990000 910.3
995000 910.1
1000000 910.0
