5000 3.0
10000 3.1
15000 0.2
20000 2.9
25000 128.7
30000 351.8
35000 302.5
40000 129.7
45000 646.4
50000 685.3
55000 715.3
60000 683.7
65000 723.7
70000 793.6
75000 808.9
80000 817.3
85000 824.2
90000 813.5
95000 847.7
100000 849.9
105000 851.4
110000 849.1
115000 872.0
120000 866.8
125000 710.6
130000 861.1
135000 875.0
140000 868.5
145000 872.1
150000 888.6
155000 886.0
160000 884.8
165000 880.9
170000 885.5
175000 890.1
180000 878.4
185000 891.9
190000 885.2
195000 879.9
200000 880.1
205000 895.6
210000 893.6
215000 893.8
220000 897.9
225000 891.6
230000 887.8
235000 896.6
240000 899.2
245000 899.5
250000 901.3
255000 897.1
260000 899.9
265000 902.0
270000 902.6
275000 904.9
280000 906.3
285000 905.0
290000 904.7
295000 904.9
300000 903.5
305000 905.8
310000 907.1
315000 902.3
320000 903.3
325000 906.5
330000 907.4
335000 907.3
340000 907.5
345000 908.8
350000 907.6
355000 904.0
360000 906.2
365000 908.5
370000 909.8
375000 908.3
380000 908.0
385000 910.3
390000 909.8
395000 910.6
400000 908.2
405000 910.9
410000 909.2
415000 907.6
420000 913.2
425000 911.0
430000 909.6
435000 910.2
440000 914.8
445000 913.1
450000 911.7
455000 912.2
460000 912.9
465000 913.1
470000 914.4
475000 916.2
480000 913.0
485000 912.2
490000 911.5
495000 912.6
500000 913.1
505000 915.3
510000 909.6
515000 914.9
520000 914.2
525000 912.8
530000 914.4
535000 915.0
540000 914.1
545000 915.6
550000 916.4
555000 913.4
560000 915.5
565000 916.5
570000 916.3
575000 917.7
580000 917.8
585000 918.6
590000 916.0
595000 916.7
600000 915.8
605000 915.4
610000 917.7
615000 918.4
620000 916.9
625000 910.6
630000 916.7
635000 917.0
640000 917.4
645000 912.9
650000 915.5
655000 917.5
660000 917.8
665000 917.7
670000 918.7
675000 917.4
680000 917.7
685000 917.1
690000 918.8
695000 918.2
700000 918.2
705000 918.4
710000 916.8
715000 917.7
720000 917.7
725000 917.4
730000 916.7
735000 917.3
740000 918.3
745000 918.1
750000 919.6
755000 917.8
760000 918.1
765000 918.7
770000 920.0
775000 918.8
780000 919.4
785000 913.0
790000 917.3
795000 909.0
800000 920.9
805000 919.5
810000 920.4
815000 919.5
820000 918.5
825000 919.2
830000 918.7
835000 920.5
840000 919.4
845000 919.7
850000 921.8
855000 918.4
860000 920.3
865000 920.1
870000 921.3
875000 920.5
880000 916.6
885000 921.1
890000 920.4
895000 920.4
900000 921.1
905000 921.1
910000 920.9
915000 922.0
920000 921.9
925000 922.7
930000 919.7
935000 921.3
940000 921.8
945000 919.2
950000 922.2
955000 921.2
960000 918.8
965000 921.7
970000 920.4
975000 922.6
980000 922.1
985000 921.0
990000 920.8
995000 922.3
1000000 921.9
