5000 8.0
10000 7.8
15000 0.2
20000 13.9
25000 97.4
30000 123.2
35000 386.6
40000 454.1
45000 450.6
50000 532.1
55000 604.4
60000 602.5
65000 618.0
70000 651.8
75000 655.7
80000 693.8
85000 710.3
90000 626.9
95000 686.8
100000 686.8
105000 714.9
110000 726.4
115000 742.3
120000 749.5
125000 763.4
130000 764.9
135000 756.9
140000 775.1
145000 777.3
150000 778.7
155000 789.0
160000 783.5
165000 756.1
170000 799.3
175000 799.3
180000 799.4
185000 793.6
190000 763.1
195000 780.1
200000 834.9
205000 816.7
210000 823.6
215000 836.6
220000 810.8
225000 846.8
230000 853.0
235000 853.3
240000 840.4
245000 849.9
250000 859.8
255000 857.2
260000 875.7
265000 864.5
270000 867.7
275000 871.2
280000 875.0
285000 878.3
290000 876.6
295000 869.5
300000 880.6
305000 877.5
310000 879.4
315000 876.1
320000 867.4
325000 881.0
330000 884.4
335000 883.4
340000 883.2
345000 881.6
350000 887.3
355000 882.5
360000 862.2
365000 886.9
370000 880.0
375000 884.5
380000 885.2
385000 891.5
390000 888.9
395000 882.6
400000 887.5
405000 878.5
410000 885.1
415000 888.2
420000 890.7
425000 888.8
430000 891.2
435000 889.9
440000 886.0
445000 889.7
450000 893.3
455000 881.8
460000 885.7
465000 890.8
470000 885.9
475000 892.9
480000 890.5
485000 893.2
490000 893.1
495000 891.7
500000 892.2
505000 892.8
510000 891.1
515000 892.7
520000 890.7
525000 892.2
530000 889.5
535000 890.0
540000 892.3
545000 892.5
550000 889.4
555000 894.2
560000 891.0
565000 893.6
570000 891.4
575000 893.1
580000 892.8
585000 892.5
590000 898.5
595000 894.4
600000 892.9
605000 895.1
610000 889.4
615000 895.4
620000 891.9
625000 890.9
630000 894.1
635000 893.4
640000 893.0
645000 891.5
650000 891.5
655000 891.0
660000 893.5
665000 895.4
670000 893.8
675000 893.5
680000 898.1
685000 894.4
690000 894.4
695000 897.1
700000 893.5
705000 897.1
710000 895.0
715000 892.5
720000 897.1
725000 895.8
730000 896.2
735000 895.5
740000 897.3
745000 897.1
750000 889.8
755000 893.4
760000 895.8
765000 892.2
770000 898.4
775000 892.6
780000 896.5
785000 898.2
790000 894.5
795000 894.7
800000 895.9
805000 896.9
810000 897.3
815000 898.3
820000 898.2
825000 900.4
830000 895.6
835000 898.2
840000 900.4
845000 899.8
850000 897.5
855000 900.2
860000 897.7
865000 898.3
870000 901.0
875000 896.6
880000 901.7
885000 903.0
890000 896.7
895000 898.1
900000 900.7
905000 900.9
910000 901.6
915000 902.5
920000 902.1
925000 900.9
930000 901.7
935000 902.3
940000 900.0
945000 901.8
950000 901.6
955000 902.0
960000 903.6
965000 899.6
970000 902.2
975000 897.3
980000 898.5
985000 900.6
990000 902.5
995000 903.4
1000000 898.6
