5000 6.8
10000 6.0
15000 0.1
20000 3.1
25000 36.3
30000 131.1
35000 321.5
40000 378.7
45000 454.2
50000 427.2
55000 583.4
60000 468.9
65000 610.9
70000 641.6
75000 658.9
80000 674.3
85000 710.9
90000 716.9
95000 707.3
100000 736.5
105000 755.0
110000 755.4
115000 778.1
120000 786.0
125000 785.4
130000 795.7
135000 799.0
140000 805.4
145000 820.7
150000 817.3
155000 802.9
160000 815.0
165000 809.8
170000 827.5
175000 817.3
180000 817.2
185000 843.3
190000 773.2
195000 807.4
200000 816.7
205000 840.2
210000 826.9
215000 836.5
220000 833.6
225000 852.1
230000 857.6
235000 833.9
240000 860.0
245000 847.6
250000 815.4
255000 860.6
260000 862.6
265000 873.2
270000 857.6
275000 876.5
280000 868.6
285000 874.1
290000 879.3
295000 857.8
300000 872.3
305000 880.4
310000 875.4
315000 885.1
320000 883.8
325000 883.9
330000 885.5
335000 886.5
340000 885.5
345000 888.6
350000 886.4
355000 894.9
360000 886.2
365000 886.5
370000 888.2
375000 893.3
380000 890.2
385000 892.9
390000 887.0
395000 892.5
400000 891.9
405000 890.5
410000 893.3
415000 892.5
420000 896.0
425000 893.4
430000 896.0
435000 896.4
440000 893.9
445000 897.6
450000 896.7
455000 897.3
460000 896.2
465000 891.7
470000 895.1
475000 897.5
480000 898.5
485000 897.2
490000 900.6
495000 897.7
500000 895.0
505000 895.7
510000 897.5
515000 895.5
520000 894.5
525000 897.9
530000 893.4
535000 899.2
540000 895.1
545000 898.2
550000 898.1
555000 899.4
560000 900.0
565000 898.2
570000 896.8
575000 900.2
580000 896.7
585000 902.5
590000 900.8
595000 898.2
600000 899.0
605000 902.8
610000 901.6
615000 897.4
620000 898.8
625000 901.6
630000 902.8
635000 901.8
640000 904.3
645000 902.2
650000 903.1
655000 903.0
660000 902.9
665000 903.8
670000 902.2
675000 902.8
680000 901.4
685000 903.3
690000 902.2
695000 901.4
700000 904.9
705000 904.0
710000 906.4
715000 905.6
720000 904.9
725000 902.6
730000 904.1
735000 898.3
740000 904.2
745000 904.7
750000 903.7
755000 905.4
760000 904.9
765000 904.6
770000 906.0
775000 908.5
780000 907.3
785000 907.3
790000 905.7
795000 905.2
800000 906.1
805000 907.5
810000 909.6
815000 906.2
820000 905.2
825000 907.8
830000 907.5
835000 908.2
840000 906.5
845000 903.5
850000 905.9
855000 907.5
860000 906.5
865000 908.3
870000 908.0
875000 907.7
880000 907.6
885000 907.6
890000 908.6
895000 908.0
900000 907.7
905000 909.7
910000 908.2
915000 907.6
920000 907.6
925000 908.6
930000 908.9
935000 906.4
940000 908.1
945000 908.1
950000 908.1
955000 908.8
960000 907.7
965000 909.9
970000 908.4
975000 910.5
980000 908.1
985000 909.7
990000 906.6
995000 907.8
1000000 908.2
