5000 1.1
10000 5.4
15000 0.5
20000 6.1
25000 127.5
30000 173.3
35000 338.6
40000 372.3
45000 376.9
50000 490.5
55000 510.0
60000 541.0
65000 579.3
70000 621.8
75000 646.1
80000 646.3
85000 686.4
90000 672.1
95000 703.5
100000 653.1
105000 728.5
110000 732.5
115000 745.1
120000 733.3
125000 762.9
130000 748.6
135000 765.7
140000 779.8
145000 784.8
150000 800.4
155000 797.9
160000 791.8
165000 757.7
170000 804.3
175000 780.3
180000 811.0
185000 781.7
190000 803.3
195000 816.6
200000 836.4
205000 823.7
210000 826.4
215000 823.5
220000 842.5
225000 850.1
230000 850.4
235000 837.4
240000 846.0
245000 848.2
250000 852.0
255000 845.2
260000 823.3
265000 828.8
270000 832.3
275000 857.6
280000 871.1
285000 858.6
290000 864.6
295000 868.3
300000 875.6
305000 872.4
310000 873.2
315000 881.6
320000 877.3
325000 889.2
330000 882.7
335000 882.3
340000 886.3
345000 889.0
350000 880.8
355000 888.8
360000 887.2
365000 892.4
370000 888.8
375000 890.7
380000 892.2
385000 891.8
390000 894.9
395000 894.1
400000 893.8
405000 891.1
410000 894.0
415000 894.6
420000 894.4
425000 896.5
430000 894.4
435000 898.4
440000 895.7
445000 895.8
450000 891.9
455000 896.4
460000 896.6
465000 895.3
470000 897.2
475000 896.9
480000 894.6
485000 893.4
490000 896.9
495000 898.1
500000 896.1
505000 897.8
510000 898.1
515000 895.2
520000 898.2
525000 896.4
530000 897.1
535000 897.9
540000 899.6
545000 901.6
550000 899.2
555000 900.7
560000 902.3
565000 898.9
570000 901.1
575000 901.5
580000 901.3
585000 903.5
590000 901.2
595000 900.1
600000 898.0
605000 899.6
610000 900.4
615000 900.3
620000 901.3
625000 901.6
630000 901.2
635000 900.1
640000 899.8
645000 902.2
650000 900.6
655000 900.4
660000 902.0
665000 902.2
670000 902.8
675000 902.5
680000 901.1
685000 905.1
690000 900.9
695000 903.8
700000 904.3
705000 903.0
710000 903.6
715000 905.5
720000 903.1
725000 905.9
730000 904.3
735000 904.5
740000 903.6
745000 904.2
750000 904.7
755000 904.2
760000 905.5
765000 904.6
770000 906.8
775000 904.9
780000 905.7
785000 905.5
790000 906.4
795000 905.0
800000 905.3
805000 906.1
810000 907.4
815000 905.9
820000 907.5
825000 906.2
830000 905.8
835000 906.2
840000 906.4
845000 906.4
850000 907.5
855000 907.7
860000 906.0
865000 906.6
870000 907.1
875000 907.3
880000 907.5
885000 905.5
890000 907.7
895000 906.6
900000 908.5
905000 907.1
910000 907.6
915000 908.7
920000 907.5
925000 908.0
930000 908.0
935000 906.6
940000 908.8
945000 909.3
950000 908.5
955000 908.6
960000 908.4
965000 907.3
970000 908.9
975000 909.5
980000 908.8
985000 907.8
990000 908.2
995000 908.5
1000000 909.3
