5000 9.2
10000 6.4
15000 0.3
20000 6.1
25000 82.5
30000 198.9
35000 287.6
40000 215.9
45000 509.8
50000 473.1
55000 484.4
60000 565.0
65000 633.0
70000 451.2
75000 680.7
80000 676.2
85000 670.5
90000 660.0
95000 683.9
100000 709.4
105000 719.5
110000 727.3
115000 709.5
120000 742.1
125000 742.5
130000 751.8
135000 735.5
140000 768.7
145000 766.1
150000 774.7
155000 776.0
160000 778.8
165000 772.4
170000 766.5
175000 773.6
180000 769.2
185000 792.7
190000 804.6
195000 796.7
200000 795.0
205000 787.1
210000 828.7
215000 817.2
220000 831.1
225000 834.0
230000 806.5
235000 844.6
240000 838.4
245000 791.9
250000 850.0
255000 850.6
260000 851.8
265000 836.7
270000 867.6
275000 868.6
280000 871.4
285000 877.6
290000 876.6
295000 871.4
300000 878.5
305000 869.3
310000 879.8
315000 884.2
320000 879.1
325000 875.2
330000 881.2
335000 877.9
340000 882.3
345000 879.0
350000 883.5
355000 882.9
360000 880.6
365000 883.3
370000 882.8
375000 880.9
380000 880.8
385000 886.6
390000 884.6
395000 876.5
400000 885.0
405000 884.3
410000 888.5
415000 883.2
420000 883.1
425000 889.9
430000 885.3
435000 887.4
440000 887.9
445000 887.1
450000 890.6
455000 882.1
460000 889.2
465000 888.7
470000 884.3
475000 886.9
480000 889.0
485000 889.1
490000 890.1
495000 888.1
500000 890.0
505000 888.1
510000 889.3
515000 892.1
520000 893.1
525000 891.5
530000 891.4
535000 892.9
540000 894.5
545000 894.5
550000 893.5
555000 895.9
560000 893.6
565000 894.0
570000 893.1
575000 896.9
580000 891.6
585000 898.1
590000 896.3
595000 896.5
600000 893.3
605000 895.8
610000 894.3
615000 896.2
620000 898.0
625000 897.2
630000 895.9
635000 900.3
640000 897.2
645000 898.0
650000 896.9
655000 897.4
660000 895.5
665000 898.1
670000 900.6
675000 895.7
680000 900.1
685000 901.6
690000 899.9
695000 900.8
700000 900.5
705000 897.6
710000 901.3
715000 903.4
720000 903.3
725000 900.4
730000 898.3
735000 901.0
740000 900.4
745000 901.7
750000 902.1
755000 903.4
760000 902.5
765000 902.6
770000 902.0
775000 902.3
780000 899.7
785000 903.5
790000 900.4
795000 903.0
800000 903.0
805000 902.3
810000 901.6
815000 902.0
820000 902.9
825000 903.6
830000 902.3
835000 901.5
840000 902.6
845000 902.2
850000 902.6
855000 902.4
860000 904.1
865000 902.0
870000 902.2
875000 901.1
880000 904.7
885000 903.5
890000 905.1
895000 903.6
900000 904.1
905000 904.2
910000 905.7
915000 902.7
920000 903.5
925000 904.9
930000 903.5
935000 904.8
940000 902.9
945000 904.0
950000 903.8
955000 902.5
960000 905.8
965000 903.4
970000 904.7
975000 905.2
980000 902.8
985000 905.1
990000 906.4
995000 903.2
1000000 905.9
