5000 9.4
10000 7.5
15000 0.2
20000 9.4
25000 169.3
30000 88.9
35000 39.9
40000 351.8
45000 514.2
50000 557.6
55000 617.6
60000 578.6
65000 669.4
70000 745.5
75000 738.5
80000 765.2
85000 768.1
90000 789.9
95000 795.3
100000 768.2
105000 795.8
110000 797.3
115000 782.7
120000 796.9
125000 827.5
130000 841.8
135000 819.6
140000 835.5
145000 804.3
150000 851.0
155000 838.8
160000 823.1
165000 834.6
170000 861.1
175000 828.5
180000 862.5
185000 834.6
190000 864.3
195000 867.0
200000 876.7
205000 860.4
210000 876.5
215000 869.0
220000 865.6
225000 870.0
230000 871.6
235000 882.0
240000 873.6
245000 887.7
250000 886.7
255000 876.4
260000 886.8
265000 888.1
270000 884.0
275000 861.5
280000 884.3
285000 880.3
290000 877.1
295000 884.4
300000 879.5
305000 890.0
310000 890.1
315000 887.9
320000 884.3
325000 880.0
330000 892.0
335000 889.0
340000 891.3
345000 890.0
350000 890.5
355000 887.2
360000 891.2
365000 886.8
370000 892.8
375000 894.7
380000 891.0
385000 893.9
390000 894.5
395000 894.8
400000 894.7
405000 895.0
410000 894.4
415000 894.0
420000 894.5
425000 897.2
430000 894.9
435000 897.4
440000 894.4
445000 898.5
450000 897.7
455000 895.9
460000 897.0
465000 896.6
470000 899.1
475000 896.9
480000 897.6
485000 899.4
490000 896.7
495000 896.9
500000 899.1
505000 896.5
510000 899.8
515000 896.4
520000 901.2
525000 897.8
530000 900.6
535000 899.2
540000 899.5
545000 897.4
550000 899.3
555000 901.3
560000 900.0
565000 897.1
570000 901.8
575000 901.4
580000 901.1
585000 900.0
590000 900.8
595000 902.1
600000 902.4
605000 901.5
610000 900.8
615000 903.3
620000 901.1
625000 901.4
630000 902.3
635000 901.5
640000 902.1
645000 901.9
650000 900.1
655000 900.3
660000 901.5
665000 902.7
670000 902.6
675000 902.9
680000 902.0
685000 904.3
690000 900.2
695000 901.9
700000 904.1
705000 902.6
710000 902.4
715000 901.9
720000 904.4
725000 904.2
730000 904.2
735000 905.5
740000 904.0
745000 902.7
750000 904.8
755000 904.2
760000 904.0
765000 905.3
770000 905.3
775000 906.2
780000 905.0
785000 903.9
790000 905.4
795000 905.0
800000 905.3
805000 905.0
810000 905.1
815000 905.5
820000 904.6
825000 903.9
830000 905.7
835000 906.0
840000 905.3
845000 906.4
850000 905.6
855000 905.3
860000 906.9
865000 905.0
870000 907.0
875000 905.5
880000 907.6
885000 905.5
890000 906.1
895000 907.2
900000 906.6
905000 907.1
910000 905.4
915000 908.7
920000 908.1
925000 906.9
930000 907.1
935000 907.0
940000 908.2
945000 907.0
950000 907.2
955000 908.9
960000 907.5
965000 907.1
970000 908.9
975000 907.2
980000 909.0
985000 906.2
990000 907.5
995000 908.5
1000000 907.7
