5000 0.5
10000 0.5
15000 0.1
20000 4.1
25000 85.1
30000 144.6
35000 353.2
40000 397.5
45000 485.6
50000 537.0
55000 533.9
60000 563.8
65000 585.2
70000 624.3
75000 620.9
80000 640.5
85000 652.3
90000 667.8
95000 673.9
100000 674.8
105000 685.6
110000 692.4
115000 714.0
120000 725.5
125000 728.0
130000 726.1
135000 746.5
140000 749.1
145000 746.9
150000 758.8
155000 773.6
160000 765.0
165000 775.6
170000 774.2
175000 788.2
180000 794.5
185000 796.1
190000 796.6
195000 799.2
200000 775.3
205000 790.4
210000 806.0
215000 803.6
220000 816.8
225000 815.8
230000 825.4
235000 822.3
240000 819.2
245000 837.8
250000 831.9
255000 852.1
260000 836.5
265000 837.7
270000 826.6
275000 821.2
280000 861.0
285000 855.0
290000 867.7
295000 868.4
300000 859.0
305000 852.0
310000 875.6
315000 876.4
320000 880.2
325000 867.6
330000 879.3
335000 887.0
340000 886.9
345000 884.3
350000 887.7
355000 885.9
360000 892.1
365000 887.8
370000 889.2
375000 890.9
380000 889.4
385000 886.1
390000 887.6
395000 886.3
400000 890.6
405000 892.6
410000 884.9
415000 893.3
420000 890.1
425000 893.6
430000 894.7
435000 895.7
440000 892.8
445000 897.8
450000 894.8
455000 897.5
460000 892.2
465000 891.3
470000 894.3
475000 899.1
480000 897.6
485000 897.0
490000 896.8
495000 896.2
500000 894.0
505000 896.8
510000 896.2
515000 895.1
520000 897.1
525000 897.3
530000 895.1
535000 895.4
540000 895.5
545000 895.6
550000 897.2
555000 898.9
560000 896.8
565000 896.4
570000 898.7
575000 897.9
580000 897.8
585000 900.2
590000 900.5
595000 901.1
600000 901.5
605000 899.3
610000 900.4
615000 901.7
620000 902.7
625000 901.1
630000 902.1
635000 900.8
640000 899.9
645000 901.5
650000 902.1
655000 901.9
660000 903.9
665000 903.5
670000 901.5
675000 902.2
680000 903.9
685000 902.4
690000 903.3
695000 904.5
700000 902.9
705000 904.5
710000 901.7
715000 903.8
720000 904.7
725000 903.2
730000 902.9
735000 904.6
740000 903.5
745000 901.8
750000 904.7
755000 903.8
760000 905.7
765000 903.7
770000 906.4
775000 905.5
780000 905.5
785000 904.8
790000 905.0
795000 906.2
800000 906.3
805000 906.8
810000 905.8
815000 908.3
820000 906.3
825000 905.0
830000 907.0
835000 905.8
840000 907.4
845000 906.4
850000 906.0
855000 908.0
860000 905.8
865000 907.8
870000 908.3
875000 906.9
880000 907.4
885000 907.4
890000 908.1
895000 908.5
900000 907.0
905000 907.1
910000 908.3
915000 906.6
920000 906.4
925000 906.4
930000 908.4
935000 907.7
940000 908.7
945000 910.0
950000 909.4
955000 908.2
960000 907.9
965000 907.0
970000 909.3
975000 910.2
980000 909.6
985000 910.6
990000 907.4
995000 908.1
1000000 908.9
