5000 20.0
10000 14.8
15000 0.5
20000 26.0
25000 163.4
30000 237.6
35000 348.0
40000 441.5
45000 399.0
50000 482.6
55000 521.0
60000 562.4
65000 585.8
70000 587.8
75000 607.5
80000 620.4
85000 640.4
90000 667.2
95000 674.2
100000 690.7
105000 697.8
110000 683.5
115000 703.2
120000 713.4
125000 728.7
130000 725.4
135000 742.6
140000 737.1
145000 752.9
150000 758.1
155000 766.8
160000 772.4
165000 792.7
170000 788.8
175000 793.9
180000 789.2
185000 802.3
190000 798.5
195000 805.9
200000 806.0
205000 791.5
210000 808.5
215000 829.4
220000 832.3
225000 827.5
230000 832.4
235000 838.9
240000 854.0
245000 856.0
250000 851.0
255000 852.7
260000 864.7
265000 863.0
270000 862.2
275000 867.4
280000 867.8
285000 870.3
290000 870.1
295000 870.6
300000 871.0
305000 870.5
310000 861.7
315000 878.9
320000 877.3
325000 877.5
330000 872.7
335000 880.2
340000 878.3
345000 880.2
350000 878.1
355000 882.0
360000 878.7
365000 880.9
370000 876.6
375000 882.0
380000 881.9
385000 882.7
390000 881.2
395000 883.0
400000 883.1
405000 880.6
410000 876.8
415000 885.0
420000 884.5
425000 880.8
430000 883.3
435000 882.7
440000 884.0
445000 884.0
450000 890.5
455000 887.6
460000 888.0
465000 890.0
470000 888.3
475000 882.7
480000 888.5
485000 888.9
490000 889.3
495000 891.8
500000 884.9
505000 889.2
510000 888.4
515000 882.5
520000 887.1
525000 890.6
530000 886.8
535000 886.9
540000 887.4
545000 890.3
550000 891.0
555000 887.1
560000 890.2
565000 888.9
570000 890.0
575000 891.1
580000 891.0
585000 888.1
590000 891.6
595000 891.1
600000 888.4
605000 890.9
610000 889.5
615000 888.5
620000 890.2
625000 894.0
630000 894.1
635000 894.1
640000 892.7
645000 895.9
650000 891.1
655000 886.4
660000 892.3
665000 893.8
670000 892.0
675000 891.8
680000 893.2
685000 892.5
690000 895.6
695000 895.1
700000 894.5
705000 894.6
710000 893.8
715000 895.7
720000 895.5
725000 895.9
730000 896.5
735000 897.8
740000 893.4
745000 893.6
750000 895.3
755000 898.1
760000 896.6
765000 895.8
770000 897.6
775000 896.6
780000 896.1
785000 896.1
790000 895.1
795000 899.1
800000 896.9
805000 898.1
810000 899.1
815000 897.5
820000 894.8
825000 899.2
830000 898.1
835000 899.3
840000 896.7
845000 899.2
850000 895.9
855000 897.4
860000 898.5
865000 896.0
870000 898.6
875000 900.3
880000 899.2
885000 899.4
890000 897.4
895000 900.1
900000 898.9
905000 900.5
910000 901.4
915000 899.7
920000 899.3
925000 900.8
930000 899.9
935000 900.1
940000 900.9
945000 899.9
950000 902.6
955000 900.0
960000 901.8
965000 900.4
970000 900.2
975000 900.9
980000 902.3
985000 898.8
990000 899.7
995000 902.3
1000000 903.6
