5000 2.6
10000 2.9
15000 0.7
20000 0.6
25000 161.8
30000 310.8
35000 379.7
40000 404.2
45000 445.8
50000 351.0
55000 545.6
60000 601.6
65000 593.0
70000 630.4
75000 657.7
80000 670.5
85000 682.0
90000 685.5
95000 699.7
100000 716.0
105000 711.2
110000 711.9
115000 715.1
120000 738.7
125000 727.1
130000 746.6
135000 749.3
140000 758.3
145000 753.2
150000 751.7
155000 763.3
160000 766.0
165000 754.1
170000 767.3
175000 786.3
180000 770.7
185000 779.1
190000 778.5
195000 778.2
200000 778.5
205000 795.5
210000 783.2
215000 810.9
220000 795.9
225000 807.4
230000 815.2
235000 762.5
240000 822.9
245000 821.6
250000 827.9
255000 844.0
260000 846.7
265000 840.5
270000 839.1
275000 850.1
280000 847.0
285000 836.7
290000 826.9
295000 860.3
300000 850.7
305000 861.7
310000 859.7
315000 848.7
320000 868.9
325000 862.4
330000 878.1
335000 879.3
340000 873.5
345000 848.2
350000 854.0
355000 865.2
360000 880.4
365000 880.2
370000 876.9
375000 884.1
380000 879.8
385000 884.0
390000 879.7
395000 836.3
400000 879.3
405000 882.0
410000 878.7
415000 878.2
420000 880.7
425000 885.2
430000 880.7
435000 881.5
440000 887.8
445000 885.4
450000 887.0
455000 885.2
460000 884.3
465000 883.4
470000 881.0
475000 888.1
480000 886.1
485000 884.8
490000 887.0
495000 882.0
500000 889.6
505000 885.3
510000 887.0
515000 888.2
520000 889.4
525000 888.7
530000 887.3
535000 891.2
540000 894.2
545000 891.5
550000 888.9
555000 886.2
560000 887.9
565000 891.7
570000 892.7
575000 892.2
580000 891.4
585000 894.7
590000 894.7
595000 897.0
600000 893.5
605000 890.6
610000 888.9
615000 894.3
620000 896.2
625000 894.0
630000 894.4
635000 894.9
640000 895.5
645000 896.5
650000 893.2
655000 894.3
660000 894.0
665000 895.5
670000 897.8
675000 894.9
680000 895.6
685000 896.9
690000 896.7
695000 896.2
700000 894.8
705000 896.3
710000 898.1
715000 899.4
720000 894.0
725000 894.5
730000 897.2
735000 897.4
740000 897.9
745000 897.4
750000 897.3
755000 896.3
760000 897.5
765000 896.2
770000 899.3
775000 893.3
780000 897.5
785000 897.6
790000 897.6
795000 900.6
800000 899.1
805000 898.5
810000 899.1
815000 899.5
820000 898.5
825000 897.8
830000 899.5
835000 901.1
840000 899.1
845000 899.7
850000 900.3
855000 899.3
860000 900.4
865000 899.3
870000 902.9
875000 898.6
880000 899.6
885000 900.7
890000 900.2
895000 898.7
900000 899.7
905000 901.5
910000 900.2
915000 900.5
920000 901.0
925000 900.8
930000 899.9
935000 900.1
940000 900.3
945000 901.3
950000 901.0
955000 901.2
960000 901.3
965000 901.9
970000 901.9
975000 901.9
980000 901.8
985000 901.8
990000 900.6
995000 901.7
1000000 902.7
