5000 23.1
10000 25.7
15000 56.3
20000 119.6
25000 159.6
30000 190.0
35000 226.9
40000 315.0
45000 364.2
50000 400.5
55000 485.7
60000 522.9
65000 534.8
70000 547.8
75000 434.1
80000 563.1
85000 542.8
90000 634.2
95000 658.5
100000 665.9
105000 670.0
110000 677.7
115000 687.3
120000 675.9
125000 698.5
130000 697.2
135000 682.7
140000 704.0
145000 703.7
150000 715.1
155000 708.0
160000 720.6
165000 679.5
170000 694.6
175000 724.0
180000 735.4
185000 743.7
190000 723.9
195000 742.5
200000 744.6
205000 751.9
210000 750.9
215000 747.2
220000 748.8
225000 745.4
230000 743.9
235000 752.2
240000 746.6
245000 714.3
250000 761.3
255000 766.1
260000 761.3
265000 760.3
270000 758.3
275000 755.0
280000 767.6
285000 753.6
290000 762.2
295000 769.5
300000 764.0
305000 751.8
310000 778.0
315000 786.8
320000 776.6
325000 750.2
330000 763.0
335000 767.6
340000 766.3
345000 774.3
350000 783.5
355000 773.5
360000 783.8
365000 782.2
370000 778.3
375000 795.2
380000 778.0
385000 777.9
390000 784.7
395000 786.0
400000 783.2
405000 677.9
410000 778.4
415000 785.6
420000 798.4
425000 792.1
430000 791.8
435000 790.3
440000 793.7
445000 796.5
450000 807.7
455000 807.3
460000 814.1
465000 805.4
470000 797.1
475000 808.0
480000 806.3
485000 716.7
490000 764.9
495000 783.6
500000 796.9
505000 799.9
510000 812.4
515000 801.0
520000 816.5
525000 804.3
530000 801.5
535000 807.8
540000 806.9
545000 809.3
550000 811.9
555000 801.5
560000 812.4
565000 740.8
570000 761.5
575000 803.6
580000 809.7
585000 813.3
590000 810.1
595000 816.0
600000 812.7
605000 819.5
610000 817.8
615000 817.0
620000 814.1
625000 816.6
630000 814.5
635000 812.0
640000 822.0
645000 756.2
650000 790.6
655000 809.0
660000 810.3
665000 815.6
670000 821.3
675000 816.1
680000 822.8
685000 824.5
690000 829.1
695000 827.4
700000 809.5
705000 828.9
710000 821.4
715000 821.1
720000 831.3
725000 750.0
730000 796.9
735000 814.0
740000 808.0
745000 812.1
750000 823.4
755000 820.1
760000 825.1
765000 819.3
770000 833.9
775000 827.9
780000 831.5
785000 826.3
790000 828.6
795000 818.2
800000 825.5
805000 725.5
810000 800.3
815000 819.5
820000 812.2
825000 832.7
830000 827.5
835000 823.7
840000 818.1
845000 829.6
850000 829.2
855000 830.0
860000 820.7
865000 827.4
870000 827.4
875000 827.4
880000 824.5
885000 737.3
890000 785.1
895000 795.3
900000 821.3
905000 826.3
910000 826.2
915000 831.1
920000 822.8
925000 827.4
930000 815.4
935000 830.9
940000 823.9
945000 825.3
950000 831.1
955000 831.1
960000 829.9
965000 735.9
970000 792.0
975000 806.1
980000 830.1
985000 824.5
990000 822.1
995000 829.4
1000000 834.0
1005000 836.9
1010000 834.0
1015000 828.4
1020000 831.8
1025000 835.4
1030000 830.4
1035000 830.3
1040000 831.5
1045000 729.6
1050000 791.0
1055000 812.4
1060000 830.7
1065000 821.1
1070000 833.3
1075000 837.0
1080000 751.5
1085000 832.6
1090000 823.0
1095000 829.7
1100000 833.7
1105000 837.9
1110000 834.7
1115000 835.3
1120000 840.4
1125000 736.6
1130000 788.8
1135000 802.8
1140000 801.8
1145000 825.5
1150000 831.1
1155000 832.6
1160000 828.2
1165000 833.0
1170000 834.6
1175000 838.6
1180000 832.7
1185000 837.5
1190000 831.0
1195000 840.6
1200000 761.7
1205000 729.8
1210000 727.2
1215000 815.4
1220000 824.2
1225000 830.4
1230000 840.4
1235000 834.9
1240000 824.7
1245000 837.5
1250000 832.4
1255000 826.3
1260000 837.5
1265000 837.4
1270000 836.0
1275000 837.4
1280000 830.8
1285000 743.7
1290000 785.9
1295000 814.9
1300000 817.3
1305000 838.2
1310000 832.9
1315000 839.2
1320000 836.1
1325000 828.5
1330000 838.1
1335000 828.5
1340000 840.1
1345000 830.7
1350000 836.2
1355000 836.1
1360000 840.6
1365000 717.7
1370000 801.5
1375000 826.6
1380000 818.8
1385000 841.7
1390000 827.3
1395000 837.6
1400000 827.7
1405000 845.1
1410000 834.0
1415000 839.9
1420000 836.3
1425000 837.7
1430000 834.3
1435000 833.7
1440000 834.8
1445000 731.9
1450000 799.8
1455000 813.9
1460000 831.2
1465000 829.8
1470000 831.0
1475000 834.3
1480000 838.0
1485000 831.5
1490000 831.9
1495000 825.1
1500000 838.4
1505000 827.7
1510000 836.9
1515000 835.2
1520000 833.6
1525000 709.4
1530000 807.6
1535000 812.0
1540000 817.5
1545000 827.6
1550000 834.6
1555000 829.8
1560000 839.4
1565000 841.7
1570000 831.1
1575000 825.0
1580000 748.2
1585000 833.7
1590000 844.1
1595000 839.4
1600000 839.2
1605000 736.2
1610000 795.8
1615000 798.7
1620000 829.4
1625000 828.2
1630000 832.7
1635000 825.1
1640000 839.2
1645000 826.4
1650000 839.8
1655000 851.1
1660000 845.9
1665000 829.5
1670000 840.5
1675000 839.7
1680000 830.6
1685000 745.0
1690000 793.7
1695000 816.7
1700000 836.5
1705000 755.7
1710000 840.0
1715000 840.2
1720000 830.2
1725000 837.8
1730000 833.5
1735000 846.9
1740000 838.8
1745000 835.8
1750000 843.6
1755000 834.1
1760000 844.3
1765000 647.2
1770000 793.2
1775000 802.4
1780000 815.1
1785000 825.3
1790000 835.7
1795000 834.6
1800000 833.0
1805000 833.8
1810000 834.8
1815000 837.6
1820000 831.6
1825000 832.5
1830000 829.3
1835000 835.2
1840000 836.3
1845000 705.1
1850000 790.3
1855000 788.3
1860000 814.3
1865000 825.0
1870000 828.0
1875000 837.3
1880000 833.7
1885000 836.3
1890000 834.1
1895000 852.5
1900000 843.3
1905000 828.3
1910000 843.5
1915000 847.2
1920000 843.6
1925000 734.6
1930000 784.4
1935000 818.7
1940000 832.2
1945000 840.8
1950000 835.2
1955000 825.1
1960000 840.1
1965000 841.3
1970000 844.1
1975000 835.9
1980000 831.6
1985000 835.6
1990000 847.2
1995000 836.6
2000000 842.1
