5000 19.1
10000 24.8
15000 57.3
20000 109.4
25000 143.2
30000 151.1
35000 202.7
40000 275.2
45000 283.1
50000 279.4
55000 343.6
60000 420.8
65000 498.2
70000 466.7
75000 548.2
80000 254.2
85000 614.3
90000 641.0
95000 657.5
100000 664.4
105000 686.0
110000 676.2
115000 688.2
120000 696.5
125000 698.8
130000 719.2
135000 685.1
140000 706.9
145000 709.5
150000 713.8
155000 711.1
160000 712.3
165000 713.5
170000 723.1
175000 742.9
180000 722.9
185000 745.3
190000 665.6
195000 661.2
200000 757.4
205000 752.2
210000 743.9
215000 757.8
220000 751.9
225000 754.3
230000 762.8
235000 766.8
240000 774.0
245000 713.7
250000 743.8
255000 758.4
260000 743.9
265000 763.4
270000 754.3
275000 765.2
280000 765.3
285000 782.8
290000 769.9
295000 764.0
300000 767.3
305000 758.2
310000 775.9
315000 789.3
320000 787.4
325000 707.1
330000 764.6
335000 758.5
340000 783.2
345000 792.0
350000 798.7
355000 802.9
360000 784.8
365000 783.4
370000 799.2
375000 794.8
380000 788.4
385000 797.5
390000 806.7
395000 790.9
400000 801.0
405000 696.1
410000 752.5
415000 779.7
420000 784.3
425000 789.4
430000 806.1
435000 793.5
440000 807.8
445000 814.8
450000 813.2
455000 822.7
460000 817.9
465000 812.1
470000 819.2
475000 823.9
480000 827.9
485000 715.3
490000 764.0
495000 805.4
500000 812.0
505000 818.2
510000 812.9
515000 833.0
520000 827.3
525000 848.6
530000 836.8
535000 845.6
540000 846.3
545000 843.7
550000 854.3
555000 847.2
560000 843.3
565000 693.2
570000 787.7
575000 789.8
580000 812.3
585000 832.1
590000 827.4
595000 843.5
600000 826.5
605000 846.6
610000 862.3
615000 844.7
620000 840.8
625000 849.5
630000 856.6
635000 862.9
640000 854.2
645000 701.0
650000 774.7
655000 808.9
660000 815.2
665000 822.0
670000 843.5
675000 842.9
680000 855.3
685000 854.3
690000 849.7
695000 859.9
700000 851.7
705000 853.1
710000 869.9
715000 861.9
720000 855.2
725000 696.0
730000 802.8
735000 825.0
740000 840.3
745000 831.2
750000 837.9
755000 852.9
760000 830.9
765000 856.6
770000 860.6
775000 862.0
780000 858.2
785000 856.7
790000 869.8
795000 854.2
800000 866.2
805000 692.6
810000 780.4
815000 794.9
820000 831.1
825000 838.5
830000 868.1
835000 867.7
840000 872.3
845000 867.0
850000 861.1
855000 873.1
860000 863.4
865000 871.4
870000 870.2
875000 874.1
880000 869.4
885000 674.9
890000 824.6
895000 833.2
900000 836.3
905000 846.6
910000 847.2
915000 878.1
920000 875.0
925000 869.6
930000 870.4
935000 875.6
940000 865.4
945000 872.1
950000 880.9
955000 879.0
960000 876.4
965000 703.0
970000 812.6
975000 827.5
980000 843.5
985000 842.5
990000 846.3
995000 847.0
1000000 860.2
1005000 863.6
1010000 861.7
1015000 875.5
1020000 889.0
1025000 880.6
1030000 878.8
1035000 874.2
1040000 879.5
1045000 653.4
1050000 780.1
1055000 826.0
1060000 845.2
1065000 853.2
1070000 852.7
1075000 866.4
1080000 891.0
1085000 886.3
1090000 885.9
1095000 883.1
1100000 880.5
1105000 877.5
1110000 895.9
1115000 896.5
1120000 906.6
1125000 672.0
1130000 787.9
1135000 841.6
1140000 844.5
1145000 875.2
1150000 879.8
1155000 897.1
1160000 897.1
1165000 894.1
1170000 889.7
1175000 900.5
1180000 910.7
1185000 912.7
1190000 901.8
1195000 898.3
1200000 921.9
1205000 571.8
1210000 791.4
1215000 824.7
1220000 892.6
1225000 880.1
1230000 887.1
1235000 881.0
1240000 905.2
1245000 911.9
1250000 917.9
1255000 908.3
1260000 916.7
1265000 915.1
1270000 914.5
1275000 914.6
1280000 922.0
1285000 688.3
1290000 778.9
1295000 833.6
1300000 880.3
1305000 897.3
1310000 894.0
1315000 903.8
1320000 909.1
1325000 917.6
1330000 891.2
1335000 911.2
1340000 906.6
1345000 911.7
1350000 900.6
1355000 929.5
1360000 925.4
1365000 675.2
1370000 795.9
1375000 867.3
1380000 877.1
1385000 896.3
1390000 907.3
1395000 905.6
1400000 911.1
1405000 895.8
1410000 919.8
1415000 910.1
1420000 886.9
1425000 911.7
1430000 906.9
1435000 903.4
1440000 912.0
1445000 643.7
1450000 786.5
1455000 858.4
1460000 888.1
1465000 913.4
1470000 911.6
1475000 905.0
1480000 914.2
1485000 920.3
1490000 926.9
1495000 927.2
1500000 919.9
1505000 924.1
1510000 922.9
1515000 928.7
1520000 917.2
1525000 653.5
1530000 779.4
1535000 860.8
1540000 882.7
1545000 888.9
1550000 897.4
1555000 884.2
1560000 920.2
1565000 903.4
1570000 909.0
1575000 913.7
1580000 929.3
1585000 920.9
1590000 916.5
1595000 919.9
1600000 919.4
1605000 664.5
1610000 811.9
1615000 861.9
1620000 888.9
1625000 917.6
1630000 895.5
1635000 918.8
1640000 915.0
1645000 923.0
1650000 918.1
1655000 922.9
1660000 921.7
1665000 926.9
1670000 921.2
1675000 926.6
1680000 926.2
1685000 668.5
1690000 815.2
1695000 853.3
1700000 879.9
1705000 720.0
1710000 912.5
1715000 923.5
1720000 897.3
1725000 921.8
1730000 912.6
1735000 914.4
1740000 927.2
1745000 928.3
1750000 935.4
1755000 935.3
1760000 934.8
1765000 629.1
1770000 783.9
1775000 789.6
1780000 882.3
1785000 812.5
1790000 905.2
1795000 912.3
1800000 926.0
1805000 928.0
1810000 920.1
1815000 934.5
1820000 931.6
1825000 929.6
1830000 926.8
1835000 931.5
1840000 928.0
1845000 659.5
1850000 797.6
1855000 884.8
1860000 900.7
1865000 915.0
1870000 929.3
1875000 935.1
1880000 922.9
1885000 926.3
1890000 921.3
1895000 933.5
1900000 930.0
1905000 929.7
1910000 927.9
1915000 930.0
1920000 925.8
1925000 659.1
1930000 781.4
1935000 865.7
1940000 888.2
1945000 910.1
1950000 914.1
1955000 917.7
1960000 917.7
1965000 934.8
1970000 931.2
1975000 934.1
1980000 924.0
1985000 931.2
1990000 934.9
1995000 927.4
2000000 934.8
