5000 23.0
10000 25.2
15000 39.1
20000 89.3
25000 136.9
30000 226.1
35000 193.0
40000 310.4
45000 375.6
50000 377.4
55000 388.2
60000 413.3
65000 394.6
70000 433.2
75000 409.7
80000 429.3
85000 441.1
90000 444.0
95000 450.0
100000 475.2
105000 474.1
110000 467.5
115000 468.2
120000 488.0
125000 489.2
130000 427.0
135000 495.5
140000 452.6
145000 505.0
150000 499.9
155000 588.1
160000 612.9
165000 609.9
170000 641.0
175000 654.4
180000 699.6
185000 702.7
190000 717.5
195000 711.0
200000 737.0
205000 729.5
210000 731.4
215000 732.9
220000 726.5
225000 737.3
230000 740.6
235000 735.3
240000 730.2
245000 656.5
250000 702.7
255000 754.8
260000 745.6
265000 736.9
270000 66.0
275000 756.9
280000 769.0
285000 775.4
290000 781.1
295000 757.9
300000 760.8
305000 778.3
310000 781.3
315000 761.5
320000 778.5
325000 690.2
330000 745.1
335000 764.7
340000 768.5
345000 779.0
350000 778.6
355000 769.8
360000 778.5
365000 780.8
370000 759.1
375000 762.1
380000 714.7
385000 769.6
390000 770.3
395000 792.3
400000 786.0
405000 674.3
410000 760.6
415000 707.0
420000 770.7
425000 784.1
430000 787.5
435000 773.2
440000 781.2
445000 777.9
450000 781.2
455000 780.8
460000 784.8
465000 775.1
470000 792.1
475000 789.6
480000 784.2
485000 711.2
490000 782.9
495000 777.5
500000 704.2
505000 786.4
510000 711.0
515000 793.6
520000 799.3
525000 786.6
530000 783.1
535000 786.2
540000 794.0
545000 789.8
550000 705.6
555000 795.2
560000 792.8
565000 714.6
570000 782.5
575000 792.0
580000 800.9
585000 798.7
590000 799.6
595000 806.6
600000 806.7
605000 790.0
610000 808.9
615000 793.6
620000 804.9
625000 799.5
630000 792.2
635000 799.0
640000 805.9
645000 703.9
650000 761.8
655000 788.1
660000 803.9
665000 794.1
670000 799.0
675000 809.0
680000 806.8
685000 802.2
690000 806.9
695000 806.5
700000 795.0
705000 809.3
710000 803.2
715000 801.5
720000 811.2
725000 744.1
730000 779.5
735000 789.8
740000 790.1
745000 798.7
750000 801.8
755000 810.3
760000 812.0
765000 799.8
770000 810.4
775000 801.8
780000 802.8
785000 807.3
790000 762.7
795000 799.5
800000 799.4
805000 714.3
810000 779.9
815000 800.0
820000 799.0
825000 800.8
830000 807.0
835000 810.5
840000 817.9
845000 814.1
850000 818.0
855000 827.4
860000 812.0
865000 818.6
870000 811.7
875000 821.9
880000 814.9
885000 711.0
890000 789.8
895000 805.4
900000 794.6
905000 811.7
910000 804.8
915000 804.8
920000 814.7
925000 817.8
930000 817.7
935000 817.2
940000 811.1
945000 810.7
950000 819.6
955000 807.2
960000 807.2
965000 724.0
970000 785.6
975000 800.3
980000 807.3
985000 800.7
990000 818.7
995000 805.5
1000000 811.3
1005000 810.8
1010000 813.9
1015000 822.2
1020000 820.2
1025000 804.9
1030000 821.7
1035000 820.3
1040000 822.8
1045000 759.7
1050000 768.0
1055000 790.1
1060000 797.6
1065000 809.2
1070000 798.3
1075000 823.8
1080000 823.8
1085000 811.4
1090000 808.8
1095000 821.3
1100000 750.8
1105000 816.2
1110000 823.5
1115000 824.4
1120000 818.2
1125000 727.2
1130000 788.5
1135000 806.9
1140000 808.7
1145000 800.6
1150000 816.3
1155000 813.2
1160000 815.7
1165000 814.8
1170000 823.1
1175000 810.8
1180000 821.3
1185000 826.9
1190000 817.9
1195000 816.7
1200000 821.5
1205000 649.7
1210000 787.1
1215000 800.6
1220000 819.9
1225000 808.0
1230000 816.0
1235000 820.1
1240000 826.8
1245000 818.8
1250000 825.9
1255000 824.7
1260000 820.7
1265000 823.4
1270000 817.7
1275000 823.0
1280000 824.8
1285000 724.9
1290000 799.1
1295000 790.7
1300000 815.1
1305000 819.0
1310000 816.6
1315000 819.4
1320000 817.1
1325000 828.9
1330000 820.6
1335000 825.0
1340000 819.1
1345000 817.4
1350000 816.2
1355000 824.5
1360000 812.6
1365000 696.0
1370000 772.6
1375000 799.4
1380000 813.8
1385000 805.7
1390000 818.2
1395000 817.9
1400000 828.9
1405000 819.3
1410000 808.4
1415000 820.9
1420000 815.7
1425000 814.8
1430000 826.7
1435000 821.0
1440000 733.9
1445000 737.6
1450000 786.7
1455000 794.2
1460000 810.1
1465000 808.4
1470000 829.7
1475000 814.6
1480000 823.1
1485000 825.9
1490000 825.3
1495000 826.8
1500000 818.8
1505000 820.6
1510000 824.9
1515000 820.0
1520000 747.1
1525000 698.5
1530000 769.1
1535000 808.6
1540000 808.3
1545000 812.9
1550000 821.9
1555000 819.0
1560000 818.5
1565000 811.6
1570000 831.4
1575000 816.5
1580000 812.3
1585000 820.0
1590000 810.3
1595000 819.3
1600000 822.1
1605000 702.8
1610000 764.8
1615000 811.7
1620000 813.6
1625000 810.5
1630000 816.8
1635000 817.2
1640000 822.1
1645000 822.9
1650000 815.6
1655000 818.1
1660000 826.4
1665000 821.9
1670000 827.4
1675000 822.9
1680000 822.5
1685000 708.9
1690000 779.9
1695000 795.9
1700000 803.0
1705000 815.4
1710000 820.3
1715000 823.4
1720000 820.7
1725000 818.3
1730000 815.7
1735000 812.7
1740000 828.9
1745000 824.2
1750000 830.9
1755000 835.7
1760000 827.6
1765000 714.4
1770000 776.3
1775000 805.3
1780000 818.1
1785000 812.9
1790000 359.5
1795000 815.9
1800000 828.1
1805000 823.7
1810000 823.9
1815000 821.8
1820000 825.1
1825000 823.5
1830000 828.2
1835000 825.3
1840000 827.9
1845000 660.0
1850000 790.9
1855000 796.5
1860000 823.5
1865000 826.9
1870000 819.8
1875000 828.2
1880000 822.5
1885000 822.8
1890000 825.9
1895000 826.7
1900000 824.7
1905000 822.6
1910000 829.0
1915000 827.0
1920000 824.5
1925000 693.7
1930000 778.5
1935000 797.1
1940000 805.6
1945000 818.9
1950000 815.0
1955000 827.1
1960000 822.9
1965000 812.8
1970000 821.8
1975000 822.1
1980000 827.3
1985000 826.0
1990000 837.4
1995000 823.0
2000000 823.1
