5000 16.3
10000 24.4
15000 82.1
20000 77.5
25000 119.3
30000 143.2
35000 215.3
40000 230.0
45000 270.5
50000 253.0
55000 319.7
60000 484.3
65000 362.2
70000 527.7
75000 599.2
80000 597.0
85000 623.2
90000 640.3
95000 631.6
100000 649.6
105000 653.1
110000 590.4
115000 693.3
120000 641.6
125000 691.9
130000 686.2
135000 710.6
140000 683.9
145000 658.3
150000 695.7
155000 731.6
160000 651.5
165000 698.0
170000 706.1
175000 702.0
180000 735.7
185000 748.1
190000 711.4
195000 730.3
200000 741.0
205000 759.5
210000 757.1
215000 747.7
220000 742.7
225000 692.4
230000 780.9
235000 776.4
240000 777.0
245000 709.1
250000 764.7
255000 773.7
260000 784.3
265000 780.6
270000 785.6
275000 781.8
280000 793.0
285000 786.3
290000 781.5
295000 793.6
300000 798.7
305000 796.6
310000 799.2
315000 784.1
320000 791.5
325000 686.1
330000 743.2
335000 775.2
340000 801.9
345000 797.3
350000 805.8
355000 805.6
360000 808.3
365000 808.8
370000 797.1
375000 814.4
380000 814.9
385000 802.3
390000 816.8
395000 813.2
400000 822.0
405000 755.0
410000 769.7
415000 796.9
420000 810.9
425000 818.2
430000 813.1
435000 807.5
440000 821.9
445000 805.3
450000 803.5
455000 817.9
460000 811.2
465000 798.0
470000 814.4
475000 802.5
480000 816.6
485000 735.8
490000 789.3
495000 811.1
500000 816.2
505000 812.2
510000 804.0
515000 811.8
520000 819.3
525000 812.7
530000 818.4
535000 813.3
540000 819.5
545000 818.2
550000 810.4
555000 822.4
560000 825.2
565000 700.2
570000 793.3
575000 803.5
580000 822.6
585000 827.1
590000 820.6
595000 819.6
600000 826.6
605000 815.7
610000 820.9
615000 825.3
620000 827.2
625000 816.0
630000 826.4
635000 816.9
640000 830.5
645000 677.7
650000 790.7
655000 807.8
660000 819.7
665000 826.3
670000 828.3
675000 823.0
680000 823.5
685000 822.1
690000 830.8
695000 819.0
700000 825.3
705000 826.5
710000 829.7
715000 833.4
720000 825.5
725000 687.9
730000 759.7
735000 823.7
740000 822.5
745000 824.2
750000 825.7
755000 823.7
760000 823.4
765000 825.1
770000 830.1
775000 824.3
780000 822.6
785000 821.0
790000 823.2
795000 834.7
800000 830.0
805000 741.3
810000 806.8
815000 817.2
820000 813.8
825000 816.4
830000 822.5
835000 822.1
840000 823.5
845000 819.1
850000 830.8
855000 828.8
860000 824.9
865000 831.0
870000 833.6
875000 830.6
880000 826.5
885000 734.1
890000 781.4
895000 818.5
900000 827.1
905000 830.5
910000 833.1
915000 836.4
920000 822.7
925000 839.0
930000 832.5
935000 828.0
940000 830.3
945000 836.9
950000 832.6
955000 835.7
960000 831.3
965000 696.9
970000 795.5
975000 793.5
980000 827.2
985000 833.1
990000 833.2
995000 832.7
1000000 824.0
1005000 838.5
1010000 831.1
1015000 833.3
1020000 832.2
1025000 832.8
1030000 838.6
1035000 831.3
1040000 837.0
1045000 738.7
1050000 799.5
1055000 821.7
1060000 826.0
1065000 830.4
1070000 833.4
1075000 830.2
1080000 839.8
1085000 832.9
1090000 836.1
1095000 839.4
1100000 835.7
1105000 842.7
1110000 839.0
1115000 828.7
1120000 838.5
1125000 625.1
1130000 766.4
1135000 741.9
1140000 834.8
1145000 824.8
1150000 836.3
1155000 827.3
1160000 831.5
1165000 843.2
1170000 832.6
1175000 832.2
1180000 833.5
1185000 839.8
1190000 834.0
1195000 835.0
1200000 843.3
1205000 737.4
1210000 778.8
1215000 824.5
1220000 825.5
1225000 828.6
1230000 835.4
1235000 835.8
1240000 836.2
1245000 827.5
1250000 835.3
1255000 836.0
1260000 839.1
1265000 844.6
1270000 847.6
1275000 842.0
1280000 837.4
1285000 760.6
1290000 809.8
1295000 826.7
1300000 833.0
1305000 829.9
1310000 838.2
1315000 837.8
1320000 759.0
1325000 837.6
1330000 840.1
1335000 832.3
1340000 834.6
1345000 844.8
1350000 843.4
1355000 838.5
1360000 831.3
1365000 730.0
1370000 792.3
1375000 827.2
1380000 838.1
1385000 827.7
1390000 820.0
1395000 829.9
1400000 840.2
1405000 840.1
1410000 833.3
1415000 836.4
1420000 838.9
1425000 841.3
1430000 839.0
1435000 841.0
1440000 844.4
1445000 691.1
1450000 800.1
1455000 819.3
1460000 830.9
1465000 827.0
1470000 830.6
1475000 835.8
1480000 841.6
1485000 824.4
1490000 842.3
1495000 833.0
1500000 842.0
1505000 839.3
1510000 834.7
1515000 831.6
1520000 846.6
1525000 703.5
1530000 799.1
1535000 831.9
1540000 828.1
1545000 825.3
1550000 827.1
1555000 841.5
1560000 838.5
1565000 832.0
1570000 834.6
1575000 842.2
1580000 840.2
1585000 832.0
1590000 840.9
1595000 840.7
1600000 844.2
1605000 751.0
1610000 791.7
1615000 809.5
1620000 818.3
1625000 834.8
1630000 833.3
1635000 833.8
1640000 837.6
1645000 835.1
1650000 836.4
1655000 837.6
1660000 844.0
1665000 834.1
1670000 838.7
1675000 835.9
1680000 846.5
1685000 751.7
1690000 802.3
1695000 811.2
1700000 827.4
1705000 837.1
1710000 832.6
1715000 845.4
1720000 840.9
1725000 837.1
1730000 840.7
1735000 835.7
1740000 839.1
1745000 839.8
1750000 837.0
1755000 840.0
1760000 828.5
1765000 722.8
1770000 793.3
1775000 820.6
1780000 827.4
1785000 838.1
1790000 831.6
1795000 833.7
1800000 833.5
1805000 837.9
1810000 838.4
1815000 840.6
1820000 834.0
1825000 835.6
1830000 843.4
1835000 835.5
1840000 843.5
1845000 719.7
1850000 805.0
1855000 823.2
1860000 827.4
1865000 831.1
1870000 838.4
1875000 833.9
1880000 837.0
1885000 838.2
1890000 840.8
1895000 835.5
1900000 837.1
1905000 837.6
1910000 840.7
1915000 836.1
1920000 844.8
1925000 731.9
1930000 800.2
1935000 816.8
1940000 830.0
1945000 833.5
1950000 840.6
1955000 836.9
1960000 831.2
1965000 834.4
1970000 836.3
1975000 832.9
1980000 835.0
1985000 834.9
1990000 837.1
1995000 844.1
2000000 840.8
