5000 17.6
10000 26.7
15000 100.4
20000 125.7
25000 191.7
30000 257.3
35000 297.1
40000 438.7
45000 444.2
50000 504.0
55000 512.7
60000 522.3
65000 571.9
70000 593.3
75000 562.9
80000 601.2
85000 600.0
90000 571.3
95000 596.8
100000 183.6
105000 580.1
110000 650.2
115000 683.8
120000 680.5
125000 662.0
130000 633.5
135000 605.6
140000 680.3
145000 687.2
150000 686.1
155000 692.5
160000 702.3
165000 676.0
170000 696.0
175000 712.4
180000 708.3
185000 712.0
190000 708.0
195000 716.5
200000 715.2
205000 691.9
210000 718.9
215000 725.7
220000 735.8
225000 732.7
230000 741.1
235000 724.1
240000 730.7
245000 661.0
250000 727.2
255000 714.8
260000 728.7
265000 729.6
270000 747.4
275000 740.0
280000 743.1
285000 753.5
290000 739.2
295000 743.4
300000 742.2
305000 741.1
310000 753.7
315000 745.5
320000 740.6
325000 672.9
330000 718.0
335000 742.0
340000 750.1
345000 745.0
350000 757.3
355000 751.6
360000 751.2
365000 751.4
370000 759.2
375000 752.8
380000 743.0
385000 756.3
390000 765.8
395000 749.9
400000 760.6
405000 682.5
410000 739.0
415000 759.3
420000 738.7
425000 763.4
430000 761.8
435000 764.0
440000 767.5
445000 772.8
450000 764.4
455000 765.8
460000 767.3
465000 775.8
470000 762.9
475000 763.9
480000 767.0
485000 700.3
490000 744.9
495000 756.1
500000 778.1
505000 768.0
510000 774.3
515000 785.6
520000 787.1
525000 780.0
530000 784.3
535000 784.2
540000 781.8
545000 781.3
550000 783.8
555000 776.2
560000 781.4
565000 733.3
570000 680.2
575000 780.7
580000 775.9
585000 784.6
590000 785.6
595000 783.1
600000 780.2
605000 786.3
610000 789.0
615000 783.6
620000 787.5
625000 786.6
630000 791.6
635000 797.7
640000 793.5
645000 701.8
650000 778.4
655000 772.6
660000 785.4
665000 792.0
670000 792.9
675000 796.8
680000 797.2
685000 808.2
690000 799.5
695000 806.2
700000 798.4
705000 799.5
710000 797.9
715000 802.6
720000 804.7
725000 702.6
730000 775.0
735000 794.7
740000 813.2
745000 801.4
750000 805.8
755000 811.9
760000 804.7
765000 810.9
770000 812.2
775000 810.9
780000 805.8
785000 808.0
790000 814.2
795000 806.2
800000 812.7
805000 668.4
810000 775.4
815000 791.9
820000 799.3
825000 803.3
830000 800.9
835000 801.2
840000 818.5
845000 808.7
850000 805.8
855000 803.7
860000 812.5
865000 822.5
870000 808.9
875000 781.2
880000 807.4
885000 696.5
890000 782.0
895000 810.4
900000 806.6
905000 819.4
910000 822.3
915000 815.8
920000 812.0
925000 809.7
930000 817.5
935000 816.3
940000 816.7
945000 820.0
950000 814.1
955000 825.1
960000 812.9
965000 706.3
970000 781.6
975000 776.3
980000 810.7
985000 817.1
990000 820.2
995000 818.1
1000000 810.5
1005000 816.6
1010000 807.0
1015000 808.3
1020000 818.6
1025000 815.9
1030000 812.9
1035000 807.2
1040000 825.8
1045000 650.6
1050000 766.1
1055000 807.2
1060000 806.0
1065000 803.7
1070000 815.6
1075000 812.1
1080000 821.0
1085000 818.4
1090000 816.2
1095000 814.6
1100000 822.7
1105000 811.8
1110000 811.0
1115000 815.0
1120000 819.7
1125000 692.8
1130000 776.2
1135000 786.1
1140000 811.2
1145000 739.9
1150000 816.0
1155000 821.6
1160000 820.1
1165000 822.1
1170000 829.3
1175000 819.7
1180000 828.6
1185000 818.6
1190000 823.9
1195000 817.7
1200000 821.4
1205000 694.6
1210000 750.2
1215000 793.8
1220000 819.6
1225000 815.9
1230000 820.8
1235000 818.2
1240000 823.6
1245000 815.6
1250000 820.8
1255000 816.1
1260000 827.6
1265000 815.0
1270000 820.3
1275000 820.8
1280000 821.5
1285000 670.8
1290000 765.3
1295000 780.7
1300000 813.5
1305000 804.0
1310000 817.0
1315000 811.0
1320000 812.5
1325000 748.5
1330000 794.0
1335000 821.3
1340000 817.8
1345000 817.4
1350000 826.0
1355000 823.3
1360000 820.2
1365000 696.0
1370000 765.8
1375000 800.4
1380000 805.6
1385000 801.4
1390000 823.9
1395000 817.2
1400000 823.9
1405000 827.5
1410000 819.3
1415000 818.6
1420000 832.4
1425000 828.4
1430000 822.7
1435000 819.9
1440000 821.1
1445000 669.6
1450000 781.5
1455000 719.7
1460000 741.4
1465000 823.4
1470000 821.5
1475000 828.5
1480000 823.9
1485000 825.3
1490000 822.0
1495000 826.2
1500000 829.0
1505000 826.4
1510000 814.1
1515000 823.3
1520000 830.4
1525000 683.9
1530000 756.7
1535000 734.3
1540000 810.0
1545000 795.1
1550000 810.5
1555000 826.0
1560000 809.9
1565000 821.4
1570000 818.6
1575000 823.7
1580000 829.6
1585000 819.4
1590000 820.8
1595000 820.0
1600000 830.1
1605000 695.8
1610000 791.4
1615000 784.1
1620000 820.6
1625000 825.9
1630000 827.8
1635000 822.2
1640000 816.5
1645000 826.0
1650000 832.4
1655000 820.8
1660000 830.4
1665000 832.2
1670000 820.8
1675000 827.8
1680000 818.7
1685000 714.2
1690000 764.6
1695000 803.2
1700000 820.0
1705000 821.7
1710000 818.3
1715000 829.6
1720000 822.8
1725000 825.5
1730000 827.0
1735000 826.5
1740000 828.2
1745000 814.7
1750000 825.5
1755000 819.8
1760000 820.0
1765000 731.2
1770000 768.7
1775000 803.7
1780000 819.3
1785000 818.5
1790000 830.6
1795000 827.9
1800000 821.4
1805000 820.7
1810000 813.5
1815000 828.9
1820000 828.7
1825000 816.1
1830000 819.6
1835000 824.5
1840000 819.8
1845000 666.4
1850000 776.2
1855000 796.8
1860000 809.3
1865000 817.2
1870000 828.3
1875000 815.5
1880000 824.3
1885000 823.7
1890000 827.4
1895000 814.0
1900000 816.6
1905000 814.3
1910000 827.3
1915000 815.8
1920000 821.6
1925000 729.1
1930000 783.7
1935000 802.6
1940000 826.9
1945000 812.0
1950000 822.2
1955000 832.3
1960000 829.6
1965000 819.1
1970000 835.5
1975000 827.2
1980000 830.7
1985000 835.0
1990000 827.8
1995000 830.5
2000000 827.3
