5000 4.4
10000 0.0
15000 0.7
20000 194.7
25000 377.9
30000 392.4
35000 107.7
40000 105.4
45000 489.7
50000 772.5
55000 773.8
60000 871.4
65000 882.8
70000 974.8
75000 577.4
80000 881.8
85000 961.6
90000 980.4
95000 971.8
100000 977.3
105000 967.4
110000 876.9
115000 973.9
120000 877.0
125000 872.0
130000 972.1
135000 675.9
140000 683.6
145000 975.7
150000 845.7
155000 871.6
160000 787.1
165000 974.3
170000 875.9
175000 872.8
180000 876.7
185000 972.9
190000 980.7
195000 974.2
200000 970.7
205000 977.6
210000 966.0
215000 977.8
220000 879.3
225000 888.6
230000 977.8
235000 971.1
240000 975.8
245000 975.6
250000 976.8
255000 974.6
260000 975.6
265000 976.8
270000 967.4
275000 974.1
280000 876.8
285000 979.5
290000 977.3
295000 985.6
300000 975.8
305000 965.3
310000 974.0
315000 981.5
320000 978.5
325000 974.8
330000 880.8
335000 735.1
340000 980.6
345000 971.8
350000 880.7
355000 973.4
360000 976.9
365000 970.7
370000 973.4
375000 883.8
380000 888.8
385000 983.2
390000 981.7
395000 872.6
400000 972.1
405000 982.9
410000 981.4
415000 976.2
420000 979.7
425000 973.6
430000 961.7
435000 980.3
440000 979.2
445000 976.6
450000 980.8
455000 985.4
460000 976.1
465000 982.0
470000 902.3
475000 979.9
480000 968.1
485000 884.7
490000 971.4
495000 974.1
500000 980.9
505000 880.6
510000 881.9
515000 943.9
520000 978.7
525000 973.8
530000 977.6
535000 979.5
540000 973.9
545000 877.4
550000 975.2
555000 977.6
560000 887.1
565000 980.7
570000 989.1
575000 787.3
580000 976.1
585000 881.5
590000 982.0
595000 979.5
600000 978.6
605000 982.8
610000 978.0
615000 982.3
620000 981.0
625000 979.4
630000 970.4
635000 980.0
640000 983.8
645000 924.9
650000 983.0
655000 878.2
660000 974.8
665000 882.3
670000 877.2
675000 979.4
680000 980.4
685000 977.2
690000 981.5
695000 983.8
700000 985.3
705000 976.7
710000 977.7
715000 981.2
720000 976.7
725000 972.9
730000 981.8
735000 977.2
740000 984.3
745000 982.0
750000 980.8
755000 977.9
760000 886.9
765000 979.4
770000 876.4
775000 985.3
780000 981.2
785000 980.0
790000 883.5
795000 982.3
800000 981.8
805000 979.6
810000 985.4
815000 975.4
820000 881.2
825000 980.2
830000 976.7
835000 976.0
840000 979.1
845000 884.4
850000 983.4
855000 980.6
860000 979.1
865000 972.4
870000 978.6
875000 981.0
880000 986.2
885000 972.0
890000 980.3
895000 980.1
900000 976.0
905000 983.9
910000 988.2
915000 972.4
920000 977.9
925000 975.4
930000 979.5
935000 961.7
940000 984.5
945000 983.7
950000 981.4
955000 980.3
960000 980.2
965000 982.2
970000 980.3
975000 981.1
980000 984.1
985000 982.5
990000 979.9
995000 981.8
1000000 985.6
1005000 979.3
1010000 984.3
1015000 972.4
1020000 939.9
1025000 927.0
1030000 983.5
1035000 981.8
1040000 977.2
1045000 875.8
1050000 981.4
1055000 974.6
1060000 882.0
1065000 979.0
1070000 981.4
1075000 982.9
1080000 975.0
1085000 981.7
1090000 982.1
1095000 978.5
1100000 887.5
1105000 965.5
1110000 883.7
1115000 976.9
1120000 981.8
1125000 976.0
1130000 978.9
1135000 971.4
1140000 980.9
1145000 978.2
1150000 883.7
1155000 979.8
1160000 977.8
1165000 883.5
1170000 980.3
1175000 979.6
1180000 981.9
1185000 978.1
1190000 980.8
1195000 979.9
1200000 885.4
1205000 883.2
1210000 884.7
1215000 980.7
1220000 981.7
1225000 883.4
1230000 887.0
1235000 982.1
1240000 981.7
1245000 983.4
1250000 984.9
1255000 987.3
1260000 981.8
1265000 976.8
1270000 986.9
1275000 979.3
1280000 983.0
1285000 980.9
1290000 884.6
1295000 980.0
1300000 980.4
1305000 972.7
1310000 980.3
1315000 980.5
1320000 977.5
1325000 880.2
1330000 891.8
1335000 975.8
1340000 885.1
1345000 984.3
1350000 981.8
1355000 979.6
1360000 783.3
1365000 980.7
1370000 981.8
1375000 980.9
1380000 981.9
1385000 886.4
1390000 884.4
1395000 979.0
1400000 981.0
1405000 977.5
1410000 984.5
1415000 988.0
1420000 981.1
1425000 976.8
1430000 880.5
1435000 981.5
1440000 978.2
1445000 985.8
1450000 981.1
1455000 882.3
1460000 985.5
1465000 967.2
1470000 988.6
1475000 969.4
1480000 980.6
1485000 983.6
1490000 980.5
1495000 979.3
1500000 984.5
1505000 978.9
1510000 920.2
1515000 978.3
1520000 879.4
1525000 980.4
1530000 981.7
1535000 981.2
1540000 977.1
1545000 979.2
1550000 885.7
1555000 980.5
1560000 977.7
1565000 975.5
1570000 981.8
1575000 976.6
1580000 881.1
1585000 973.2
1590000 973.7
1595000 983.5
1600000 982.2
1605000 979.1
1610000 976.5
1615000 988.2
1620000 979.7
1625000 975.5
1630000 977.5
1635000 982.3
1640000 979.8
1645000 879.6
1650000 979.4
1655000 977.1
1660000 970.8
1665000 982.3
1670000 980.0
1675000 984.4
1680000 983.7
1685000 980.0
1690000 983.0
1695000 981.3
1700000 881.5
1705000 977.1
1710000 975.3
1715000 984.6
1720000 981.8
1725000 881.8
1730000 983.8
1735000 980.2
1740000 977.3
1745000 875.5
1750000 982.0
1755000 981.4
1760000 885.4
1765000 975.1
1770000 980.7
1775000 987.4
1780000 973.0
1785000 979.0
1790000 979.7
1795000 976.7
1800000 981.6
1805000 966.2
1810000 982.1
1815000 979.9
1820000 979.4
1825000 978.8
1830000 981.2
1835000 981.1
1840000 977.3
1845000 886.6
1850000 888.5
1855000 981.2
1860000 974.4
1865000 879.1
1870000 978.3
1875000 889.5
1880000 980.3
1885000 882.9
1890000 982.2
1895000 891.0
1900000 972.1
1905000 978.3
1910000 985.3
1915000 882.3
1920000 973.4
1925000 982.2
1930000 875.2
1935000 983.6
1940000 982.7
1945000 978.1
1950000 980.6
1955000 979.4
1960000 976.8
1965000 982.6
1970000 979.9
1975000 982.7
1980000 982.1
1985000 980.1
1990000 980.0
1995000 977.3
2000000 980.7
