5000 0.0
10000 0.0
15000 280.4
20000 645.8
25000 938.5
30000 762.5
35000 753.8
40000 767.5
45000 863.3
50000 753.5
55000 868.2
60000 873.0
65000 965.9
70000 874.6
75000 962.1
80000 954.9
85000 679.4
90000 965.0
95000 674.2
100000 922.0
105000 975.4
110000 977.1
115000 969.3
120000 865.3
125000 972.1
130000 761.3
135000 970.8
140000 869.7
145000 957.6
150000 782.0
155000 980.1
160000 976.8
165000 868.6
170000 966.2
175000 976.4
180000 974.3
185000 951.8
190000 974.0
195000 961.9
200000 968.5
205000 963.3
210000 974.8
215000 912.1
220000 964.8
225000 875.0
230000 976.5
235000 968.2
240000 970.6
245000 955.6
250000 968.1
255000 872.3
260000 967.8
265000 970.5
270000 977.8
275000 971.4
280000 968.1
285000 975.1
290000 972.2
295000 972.3
300000 901.4
305000 964.7
310000 976.5
315000 973.4
320000 970.6
325000 971.0
330000 962.7
335000 965.0
340000 970.9
345000 973.5
350000 978.0
355000 967.3
360000 974.9
365000 975.5
370000 878.6
375000 972.9
380000 971.2
385000 974.1
390000 976.9
395000 970.3
400000 975.7
405000 975.1
410000 977.2
415000 973.9
420000 872.7
425000 973.1
430000 968.4
435000 875.5
440000 962.9
445000 975.5
450000 966.0
455000 972.1
460000 979.1
465000 975.4
470000 971.2
475000 972.9
480000 976.2
485000 974.9
490000 967.8
495000 975.6
500000 974.2
505000 953.8
510000 960.9
515000 974.3
520000 972.2
525000 979.6
530000 967.9
535000 976.3
540000 976.7
545000 973.8
550000 829.7
555000 972.1
560000 973.3
565000 965.8
570000 970.8
575000 974.6
580000 970.2
585000 975.5
590000 976.2
595000 975.6
600000 877.4
605000 968.9
610000 972.7
615000 978.2
620000 981.5
625000 969.0
630000 976.9
635000 976.1
640000 975.4
645000 973.7
650000 977.6
655000 978.4
660000 967.0
665000 972.2
670000 878.8
675000 975.3
680000 971.1
685000 974.5
690000 975.7
695000 970.8
700000 980.6
705000 976.0
710000 972.4
715000 974.8
720000 976.3
725000 970.6
730000 965.1
735000 975.8
740000 972.5
745000 980.6
750000 977.5
755000 971.8
760000 973.4
765000 974.2
770000 971.2
775000 975.0
780000 948.9
785000 971.8
790000 972.2
795000 979.2
800000 979.6
805000 976.4
810000 975.1
815000 976.5
820000 974.3
825000 875.4
830000 981.8
835000 971.7
840000 974.1
845000 967.4
850000 883.1
855000 976.4
860000 970.6
865000 977.6
870000 965.1
875000 975.5
880000 966.1
885000 971.9
890000 976.6
895000 977.0
900000 880.0
905000 977.6
910000 978.1
915000 972.6
920000 878.9
925000 977.3
930000 976.9
935000 972.6
940000 968.9
945000 972.7
950000 964.4
955000 977.6
960000 973.0
965000 980.0
970000 970.7
975000 962.5
980000 973.1
985000 978.2
990000 970.1
995000 985.5
1000000 971.1
1005000 969.3
1010000 977.4
1015000 875.4
1020000 970.7
1025000 966.0
1030000 969.0
1035000 975.0
1040000 970.2
1045000 871.3
1050000 876.0
1055000 972.1
1060000 976.1
1065000 972.4
1070000 970.2
1075000 973.3
1080000 978.6
1085000 971.8
1090000 971.9
1095000 973.8
1100000 969.2
1105000 683.3
1110000 885.8
1115000 978.5
1120000 983.4
1125000 974.2
1130000 973.7
1135000 972.3
1140000 974.2
1145000 972.8
1150000 878.7
1155000 976.2
1160000 972.0
1165000 974.6
1170000 984.8
1175000 981.2
1180000 878.0
1185000 977.2
1190000 970.8
1195000 980.4
1200000 981.1
1205000 973.6
1210000 979.4
1215000 973.0
1220000 968.8
1225000 977.0
1230000 977.2
1235000 975.7
1240000 973.6
1245000 975.2
1250000 978.0
1255000 876.1
1260000 876.7
1265000 966.7
1270000 968.0
1275000 972.5
1280000 973.0
1285000 979.5
1290000 970.0
1295000 969.1
1300000 878.9
1305000 975.1
1310000 875.1
1315000 969.1
1320000 966.1
1325000 973.6
1330000 871.4
1335000 972.1
1340000 978.4
1345000 870.6
1350000 974.7
1355000 969.7
1360000 978.2
1365000 975.9
1370000 972.0
1375000 971.4
1380000 974.6
1385000 975.6
1390000 969.1
1395000 969.6
1400000 970.9
1405000 969.7
1410000 973.7
1415000 979.9
1420000 971.6
1425000 975.8
1430000 971.2
1435000 974.8
1440000 973.6
1445000 975.5
1450000 973.5
1455000 972.3
1460000 973.4
1465000 973.9
1470000 975.3
1475000 976.6
1480000 974.8
1485000 878.9
1490000 969.5
1495000 967.2
1500000 973.5
1505000 874.1
1510000 970.7
1515000 971.4
1520000 975.4
1525000 900.7
1530000 953.9
1535000 979.8
1540000 978.7
1545000 970.8
1550000 969.7
1555000 971.7
1560000 969.8
1565000 822.0
1570000 976.0
1575000 976.4
1580000 970.6
1585000 971.1
1590000 980.5
1595000 967.2
1600000 971.7
1605000 973.7
1610000 980.3
1615000 978.8
1620000 980.8
1625000 973.6
1630000 971.6
1635000 976.1
1640000 777.2
1645000 975.9
1650000 974.6
1655000 976.8
1660000 971.8
1665000 962.2
1670000 976.6
1675000 967.1
1680000 974.1
1685000 971.6
1690000 971.0
1695000 972.7
1700000 975.4
1705000 972.3
1710000 972.2
1715000 975.3
1720000 973.2
1725000 972.3
1730000 969.6
1735000 980.3
1740000 973.7
1745000 972.1
1750000 970.3
1755000 977.4
1760000 973.4
1765000 967.9
1770000 981.1
1775000 980.6
1780000 977.8
1785000 971.0
1790000 971.2
1795000 971.4
1800000 964.4
1805000 876.5
1810000 875.1
1815000 972.6
1820000 968.6
1825000 976.7
1830000 968.5
1835000 972.1
1840000 972.4
1845000 876.1
1850000 974.5
1855000 977.1
1860000 975.6
1865000 968.8
1870000 974.4
1875000 970.3
1880000 973.7
1885000 973.3
1890000 977.7
1895000 971.0
1900000 973.4
1905000 971.6
1910000 972.5
1915000 972.2
1920000 965.8
1925000 972.6
1930000 969.0
1935000 977.0
1940000 974.2
1945000 878.0
1950000 976.0
1955000 973.0
1960000 969.9
1965000 974.8
1970000 973.6
1975000 974.7
1980000 970.5
1985000 977.5
1990000 974.0
1995000 976.6
2000000 976.4
