5000 0.5
10000 0.9
15000 97.4
20000 0.3
25000 572.7
30000 628.7
35000 271.3
40000 98.9
45000 662.1
50000 868.1
55000 573.4
60000 674.7
65000 773.4
70000 957.2
75000 765.5
80000 663.7
85000 962.8
90000 956.6
95000 965.5
100000 970.0
105000 861.3
110000 968.8
115000 972.6
120000 967.6
125000 967.6
130000 875.7
135000 927.5
140000 968.8
145000 664.2
150000 971.0
155000 969.8
160000 872.7
165000 974.4
170000 964.7
175000 869.9
180000 880.6
185000 958.4
190000 957.7
195000 854.3
200000 965.0
205000 778.3
210000 965.1
215000 960.4
220000 961.7
225000 777.2
230000 780.7
235000 973.7
240000 871.5
245000 784.7
250000 785.5
255000 777.0
260000 867.0
265000 968.8
270000 966.1
275000 877.2
280000 879.1
285000 967.8
290000 971.9
295000 973.8
300000 882.0
305000 879.8
310000 891.7
315000 878.4
320000 975.5
325000 782.2
330000 976.6
335000 978.4
340000 977.2
345000 764.8
350000 894.5
355000 766.8
360000 773.3
365000 873.5
370000 782.0
375000 961.3
380000 974.3
385000 874.4
390000 977.8
395000 956.5
400000 972.8
405000 973.9
410000 979.5
415000 976.2
420000 776.5
425000 886.7
430000 977.4
435000 981.4
440000 874.2
445000 972.7
450000 984.0
455000 978.7
460000 885.3
465000 965.4
470000 885.6
475000 868.4
480000 982.9
485000 964.0
490000 982.3
495000 981.1
500000 880.6
505000 978.8
510000 979.4
515000 982.9
520000 979.2
525000 975.5
530000 976.2
535000 981.9
540000 935.4
545000 980.4
550000 860.7
555000 978.4
560000 975.0
565000 769.5
570000 983.6
575000 973.8
580000 689.4
585000 788.5
590000 930.4
595000 980.0
600000 967.5
605000 867.0
610000 881.9
615000 985.4
620000 881.4
625000 961.2
630000 982.7
635000 981.8
640000 882.4
645000 881.3
650000 773.7
655000 977.4
660000 985.1
665000 953.2
670000 883.8
675000 979.6
680000 875.5
685000 983.6
690000 988.3
695000 983.1
700000 979.1
705000 978.8
710000 977.5
715000 974.6
720000 984.4
725000 976.9
730000 878.9
735000 977.8
740000 976.9
745000 972.0
750000 981.3
755000 974.5
760000 977.4
765000 979.0
770000 964.5
775000 981.5
780000 981.9
785000 980.0
790000 875.3
795000 985.7
800000 985.9
805000 876.8
810000 985.5
815000 980.3
820000 975.0
825000 950.8
830000 975.9
835000 977.3
840000 977.9
845000 977.3
850000 986.8
855000 982.2
860000 982.7
865000 980.3
870000 984.9
875000 879.3
880000 979.6
885000 980.3
890000 980.5
895000 979.9
900000 980.3
905000 978.9
910000 984.9
915000 980.4
920000 801.1
925000 977.5
930000 981.5
935000 884.0
940000 881.6
945000 988.7
950000 883.1
955000 983.7
960000 962.2
965000 980.2
970000 983.5
975000 980.7
980000 933.3
985000 979.5
990000 883.2
995000 979.7
1000000 976.9
1005000 882.7
1010000 983.6
1015000 975.0
1020000 980.3
1025000 983.5
1030000 979.8
1035000 878.9
1040000 980.4
1045000 980.9
1050000 983.0
1055000 888.8
1060000 884.0
1065000 927.9
1070000 984.3
1075000 979.6
1080000 979.1
1085000 978.2
1090000 981.1
1095000 985.4
1100000 979.4
1105000 979.3
1110000 985.3
1115000 884.2
1120000 977.8
1125000 984.7
1130000 977.5
1135000 979.4
1140000 978.6
1145000 979.4
1150000 953.2
1155000 980.1
1160000 977.7
1165000 971.7
1170000 976.5
1175000 982.5
1180000 983.9
1185000 978.9
1190000 977.6
1195000 974.6
1200000 979.8
1205000 980.1
1210000 979.3
1215000 975.4
1220000 982.6
1225000 986.1
1230000 981.9
1235000 980.0
1240000 983.5
1245000 977.4
1250000 981.2
1255000 983.1
1260000 885.9
1265000 972.4
1270000 960.6
1275000 983.8
1280000 979.0
1285000 973.5
1290000 894.6
1295000 976.5
1300000 980.9
1305000 886.3
1310000 981.3
1315000 982.2
1320000 985.8
1325000 982.1
1330000 982.7
1335000 957.5
1340000 886.6
1345000 877.0
1350000 883.1
1355000 985.8
1360000 983.0
1365000 980.8
1370000 982.2
1375000 986.2
1380000 975.1
1385000 883.0
1390000 978.9
1395000 984.2
1400000 979.4
1405000 982.2
1410000 976.7
1415000 986.4
1420000 976.7
1425000 978.0
1430000 978.1
1435000 982.0
1440000 984.5
1445000 985.2
1450000 983.8
1455000 887.6
1460000 972.3
1465000 789.2
1470000 979.4
1475000 979.7
1480000 882.4
1485000 979.6
1490000 981.9
1495000 978.1
1500000 981.1
1505000 978.9
1510000 982.0
1515000 957.0
1520000 984.1
1525000 975.1
1530000 983.7
1535000 982.4
1540000 980.4
1545000 968.4
1550000 890.4
1555000 977.8
1560000 983.3
1565000 883.3
1570000 971.7
1575000 973.8
1580000 887.0
1585000 980.4
1590000 979.3
1595000 883.3
1600000 979.8
1605000 951.1
1610000 985.2
1615000 978.8
1620000 979.3
1625000 982.1
1630000 986.2
1635000 982.6
1640000 982.0
1645000 982.8
1650000 979.7
1655000 887.7
1660000 984.9
1665000 974.6
1670000 966.9
1675000 985.9
1680000 982.7
1685000 979.6
1690000 981.9
1695000 978.2
1700000 979.9
1705000 982.1
1710000 979.4
1715000 984.0
1720000 884.4
1725000 780.6
1730000 981.6
1735000 982.5
1740000 980.2
1745000 980.5
1750000 883.8
1755000 975.5
1760000 985.7
1765000 966.1
1770000 980.3
1775000 983.4
1780000 984.1
1785000 788.6
1790000 979.9
1795000 980.5
1800000 787.0
1805000 884.2
1810000 886.7
1815000 980.9
1820000 987.0
1825000 983.4
1830000 973.8
1835000 983.4
1840000 985.0
1845000 978.9
1850000 983.7
1855000 979.9
1860000 980.3
1865000 979.1
1870000 980.5
1875000 977.5
1880000 976.3
1885000 981.4
1890000 975.8
1895000 883.9
1900000 980.1
1905000 982.2
1910000 979.4
1915000 884.6
1920000 976.8
1925000 933.9
1930000 891.7
1935000 982.0
1940000 984.5
1945000 981.9
1950000 981.7
1955000 886.4
1960000 982.9
1965000 976.8
1970000 979.2
1975000 985.9
1980000 961.3
1985000 779.7
1990000 976.9
1995000 892.3
2000000 981.3
