5000 5.1
10000 0.0
15000 193.7
20000 97.8
25000 440.5
30000 572.2
35000 289.7
40000 665.9
45000 798.4
50000 277.5
55000 667.6
60000 682.5
65000 769.1
70000 861.8
75000 681.9
80000 968.1
85000 852.9
90000 956.9
95000 673.1
100000 674.9
105000 874.5
110000 966.5
115000 780.6
120000 679.0
125000 567.1
130000 875.3
135000 873.3
140000 871.8
145000 970.3
150000 879.4
155000 968.3
160000 684.5
165000 795.4
170000 981.6
175000 967.5
180000 721.0
185000 967.4
190000 867.6
195000 783.2
200000 938.2
205000 974.5
210000 687.6
215000 970.0
220000 978.6
225000 784.4
230000 883.0
235000 980.4
240000 974.6
245000 881.5
250000 781.4
255000 970.3
260000 971.4
265000 979.8
270000 974.4
275000 885.7
280000 841.4
285000 850.7
290000 974.0
295000 880.6
300000 982.9
305000 876.5
310000 979.3
315000 874.0
320000 880.8
325000 978.8
330000 881.5
335000 880.5
340000 982.0
345000 976.5
350000 779.6
355000 879.0
360000 980.4
365000 880.2
370000 980.5
375000 981.7
380000 983.1
385000 939.2
390000 980.1
395000 984.2
400000 976.0
405000 974.3
410000 975.4
415000 971.5
420000 776.8
425000 878.0
430000 885.3
435000 980.6
440000 885.0
445000 977.8
450000 963.7
455000 979.9
460000 984.8
465000 885.0
470000 881.3
475000 976.4
480000 979.4
485000 980.4
490000 981.9
495000 984.3
500000 982.0
505000 977.8
510000 882.3
515000 977.9
520000 980.4
525000 979.7
530000 979.1
535000 881.2
540000 875.3
545000 784.6
550000 973.9
555000 978.4
560000 885.1
565000 980.5
570000 981.4
575000 980.5
580000 885.3
585000 986.2
590000 980.2
595000 977.6
600000 884.7
605000 881.2
610000 877.7
615000 981.4
620000 981.5
625000 977.9
630000 976.1
635000 981.4
640000 975.2
645000 973.4
650000 979.3
655000 980.6
660000 980.8
665000 882.7
670000 981.3
675000 974.1
680000 984.1
685000 976.6
690000 978.5
695000 982.0
700000 977.0
705000 983.2
710000 980.8
715000 981.3
720000 981.8
725000 981.2
730000 979.5
735000 977.9
740000 981.6
745000 972.9
750000 979.7
755000 977.2
760000 884.0
765000 882.9
770000 878.0
775000 989.2
780000 982.5
785000 984.2
790000 884.2
795000 982.9
800000 981.4
805000 976.0
810000 976.9
815000 906.1
820000 980.5
825000 921.9
830000 980.0
835000 881.6
840000 984.1
845000 980.7
850000 979.3
855000 984.0
860000 978.4
865000 972.7
870000 978.0
875000 984.4
880000 983.2
885000 982.2
890000 973.3
895000 985.6
900000 983.2
905000 977.9
910000 985.4
915000 983.0
920000 982.4
925000 980.1
930000 881.0
935000 976.6
940000 888.5
945000 970.0
950000 879.5
955000 980.4
960000 973.9
965000 783.6
970000 981.7
975000 886.1
980000 986.0
985000 981.1
990000 978.9
995000 976.3
1000000 981.8
1005000 981.7
1010000 983.8
1015000 979.9
1020000 986.2
1025000 988.2
1030000 979.1
1035000 977.2
1040000 982.1
1045000 979.7
1050000 976.8
1055000 979.1
1060000 887.8
1065000 876.7
1070000 974.2
1075000 888.9
1080000 978.7
1085000 977.9
1090000 975.4
1095000 981.8
1100000 984.6
1105000 980.8
1110000 981.1
1115000 877.9
1120000 979.2
1125000 932.9
1130000 981.3
1135000 979.1
1140000 976.7
1145000 985.0
1150000 984.3
1155000 975.7
1160000 978.1
1165000 982.6
1170000 942.3
1175000 982.7
1180000 980.5
1185000 764.0
1190000 978.5
1195000 978.0
1200000 961.5
1205000 902.8
1210000 838.5
1215000 977.5
1220000 981.2
1225000 983.6
1230000 970.8
1235000 982.5
1240000 886.4
1245000 972.4
1250000 971.7
1255000 984.0
1260000 981.4
1265000 979.6
1270000 976.8
1275000 979.1
1280000 981.2
1285000 975.4
1290000 979.3
1295000 977.3
1300000 980.9
1305000 981.2
1310000 975.5
1315000 977.0
1320000 966.2
1325000 978.7
1330000 884.7
1335000 982.6
1340000 985.8
1345000 885.9
1350000 881.7
1355000 987.1
1360000 984.1
1365000 980.0
1370000 980.2
1375000 982.1
1380000 983.1
1385000 976.4
1390000 980.6
1395000 980.3
1400000 886.6
1405000 881.5
1410000 978.5
1415000 983.6
1420000 982.9
1425000 976.2
1430000 983.8
1435000 980.3
1440000 979.5
1445000 980.8
1450000 981.2
1455000 983.3
1460000 982.2
1465000 981.5
1470000 979.9
1475000 977.7
1480000 884.4
1485000 980.1
1490000 983.7
1495000 978.9
1500000 983.2
1505000 975.8
1510000 981.0
1515000 983.1
1520000 977.5
1525000 980.1
1530000 973.8
1535000 890.5
1540000 978.5
1545000 980.5
1550000 975.7
1555000 979.2
1560000 960.2
1565000 978.9
1570000 984.8
1575000 978.0
1580000 982.2
1585000 979.6
1590000 980.3
1595000 952.8
1600000 980.4
1605000 983.0
1610000 981.5
1615000 978.9
1620000 978.0
1625000 890.4
1630000 974.9
1635000 982.0
1640000 984.6
1645000 977.9
1650000 977.6
1655000 881.2
1660000 984.7
1665000 1.2
1670000 886.7
1675000 984.6
1680000 785.6
1685000 983.9
1690000 972.5
1695000 981.7
1700000 975.2
1705000 973.4
1710000 978.1
1715000 982.5
1720000 984.5
1725000 971.9
1730000 878.9
1735000 980.7
1740000 878.4
1745000 976.5
1750000 978.6
1755000 878.8
1760000 980.5
1765000 983.1
1770000 980.7
1775000 886.9
1780000 885.6
1785000 953.5
1790000 980.0
1795000 982.2
1800000 985.3
1805000 883.1
1810000 980.6
1815000 979.0
1820000 980.2
1825000 982.0
1830000 983.8
1835000 985.5
1840000 880.3
1845000 877.8
1850000 984.9
1855000 978.7
1860000 982.6
1865000 978.9
1870000 879.4
1875000 978.3
1880000 787.1
1885000 980.3
1890000 966.9
1895000 981.1
1900000 885.3
1905000 980.6
1910000 975.0
1915000 977.2
1920000 976.3
1925000 978.2
1930000 979.0
1935000 981.6
1940000 985.0
1945000 883.3
1950000 984.2
1955000 985.1
1960000 975.9
1965000 961.7
1970000 977.8
1975000 983.8
1980000 983.6
1985000 983.9
1990000 975.4
1995000 985.6
2000000 979.8
