5000 2.5
10000 0.0
15000 191.3
20000 288.1
25000 167.4
30000 442.7
35000 553.4
40000 635.0
45000 633.7
50000 829.0
55000 924.5
60000 941.3
65000 912.6
70000 844.7
75000 764.4
80000 850.0
85000 851.0
90000 930.2
95000 940.8
100000 834.9
105000 937.9
110000 950.0
115000 945.3
120000 939.2
125000 841.8
130000 932.6
135000 844.3
140000 856.8
145000 855.7
150000 756.6
155000 862.2
160000 766.9
165000 858.7
170000 960.7
175000 675.6
180000 954.5
185000 853.2
190000 815.9
195000 957.1
200000 806.3
205000 669.1
210000 956.0
215000 957.9
220000 929.3
225000 959.0
230000 959.6
235000 856.9
240000 857.8
245000 773.6
250000 777.2
255000 769.9
260000 521.2
265000 756.9
270000 779.4
275000 777.7
280000 673.7
285000 652.0
290000 869.1
295000 773.6
300000 595.6
305000 962.0
310000 975.5
315000 972.0
320000 874.9
325000 976.1
330000 973.4
335000 974.5
340000 964.6
345000 977.6
350000 778.7
355000 883.1
360000 883.9
365000 859.4
370000 974.2
375000 969.0
380000 973.2
385000 978.5
390000 972.2
395000 872.9
400000 978.9
405000 978.2
410000 873.2
415000 980.1
420000 948.0
425000 818.3
430000 976.2
435000 981.1
440000 979.6
445000 798.8
450000 890.2
455000 879.4
460000 975.7
465000 872.9
470000 978.4
475000 975.9
480000 971.3
485000 979.5
490000 778.6
495000 879.2
500000 783.6
505000 979.5
510000 885.9
515000 682.0
520000 975.6
525000 976.1
530000 881.7
535000 938.7
540000 975.4
545000 977.4
550000 967.8
555000 876.3
560000 977.2
565000 880.2
570000 971.2
575000 973.3
580000 976.4
585000 883.4
590000 979.8
595000 887.2
600000 983.4
605000 875.7
610000 977.9
615000 975.1
620000 979.5
625000 979.0
630000 980.8
635000 974.9
640000 978.6
645000 977.1
650000 879.5
655000 975.4
660000 881.5
665000 880.0
670000 972.4
675000 981.4
680000 974.9
685000 882.0
690000 876.6
695000 978.6
700000 881.6
705000 879.8
710000 781.6
715000 977.6
720000 973.7
725000 979.1
730000 984.4
735000 978.9
740000 979.3
745000 968.5
750000 979.6
755000 983.8
760000 974.7
765000 979.0
770000 977.5
775000 878.8
780000 976.4
785000 765.2
790000 881.1
795000 975.2
800000 782.4
805000 874.2
810000 976.5
815000 972.7
820000 883.0
825000 983.1
830000 980.5
835000 979.5
840000 976.7
845000 880.5
850000 975.6
855000 978.8
860000 981.2
865000 976.5
870000 979.3
875000 883.8
880000 977.0
885000 883.5
890000 980.7
895000 976.6
900000 980.2
905000 876.9
910000 979.1
915000 984.7
920000 978.6
925000 975.2
930000 972.5
935000 973.7
940000 981.2
945000 976.8
950000 977.7
955000 886.9
960000 978.3
965000 974.6
970000 977.0
975000 975.7
980000 976.4
985000 782.0
990000 985.9
995000 885.4
1000000 979.3
1005000 973.5
1010000 974.6
1015000 980.2
1020000 984.0
1025000 980.7
1030000 982.1
1035000 795.2
1040000 782.4
1045000 973.6
1050000 975.4
1055000 979.4
1060000 976.9
1065000 975.4
1070000 973.5
1075000 978.0
1080000 978.1
1085000 878.7
1090000 981.6
1095000 982.6
1100000 977.7
1105000 979.7
1110000 975.4
1115000 986.6
1120000 983.6
1125000 971.7
1130000 978.6
1135000 976.9
1140000 979.7
1145000 979.7
1150000 974.7
1155000 979.1
1160000 981.9
1165000 972.8
1170000 981.4
1175000 967.1
1180000 981.9
1185000 983.5
1190000 981.2
1195000 974.3
1200000 979.9
1205000 877.2
1210000 981.4
1215000 977.5
1220000 974.7
1225000 983.5
1230000 977.3
1235000 981.5
1240000 981.6
1245000 975.3
1250000 983.1
1255000 879.4
1260000 979.7
1265000 888.1
1270000 893.6
1275000 976.0
1280000 886.5
1285000 978.2
1290000 983.1
1295000 99.5
1300000 883.6
1305000 982.2
1310000 874.8
1315000 905.2
1320000 965.2
1325000 980.2
1330000 884.4
1335000 982.4
1340000 983.3
1345000 979.5
1350000 980.0
1355000 982.9
1360000 978.2
1365000 883.0
1370000 790.4
1375000 974.5
1380000 881.5
1385000 907.7
1390000 984.8
1395000 980.4
1400000 982.0
1405000 961.0
1410000 877.0
1415000 957.9
1420000 977.6
1425000 980.2
1430000 974.0
1435000 981.2
1440000 979.3
1445000 881.0
1450000 980.5
1455000 885.4
1460000 977.8
1465000 882.6
1470000 983.9
1475000 979.9
1480000 950.6
1485000 880.2
1490000 980.5
1495000 977.4
1500000 885.9
1505000 979.2
1510000 983.4
1515000 981.4
1520000 982.2
1525000 976.5
1530000 932.7
1535000 973.1
1540000 688.0
1545000 983.2
1550000 978.1
1555000 975.6
1560000 980.4
1565000 979.8
1570000 982.1
1575000 978.9
1580000 975.8
1585000 959.7
1590000 979.1
1595000 981.9
1600000 980.8
1605000 840.2
1610000 980.0
1615000 977.3
1620000 980.9
1625000 883.8
1630000 945.8
1635000 783.0
1640000 980.4
1645000 980.8
1650000 883.2
1655000 974.5
1660000 880.8
1665000 981.4
1670000 943.8
1675000 978.0
1680000 974.7
1685000 979.6
1690000 978.4
1695000 789.4
1700000 982.9
1705000 880.3
1710000 979.5
1715000 885.4
1720000 979.4
1725000 879.1
1730000 975.3
1735000 881.7
1740000 887.2
1745000 882.6
1750000 979.2
1755000 984.7
1760000 887.0
1765000 981.9
1770000 945.5
1775000 984.3
1780000 976.6
1785000 980.1
1790000 977.1
1795000 978.7
1800000 980.7
1805000 914.7
1810000 792.7
1815000 980.5
1820000 982.5
1825000 983.4
1830000 988.2
1835000 975.3
1840000 983.9
1845000 878.8
1850000 981.9
1855000 979.1
1860000 984.4
1865000 714.9
1870000 981.5
1875000 980.7
1880000 981.8
1885000 982.8
1890000 984.2
1895000 984.5
1900000 980.0
1905000 973.5
1910000 879.1
1915000 969.6
1920000 978.1
1925000 981.7
1930000 980.4
1935000 978.0
1940000 981.1
1945000 984.0
1950000 978.7
1955000 979.8
1960000 980.1
1965000 983.2
1970000 978.3
1975000 982.3
1980000 984.4
1985000 978.7
1990000 977.0
1995000 982.3
2000000 982.2
