5000 300.0
10000 200.0
15000 247.7
20000 0.0
25000 198.0
30000 283.1
35000 217.7
40000 388.5
45000 445.5
50000 395.0
55000 556.0
60000 563.3
65000 664.0
70000 639.0
75000 563.8
80000 667.0
85000 389.9
90000 471.2
95000 453.7
100000 577.1
105000 667.2
110000 659.9
115000 753.4
120000 669.3
125000 910.2
130000 652.0
135000 670.8
140000 858.5
145000 643.1
150000 908.5
155000 753.8
160000 869.6
165000 291.2
170000 481.4
175000 662.6
180000 773.1
185000 558.0
190000 767.8
195000 774.4
200000 855.1
205000 877.0
210000 574.6
215000 954.8
220000 757.7
225000 776.2
230000 688.5
235000 778.9
240000 939.8
245000 198.7
250000 677.0
255000 582.7
260000 867.2
265000 774.7
270000 962.1
275000 969.2
280000 870.7
285000 879.1
290000 869.3
295000 962.7
300000 771.4
305000 673.4
310000 861.0
315000 973.7
320000 956.2
325000 507.3
330000 755.7
335000 581.6
340000 771.6
345000 870.1
350000 942.7
355000 862.9
360000 969.1
365000 874.8
370000 984.9
375000 857.0
380000 876.4
385000 978.1
390000 956.8
395000 876.3
400000 965.4
405000 269.3
410000 979.4
415000 857.8
420000 870.5
425000 883.7
430000 856.6
435000 873.9
440000 877.0
445000 963.8
450000 866.5
455000 957.0
460000 972.0
465000 965.9
470000 869.2
475000 776.0
480000 669.8
485000 482.4
490000 963.5
495000 876.9
500000 875.3
505000 954.9
510000 971.6
515000 964.8
520000 780.6
525000 979.4
530000 961.2
535000 964.5
540000 871.8
545000 970.5
550000 968.9
555000 777.2
560000 871.7
565000 436.5
570000 747.0
575000 853.0
580000 685.9
585000 979.7
590000 876.6
595000 969.2
600000 872.8
605000 968.5
610000 870.0
615000 962.5
620000 984.5
625000 882.7
630000 970.1
635000 971.4
640000 975.8
645000 295.0
650000 970.7
655000 875.2
660000 878.8
665000 876.7
670000 980.1
675000 975.3
680000 971.3
685000 976.5
690000 969.4
695000 978.5
700000 981.3
705000 974.1
710000 971.5
715000 980.0
720000 966.1
725000 126.2
730000 824.4
735000 871.8
740000 876.7
745000 970.5
750000 872.9
755000 893.7
760000 963.8
765000 957.9
770000 973.4
775000 981.8
780000 972.1
785000 964.0
790000 971.3
795000 966.8
800000 977.2
805000 295.0
810000 767.8
815000 979.2
820000 978.9
825000 968.4
830000 974.1
835000 969.0
840000 978.3
845000 972.1
850000 980.2
855000 975.1
860000 974.6
865000 978.8
870000 975.0
875000 863.8
880000 876.8
885000 367.5
890000 930.4
895000 967.5
900000 976.4
905000 875.9
910000 969.4
915000 984.2
920000 977.5
925000 977.2
930000 978.5
935000 978.4
940000 970.1
945000 975.0
950000 977.0
955000 969.0
960000 973.8
965000 287.9
970000 962.4
975000 879.0
980000 878.4
985000 882.1
990000 971.9
995000 966.5
1000000 974.8
1005000 982.5
1010000 983.3
1015000 979.6
1020000 970.1
1025000 986.5
1030000 982.7
1035000 965.8
1040000 963.8
1045000 598.9
1050000 773.5
1055000 974.5
1060000 970.1
1065000 976.9
1070000 979.1
1075000 983.5
1080000 971.0
1085000 981.1
1090000 969.1
1095000 984.3
1100000 985.6
1105000 971.8
1110000 875.5
1115000 981.2
1120000 979.2
1125000 420.9
1130000 678.5
1135000 985.6
1140000 977.3
1145000 965.7
1150000 970.4
1155000 953.2
1160000 965.9
1165000 978.3
1170000 981.5
1175000 974.0
1180000 967.9
1185000 976.7
1190000 965.1
1195000 972.1
1200000 980.4
1205000 422.6
1210000 764.8
1215000 869.8
1220000 872.7
1225000 790.7
1230000 880.3
1235000 975.0
1240000 884.4
1245000 881.7
1250000 877.1
1255000 876.6
1260000 972.7
1265000 876.8
1270000 867.6
1275000 982.6
1280000 968.9
1285000 294.2
1290000 846.7
1295000 871.6
1300000 881.0
1305000 960.8
1310000 871.3
1315000 879.7
1320000 871.5
1325000 874.8
1330000 971.8
1335000 970.3
1340000 975.9
1345000 964.5
1350000 863.1
1355000 977.4
1360000 979.2
1365000 265.8
1370000 582.9
1375000 867.9
1380000 966.8
1385000 880.3
1390000 977.5
1395000 972.3
1400000 789.0
1405000 968.2
1410000 979.6
1415000 978.2
1420000 985.3
1425000 973.4
1430000 984.4
1435000 983.4
1440000 878.5
1445000 492.9
1450000 866.1
1455000 970.9
1460000 972.2
1465000 871.5
1470000 969.3
1475000 967.6
1480000 873.8
1485000 967.1
1490000 977.2
1495000 982.8
1500000 977.9
1505000 984.3
1510000 966.7
1515000 869.3
1520000 967.4
1525000 297.5
1530000 771.9
1535000 967.8
1540000 977.9
1545000 978.3
1550000 975.1
1555000 877.9
1560000 981.0
1565000 973.9
1570000 968.8
1575000 975.5
1580000 978.5
1585000 977.6
1590000 975.4
1595000 977.6
1600000 979.0
1605000 202.1
1610000 675.8
1615000 783.8
1620000 977.8
1625000 971.0
1630000 973.8
1635000 966.2
1640000 786.4
1645000 978.6
1650000 969.2
1655000 878.1
1660000 979.2
1665000 966.8
1670000 977.3
1675000 977.7
1680000 885.0
1685000 481.8
1690000 916.3
1695000 880.7
1700000 968.1
1705000 945.6
1710000 967.6
1715000 969.7
1720000 977.4
1725000 980.8
1730000 967.6
1735000 883.7
1740000 976.5
1745000 970.8
1750000 980.2
1755000 975.7
1760000 972.3
1765000 487.6
1770000 873.5
1775000 858.3
1780000 978.2
1785000 869.0
1790000 976.8
1795000 980.9
1800000 973.9
1805000 983.3
1810000 977.0
1815000 980.0
1820000 978.6
1825000 971.4
1830000 973.0
1835000 981.7
1840000 883.2
1845000 211.2
1850000 877.0
1855000 969.0
1860000 965.9
1865000 966.3
1870000 967.4
1875000 777.9
1880000 973.6
1885000 974.1
1890000 884.0
1895000 977.9
1900000 975.4
1905000 987.2
1910000 980.0
1915000 883.4
1920000 983.7
1925000 327.4
1930000 979.9
1935000 881.3
1940000 881.5
1945000 971.7
1950000 982.8
1955000 972.8
1960000 980.8
1965000 981.0
1970000 976.5
1975000 824.0
1980000 969.4
1985000 977.7
1990000 972.2
1995000 882.5
2000000 973.5
