5000 95.8
10000 0.0
15000 122.0
20000 97.6
25000 206.9
30000 139.7
35000 333.1
40000 262.3
45000 273.0
50000 292.0
55000 699.4
60000 406.9
65000 380.9
70000 768.1
75000 663.4
80000 564.9
85000 139.9
90000 280.3
95000 767.0
100000 779.1
105000 502.8
110000 677.4
115000 878.2
120000 541.4
125000 684.8
130000 780.9
135000 573.1
140000 642.1
145000 827.0
150000 856.4
155000 754.9
160000 864.4
165000 532.5
170000 571.2
175000 586.0
180000 656.5
185000 851.0
190000 860.8
195000 762.2
200000 773.6
205000 871.9
210000 870.3
215000 841.1
220000 777.5
225000 882.4
230000 676.4
235000 864.1
240000 665.8
245000 96.8
250000 612.3
255000 772.4
260000 972.6
265000 864.6
270000 964.7
275000 777.8
280000 774.8
285000 777.6
290000 964.7
295000 967.8
300000 971.2
305000 963.9
310000 863.3
315000 936.4
320000 966.2
325000 487.6
330000 777.3
335000 872.1
340000 872.7
345000 868.9
350000 955.8
355000 973.6
360000 880.4
365000 863.2
370000 980.0
375000 967.7
380000 972.4
385000 970.9
390000 772.9
395000 776.0
400000 956.2
405000 663.3
410000 680.5
415000 866.1
420000 874.5
425000 967.9
430000 880.7
435000 865.3
440000 957.4
445000 974.3
450000 966.9
455000 943.5
460000 873.9
465000 970.7
470000 965.3
475000 968.2
480000 875.9
485000 675.0
490000 688.4
495000 873.1
500000 964.6
505000 966.1
510000 875.9
515000 964.4
520000 972.7
525000 976.2
530000 880.6
535000 974.3
540000 978.3
545000 967.4
550000 968.6
555000 965.8
560000 971.0
565000 561.0
570000 784.7
575000 970.1
580000 674.6
585000 872.3
590000 870.2
595000 964.6
600000 966.8
605000 782.5
610000 969.5
615000 970.0
620000 883.0
625000 971.5
630000 945.8
635000 971.6
640000 972.9
645000 684.5
650000 970.6
655000 940.3
660000 968.6
665000 970.7
670000 963.7
675000 870.9
680000 975.1
685000 784.1
690000 978.7
695000 969.2
700000 976.2
705000 876.1
710000 977.9
715000 967.8
720000 977.0
725000 780.9
730000 679.5
735000 783.7
740000 968.6
745000 875.9
750000 873.3
755000 879.1
760000 964.5
765000 970.6
770000 868.5
775000 978.6
780000 974.2
785000 980.6
790000 885.6
795000 959.5
800000 974.2
805000 603.9
810000 782.2
815000 775.4
820000 968.9
825000 882.2
830000 974.1
835000 876.8
840000 978.0
845000 984.0
850000 977.0
855000 883.6
860000 978.5
865000 971.0
870000 970.0
875000 983.6
880000 969.1
885000 485.0
890000 772.1
895000 984.8
900000 966.4
905000 971.3
910000 866.2
915000 975.7
920000 973.7
925000 978.4
930000 884.3
935000 977.6
940000 972.7
945000 983.9
950000 978.6
955000 975.6
960000 974.3
965000 652.6
970000 952.0
975000 966.5
980000 973.0
985000 924.4
990000 938.4
995000 972.8
1000000 986.3
1005000 966.7
1010000 977.5
1015000 976.8
1020000 977.0
1025000 977.3
1030000 978.7
1035000 981.1
1040000 976.4
1045000 340.7
1050000 786.6
1055000 683.7
1060000 985.0
1065000 981.6
1070000 877.8
1075000 984.3
1080000 977.6
1085000 879.1
1090000 788.3
1095000 978.2
1100000 979.4
1105000 975.6
1110000 977.6
1115000 971.3
1120000 976.3
1125000 179.0
1130000 865.9
1135000 974.3
1140000 968.4
1145000 875.0
1150000 880.3
1155000 956.9
1160000 966.5
1165000 986.6
1170000 775.3
1175000 781.5
1180000 965.6
1185000 980.1
1190000 974.6
1195000 980.1
1200000 977.6
1205000 150.8
1210000 661.9
1215000 587.8
1220000 491.3
1225000 786.6
1230000 787.6
1235000 970.9
1240000 884.5
1245000 869.5
1250000 979.2
1255000 982.5
1260000 976.0
1265000 973.6
1270000 979.2
1275000 981.5
1280000 984.6
1285000 294.2
1290000 973.8
1295000 858.1
1300000 886.0
1305000 975.9
1310000 881.4
1315000 779.6
1320000 978.9
1325000 785.4
1330000 925.8
1335000 877.2
1340000 878.3
1345000 971.5
1350000 881.9
1355000 971.9
1360000 983.1
1365000 99.6
1370000 771.6
1375000 975.7
1380000 973.2
1385000 970.6
1390000 980.1
1395000 783.7
1400000 883.3
1405000 975.9
1410000 977.0
1415000 979.2
1420000 980.9
1425000 786.9
1430000 783.7
1435000 970.6
1440000 976.4
1445000 236.3
1450000 762.4
1455000 781.9
1460000 785.5
1465000 964.7
1470000 881.0
1475000 972.8
1480000 874.0
1485000 880.6
1490000 986.0
1495000 982.4
1500000 973.0
1505000 981.3
1510000 977.0
1515000 979.0
1520000 877.5
1525000 296.1
1530000 585.6
1535000 877.4
1540000 871.2
1545000 878.6
1550000 979.9
1555000 771.0
1560000 871.1
1565000 968.1
1570000 887.6
1575000 781.0
1580000 982.0
1585000 970.7
1590000 977.8
1595000 874.1
1600000 878.7
1605000 296.6
1610000 815.0
1615000 873.5
1620000 982.1
1625000 779.2
1630000 978.1
1635000 972.0
1640000 972.4
1645000 779.5
1650000 969.5
1655000 977.3
1660000 879.5
1665000 979.1
1670000 975.1
1675000 983.7
1680000 982.3
1685000 108.6
1690000 975.9
1695000 785.5
1700000 877.8
1705000 956.4
1710000 971.6
1715000 967.1
1720000 877.2
1725000 855.4
1730000 876.7
1735000 974.6
1740000 887.9
1745000 980.3
1750000 975.2
1755000 783.9
1760000 975.8
1765000 36.8
1770000 844.1
1775000 970.5
1780000 971.8
1785000 971.3
1790000 880.8
1795000 975.9
1800000 972.6
1805000 981.3
1810000 885.2
1815000 978.5
1820000 977.0
1825000 972.0
1830000 878.4
1835000 977.1
1840000 981.7
1845000 407.0
1850000 863.6
1855000 977.3
1860000 875.5
1865000 981.6
1870000 984.7
1875000 978.0
1880000 979.9
1885000 976.6
1890000 975.3
1895000 982.9
1900000 883.5
1905000 981.7
1910000 973.3
1915000 973.2
1920000 978.0
1925000 481.6
1930000 863.8
1935000 973.8
1940000 966.4
1945000 971.2
1950000 880.4
1955000 974.4
1960000 885.7
1965000 972.7
1970000 976.5
1975000 978.3
1980000 785.7
1985000 976.5
1990000 977.2
1995000 978.9
2000000 977.5
