5000 100.0
10000 100.0
15000 84.6
20000 58.2
25000 200.9
30000 249.0
35000 224.6
40000 347.0
45000 324.4
50000 76.4
55000 191.6
60000 293.5
65000 628.2
70000 473.5
75000 756.6
80000 568.8
85000 99.7
90000 562.2
95000 371.5
100000 675.4
105000 668.1
110000 861.5
115000 878.1
120000 778.5
125000 576.4
130000 763.6
135000 755.4
140000 954.1
145000 865.7
150000 961.7
155000 864.0
160000 771.9
165000 744.1
170000 479.8
175000 771.4
180000 765.1
185000 675.9
190000 761.3
195000 860.9
200000 861.5
205000 869.4
210000 876.7
215000 967.5
220000 782.1
225000 973.9
230000 950.8
235000 867.6
240000 954.8
245000 838.0
250000 839.7
255000 762.3
260000 961.8
265000 774.2
270000 769.6
275000 968.1
280000 874.0
285000 765.5
290000 961.2
295000 961.8
300000 965.3
305000 970.4
310000 977.7
315000 782.8
320000 882.8
325000 549.3
330000 671.6
335000 763.8
340000 880.1
345000 733.2
350000 688.2
355000 968.8
360000 877.4
365000 898.0
370000 963.0
375000 872.5
380000 770.4
385000 969.2
390000 866.9
395000 956.9
400000 866.4
405000 485.9
410000 571.1
415000 780.6
420000 961.0
425000 874.9
430000 876.7
435000 871.0
440000 772.0
445000 972.7
450000 968.8
455000 763.0
460000 862.7
465000 872.6
470000 977.2
475000 972.9
480000 973.6
485000 213.5
490000 776.1
495000 972.4
500000 880.1
505000 968.9
510000 967.0
515000 683.5
520000 882.9
525000 873.3
530000 969.7
535000 979.4
540000 971.2
545000 873.0
550000 972.3
555000 882.7
560000 964.2
565000 766.9
570000 960.9
575000 762.8
580000 980.9
585000 968.9
590000 688.8
595000 974.1
600000 882.2
605000 874.3
610000 883.2
615000 977.8
620000 874.8
625000 879.5
630000 874.7
635000 971.4
640000 880.7
645000 648.6
650000 585.7
655000 880.9
660000 872.9
665000 966.0
670000 980.9
675000 880.2
680000 968.3
685000 958.5
690000 970.0
695000 975.8
700000 969.8
705000 873.9
710000 876.3
715000 966.5
720000 971.1
725000 197.0
730000 877.2
735000 877.8
740000 972.8
745000 860.8
750000 975.8
755000 967.3
760000 968.9
765000 978.0
770000 972.8
775000 881.3
780000 971.7
785000 981.9
790000 971.1
795000 970.8
800000 981.4
805000 561.5
810000 841.3
815000 885.5
820000 876.5
825000 967.1
830000 971.7
835000 969.8
840000 971.6
845000 878.8
850000 980.3
855000 941.4
860000 964.7
865000 972.4
870000 981.6
875000 978.2
880000 880.1
885000 696.7
890000 968.2
895000 879.4
900000 971.1
905000 976.6
910000 955.0
915000 692.2
920000 876.2
925000 970.9
930000 981.3
935000 975.1
940000 969.6
945000 986.1
950000 979.1
955000 982.0
960000 972.2
965000 756.6
970000 878.8
975000 978.6
980000 968.2
985000 972.8
990000 976.0
995000 980.3
1000000 972.0
1005000 980.5
1010000 970.3
1015000 970.9
1020000 971.7
1025000 875.1
1030000 986.1
1035000 973.8
1040000 947.0
1045000 260.9
1050000 872.4
1055000 971.5
1060000 967.0
1065000 974.1
1070000 879.5
1075000 984.4
1080000 977.7
1085000 873.0
1090000 871.9
1095000 984.7
1100000 980.3
1105000 953.4
1110000 878.1
1115000 978.2
1120000 971.8
1125000 293.6
1130000 789.0
1135000 878.5
1140000 661.7
1145000 825.0
1150000 978.9
1155000 874.8
1160000 883.1
1165000 775.3
1170000 980.2
1175000 974.1
1180000 879.6
1185000 784.8
1190000 978.2
1195000 976.6
1200000 884.5
1205000 296.9
1210000 676.8
1215000 871.5
1220000 875.1
1225000 986.5
1230000 879.5
1235000 874.4
1240000 981.7
1245000 983.2
1250000 973.4
1255000 981.0
1260000 969.9
1265000 987.8
1270000 977.4
1275000 976.1
1280000 967.7
1285000 394.5
1290000 883.1
1295000 778.1
1300000 984.7
1305000 977.7
1310000 878.1
1315000 879.4
1320000 968.4
1325000 970.7
1330000 972.3
1335000 975.6
1340000 877.5
1345000 969.6
1350000 897.9
1355000 977.5
1360000 974.9
1365000 484.5
1370000 849.0
1375000 691.0
1380000 971.1
1385000 882.9
1390000 874.7
1395000 970.8
1400000 973.8
1405000 966.6
1410000 983.1
1415000 976.3
1420000 879.2
1425000 982.6
1430000 978.8
1435000 880.4
1440000 983.2
1445000 391.4
1450000 782.2
1455000 777.4
1460000 781.7
1465000 969.7
1470000 978.4
1475000 973.5
1480000 874.4
1485000 973.5
1490000 956.0
1495000 981.0
1500000 982.2
1505000 969.0
1510000 875.0
1515000 975.9
1520000 886.7
1525000 472.0
1530000 686.7
1535000 975.1
1540000 971.0
1545000 981.8
1550000 871.1
1555000 979.3
1560000 975.7
1565000 781.6
1570000 968.4
1575000 969.7
1580000 975.5
1585000 972.4
1590000 879.6
1595000 980.4
1600000 978.4
1605000 494.1
1610000 958.0
1615000 872.6
1620000 876.9
1625000 876.9
1630000 968.6
1635000 783.4
1640000 974.4
1645000 970.1
1650000 878.1
1655000 982.9
1660000 914.9
1665000 882.9
1670000 970.8
1675000 975.4
1680000 980.7
1685000 345.0
1690000 869.2
1695000 776.5
1700000 763.3
1705000 880.5
1710000 954.8
1715000 874.8
1720000 975.1
1725000 879.9
1730000 982.0
1735000 983.6
1740000 975.7
1745000 965.2
1750000 871.1
1755000 888.9
1760000 973.8
1765000 499.9
1770000 683.7
1775000 872.2
1780000 890.9
1785000 980.5
1790000 963.6
1795000 984.5
1800000 872.2
1805000 977.1
1810000 953.0
1815000 974.1
1820000 879.9
1825000 971.9
1830000 986.6
1835000 881.9
1840000 978.1
1845000 245.1
1850000 768.5
1855000 784.8
1860000 785.6
1865000 978.6
1870000 968.9
1875000 884.0
1880000 959.5
1885000 966.7
1890000 977.1
1895000 977.9
1900000 979.0
1905000 957.2
1910000 967.6
1915000 779.7
1920000 981.1
1925000 309.2
1930000 878.6
1935000 684.7
1940000 782.5
1945000 973.3
1950000 983.8
1955000 970.4
1960000 972.5
1965000 974.9
1970000 882.0
1975000 967.6
1980000 975.4
1985000 780.3
1990000 883.3
1995000 968.7
2000000 978.7
