5000 0.0
10000 0.0
15000 277.7
20000 0.0
25000 106.6
30000 99.1
35000 38.5
40000 297.4
45000 145.6
50000 175.7
55000 186.6
60000 283.2
65000 242.1
70000 481.9
75000 479.7
80000 289.3
85000 196.4
90000 319.1
95000 503.8
100000 484.8
105000 466.9
110000 671.5
115000 487.0
120000 785.4
125000 430.8
130000 574.8
135000 761.1
140000 737.8
145000 668.5
150000 674.2
155000 488.0
160000 768.6
165000 610.6
170000 575.2
175000 767.0
180000 555.6
185000 669.4
190000 775.6
195000 776.1
200000 863.6
205000 582.9
210000 860.7
215000 736.8
220000 669.7
225000 942.7
230000 968.3
235000 778.9
240000 853.2
245000 574.2
250000 667.3
255000 952.2
260000 961.4
265000 866.8
270000 830.4
275000 973.1
280000 962.8
285000 865.3
290000 773.5
295000 866.4
300000 878.4
305000 949.5
310000 871.3
315000 851.6
320000 879.5
325000 585.9
330000 676.7
335000 675.8
340000 871.2
345000 977.8
350000 867.4
355000 872.6
360000 869.4
365000 965.6
370000 866.4
375000 964.9
380000 872.1
385000 893.1
390000 951.7
395000 665.6
400000 966.9
405000 126.8
410000 682.3
415000 776.3
420000 777.7
425000 883.2
430000 874.8
435000 867.6
440000 872.9
445000 951.7
450000 869.5
455000 972.5
460000 865.3
465000 969.7
470000 874.7
475000 867.2
480000 967.6
485000 559.6
490000 858.4
495000 968.1
500000 972.5
505000 877.9
510000 980.0
515000 785.4
520000 880.6
525000 962.6
530000 864.8
535000 965.2
540000 875.3
545000 873.0
550000 971.2
555000 785.8
560000 972.8
565000 870.6
570000 770.0
575000 678.7
580000 854.6
585000 976.7
590000 876.3
595000 780.6
600000 967.3
605000 968.4
610000 973.1
615000 967.8
620000 968.8
625000 976.3
630000 878.8
635000 969.3
640000 967.0
645000 589.6
650000 682.7
655000 663.0
660000 871.5
665000 975.8
670000 871.6
675000 978.8
680000 881.5
685000 867.2
690000 971.1
695000 883.0
700000 883.4
705000 864.6
710000 951.0
715000 970.9
720000 975.7
725000 737.6
730000 959.5
735000 871.1
740000 776.3
745000 962.2
750000 784.9
755000 777.3
760000 775.9
765000 975.3
770000 971.0
775000 874.9
780000 972.4
785000 864.3
790000 964.9
795000 975.4
800000 974.9
805000 484.9
810000 762.0
815000 818.5
820000 874.5
825000 679.3
830000 857.9
835000 968.9
840000 975.8
845000 971.5
850000 975.4
855000 878.1
860000 965.9
865000 940.9
870000 977.7
875000 967.3
880000 902.7
885000 314.7
890000 679.9
895000 873.1
900000 877.7
905000 881.8
910000 973.8
915000 980.2
920000 878.6
925000 978.7
930000 975.4
935000 878.3
940000 982.6
945000 977.8
950000 965.7
955000 970.9
960000 974.6
965000 679.3
970000 881.8
975000 680.4
980000 976.6
985000 869.1
990000 976.8
995000 979.6
1000000 799.4
1005000 882.1
1010000 959.8
1015000 879.0
1020000 976.5
1025000 974.3
1030000 980.7
1035000 967.5
1040000 977.8
1045000 462.2
1050000 879.1
1055000 778.2
1060000 973.2
1065000 957.8
1070000 979.1
1075000 976.1
1080000 880.3
1085000 974.2
1090000 973.7
1095000 888.9
1100000 960.9
1105000 972.4
1110000 942.0
1115000 978.1
1120000 979.9
1125000 275.9
1130000 582.2
1135000 779.3
1140000 957.2
1145000 976.8
1150000 972.3
1155000 977.3
1160000 978.4
1165000 972.4
1170000 784.6
1175000 872.7
1180000 976.2
1185000 975.3
1190000 911.3
1195000 983.0
1200000 980.4
1205000 304.1
1210000 534.7
1215000 869.6
1220000 977.4
1225000 976.9
1230000 779.8
1235000 976.1
1240000 971.2
1245000 976.5
1250000 978.5
1255000 976.8
1260000 981.1
1265000 970.8
1270000 974.5
1275000 971.6
1280000 977.5
1285000 529.8
1290000 977.8
1295000 768.4
1300000 980.6
1305000 875.0
1310000 966.7
1315000 872.2
1320000 870.6
1325000 880.8
1330000 969.1
1335000 977.3
1340000 975.9
1345000 973.9
1350000 871.1
1355000 873.6
1360000 979.4
1365000 147.8
1370000 869.6
1375000 874.0
1380000 860.7
1385000 873.0
1390000 978.4
1395000 880.4
1400000 967.1
1405000 974.5
1410000 878.0
1415000 975.2
1420000 970.2
1425000 982.8
1430000 783.3
1435000 967.9
1440000 978.4
1445000 442.8
1450000 776.9
1455000 766.0
1460000 683.0
1465000 875.0
1470000 969.9
1475000 974.2
1480000 974.7
1485000 979.5
1490000 870.7
1495000 870.3
1500000 981.0
1505000 977.1
1510000 963.2
1515000 982.8
1520000 969.9
1525000 550.2
1530000 769.2
1535000 772.7
1540000 975.0
1545000 885.1
1550000 971.5
1555000 880.8
1560000 870.2
1565000 974.2
1570000 974.8
1575000 976.6
1580000 982.4
1585000 970.2
1590000 974.8
1595000 969.8
1600000 872.0
1605000 280.9
1610000 776.7
1615000 865.5
1620000 976.6
1625000 860.6
1630000 880.8
1635000 876.9
1640000 969.2
1645000 978.2
1650000 887.4
1655000 975.9
1660000 974.6
1665000 879.9
1670000 984.8
1675000 784.2
1680000 978.3
1685000 305.8
1690000 679.7
1695000 972.7
1700000 960.6
1705000 986.1
1710000 972.3
1715000 878.2
1720000 979.3
1725000 973.4
1730000 973.8
1735000 979.4
1740000 980.7
1745000 869.8
1750000 925.3
1755000 973.8
1760000 976.7
1765000 314.4
1770000 778.0
1775000 877.8
1780000 964.2
1785000 974.3
1790000 871.8
1795000 979.7
1800000 881.5
1805000 884.4
1810000 882.8
1815000 960.6
1820000 976.1
1825000 980.9
1830000 974.5
1835000 880.9
1840000 978.2
1845000 479.5
1850000 776.9
1855000 960.2
1860000 981.1
1865000 974.5
1870000 971.9
1875000 971.9
1880000 978.5
1885000 965.4
1890000 981.5
1895000 981.4
1900000 973.4
1905000 969.9
1910000 878.8
1915000 974.3
1920000 978.3
1925000 204.3
1930000 879.6
1935000 773.5
1940000 875.3
1945000 877.7
1950000 971.8
1955000 970.3
1960000 970.4
1965000 973.0
1970000 785.9
1975000 883.7
1980000 967.9
1985000 970.3
1990000 976.3
1995000 976.6
2000000 982.5
