5000 0.5
10000 100.0
15000 94.2
20000 291.9
25000 28.2
30000 171.9
35000 181.8
40000 194.6
45000 16.3
50000 393.7
55000 167.5
60000 153.3
65000 290.0
70000 388.9
75000 480.5
80000 129.2
85000 356.6
90000 397.1
95000 633.9
100000 837.0
105000 670.9
110000 666.1
115000 414.4
120000 640.1
125000 657.7
130000 847.7
135000 883.9
140000 875.0
145000 663.0
150000 752.0
155000 957.1
160000 730.1
165000 392.1
170000 666.8
175000 874.6
180000 945.9
185000 669.5
190000 968.0
195000 859.7
200000 960.6
205000 883.7
210000 854.2
215000 959.1
220000 773.2
225000 861.8
230000 864.6
235000 960.7
240000 871.4
245000 676.3
250000 715.0
255000 960.4
260000 771.9
265000 672.6
270000 763.0
275000 960.5
280000 967.9
285000 768.1
290000 964.8
295000 741.7
300000 973.8
305000 871.8
310000 961.8
315000 872.8
320000 782.8
325000 558.7
330000 877.4
335000 583.2
340000 981.8
345000 875.2
350000 926.9
355000 778.4
360000 880.3
365000 677.2
370000 864.8
375000 861.8
380000 737.1
385000 953.9
390000 969.6
395000 958.0
400000 925.7
405000 615.8
410000 955.1
415000 978.8
420000 964.7
425000 870.4
430000 971.8
435000 971.1
440000 969.1
445000 969.6
450000 972.3
455000 769.9
460000 973.4
465000 969.1
470000 961.5
475000 966.7
480000 969.4
485000 595.2
490000 863.8
495000 878.8
500000 974.5
505000 873.7
510000 872.8
515000 948.5
520000 777.6
525000 879.3
530000 975.0
535000 976.0
540000 966.9
545000 976.9
550000 963.9
555000 966.4
560000 983.1
565000 632.1
570000 958.1
575000 885.0
580000 779.7
585000 873.7
590000 869.2
595000 967.6
600000 963.4
605000 865.8
610000 973.0
615000 983.1
620000 862.9
625000 964.6
630000 871.5
635000 947.4
640000 969.3
645000 806.4
650000 679.6
655000 971.9
660000 876.2
665000 975.4
670000 869.9
675000 968.0
680000 871.1
685000 872.0
690000 962.0
695000 965.2
700000 985.1
705000 879.4
710000 965.3
715000 973.5
720000 973.2
725000 750.9
730000 863.1
735000 871.5
740000 882.1
745000 870.6
750000 987.9
755000 876.2
760000 935.0
765000 970.3
770000 968.6
775000 972.7
780000 962.0
785000 861.0
790000 866.8
795000 980.0
800000 926.5
805000 412.1
810000 783.6
815000 934.3
820000 864.3
825000 879.5
830000 874.3
835000 874.7
840000 872.1
845000 973.9
850000 971.2
855000 872.2
860000 973.2
865000 955.7
870000 964.0
875000 868.9
880000 970.9
885000 491.6
890000 918.2
895000 965.5
900000 962.1
905000 868.2
910000 976.6
915000 973.5
920000 872.5
925000 971.9
930000 964.7
935000 979.2
940000 971.1
945000 979.1
950000 973.0
955000 977.7
960000 978.8
965000 442.0
970000 870.1
975000 869.4
980000 879.6
985000 875.9
990000 872.5
995000 970.3
1000000 975.1
1005000 976.6
1010000 980.7
1015000 973.7
1020000 974.3
1025000 966.3
1030000 943.7
1035000 974.6
1040000 974.5
1045000 572.4
1050000 874.9
1055000 673.9
1060000 870.3
1065000 972.1
1070000 983.3
1075000 800.2
1080000 879.7
1085000 964.5
1090000 976.2
1095000 770.5
1100000 975.2
1105000 977.3
1110000 830.2
1115000 986.5
1120000 972.9
1125000 515.8
1130000 872.3
1135000 776.6
1140000 975.8
1145000 861.6
1150000 870.2
1155000 979.1
1160000 972.9
1165000 967.6
1170000 873.1
1175000 877.8
1180000 974.1
1185000 972.7
1190000 968.1
1195000 967.9
1200000 968.6
1205000 387.8
1210000 861.3
1215000 777.9
1220000 782.0
1225000 970.1
1230000 954.7
1235000 974.7
1240000 972.0
1245000 879.4
1250000 965.1
1255000 983.6
1260000 963.9
1265000 880.7
1270000 784.7
1275000 777.5
1280000 973.6
1285000 571.4
1290000 867.5
1295000 874.1
1300000 901.9
1305000 974.4
1310000 971.9
1315000 979.3
1320000 881.1
1325000 978.9
1330000 971.8
1335000 978.6
1340000 977.3
1345000 975.2
1350000 872.8
1355000 885.7
1360000 972.5
1365000 581.3
1370000 872.9
1375000 677.6
1380000 879.2
1385000 867.5
1390000 974.7
1395000 887.5
1400000 878.7
1405000 971.7
1410000 981.3
1415000 965.2
1420000 982.3
1425000 978.4
1430000 969.4
1435000 978.1
1440000 957.4
1445000 514.0
1450000 681.8
1455000 872.2
1460000 883.0
1465000 882.4
1470000 985.0
1475000 970.3
1480000 973.3
1485000 872.5
1490000 990.0
1495000 875.6
1500000 955.2
1505000 977.2
1510000 968.4
1515000 975.0
1520000 972.7
1525000 522.5
1530000 667.6
1535000 860.4
1540000 962.2
1545000 764.0
1550000 860.6
1555000 970.9
1560000 976.6
1565000 873.4
1570000 976.0
1575000 978.3
1580000 968.2
1585000 969.7
1590000 881.7
1595000 972.0
1600000 981.3
1605000 393.7
1610000 690.6
1615000 864.5
1620000 874.3
1625000 874.6
1630000 973.6
1635000 876.7
1640000 977.2
1645000 974.8
1650000 877.6
1655000 969.6
1660000 979.5
1665000 987.8
1670000 968.9
1675000 884.2
1680000 976.3
1685000 610.8
1690000 723.3
1695000 875.7
1700000 974.1
1705000 879.7
1710000 876.8
1715000 978.0
1720000 979.7
1725000 984.1
1730000 976.7
1735000 786.1
1740000 982.8
1745000 916.1
1750000 974.3
1755000 985.9
1760000 934.8
1765000 752.8
1770000 870.9
1775000 976.7
1780000 782.4
1785000 982.3
1790000 890.7
1795000 977.1
1800000 983.7
1805000 980.5
1810000 884.4
1815000 975.9
1820000 980.7
1825000 972.6
1830000 973.0
1835000 983.9
1840000 970.5
1845000 359.8
1850000 873.4
1855000 931.1
1860000 962.9
1865000 970.4
1870000 966.0
1875000 880.4
1880000 980.0
1885000 967.4
1890000 970.9
1895000 974.7
1900000 875.6
1905000 974.3
1910000 776.2
1915000 982.2
1920000 983.4
1925000 438.8
1930000 682.1
1935000 952.2
1940000 976.5
1945000 980.8
1950000 973.3
1955000 968.7
1960000 877.1
1965000 977.1
1970000 874.5
1975000 879.8
1980000 967.0
1985000 974.7
1990000 975.4
1995000 983.2
2000000 977.1
